% function evaluation | noise-free fitness - Fopt (-5.235000000000e+01) | best noise-free fitness - Fopt | measured fitness | best measured fitness | x1 | x2...
1 +1.987792710e+01 +1.987792710e+01 -3.247207290e+01 -3.247207290e+01 +3.8414e+00 +2.7992e+00
3 +1.061340921e+00 +1.061340921e+00 -5.128865908e+01 -5.128865908e+01 -1.9994e+00 -7.5473e-01
36 +9.405902497e-01 +9.405902497e-01 -5.140940975e+01 -5.140940975e+01 -2.8817e-01 -2.0775e+00
60 +3.480091533e-02 +3.480091533e-02 -5.231519908e+01 -5.231519908e+01 -9.2537e-01 -1.1808e+00
156 +8.638622116e-03 +8.638622116e-03 -5.234136138e+01 -5.234136138e+01 -8.7855e-01 -1.2537e+00
166 +6.236186844e-04 +6.236186844e-04 -5.234937638e+01 -5.234937638e+01 -8.4977e-01 -1.3271e+00
306 +3.561491734e-04 +3.561491734e-04 -5.234964385e+01 -5.234964385e+01 -8.8822e-01 -1.1859e+00
486 +2.477054377e-04 +2.477054377e-04 -5.234975229e+01 -5.234975229e+01 -8.7138e-01 -1.2480e+00
684 +1.322216357e-04 +1.322216357e-04 -5.234986778e+01 -5.234986778e+01 -8.7126e-01 -1.2480e+00
700 +1.464572249e-05 +1.464572249e-05 -5.234998535e+01 -5.234998535e+01 -8.7122e-01 -1.2478e+00
816 +3.291741990e-06 +3.291741990e-06 -5.234999671e+01 -5.234999671e+01 -8.7114e-01 -1.2480e+00
839 +1.920539418e-06 +1.920539418e-06 -5.234999808e+01 -5.234999808e+01 -8.7114e-01 -1.2480e+00
906 +1.468203308e-06 +1.468203308e-06 -5.234999853e+01 -5.234999853e+01 -8.7114e-01 -1.2480e+00
910 +9.684396431e-07 +9.684396431e-07 -5.234999903e+01 -5.234999903e+01 -8.7110e-01 -1.2481e+00
925 +1.576496587e-07 +1.576496587e-07 -5.234999984e+01 -5.234999984e+01 -8.7114e-01 -1.2480e+00
932 +9.060585882e-08 +9.060585882e-08 -5.234999991e+01 -5.234999991e+01 -8.7114e-01 -1.2480e+00
944 +3.672225546e-08 +3.672225546e-08 -5.234999996e+01 -5.234999996e+01 -8.7114e-01 -1.2480e+00
% function evaluation | noise-free fitness - Fopt (-1.795400000000e+02) | best noise-free fitness - Fopt | measured fitness | best measured fitness | x1 | x2...
1 +1.307141685e+02 +1.307141685e+02 -4.882583151e+01 -4.882583151e+01 -3.8770e+00 -2.7838e+00
2 +8.301989685e+00 +8.301989685e+00 -1.712380103e+02 -1.712380103e+02 +4.7751e+00 -3.6225e+00
5 +4.632589409e+00 +4.632589409e+00 -1.749074106e+02 -1.749074106e+02 +4.7244e+00 -1.9694e+00
9 +1.462599083e-01 +1.462599083e-01 -1.793937401e+02 -1.793937401e+02 +8.8729e-01 +3.7639e-01
32 +9.096927301e-02 +9.096927301e-02 -1.794490307e+02 -1.794490307e+02 +9.6637e-01 +9.1897e-01
104 +5.670102461e-02 +5.670102461e-02 -1.794832990e+02 -1.794832990e+02 +7.7859e-01 +3.6133e-01
151 +3.827369681e-02 +3.827369681e-02 -1.795017263e+02 -1.795017263e+02 +8.0676e-01 +6.2232e-01
170 +7.229574624e-03 +7.229574624e-03 -1.795327704e+02 -1.795327704e+02 +8.4595e-01 +6.2988e-01
314 +4.750133693e-03 +4.750133693e-03 -1.795352499e+02 -1.795352499e+02 +8.5710e-01 +6.2720e-01
367 +3.437314341e-03 +3.437314341e-03 -1.795365627e+02 -1.795365627e+02 +8.5511e-01 +6.3731e-01
467 +2.434415939e-03 +2.434415939e-03 -1.795375656e+02 -1.795375656e+02 +8.5452e-01 +6.2926e-01
758 +1.373266725e-03 +1.373266725e-03 -1.795386267e+02 -1.795386267e+02 +8.4471e-01 +6.1211e-01
946 +9.302525457e-04 +9.302525457e-04 -1.795390697e+02 -1.795390697e+02 +8.3847e-01 +6.0024e-01
2367 +5.522957818e-04 +5.522957818e-04 -1.795394477e+02 -1.795394477e+02 +7.8227e-01 +4.9290e-01
3702 +3.760390635e-04 +3.760390635e-04 -1.795396240e+02 -1.795396240e+02 +8.2610e-01 +5.7669e-01
4720 +1.149823379e-04 +1.149823379e-04 -1.795398850e+02 -1.795398850e+02 +8.1564e-01 +5.5614e-01
5683 +5.595226403e-05 +5.595226403e-05 -1.795399440e+02 -1.795399440e+02 +8.1048e-01 +5.4629e-01
14835 +3.307590450e-05 +3.307590450e-05 -1.795399669e+02 -1.795399669e+02 +8.0702e-01 +5.3959e-01
14867 +2.508975587e-05 +2.508975587e-05 -1.795399749e+02 -1.795399749e+02 +8.0704e-01 +5.3959e-01
16053 +9.904936888e-06 +9.904936888e-06 -1.795399901e+02 -1.795399901e+02 +8.0301e-01 +5.3180e-01
31654 +5.267893954e-06 +5.267893954e-06 -1.795399947e+02 -1.795399947e+02 +7.9934e-01 +5.2471e-01
32020 +3.957193258e-06 +3.957193258e-06 -1.795399960e+02 -1.795399960e+02 +7.9934e-01 +5.2471e-01
32143 +2.270388933e-06 +2.270388933e-06 -1.795399977e+02 -1.795399977e+02 +7.9934e-01 +5.2471e-01
64210 +1.584041144e-06 +1.584041144e-06 -1.795399984e+02 -1.795399984e+02 +7.9896e-01 +5.2395e-01
72084 +6.492217892e-07 +6.492217892e-07 -1.795399994e+02 -1.795399994e+02 +7.9724e-01 +5.2063e-01
72353 +4.959412365e-07 +4.959412365e-07 -1.795399995e+02 -1.795399995e+02 +7.9724e-01 +5.2063e-01
134174 +3.923175882e-07 +3.923175882e-07 -1.795399996e+02 -1.795399996e+02 +7.9696e-01 +5.2010e-01
% function evaluation | noise-free fitness - Fopt (7.731000000000e+01) | best noise-free fitness - Fopt | measured fitness | best measured fitness | x1 | x2...
1 +6.252782537e+00 +6.252782537e+00 +8.356278254e+01 +8.356278254e+01 +3.2109e-01 -2.4197e+00
4 +3.702932324e+00 +3.702932324e+00 +8.101293232e+01 +8.101293232e+01 +4.2707e+00 +3.8912e-01
23 +1.077488920e+00 +1.077488920e+00 +7.838748892e+01 +7.838748892e+01 +1.5118e+00 -1.5885e+00
37 +1.493207420e-01 +1.493207420e-01 +7.745932074e+01 +7.745932074e+01 +7.5279e-01 -1.0520e+00
356 +9.059619443e-02 +9.059619443e-02 +7.740059619e+01 +7.740059619e+01 +8.3698e-01 -1.0432e+00
371 +4.529897035e-02 +4.529897035e-02 +7.735529897e+01 +7.735529897e+01 +8.9310e-01 -9.5592e-01
411 +3.119122587e-02 +3.119122587e-02 +7.734119123e+01 +7.734119123e+01 +8.5510e-01 -8.6540e-01
527 +1.382455089e-02 +1.382455089e-02 +7.732382455e+01 +7.732382455e+01 +8.7482e-01 -8.3114e-01
793 +9.994387219e-03 +9.994387219e-03 +7.731999439e+01 +7.731999439e+01 +8.8130e-01 -8.2128e-01
859 +1.372745833e-03 +1.372745833e-03 +7.731137275e+01 +7.731137275e+01 +8.9749e-01 -5.9134e-01
1060 +4.659542614e-04 +4.659542614e-04 +7.731046595e+01 +7.731046595e+01 +8.9535e-01 -6.1371e-01
1081 +1.228853463e-04 +1.228853463e-04 +7.731012289e+01 +7.731012289e+01 +8.9667e-01 -5.8346e-01
1194 +1.503364854e-05 +1.503364854e-05 +7.731001503e+01 +7.731001503e+01 +8.9655e-01 -5.8348e-01
9022 +8.272252813e-06 +8.272252813e-06 +7.731000827e+01 +7.731000827e+01 +8.9547e-01 -6.0300e-01
9025 +1.272432257e-06 +1.272432257e-06 +7.731000127e+01 +7.731000127e+01 +8.9547e-01 -6.0305e-01
9106 +6.415735214e-07 +6.415735214e-07 +7.731000064e+01 +7.731000064e+01 +8.9547e-01 -6.0305e-01
9114 +1.792304403e-07 +1.792304403e-07 +7.731000018e+01 +7.731000018e+01 +8.9547e-01 -6.0305e-01
9204 +1.487960617e-07 +1.487960617e-07 +7.731000015e+01 +7.731000015e+01 +8.9547e-01 -6.0305e-01
% function evaluation | noise-free fitness - Fopt (3.992000000000e+01) | best noise-free fitness - Fopt | measured fitness | best measured fitness | x1 | x2...
1 +2.711852393e+00 +2.711852393e+00 +4.263185239e+01 +4.263185239e+01 +1.4541e+00 -2.2095e+00
6 +8.313258957e-01 +8.313258957e-01 +4.075132590e+01 +4.075132590e+01 +3.1061e+00 -1.1368e+00
26 +2.765274270e-01 +2.765274270e-01 +4.019652743e+01 +4.019652743e+01 +3.8898e+00 -4.3053e-01
130 +7.294312869e-02 +7.294312869e-02 +3.999294313e+01 +3.999294313e+01 +4.0917e+00 -1.4451e+00
274 +5.666518605e-02 +5.666518605e-02 +3.997666519e+01 +3.997666519e+01 +4.0625e+00 -1.4350e+00
303 +3.794617526e-02 +3.794617526e-02 +3.995794618e+01 +3.995794618e+01 +3.8712e+00 -9.2602e-01
375 +2.261417717e-02 +2.261417717e-02 +3.994261418e+01 +3.994261418e+01 +4.0302e+00 -1.3389e+00
466 +6.508081755e-03 +6.508081755e-03 +3.992650808e+01 +3.992650808e+01 +3.9976e+00 -1.2196e+00
701 +4.010432852e-03 +4.010432852e-03 +3.992401043e+01 +3.992401043e+01 +3.9874e+00 -1.2116e+00
725 +2.548947782e-03 +2.548947782e-03 +3.992254895e+01 +3.992254895e+01 +3.9733e+00 -1.1607e+00
751 +7.307761472e-04 +7.307761472e-04 +3.992073078e+01 +3.992073078e+01 +3.9743e+00 -1.1542e+00
872 +5.637123457e-04 +5.637123457e-04 +3.992056371e+01 +3.992056371e+01 +3.9726e+00 -1.1488e+00
1023 +3.880854922e-04 +3.880854922e-04 +3.992038809e+01 +3.992038809e+01 +3.9694e+00 -1.1370e+00
1613 +1.380774952e-04 +1.380774952e-04 +3.992013808e+01 +3.992013808e+01 +3.9548e+00 -1.0848e+00
1827 +3.293634413e-05 +3.293634413e-05 +3.992003294e+01 +3.992003294e+01 +3.9547e+00 -1.0850e+00
1908 +6.972729743e-06 +6.972729743e-06 +3.992000697e+01 +3.992000697e+01 +3.9547e+00 -1.0849e+00
2028 +5.639441703e-06 +5.639441703e-06 +3.992000564e+01 +3.992000564e+01 +3.9547e+00 -1.0849e+00
8199 +3.923224462e-06 +3.923224462e-06 +3.992000392e+01 +3.992000392e+01 +3.9546e+00 -1.0848e+00
21764 +2.439763939e-06 +2.439763939e-06 +3.992000244e+01 +3.992000244e+01 +3.9524e+00 -1.0767e+00
22025 +5.503116967e-07 +5.503116967e-07 +3.992000055e+01 +3.992000055e+01 +3.9524e+00 -1.0767e+00
59979 +3.855929620e-07 +3.855929620e-07 +3.992000039e+01 +3.992000039e+01 +3.9524e+00 -1.0766e+00
129226 +2.464715578e-07 +2.464715578e-07 +3.992000025e+01 +3.992000025e+01 +3.9521e+00 -1.0756e+00
% function evaluation | noise-free fitness - Fopt (-5.661000000000e+01) | best noise-free fitness - Fopt | measured fitness | best measured fitness | x1 | x2...
1 +1.823075287e+01 +1.823075287e+01 -3.837924713e+01 -3.837924713e+01 -4.8969e-01 +1.9143e+00
2 +1.137658472e+01 +1.137658472e+01 -4.523341528e+01 -4.523341528e+01 +4.9707e+00 +8.1698e-01
11 +8.276063421e-01 +8.276063421e-01 -5.578239366e+01 -5.578239366e+01 +1.4272e+00 +3.6216e+00
138 +6.149353701e-01 +6.149353701e-01 -5.599506463e+01 -5.599506463e+01 +1.4204e+00 +3.3943e+00
252 +3.883275493e-01 +3.883275493e-01 -5.622167245e+01 -5.622167245e+01 +2.4212e+00 +3.4138e+00
261 +1.020756101e-01 +1.020756101e-01 -5.650792439e+01 -5.650792439e+01 +2.1429e+00 +3.0905e+00
286 +2.367901254e-02 +2.367901254e-02 -5.658632099e+01 -5.658632099e+01 +2.1365e+00 +3.0053e+00
405 +6.511054197e-03 +6.511054197e-03 -5.660348895e+01 -5.660348895e+01 +1.7735e+00 +2.8655e+00
486 +5.908277261e-03 +5.908277261e-03 -5.660409172e+01 -5.660409172e+01 +1.7798e+00 +2.8651e+00
822 +3.541367207e-03 +3.541367207e-03 -5.660645863e+01 -5.660645863e+01 +1.8107e+00 +2.8780e+00
1029 +2.397370690e-03 +2.397370690e-03 -5.660760263e+01 -5.660760263e+01 +1.8231e+00 +2.8805e+00
1096 +9.557313782e-04 +9.557313782e-04 -5.660904427e+01 -5.660904427e+01 +1.9381e+00 +2.9166e+00
1379 +6.239880435e-04 +6.239880435e-04 -5.660937601e+01 -5.660937601e+01 +1.9132e+00 +2.9102e+00
1383 +2.062664977e-04 +2.062664977e-04 -5.660979373e+01 -5.660979373e+01 +1.9194e+00 +2.9118e+00
1490 +3.525686214e-05 +3.525686214e-05 -5.660996474e+01 -5.660996474e+01 +1.9195e+00 +2.9116e+00
3906 +2.066457166e-05 +2.066457166e-05 -5.660997934e+01 -5.660997934e+01 +1.9394e+00 +2.9180e+00
4100 +6.195990601e-06 +6.195990601e-06 -5.660999380e+01 -5.660999380e+01 +1.9394e+00 +2.9180e+00
4166 +2.970615569e-06 +2.970615569e-06 -5.660999703e+01 -5.660999703e+01 +1.9392e+00 +2.9180e+00
4182 +1.687874544e-06 +1.687874544e-06 -5.660999831e+01 -5.660999831e+01 +1.9394e+00 +2.9180e+00
4255 +1.564962247e-06 +1.564962247e-06 -5.660999844e+01 -5.660999844e+01 +1.9394e+00 +2.9180e+00
89819 +9.929233826e-07 +9.929233826e-07 -5.660999901e+01 -5.660999901e+01 +1.9409e+00 +2.9185e+00
106925 +2.023287422e-07 +2.023287422e-07 -5.660999980e+01 -5.660999980e+01 +1.9483e+00 +2.9209e+00
107047 +1.065814672e-07 +1.065814672e-07 -5.660999989e+01 -5.660999989e+01 +1.9483e+00 +2.9209e+00
107374 +3.011574989e-08 +3.011574989e-08 -5.660999997e+01 -5.660999997e+01 +1.9483e+00 +2.9209e+00
108072 +1.308367104e-08 +1.308367104e-08 -5.660999999e+01 -5.660999999e+01 +1.9483e+00 +2.9209e+00
% function evaluation | noise-free fitness - Fopt (5.134000000000e+01) | best noise-free fitness - Fopt | measured fitness | best measured fitness | x1 | x2...
1 +2.162524924e+02 +2.162524924e+02 +2.675924924e+02 +2.675924924e+02 +1.8432e+00 +2.0359e+00
2 +1.484943520e+01 +1.484943520e+01 +6.618943520e+01 +6.618943520e+01 -3.9060e+00 -4.7191e+00
5 +3.336362498e+00 +3.336362498e+00 +5.467636250e+01 +5.467636250e+01 -3.7208e+00 +9.2977e-01
9 +2.363017190e+00 +2.363017190e+00 +5.370301719e+01 +5.370301719e+01 -1.1941e+00 -4.1917e+00
21 +1.382220069e+00 +1.382220069e+00 +5.272222007e+01 +5.272222007e+01 -1.3293e+00 -3.1017e+00
59 +4.795801876e-01 +4.795801876e-01 +5.181958019e+01 +5.181958019e+01 -2.6136e+00 -2.8550e+00
102 +1.417918979e-01 +1.417918979e-01 +5.148179190e+01 +5.148179190e+01 -2.9789e+00 -2.3820e+00
301 +2.778107404e-02 +2.778107404e-02 +5.136778107e+01 +5.136778107e+01 -2.7945e+00 -2.4198e+00
423 +2.322114067e-02 +2.322114067e-02 +5.136322114e+01 +5.136322114e+01 -2.7755e+00 -2.4081e+00
430 +9.546385148e-03 +9.546385148e-03 +5.134954639e+01 +5.134954639e+01 -2.7090e+00 -2.3432e+00
552 +2.733420966e-03 +2.733420966e-03 +5.134273342e+01 +5.134273342e+01 -2.6713e+00 -2.3283e+00
656 +1.801452681e-03 +1.801452681e-03 +5.134180145e+01 +5.134180145e+01 -2.5795e+00 -2.2733e+00
715 +9.203073311e-04 +9.203073311e-04 +5.134092031e+01 +5.134092031e+01 -2.5729e+00 -2.2659e+00
820 +2.453737677e-04 +2.453737677e-04 +5.134024537e+01 +5.134024537e+01 -2.5864e+00 -2.2757e+00
860 +1.294303730e-04 +1.294303730e-04 +5.134012943e+01 +5.134012943e+01 -2.5865e+00 -2.2756e+00
938 +6.555863025e-05 +6.555863025e-05 +5.134006556e+01 +5.134006556e+01 -2.5865e+00 -2.2755e+00
1118 +6.297479198e-05 +6.297479198e-05 +5.134006297e+01 +5.134006297e+01 -2.5865e+00 -2.2755e+00
3496 +2.420987042e-05 +2.420987042e-05 +5.134002421e+01 +5.134002421e+01 -2.5767e+00 -2.2693e+00
4837 +1.200083577e-05 +1.200083577e-05 +5.134001200e+01 +5.134001200e+01 -2.5589e+00 -2.2582e+00
4931 +4.531232229e-06 +4.531232229e-06 +5.134000453e+01 +5.134000453e+01 -2.5589e+00 -2.2582e+00
5014 +2.320511094e-06 +2.320511094e-06 +5.134000232e+01 +5.134000232e+01 -2.5589e+00 -2.2582e+00
5212 +1.409172746e-06 +1.409172746e-06 +5.134000141e+01 +5.134000141e+01 -2.5589e+00 -2.2582e+00
5329 +9.240968666e-07 +9.240968666e-07 +5.134000092e+01 +5.134000092e+01 -2.5589e+00 -2.2582e+00
5420 +4.373347195e-07 +4.373347195e-07 +5.134000044e+01 +5.134000044e+01 -2.5589e+00 -2.2582e+00
5422 +3.779295810e-07 +3.779295810e-07 +5.134000038e+01 +5.134000038e+01 -2.5589e+00 -2.2582e+00
% function evaluation | noise-free fitness - Fopt (-1.244000000000e+02) | best noise-free fitness - Fopt | measured fitness | best measured fitness | x1 | x2...
1 +3.520829884e+01 +3.520829884e+01 -8.919170116e+01 -8.919170116e+01 +4.8791e-01 -2.4798e+00
2 +2.212348139e+01 +2.212348139e+01 -1.022765186e+02 -1.022765186e+02 -2.6956e+00 +2.8875e+00
4 +4.950719163e+00 +4.950719163e+00 -1.194492808e+02 -1.194492808e+02 -5.1815e-01 +2.4269e+00
11 +2.764392856e+00 +2.764392856e+00 -1.216356071e+02 -1.216356071e+02 -2.5513e+00 +6.0711e-01
13 +1.901447459e+00 +1.901447459e+00 -1.224985525e+02 -1.224985525e+02 -1.4122e+00 -1.4133e-01
15 +1.104751163e+00 +1.104751163e+00 -1.232952488e+02 -1.232952488e+02 -9.3082e-01 +9.7534e-01
50 +8.957573991e-01 +8.957573991e-01 -1.235042426e+02 -1.235042426e+02 -5.0963e-01 +1.5884e+00
211 +1.075285765e-01 +1.075285765e-01 -1.242924714e+02 -1.242924714e+02 +1.5351e-01 +8.4473e-01
306 +9.990620075e-02 +9.990620075e-02 -1.243000938e+02 -1.243000938e+02 +1.8157e-01 +7.8168e-01
338 +2.441195655e-03 +2.441195655e-03 -1.243975588e+02 -1.243975588e+02 +2.6387e-01 +8.6059e-01
603 +9.357701518e-04 +9.357701518e-04 -1.243990642e+02 -1.243990642e+02 +2.5718e-01 +8.7045e-01
732 +4.849122349e-04 +4.849122349e-04 -1.243995151e+02 -1.243995151e+02 +2.5529e-01 +8.7789e-01
759 +3.859066442e-04 +3.859066442e-04 -1.243996141e+02 -1.243996141e+02 +2.5587e-01 +8.7638e-01
1023 +2.319688026e-04 +2.319688026e-04 -1.243997680e+02 -1.243997680e+02 +2.5548e-01 +8.7814e-01
1053 +1.076659568e-04 +1.076659568e-04 -1.243998923e+02 -1.243998923e+02 +2.5558e-01 +8.7821e-01
1118 +4.314721630e-05 +4.314721630e-05 -1.243999569e+02 -1.243999569e+02 +2.5571e-01 +8.7801e-01
1204 +2.499004908e-05 +2.499004908e-05 -1.243999750e+02 -1.243999750e+02 +2.5565e-01 +8.7827e-01
1386 +1.573720944e-05 +1.573720944e-05 -1.243999843e+02 -1.243999843e+02 +2.5572e-01 +8.7819e-01
1461 +3.277722570e-06 +3.277722570e-06 -1.243999967e+02 -1.243999967e+02 +2.5570e-01 +8.7822e-01
1694 +2.013124856e-06 +2.013124856e-06 -1.243999980e+02 -1.243999980e+02 +2.5570e-01 +8.7822e-01
1725 +1.290769646e-06 +1.290769646e-06 -1.243999987e+02 -1.243999987e+02 +2.5570e-01 +8.7822e-01
1815 +7.885027742e-07 +7.885027742e-07 -1.243999992e+02 -1.243999992e+02 +2.5570e-01 +8.7822e-01
1856 +4.648021132e-07 +4.648021132e-07 -1.243999995e+02 -1.243999995e+02 +2.5570e-01 +8.7821e-01
1871 +3.341206565e-07 +3.341206565e-07 -1.243999997e+02 -1.243999997e+02 +2.5569e-01 +8.7822e-01
% function evaluation | noise-free fitness - Fopt (6.000000000000e-01) | best noise-free fitness - Fopt | measured fitness | best measured fitness | x1 | x2...
1 +3.066242012e+01 +3.066242012e+01 +3.126242012e+01 +3.126242012e+01 -9.3350e-01 -4.2602e-01
3 +4.244301874e+00 +4.244301874e+00 +4.844301874e+00 +4.844301874e+00 +2.3963e+00 +2.3056e+00
7 +3.523807759e-01 +3.523807759e-01 +9.523807759e-01 +9.523807759e-01 +2.0354e+00 -2.3494e+00
117 +2.139473117e-01 +2.139473117e-01 +8.139473117e-01 +8.139473117e-01 +2.5095e+00 -2.2171e+00
291 +1.361640222e-01 +1.361640222e-01 +7.361640222e-01 +7.361640222e-01 +2.1027e+00 -2.0927e+00
338 +2.525517297e-02 +2.525517297e-02 +6.252551730e-01 +6.252551730e-01 +2.3491e+00 -2.0139e+00
387 +2.390639211e-02 +2.390639211e-02 +6.239063921e-01 +6.239063921e-01 +2.3318e+00 -2.0252e+00
522 +1.035660483e-02 +1.035660483e-02 +6.103566048e-01 +6.103566048e-01 +2.4303e+00 -2.0242e+00
743 +8.071199133e-03 +8.071199133e-03 +6.080711991e-01 +6.080711991e-01 +2.4242e+00 -2.0113e+00
900 +5.318226370e-03 +5.318226370e-03 +6.053182264e-01 +6.053182264e-01 +2.4336e+00 -2.0141e+00
1249 +3.900345882e-03 +3.900345882e-03 +6.039003459e-01 +6.039003459e-01 +2.4517e+00 -2.0097e+00
1362 +2.455456192e-03 +2.455456192e-03 +6.024554562e-01 +6.024554562e-01 +2.4799e+00 -2.0059e+00
1901 +1.321288144e-03 +1.321288144e-03 +6.013212881e-01 +6.013212881e-01 +2.4971e+00 -2.0007e+00
2406 +9.806978935e-04 +9.806978935e-04 +6.009806979e-01 +6.009806979e-01 +2.5240e+00 -1.9942e+00
2657 +6.299212494e-04 +6.299212494e-04 +6.006299212e-01 +6.006299212e-01 +2.5315e+00 -1.9929e+00
2896 +2.660607895e-04 +2.660607895e-04 +6.002660608e-01 +6.002660608e-01 +2.5413e+00 -1.9913e+00
4201 +2.429548471e-04 +2.429548471e-04 +6.002429548e-01 +6.002429548e-01 +2.5550e+00 -1.9885e+00
4398 +1.464449807e-04 +1.464449807e-04 +6.001464450e-01 +6.001464450e-01 +2.5551e+00 -1.9883e+00
4622 +8.246822924e-05 +8.246822924e-05 +6.000824682e-01 +6.000824682e-01 +2.5643e+00 -1.9862e+00
6388 +5.517434794e-05 +5.517434794e-05 +6.000551743e-01 +6.000551743e-01 +2.5722e+00 -1.9845e+00
6410 +3.567396499e-05 +3.567396499e-05 +6.000356740e-01 +6.000356740e-01 +2.5723e+00 -1.9845e+00
12666 +1.641265374e-05 +1.641265374e-05 +6.000164127e-01 +6.000164127e-01 +2.5793e+00 -1.9830e+00
16694 +1.571287065e-05 +1.571287065e-05 +6.000157129e-01 +6.000157129e-01 +2.5796e+00 -1.9829e+00
32408 +9.648243258e-06 +9.648243258e-06 +6.000096482e-01 +6.000096482e-01 +2.5855e+00 -1.9816e+00
39165 +6.300833806e-06 +6.300833806e-06 +6.000063008e-01 +6.000063008e-01 +2.5860e+00 -1.9815e+00
72768 +3.941892952e-06 +3.941892952e-06 +6.000039419e-01 +6.000039419e-01 +2.5886e+00 -1.9810e+00
80981 +9.581744214e-07 +9.581744214e-07 +6.000009582e-01 +6.000009582e-01 +2.5964e+00 -1.9793e+00
81129 +4.748796074e-07 +4.748796074e-07 +6.000004749e-01 +6.000004749e-01 +2.5964e+00 -1.9793e+00
% function evaluation | noise-free fitness - Fopt (-4.071000000000e+01) | best noise-free fitness - Fopt | measured fitness | best measured fitness | x1 | x2...
1 +1.194358405e+00 +1.194358405e+00 -3.951564160e+01 -3.951564160e+01 +1.6238e+00 -1.9948e+00
15 +3.056085571e-01 +3.056085571e-01 -4.040439144e+01 -4.040439144e+01 +1.0019e+00 -2.7230e+00
33 +2.201841577e-01 +2.201841577e-01 -4.048981584e+01 -4.048981584e+01 +9.3066e-01 -3.2684e+00
202 +1.001760420e-01 +1.001760420e-01 -4.060982396e+01 -4.060982396e+01 +8.5462e-01 -2.8860e+00
281 +7.311639662e-02 +7.311639662e-02 -4.063688360e+01 -4.063688360e+01 +8.5052e-01 -2.9417e+00
306 +3.920272389e-02 +3.920272389e-02 -4.067079728e+01 -4.067079728e+01 +6.2631e-01 -2.7490e+00
384 +2.142108662e-02 +2.142108662e-02 -4.068857891e+01 -4.068857891e+01 +6.3204e-01 -2.7216e+00
506 +7.295298683e-03 +7.295298683e-03 -4.070270470e+01 -4.070270470e+01 +7.1789e-01 -2.8239e+00
566 +2.807245400e-03 +2.807245400e-03 -4.070719275e+01 -4.070719275e+01 +6.6185e-01 -2.7384e+00
593 +1.745873643e-03 +1.745873643e-03 -4.070825413e+01 -4.070825413e+01 +7.0888e-01 -2.8192e+00
684 +1.212778140e-03 +1.212778140e-03 -4.070878722e+01 -4.070878722e+01 +7.0612e-01 -2.8152e+00
1044 +9.363542111e-04 +9.363542111e-04 -4.070906365e+01 -4.070906365e+01 +6.9993e-01 -2.8064e+00
1335 +5.491838775e-04 +5.491838775e-04 -4.070945082e+01 -4.070945082e+01 +6.9742e-01 -2.8005e+00
1720 +3.863533453e-04 +3.863533453e-04 -4.070961365e+01 -4.070961365e+01 +6.9110e-01 -2.7876e+00
1877 +2.196117504e-04 +2.196117504e-04 -4.070978039e+01 -4.070978039e+01 +6.8744e-01 -2.7813e+00
2344 +1.136711182e-04 +1.136711182e-04 -4.070988633e+01 -4.070988633e+01 +6.7819e-01 -2.7637e+00
2365 +9.088758237e-05 +9.088758237e-05 -4.070990911e+01 -4.070990911e+01 +6.7834e-01 -2.7637e+00
2467 +6.303782290e-05 +6.303782290e-05 -4.070993696e+01 -4.070993696e+01 +6.7815e-01 -2.7635e+00
6287 +2.653503280e-05 +2.653503280e-05 -4.070997346e+01 -4.070997346e+01 +6.7288e-01 -2.7534e+00
6571 +2.272168411e-05 +2.272168411e-05 -4.070997728e+01 -4.070997728e+01 +6.7293e-01 -2.7535e+00
15147 +1.577620106e-05 +1.577620106e-05 -4.070998422e+01 -4.070998422e+01 +6.7164e-01 -2.7510e+00
39846 +2.425425961e-06 +2.425425961e-06 -4.070999757e+01 -4.070999757e+01 +6.6622e-01 -2.7407e+00
100739 +1.583026119e-06 +1.583026119e-06 -4.070999842e+01 -4.070999842e+01 +6.6540e-01 -2.7391e+00
126223 +6.086921545e-07 +6.086921545e-07 -4.070999939e+01 -4.070999939e+01 +6.6389e-01 -2.7362e+00
% function evaluation | noise-free fitness - Fopt (8.143200000000e+02) | best noise-free fitness - Fopt | measured fitness | best measured fitness | x1 | x2...
1 +6.938792350e+00 +6.938792350e+00 +8.212587923e+02 +8.212587923e+02 +3.8681e+00 -1.9191e+00
3 +2.089488808e+00 +2.089488808e+00 +8.164094888e+02 +8.164094888e+02 -4.7920e+00 -3.3697e+00
10 +7.752221465e-01 +7.752221465e-01 +8.150952221e+02 +8.150952221e+02 -2.3551e+00 -2.9692e+00
44 +4.660590344e-02 +4.660590344e-02 +8.143666059e+02 +8.143666059e+02 -2.7706e+00 -4.0974e+00
109 +3.961791824e-02 +3.961791824e-02 +8.143596179e+02 +8.143596179e+02 -2.7681e+00 -4.0822e+00
184 +9.928531024e-03 +9.928531024e-03 +8.143299285e+02 +8.143299285e+02 -2.7505e+00 -4.0350e+00
240 +5.273175400e-03 +5.273175400e-03 +8.143252732e+02 +8.143252732e+02 -2.7448e+00 -4.0239e+00
294 +2.732177749e-03 +2.732177749e-03 +8.143227322e+02 +8.143227322e+02 -2.8204e+00 -3.7787e+00
473 +7.807753980e-04 +7.807753980e-04 +8.143207808e+02 +8.143207808e+02 -2.8122e+00 -3.7943e+00
751 +5.964970928e-04 +5.964970928e-04 +8.143205965e+02 +8.143205965e+02 -2.8125e+00 -3.7942e+00
837 +3.701289380e-04 +3.701289380e-04 +8.143203701e+02 +8.143203701e+02 -2.8127e+00 -3.7944e+00
2738 +1.860293785e-04 +1.860293785e-04 +8.143201860e+02 +8.143201860e+02 -2.8105e+00 -3.8028e+00
3255 +1.397504581e-04 +1.397504581e-04 +8.143201398e+02 +8.143201398e+02 -2.8080e+00 -3.8117e+00
3638 +8.327670650e-05 +8.327670650e-05 +8.143200833e+02 +8.143200833e+02 -2.8064e+00 -3.8165e+00
6576 +4.555914450e-05 +4.555914450e-05 +8.143200456e+02 +8.143200456e+02 -2.8030e+00 -3.8285e+00
6771 +2.834771988e-05 +2.834771988e-05 +8.143200283e+02 +8.143200283e+02 -2.8030e+00 -3.8284e+00
8014 +2.153391767e-05 +2.153391767e-05 +8.143200215e+02 +8.143200215e+02 -2.8004e+00 -3.8372e+00
8033 +1.338528637e-05 +1.338528637e-05 +8.143200134e+02 +8.143200134e+02 -2.8004e+00 -3.8372e+00
8645 +9.626731526e-06 +9.626731526e-06 +8.143200096e+02 +8.143200096e+02 -2.8004e+00 -3.8372e+00
10524 +1.650611125e-06 +1.650611125e-06 +8.143200017e+02 +8.143200017e+02 -2.7977e+00 -3.8463e+00
16882 +1.569975780e-06 +1.569975780e-06 +8.143200016e+02 +8.143200016e+02 -2.7977e+00 -3.8465e+00
57672 +9.888755130e-07 +9.888755130e-07 +8.143200010e+02 +8.143200010e+02 -2.7972e+00 -3.8480e+00
% function evaluation | noise-free fitness - Fopt (-6.205000000000e+01) | best noise-free fitness - Fopt | measured fitness | best measured fitness | x1 | x2...
1 +2.789621037e+01 +2.789621037e+01 -3.415378963e+01 -3.415378963e+01 +3.3804e+00 +2.4200e+00
3 +1.898802548e+01 +1.898802548e+01 -4.306197452e+01 -4.306197452e+01 -8.0810e-01 -1.4512e+00
4 +4.888470391e+00 +4.888470391e+00 -5.716152961e+01 -5.716152961e+01 -6.0918e-01 +3.5819e+00
7 +2.181068219e+00 +2.181068219e+00 -5.986893178e+01 -5.986893178e+01 +3.2077e+00 -2.4042e+00
25 +1.559485748e+00 +1.559485748e+00 -6.049051425e+01 -6.049051425e+01 +9.1897e-01 +5.9481e-01
75 +3.969772083e-01 +3.969772083e-01 -6.165302279e+01 -6.165302279e+01 +2.4511e+00 -6.3806e-01
200 +1.137375511e-01 +1.137375511e-01 -6.193626245e+01 -6.193626245e+01 +2.3457e+00 -3.3028e-01
250 +8.444489091e-02 +8.444489091e-02 -6.196555511e+01 -6.196555511e+01 +2.3078e+00 -1.7820e-01
293 +3.207509817e-02 +3.207509817e-02 -6.201792490e+01 -6.201792490e+01 +2.1760e+00 -3.9660e-01
412 +3.608481069e-03 +3.608481069e-03 -6.204639152e+01 -6.204639152e+01 +2.1238e+00 -4.0825e-01
541 +2.145002405e-03 +2.145002405e-03 -6.204785500e+01 -6.204785500e+01 +2.1024e+00 -4.2395e-01
893 +1.561361633e-03 +1.561361633e-03 -6.204843864e+01 -6.204843864e+01 +2.0903e+00 -4.4050e-01
920 +9.735289442e-04 +9.735289442e-04 -6.204902647e+01 -6.204902647e+01 +2.0829e+00 -4.4715e-01
1301 +6.025820153e-04 +6.025820153e-04 -6.204939742e+01 -6.204939742e+01 +2.0824e+00 -4.4695e-01
2069 +3.491069885e-04 +3.491069885e-04 -6.204965089e+01 -6.204965089e+01 +2.0746e+00 -4.5456e-01
2086 +9.463398413e-05 +9.463398413e-05 -6.204990537e+01 -6.204990537e+01 +1.9974e+00 -5.3248e-01
2720 +6.291628822e-05 +6.291628822e-05 -6.204993708e+01 -6.204993708e+01 +1.9977e+00 -5.3225e-01
7251 +3.743282133e-05 +3.743282133e-05 -6.204996257e+01 -6.204996257e+01 +2.0082e+00 -5.2151e-01
7437 +1.802777695e-05 +1.802777695e-05 -6.204998197e+01 -6.204998197e+01 +2.0083e+00 -5.2151e-01
7591 +1.494400643e-05 +1.494400643e-05 -6.204998506e+01 -6.204998506e+01 +2.0083e+00 -5.2152e-01
10883 +5.625698456e-06 +5.625698456e-06 -6.204999437e+01 -6.204999437e+01 +2.0208e+00 -5.0883e-01
11150 +3.138728410e-06 +3.138728410e-06 -6.204999686e+01 -6.204999686e+01 +2.0208e+00 -5.0883e-01
11282 +8.820479707e-07 +8.820479707e-07 -6.204999912e+01 -6.204999912e+01 +2.0209e+00 -5.0880e-01
11446 +5.250037276e-07 +5.250037276e-07 -6.204999947e+01 -6.204999947e+01 +2.0209e+00 -5.0880e-01
11584 +3.512658111e-07 +3.512658111e-07 -6.204999965e+01 -6.204999965e+01 +2.0209e+00 -5.0880e-01
110467 +2.480525509e-07 +2.480525509e-07 -6.204999975e+01 -6.204999975e+01 +2.0212e+00 -5.0845e-01
% function evaluation | noise-free fitness - Fopt (-4.328000000000e+01) | best noise-free fitness - Fopt | measured fitness | best measured fitness | x1 | x2...
1 +1.221103708e+01 +1.221103708e+01 -3.106896292e+01 -3.106896292e+01 +4.0706e-01 -3.3011e+00
2 +8.630621057e+00 +8.630621057e+00 -3.464937894e+01 -3.464937894e+01 -3.6532e+00 -2.9414e+00
4 +4.990222279e-01 +4.990222279e-01 -4.278097777e+01 -4.278097777e+01 -1.7980e-01 +2.0653e+00
54 +3.768326529e-01 +3.768326529e-01 -4.290316735e+01 -4.290316735e+01 -1.0173e+00 +3.0717e+00
152 +2.046092063e-02 +2.046092063e-02 -4.325953908e+01 -4.325953908e+01 -2.8574e-01 +2.5769e+00
291 +1.538361114e-02 +1.538361114e-02 -4.326461639e+01 -4.326461639e+01 -2.8089e-01 +2.5824e+00
414 +8.551871237e-03 +8.551871237e-03 -4.327144813e+01 -4.327144813e+01 -3.6820e-01 +2.6232e+00
468 +1.824474178e-03 +1.824474178e-03 -4.327817553e+01 -4.327817553e+01 -3.7903e-01 +2.6183e+00
805 +1.551966872e-03 +1.551966872e-03 -4.327844803e+01 -4.327844803e+01 -3.7918e-01 +2.6179e+00
1040 +5.949362009e-04 +5.949362009e-04 -4.327940506e+01 -4.327940506e+01 -4.0716e-01 +2.6235e+00
1297 +3.531455257e-04 +3.531455257e-04 -4.327964685e+01 -4.327964685e+01 -4.1927e-01 +2.6265e+00
2347 +6.941355847e-05 +6.941355847e-05 -4.327993059e+01 -4.327993059e+01 -5.1522e-01 +2.6486e+00
2456 +2.676945854e-05 +2.676945854e-05 -4.327997323e+01 -4.327997323e+01 -5.1530e-01 +2.6487e+00
2564 +2.240055250e-05 +2.240055250e-05 -4.327997760e+01 -4.327997760e+01 -5.1535e-01 +2.6487e+00
7432 +1.401311843e-05 +1.401311843e-05 -4.327998599e+01 -4.327998599e+01 -5.0654e-01 +2.6467e+00
7739 +7.499560880e-06 +7.499560880e-06 -4.327999250e+01 -4.327999250e+01 -5.0653e-01 +2.6467e+00
14633 +6.292973168e-06 +6.292973168e-06 -4.327999371e+01 -4.327999371e+01 -5.0594e-01 +2.6466e+00
47220 +3.925395369e-06 +3.925395369e-06 -4.327999607e+01 -4.327999607e+01 -4.7984e-01 +2.6405e+00
47409 +2.250257843e-06 +2.250257843e-06 -4.327999775e+01 -4.327999775e+01 -4.7984e-01 +2.6405e+00
47574 +1.204580876e-06 +1.204580876e-06 -4.327999880e+01 -4.327999880e+01 -4.7984e-01 +2.6405e+00
47619 +7.624821947e-07 +7.624821947e-07 -4.327999924e+01 -4.327999924e+01 -4.7984e-01 +2.6405e+00
47738 +6.165308974e-07 +6.165308974e-07 -4.327999938e+01 -4.327999938e+01 -4.7984e-01 +2.6405e+00
% function evaluation | noise-free fitness - Fopt (-3.916000000000e+01) | best noise-free fitness - Fopt | measured fitness | best measured fitness | x1 | x2...
1 +9.814813931e+00 +9.814813931e+00 -2.934518607e+01 -2.934518607e+01 -3.9529e+00 -4.7716e+00
7 +4.021732144e+00 +4.021732144e+00 -3.513826786e+01 -3.513826786e+01 -1.8516e+00 -1.7741e+00
9 +1.599489948e+00 +1.599489948e+00 -3.756051005e+01 -3.756051005e+01 -4.4146e+00 +5.9793e-01
21 +6.716057265e-01 +6.716057265e-01 -3.848839427e+01 -3.848839427e+01 -3.2216e+00 +2.6422e+00
66 +2.281914721e-01 +2.281914721e-01 -3.893180853e+01 -3.893180853e+01 -3.3464e+00 +2.1834e+00
111 +1.314268474e-01 +1.314268474e-01 -3.902857315e+01 -3.902857315e+01 -3.7728e+00 +1.9792e+00
197 +4.463286870e-02 +4.463286870e-02 -3.911536713e+01 -3.911536713e+01 -3.7182e+00 +1.8114e+00
244 +2.456156813e-02 +2.456156813e-02 -3.913543843e+01 -3.913543843e+01 -3.6037e+00 +1.8616e+00
321 +7.899991028e-03 +7.899991028e-03 -3.915210001e+01 -3.915210001e+01 -3.6038e+00 +1.8788e+00
403 +3.158910339e-03 +3.158910339e-03 -3.915684109e+01 -3.915684109e+01 -3.6215e+00 +1.8791e+00
487 +2.170861610e-03 +2.170861610e-03 -3.915782914e+01 -3.915782914e+01 -3.5755e+00 +1.8920e+00
492 +6.155550472e-04 +6.155550472e-04 -3.915938444e+01 -3.915938444e+01 -3.6222e+00 +1.8828e+00
640 +3.601078480e-04 +3.601078480e-04 -3.915963989e+01 -3.915963989e+01 -3.6016e+00 +1.8871e+00
754 +1.282897678e-04 +1.282897678e-04 -3.915987171e+01 -3.915987171e+01 -3.6194e+00 +1.8830e+00
858 +8.279482394e-05 +8.279482394e-05 -3.915991721e+01 -3.915991721e+01 -3.6198e+00 +1.8829e+00
887 +5.451533030e-05 +5.451533030e-05 -3.915994548e+01 -3.915994548e+01 -3.6196e+00 +1.8829e+00
928 +3.742743302e-05 +3.742743302e-05 -3.915996257e+01 -3.915996257e+01 -3.6198e+00 +1.8829e+00
1026 +1.991824217e-05 +1.991824217e-05 -3.915998008e+01 -3.915998008e+01 -3.6198e+00 +1.8828e+00
1188 +1.434648500e-05 +1.434648500e-05 -3.915998565e+01 -3.915998565e+01 -3.6197e+00 +1.8828e+00
1798 +6.311028116e-06 +6.311028116e-06 -3.915999369e+01 -3.915999369e+01 -3.6270e+00 +1.8810e+00
1854 +6.220627917e-06 +6.220627917e-06 -3.915999378e+01 -3.915999378e+01 -3.6270e+00 +1.8810e+00
3513 +3.250995313e-06 +3.250995313e-06 -3.915999675e+01 -3.915999675e+01 -3.6537e+00 +1.8741e+00
3609 +1.396026981e-06 +1.396026981e-06 -3.915999860e+01 -3.915999860e+01 -3.6537e+00 +1.8741e+00
52814 +9.963530232e-07 +9.963530232e-07 -3.915999900e+01 -3.915999900e+01 -3.6529e+00 +1.8743e+00
90711 +4.575504278e-07 +4.575504278e-07 -3.915999954e+01 -3.915999954e+01 -3.6495e+00 +1.8752e+00
90790 +3.550354251e-07 +3.550354251e-07 -3.915999964e+01 -3.915999964e+01 -3.6495e+00 +1.8752e+00
122047 +2.293134571e-07 +2.293134571e-07 -3.915999977e+01 -3.915999977e+01 -3.6491e+00 +1.8753e+00
% function evaluation | noise-free fitness - Fopt (-1.732800000000e+02) | best noise-free fitness - Fopt | measured fitness | best measured fitness | x1 | x2...
1 +5.825936077e+00 +5.825936077e+00 -1.674540639e+02 -1.674540639e+02 +2.2203e+00 +1.8879e+00
2 +1.176998003e-01 +1.176998003e-01 -1.731623002e+02 -1.731623002e+02 -2.7724e+00 -9.4421e-01
245 +9.543199644e-02 +9.543199644e-02 -1.731845680e+02 -1.731845680e+02 -2.8098e+00 -1.3118e+00
305 +4.679219827e-02 +4.679219827e-02 -1.732332078e+02 -1.732332078e+02 -2.8052e+00 -1.2276e+00
521 +1.570941956e-02 +1.570941956e-02 -1.732642906e+02 -1.732642906e+02 -2.8253e+00 -1.1321e+00
698 +9.217630056e-03 +9.217630056e-03 -1.732707824e+02 -1.732707824e+02 -2.8337e+00 -1.0888e+00
793 +2.792802878e-03 +2.792802878e-03 -1.732772072e+02 -1.732772072e+02 -2.8693e+00 -1.0107e+00
913 +1.855460376e-03 +1.855460376e-03 -1.732781445e+02 -1.732781445e+02 -2.8688e+00 -1.0176e+00
952 +1.129367145e-03 +1.129367145e-03 -1.732788706e+02 -1.732788706e+02 -2.8763e+00 -9.9990e-01
1122 +9.425387983e-04 +9.425387983e-04 -1.732790575e+02 -1.732790575e+02 -2.8963e+00 -9.5166e-01
1275 +1.391686817e-04 +1.391686817e-04 -1.732798608e+02 -1.732798608e+02 -2.8974e+00 -9.5168e-01
2185 +1.130918400e-05 +1.130918400e-05 -1.732799887e+02 -1.732799887e+02 -2.9252e+00 -8.8722e-01
2295 +6.964913752e-06 +6.964913752e-06 -1.732799930e+02 -1.732799930e+02 -2.9252e+00 -8.8727e-01
9530 +6.200070544e-06 +6.200070544e-06 -1.732799938e+02 -1.732799938e+02 -2.9249e+00 -8.8794e-01
58990 +3.970014376e-06 +3.970014376e-06 -1.732799960e+02 -1.732799960e+02 -2.9239e+00 -8.9030e-01
82945 +2.507917145e-06 +2.507917145e-06 -1.732799975e+02 -1.732799975e+02 -2.9230e+00 -8.9233e-01
94314 +4.862543221e-07 +4.862543221e-07 -1.732799995e+02 -1.732799995e+02 -2.9205e+00 -8.9819e-01
94580 +3.732833136e-07 +3.732833136e-07 -1.732799996e+02 -1.732799996e+02 -2.9205e+00 -8.9819e-01
% function evaluation | noise-free fitness - Fopt (-1.017000000000e+01) | best noise-free fitness - Fopt | measured fitness | best measured fitness | x1 | x2...
1 +3.372462669e+00 +3.372462669e+00 -6.797537331e+00 -6.797537331e+00 -1.3527e+00 +3.6032e+00
7 +4.859687992e-01 +4.859687992e-01 -9.684031201e+00 -9.684031201e+00 +1.9689e+00 +2.3026e+00
109 +3.254542083e-01 +3.254542083e-01 -9.844545792e+00 -9.844545792e+00 +1.7781e+00 +1.7021e+00
223 +2.428563013e-01 +2.428563013e-01 -9.927143699e+00 -9.927143699e+00 +1.6988e+00 +1.7252e+00
321 +6.980221563e-02 +6.980221563e-02 -1.010019778e+01 -1.010019778e+01 +1.3878e+00 +1.3580e+00
329 +2.500064833e-02 +2.500064833e-02 -1.014499935e+01 -1.014499935e+01 +1.5189e+00 +2.0006e+00
382 +1.432973474e-02 +1.432973474e-02 -1.015567027e+01 -1.015567027e+01 +1.5177e+00 +1.9469e+00
477 +7.914504965e-03 +7.914504965e-03 -1.016208550e+01 -1.016208550e+01 +1.5021e+00 +1.9140e+00
797 +5.661953735e-03 +5.661953735e-03 -1.016433805e+01 -1.016433805e+01 +1.4921e+00 +1.8898e+00
1126 +3.734856136e-03 +3.734856136e-03 -1.016626514e+01 -1.016626514e+01 +1.4895e+00 +1.8698e+00
1280 +2.452777544e-03 +2.452777544e-03 -1.016754722e+01 -1.016754722e+01 +1.4835e+00 +1.8515e+00
1308 +8.706692712e-04 +8.706692712e-04 -1.016912933e+01 -1.016912933e+01 +1.4446e+00 +1.7257e+00
1531 +6.281638312e-04 +6.281638312e-04 -1.016937184e+01 -1.016937184e+01 +1.4449e+00 +1.7259e+00
1653 +1.177624883e-04 +1.177624883e-04 -1.016988224e+01 -1.016988224e+01 +1.4461e+00 +1.7279e+00
1709 +6.232306710e-05 +6.232306710e-05 -1.016993768e+01 -1.016993768e+01 +1.4473e+00 +1.7317e+00
1771 +1.067271877e-05 +1.067271877e-05 -1.016998933e+01 -1.016998933e+01 +1.4473e+00 +1.7316e+00
1819 +9.886818610e-06 +9.886818610e-06 -1.016999011e+01 -1.016999011e+01 +1.4473e+00 +1.7316e+00
2000 +4.609791029e-06 +4.609791029e-06 -1.016999539e+01 -1.016999539e+01 +1.4473e+00 +1.7316e+00
2120 +3.459177764e-06 +3.459177764e-06 -1.016999654e+01 -1.016999654e+01 +1.4473e+00 +1.7316e+00
2327 +2.111464610e-06 +2.111464610e-06 -1.016999789e+01 -1.016999789e+01 +1.4473e+00 +1.7316e+00
2396 +7.137915947e-07 +7.137915947e-07 -1.016999929e+01 -1.016999929e+01 +1.4473e+00 +1.7316e+00
7356 +6.257599008e-07 +6.257599008e-07 -1.016999937e+01 -1.016999937e+01 +1.4472e+00 +1.7314e+00
141093 +3.786706522e-07 +3.786706522e-07 -1.016999962e+01 -1.016999962e+01 +1.4469e+00 +1.7301e+00
