% function evaluation | noise-free fitness - Fopt (-4.620900000000e+02) | best noise-free fitness - Fopt | measured fitness | best measured fitness | x1 | x2...
1 +8.485758359e+02 +8.485758359e+02 +3.864858359e+02 +3.864858359e+02 -3.9355e+00 +1.7133e+00 -4.2761e+00 +2.6408e+00 -2.2244e+00 -3.3807e+00 -3.2239e-01 -3.8609e+00 -3.8650e+00 +1.8513e+00
19 +4.859815995e+02 +4.859815995e+02 +2.389159951e+01 +2.389159951e+01 -3.3359e+00 -1.3832e+00 -2.0976e+00 -4.3315e+00 -1.6790e+00 -1.9200e+00 -1.7298e+00 +6.5565e-01 -1.5348e-01 -2.5629e-01
23 +3.703165083e+02 +3.703165083e+02 -9.177349173e+01 -9.177349173e+01 +4.0065e-01 +1.5455e+00 -4.8978e+00 +2.6381e+00 -2.3531e+00 +3.1160e+00 +1.0099e+00 +3.6078e+00 +1.3970e-02 +2.3865e+00
311 +2.360344799e+02 +2.360344799e+02 -2.260555201e+02 -2.260555201e+02 -1.3304e+00 +3.6016e+00 -3.2793e+00 -6.2972e-03 +2.3144e-01 -1.6635e+00 +1.5601e+00 +3.0114e+00 +1.1955e+00 -8.5973e-03
1526 +1.567397767e+02 +1.567397767e+02 -3.053502233e+02 -3.053502233e+02 -5.9719e-01 -1.3004e+00 +1.8051e+00 -2.1201e+00 +1.1251e+00 +3.2394e+00 +2.0383e+00 -1.8434e-01 +1.7526e+00 +4.6257e-01
% function evaluation | noise-free fitness - Fopt (7.766000000000e+01) | best noise-free fitness - Fopt | measured fitness | best measured fitness | x1 | x2...
1 +6.953311251e+03 +6.953311251e+03 +7.030971251e+03 +7.030971251e+03 +4.3661e+00 +5.7183e-01 +2.9498e+00 -8.4375e-01 +4.8301e+00 +4.4136e+00 +3.6308e+00 +1.2624e+00 -3.0691e+00 -3.7633e+00
2 +5.491994650e+03 +5.491994650e+03 +5.569654650e+03 +5.569654650e+03 +4.9490e+00 -2.7765e+00 -4.0448e+00 -4.5613e+00 +2.4827e+00 -2.5809e+00 +3.7226e+00 -4.8383e+00 -7.0255e-02 -2.4894e+00
7 +3.764449164e+03 +3.764449164e+03 +3.842109164e+03 +3.842109164e+03 +2.8806e+00 -2.1094e+00 -1.4324e+00 -1.6499e+00 +2.0334e-01 -8.8540e-02 +1.9205e+00 -4.7391e+00 +2.0438e+00 -1.8963e+00
16 +1.725191737e+03 +1.725191737e+03 +1.802851737e+03 +1.802851737e+03 +2.2495e+00 +2.6601e+00 +2.8647e+00 +1.3625e+00 -2.5778e+00 -4.8662e+00 +2.2180e+00 +5.3621e-01 -3.2550e+00 -3.5587e+00
17 +3.356555546e+02 +3.356555546e+02 +4.133155546e+02 +4.133155546e+02 +2.4684e+00 -1.2353e+00 +7.0888e-01 +2.2795e-01 +1.5991e+00 +1.3602e+00 -7.7078e-01 -6.1683e-01 -4.2182e+00 -4.5265e+00
84 +2.461257547e+02 +2.461257547e+02 +3.237857547e+02 +3.237857547e+02 +2.4756e+00 -4.5000e-01 -3.1026e+00 +1.7977e-01 +2.4046e+00 -2.8078e-01 -6.7895e-01 -4.8705e-01 -1.3029e+00 -2.5814e+00
1275 +1.476587494e+02 +1.476587494e+02 +2.253187494e+02 +2.253187494e+02 +8.5516e-01 +1.4195e-01 -2.0785e+00 +3.7550e-01 +1.8424e+00 -2.7350e-01 -9.0411e-02 +7.5280e-02 -1.0592e+00 -3.5462e+00
2306 +9.815979009e+01 +9.815979009e+01 +1.758197901e+02 +1.758197901e+02 +1.2231e+00 -8.6270e-01 -9.8619e-01 +4.7403e-01 +2.5412e+00 -1.0517e+00 +2.2273e-01 -1.1844e+00 -8.8612e-01 -3.8433e+00
4506 +6.303552217e+01 +6.303552217e+01 +1.406955222e+02 +1.406955222e+02 +1.4239e+00 -9.2788e-01 -1.0803e+00 +4.8978e-01 +2.4316e+00 -1.2096e+00 +1.3964e-01 -1.0215e+00 -1.1435e+00 -3.5334e+00
% function evaluation | noise-free fitness - Fopt (1.156800000000e+02) | best noise-free fitness - Fopt | measured fitness | best measured fitness | x1 | x2...
1 +1.490472380e+03 +1.490472380e+03 +1.606152380e+03 +1.606152380e+03 -3.3300e+00 +9.9406e-01 -1.1544e+00 -5.3951e-01 +1.2323e+00 +3.2249e+00 -4.5106e+00 -4.5295e+00 -4.5857e+00 +1.2929e+00
2 +7.374485649e+02 +7.374485649e+02 +8.531285649e+02 +8.531285649e+02 +2.2026e+00 -4.2774e-02 -3.8955e+00 -1.7429e+00 -4.8405e+00 -8.8434e-02 +1.3489e+00 +1.6707e+00 -2.9742e+00 -1.8714e+00
4 +6.041873623e+02 +6.041873623e+02 +7.198673623e+02 +7.198673623e+02 +2.9490e-01 +8.3059e-01 -1.1146e+00 -3.3609e+00 -3.6831e+00 -3.5746e+00 +7.7233e-02 -3.4585e+00 +3.9004e+00 -4.2955e+00
124 +3.935101478e+02 +3.935101478e+02 +5.091901478e+02 +5.091901478e+02 +3.0038e+00 +3.6218e+00 -2.6303e+00 +7.9182e-01 -1.5890e+00 -3.0928e+00 +8.4812e-01 +4.3831e+00 +3.0013e+00 -3.4247e+00
288 +2.244551958e+02 +2.244551958e+02 +3.401351958e+02 +3.401351958e+02 -2.5600e+00 -3.0975e+00 -2.8170e+00 +2.4948e+00 +2.7406e+00 -4.8576e+00 +2.9031e+00 +3.8642e+00 +2.9625e+00 -3.0651e+00
586 +1.576283312e+02 +1.576283312e+02 +2.733083312e+02 +2.733083312e+02 -3.2748e-02 +5.5485e-02 -1.7706e-01 +4.2807e+00 +1.0806e+00 -1.9326e+00 +2.8037e+00 +3.8970e+00 +3.6422e+00 -1.4112e+00
1623 +9.719255486e+01 +9.719255486e+01 +2.128725549e+02 +2.128725549e+02 +5.6955e-02 -1.2276e+00 +2.5757e-02 +4.3726e+00 +2.3913e+00 -2.1757e+00 +3.5027e+00 +2.8077e+00 +2.8012e+00 -1.0250e+00
3450 +6.304274748e+01 +6.304274748e+01 +1.787227475e+02 +1.787227475e+02 +3.1837e-01 -1.1359e+00 +2.4381e-01 +4.3409e+00 +2.3979e+00 -2.2005e+00 +3.5228e+00 +2.7440e+00 +2.9510e+00 -9.8075e-01
7097 +3.923490109e+01 +3.923490109e+01 +1.549149011e+02 +1.549149011e+02 +2.9763e-01 -1.0890e+00 +2.2589e-01 +4.3371e+00 +2.4751e+00 -2.2299e+00 +3.5382e+00 +2.7835e+00 +2.8785e+00 -9.7761e-01
% function evaluation | noise-free fitness - Fopt (-3.710000000000e+00) | best noise-free fitness - Fopt | measured fitness | best measured fitness | x1 | x2...
1 +4.571967741e+03 +4.571967741e+03 +4.568257741e+03 +4.568257741e+03 +2.4794e+00 -4.6774e+00 -9.8558e-01 +3.2492e-01 -3.3597e+00 +4.3357e+00 +3.0462e+00 +4.2093e+00 -2.3890e+00 -1.6435e+00
2 +1.957614591e+03 +1.957614591e+03 +1.953904591e+03 +1.953904591e+03 +1.3637e+00 +2.2094e+00 -1.1898e+00 +2.9363e+00 +4.7727e+00 +3.5579e+00 +1.7555e+00 -1.8411e+00 +1.5815e-01 +4.7079e+00
4 +1.074201555e+03 +1.074201555e+03 +1.070491555e+03 +1.070491555e+03 -2.5153e+00 +2.6995e+00 +1.3581e-01 +5.1717e-01 +4.6065e+00 +3.8274e+00 -1.7827e-01 -3.3367e-01 -3.6909e+00 -1.3405e+00
8 +7.700001918e+02 +7.700001918e+02 +7.662901918e+02 +7.662901918e+02 -1.8026e+00 +3.6821e-01 +8.0362e-01 -4.9496e+00 -7.1343e-01 +3.1845e+00 -1.2712e-01 +4.9869e+00 -1.1515e+00 -1.1589e+00
26 +5.957470253e+02 +5.957470253e+02 +5.920370253e+02 +5.920370253e+02 +3.0156e+00 -1.1566e+00 -4.8047e+00 +2.0619e+00 -3.2667e+00 -1.8428e+00 -2.1903e+00 -3.3478e+00 +1.5551e+00 -3.9512e+00
131 +3.372756708e+02 +3.372756708e+02 +3.335656708e+02 +3.335656708e+02 -7.0725e-01 -2.4820e+00 +1.0878e+00 +9.2359e-02 -2.3314e+00 +1.2682e+00 -3.5673e+00 -1.3257e+00 +2.1315e+00 -7.0740e-01
796 +2.351494087e+02 +2.351494087e+02 +2.314394087e+02 +2.314394087e+02 -1.1574e+00 +2.1713e+00 +1.7037e+00 +1.1762e-01 +7.3337e-01 +3.2003e+00 -3.4677e+00 -1.3404e+00 +1.0764e+00 +6.5135e-01
1794 +1.565308111e+02 +1.565308111e+02 +1.528208111e+02 +1.528208111e+02 -3.7975e+00 +3.3735e-01 -7.0614e-01 +1.7518e+00 +1.5781e+00 +3.5933e+00 -3.2691e-01 -2.7937e+00 +6.6028e-01 +3.1977e-01
2670 +8.861271336e+01 +8.861271336e+01 +8.490271336e+01 +8.490271336e+01 +2.9425e+00 -3.2208e+00 -3.3486e-01 +2.0385e+00 +3.2040e+00 +2.9159e+00 -1.5163e+00 -2.3405e+00 +1.9613e+00 +6.0238e-01
4265 +6.222728088e+01 +6.222728088e+01 +5.851728088e+01 +5.851728088e+01 +3.0743e+00 -3.0041e+00 -5.4984e-01 +2.0490e+00 +3.1522e+00 +3.0165e+00 -1.5248e+00 -2.3920e+00 +1.9942e+00 +6.4240e-01
9524 +3.970529298e+01 +3.970529298e+01 +3.599529298e+01 +3.599529298e+01 +3.1134e+00 -3.1533e+00 -6.0376e-01 +1.9300e+00 +3.1547e+00 +3.1045e+00 -1.5937e+00 -2.3905e+00 +1.9903e+00 +6.6794e-01
% function evaluation | noise-free fitness - Fopt (1.321800000000e+02) | best noise-free fitness - Fopt | measured fitness | best measured fitness | x1 | x2...
1 +1.110206278e+04 +1.110206278e+04 +1.123424278e+04 +1.123424278e+04 +1.6119e+00 +4.5250e+00 +4.3190e+00 -2.1029e+00 -2.7476e+00 +1.0510e-01 +2.2424e+00 -3.6299e+00 +4.6637e+00 -3.9334e+00
2 +2.389849713e+03 +2.389849713e+03 +2.522029713e+03 +2.522029713e+03 +2.2159e+00 +1.7550e+00 +2.9659e+00 +8.1559e-02 -2.0106e+00 -3.2374e+00 +4.2629e+00 -4.2664e+00 -4.2160e+00 -2.3670e+00
3 +7.731890258e+02 +7.731890258e+02 +9.053690258e+02 +9.053690258e+02 +2.1644e+00 -2.7093e-01 -1.4886e+00 +2.5397e+00 +2.0892e-01 +4.8146e+00 -1.2827e+00 +4.3635e+00 -4.2753e+00 +3.1819e+00
7 +3.345331318e+02 +3.345331318e+02 +4.667131318e+02 +4.667131318e+02 -2.4031e+00 -6.5292e-01 +4.0159e-01 -2.0270e+00 -1.8134e+00 +6.2706e-01 -1.6597e+00 +2.9480e+00 -2.7346e-02 +5.4551e-01
217 +2.044428801e+02 +2.044428801e+02 +3.366228801e+02 +3.366228801e+02 +1.9755e+00 -1.6624e-01 +1.7148e+00 -4.4973e+00 -5.2696e-01 +2.3545e+00 +9.0341e-01 +1.0838e+00 +6.2265e-01 +1.4116e+00
1003 +1.522717836e+02 +1.522717836e+02 +2.844517836e+02 +2.844517836e+02 +5.9441e-01 +4.2302e+00 +2.8719e+00 +6.1941e-02 +2.7913e+00 +6.5454e-01 +1.2003e+00 +1.7982e+00 +2.6429e-01 +7.7907e-01
1611 +9.716023463e+01 +9.716023463e+01 +2.293402346e+02 +2.293402346e+02 +1.3510e+00 +3.4322e+00 +3.6973e+00 -8.4863e-01 +2.5001e+00 -5.1392e-01 +2.3641e+00 +4.4626e-01 +9.2278e-02 +2.5655e-01
2800 +5.970817252e+01 +5.970817252e+01 +1.918881725e+02 +1.918881725e+02 +1.5449e+00 +3.2503e+00 +3.6990e+00 -6.3805e-01 +2.6151e+00 -5.4829e-02 +2.2475e+00 +4.6260e-01 -9.3920e-02 +8.5224e-02
% function evaluation | noise-free fitness - Fopt (-5.847300000000e+02) | best noise-free fitness - Fopt | measured fitness | best measured fitness | x1 | x2...
1 +1.156971790e+04 +1.156971790e+04 +1.098498790e+04 +1.098498790e+04 +4.6550e+00 -2.0596e+00 +1.7982e+00 -3.7417e+00 +4.0603e+00 -7.2287e-01 +4.3471e+00 +4.2674e+00 +4.1822e+00 -4.6566e+00
2 +1.637396199e+03 +1.637396199e+03 +1.052666199e+03 +1.052666199e+03 +1.9850e+00 -2.9880e+00 -3.6435e-01 +4.1440e+00 +2.6633e+00 +1.1870e+00 +2.3817e+00 -2.4485e+00 -2.4417e+00 +3.9487e-01
3 +1.540126953e+03 +1.540126953e+03 +9.553969529e+02 +9.553969529e+02 -2.2901e+00 -5.9197e-01 +6.1906e-01 -3.9952e+00 +2.6160e+00 +2.2246e+00 -4.8129e+00 +3.5152e-01 -2.4441e-01 -2.7684e+00
4 +6.462652136e+02 +6.462652136e+02 +6.153521357e+01 +6.153521357e+01 -3.8524e+00 +4.1551e-01 -6.0830e-01 +2.8955e+00 -3.6876e+00 -8.8052e-01 +2.0808e+00 -1.0548e+00 -4.0966e+00 +2.5481e-01
11 +2.971246984e+02 +2.971246984e+02 -2.876053016e+02 -2.876053016e+02 +3.4817e+00 +2.1505e+00 +7.5832e-01 -3.3332e+00 -2.5860e+00 -3.9625e-01 +2.9365e+00 +2.1632e+00 +7.9769e-01 -3.1080e+00
72 +2.446224979e+02 +2.446224979e+02 -3.401075021e+02 -3.401075021e+02 -1.7213e-01 +9.7484e-01 +2.3572e+00 -3.3857e+00 -2.4363e+00 +2.4693e-01 +1.3403e+00 +1.8829e+00 +7.9023e-01 -1.4563e+00
1169 +1.551355689e+02 +1.551355689e+02 -4.295944311e+02 -4.295944311e+02 +3.5875e-01 +1.6528e+00 +1.3825e+00 -3.8579e+00 -2.9330e+00 -4.8780e+00 +2.4257e+00 -8.3433e-01 +6.9847e-01 -3.3235e+00
2930 +9.202012765e+01 +9.202012765e+01 -4.927098723e+02 -4.927098723e+02 +2.3809e+00 +1.2900e+00 +7.0947e-01 -3.1231e+00 -1.8305e+00 -4.8926e+00 +2.7623e+00 +6.5788e-01 +7.3324e-01 -1.7619e+00
10929 +6.307985252e+01 +6.307985252e+01 -5.216501475e+02 -5.216501475e+02 +2.4930e+00 +1.3315e+00 +9.0055e-01 -3.2405e+00 -1.7876e+00 -4.8519e+00 +2.7282e+00 +7.5456e-01 +1.0651e+00 -2.0062e+00
% function evaluation | noise-free fitness - Fopt (-3.654000000000e+01) | best noise-free fitness - Fopt | measured fitness | best measured fitness | x1 | x2...
1 +7.403205949e+02 +7.403205949e+02 +7.037805949e+02 +7.037805949e+02 -1.1031e+00 +1.8803e+00 +1.4473e+00 +1.6946e+00 -4.9677e-01 +2.1515e+00 -2.0678e+00 -1.0543e+00 -1.4146e+00 -2.1637e+00
15 +4.478994622e+02 +4.478994622e+02 +4.113594622e+02 +4.113594622e+02 -2.3677e-01 -2.1941e+00 -2.3242e+00 +3.6229e-02 +2.8223e-01 -3.3187e+00 +2.8561e+00 +1.9945e+00 -9.4197e-01 +2.6907e+00
50 +3.806902674e+02 +3.806902674e+02 +3.441502674e+02 +3.441502674e+02 -3.6919e+00 -2.1690e+00 -4.1741e+00 -2.6209e+00 -2.5196e+00 -7.0347e-02 +2.4098e+00 -3.2247e+00 +5.2710e-01 +1.3077e+00
65 +2.161697683e+02 +2.161697683e+02 +1.796297683e+02 +1.796297683e+02 -1.0864e+00 -2.0212e+00 -9.9891e-02 +3.7372e+00 -4.6683e-01 -3.4481e+00 +3.0601e+00 -1.7313e+00 +2.7843e-01 -1.7742e+00
883 +1.509133088e+02 +1.509133088e+02 +1.143733088e+02 +1.143733088e+02 -2.9981e+00 -2.3344e+00 -8.1331e-01 +3.9677e+00 +3.5173e-01 -3.3180e+00 +2.4208e+00 -4.6409e-01 -8.7593e-01 -2.1944e+00
2130 +9.964839263e+01 +9.964839263e+01 +6.310839263e+01 +6.310839263e+01 -2.1857e+00 -3.0641e+00 +9.8013e-02 +3.2828e+00 -7.3692e-01 -2.4467e+00 +2.7636e+00 -1.3455e+00 +9.4316e-01 -2.3898e+00
7064 +6.270142212e+01 +6.270142212e+01 +2.616142212e+01 +2.616142212e+01 -2.5914e+00 -3.1401e+00 -1.7093e-02 +3.2355e+00 -8.8289e-01 -2.3432e+00 +2.8002e+00 -1.3499e+00 +9.1177e-01 -2.4787e+00
% function evaluation | noise-free fitness - Fopt (1.000000000000e+03) | best noise-free fitness - Fopt | measured fitness | best measured fitness | x1 | x2...
1 +1.114758634e+03 +1.114758634e+03 +2.114758634e+03 +2.114758634e+03 -1.6473e+00 -4.1984e+00 +2.0447e+00 +1.6051e+00 -8.4875e-01 +1.4238e+00 -3.3099e+00 -4.7708e+00 +4.0023e+00 +1.3518e+00
7 +5.756262115e+02 +5.756262115e+02 +1.575626211e+03 +1.575626211e+03 +2.0685e+00 +1.2807e+00 +3.9566e-01 -1.3612e+00 +3.4573e+00 +3.8595e+00 -1.8396e+00 +9.6783e-01 +3.8941e+00 +5.6497e-01
54 +3.740687689e+02 +3.740687689e+02 +1.374068769e+03 +1.374068769e+03 +5.8056e-02 -2.7746e+00 -2.4012e+00 -4.4315e+00 -3.3372e+00 +1.2133e+00 +2.7547e+00 -2.7011e+00 +1.2589e+00 -1.4838e+00
224 +2.275107983e+02 +2.275107983e+02 +1.227510798e+03 +1.227510798e+03 +1.3359e+00 -1.3416e+00 -7.9809e-01 +3.1353e+00 +1.8601e+00 -1.4965e+00 +1.4874e+00 -3.6259e-01 +1.5286e+00 -3.6773e-01
1488 +1.572725706e+02 +1.572725706e+02 +1.157272571e+03 +1.157272571e+03 +5.1498e-01 -1.7166e+00 -1.4977e+00 +3.5503e+00 +2.1785e+00 +3.5456e-01 +2.3808e+00 -8.7136e-01 +1.7263e+00 -1.3073e+00
2670 +9.301867138e+01 +9.301867138e+01 +1.093018671e+03 +1.093018671e+03 +1.4866e+00 -9.6585e-01 -1.0948e-01 +2.4268e+00 +2.2874e+00 -1.0170e+00 +2.0969e+00 -1.3192e+00 +3.4170e+00 -2.1909e+00
5532 +6.142833302e+01 +6.142833302e+01 +1.061428333e+03 +1.061428333e+03 +1.4194e+00 -8.7460e-01 +1.0604e-01 +2.4141e+00 +2.3061e+00 -8.8326e-01 +2.0194e+00 -1.2271e+00 +3.4172e+00 -2.1833e+00
% function evaluation | noise-free fitness - Fopt (4.661000000000e+01) | best noise-free fitness - Fopt | measured fitness | best measured fitness | x1 | x2...
1 +5.789460520e+03 +5.789460520e+03 +5.836070520e+03 +5.836070520e+03 +2.0270e+00 -3.0042e+00 +3.3929e-01 +2.1010e+00 +3.5170e+00 +3.4252e+00 +2.9409e+00 -4.9064e+00 +2.6593e+00 +1.7479e+00
2 +3.467669036e+03 +3.467669036e+03 +3.514279036e+03 +3.514279036e+03 -4.6242e+00 -9.0307e-01 +2.3296e+00 +1.8385e+00 +4.2268e+00 +2.2587e+00 -2.0113e+00 +2.8723e+00 -2.9275e+00 -1.7678e+00
4 +7.931821357e+02 +7.931821357e+02 +8.397921357e+02 +8.397921357e+02 -5.6761e-01 -2.8037e+00 +2.8830e+00 +3.8857e+00 -3.3259e+00 +2.4451e+00 -1.0170e+00 -5.4662e-01 +4.7889e-01 -4.5779e+00
10 +5.200619175e+02 +5.200619175e+02 +5.666719175e+02 +5.666719175e+02 -1.1678e+00 +4.3279e-01 -1.9896e+00 +4.5463e+00 -5.4177e-01 -4.5057e-01 +4.4349e+00 -2.4788e+00 -3.8449e-01 +5.1254e-01
66 +3.093999239e+02 +3.093999239e+02 +3.560099239e+02 +3.560099239e+02 -1.0116e-01 -6.3703e-02 +2.2047e-01 -2.2755e+00 +8.7222e-01 +1.9232e+00 +1.3652e+00 -8.1443e-01 +3.8823e-01 -2.8134e+00
546 +2.504320973e+02 +2.504320973e+02 +2.970420973e+02 +2.970420973e+02 -8.7133e-01 -2.6277e+00 -1.4137e+00 -4.3886e-02 -3.2461e+00 -2.9097e+00 +7.9606e-01 -1.9917e+00 +2.5335e-01 -3.8268e+00
2908 +1.575333603e+02 +1.575333603e+02 +2.041433603e+02 +2.041433603e+02 -1.1305e+00 -5.5029e-01 +7.8247e-02 -5.8104e-01 -2.0049e+00 -1.8995e+00 +1.2129e+00 -1.7882e+00 +2.3261e-01 -1.1514e+00
79023 +9.276192000e+01 +9.276192000e+01 +1.393719200e+02 +1.393719200e+02 +5.7410e-01 +1.0954e+00 +1.5505e+00 +8.0770e-01 -1.1854e-01 -1.8026e+00 +1.7879e+00 -2.2450e+00 +7.2063e-01 -2.1179e+00
80132 +6.038787317e+01 +6.038787317e+01 +1.069978732e+02 +1.069978732e+02 +6.5439e-01 +1.1722e+00 +1.6456e+00 +7.7903e-01 -1.2419e-01 -1.9338e+00 +1.8489e+00 -2.2668e+00 +6.6365e-01 -2.1237e+00
% function evaluation | noise-free fitness - Fopt (-2.643100000000e+02) | best noise-free fitness - Fopt | measured fitness | best measured fitness | x1 | x2...
1 +6.105110275e+02 +6.105110275e+02 +3.462010275e+02 +3.462010275e+02 +3.6355e+00 -7.6577e-01 +1.3760e+00 -1.4681e+00 -4.5655e+00 +2.8028e+00 -3.5966e-02 +1.6474e-01 +5.5776e-01 -2.0215e+00
53 +3.452588190e+02 +3.452588190e+02 +8.094881904e+01 +8.094881904e+01 +3.2369e+00 +3.9601e-01 +1.6211e+00 +9.1912e-01 +2.3609e+00 -3.3217e+00 +3.0235e+00 -4.9535e+00 +4.5379e-01 +4.2852e+00
88 +2.443408517e+02 +2.443408517e+02 -1.996914826e+01 -1.996914826e+01 -1.8161e+00 -1.4580e+00 +5.1751e-01 +3.4337e-01 -2.3778e+00 -3.3889e+00 +1.7554e+00 +3.0024e+00 +3.4697e-01 +9.2445e-01
1330 +1.527781255e+02 +1.527781255e+02 -1.115318745e+02 -1.115318745e+02 +1.1890e+00 -3.2617e+00 -2.9127e+00 +8.4399e-01 +1.7289e+00 -3.2222e+00 +5.1231e-01 +1.4044e+00 +5.6742e-01 +2.7257e+00
89598 +9.262458860e+01 +9.262458860e+01 -1.716854114e+02 -1.716854114e+02 +2.2892e+00 -2.2838e+00 -2.0314e+00 -1.4227e+00 +2.2255e+00 -3.7667e+00 +2.4821e+00 +6.8535e-01 -1.4591e-01 +2.5941e+00
92528 +6.238018547e+01 +6.238018547e+01 -2.019298145e+02 -2.019298145e+02 +2.1978e+00 -2.3633e+00 -2.0463e+00 -8.8816e-01 +2.3468e+00 -3.7423e+00 +2.7434e+00 +6.4529e-01 -1.3718e-01 +2.4692e+00
% function evaluation | noise-free fitness - Fopt (7.273000000000e+01) | best noise-free fitness - Fopt | measured fitness | best measured fitness | x1 | x2...
1 +9.929858510e+02 +9.929858510e+02 +1.065715851e+03 +1.065715851e+03 +4.3132e+00 -3.7598e+00 -5.4018e-02 -4.8399e+00 -1.9528e+00 -4.0388e+00 -3.7719e+00 -4.0193e+00 -3.6204e+00 +1.2963e+00
10 +5.252549989e+02 +5.252549989e+02 +5.979849989e+02 +5.979849989e+02 -1.9943e+00 -2.8919e+00 +1.3859e+00 -2.4732e-01 +2.5111e+00 +6.9849e-01 +2.3872e+00 -2.2109e+00 -1.1529e+00 +3.6685e+00
112 +3.122782764e+02 +3.122782764e+02 +3.850082764e+02 +3.850082764e+02 -4.4897e+00 -2.9280e+00 +2.2647e+00 +4.5586e+00 +1.6117e+00 +3.1058e+00 -2.0606e-01 -1.6261e+00 -4.1145e-01 +1.3811e+00
959 +2.497823174e+02 +2.497823174e+02 +3.225123174e+02 +3.225123174e+02 -4.0184e+00 -3.8112e+00 +1.5756e+00 -2.4973e+00 +1.2918e+00 -5.4753e-01 +3.7028e+00 -5.0000e+00 -1.3240e-01 -2.8045e+00
1869 +1.471992755e+02 +1.471992755e+02 +2.199292755e+02 +2.199292755e+02 -1.4315e+00 -5.0000e+00 +7.2648e-01 +2.5052e-01 -2.4987e+00 +1.4936e+00 +3.8533e+00 -5.0000e+00 -1.3063e-01 -1.3656e+00
35316 +9.993069857e+01 +9.993069857e+01 +1.726606986e+02 +1.726606986e+02 +6.5292e-01 -3.7937e+00 +1.1235e+00 -1.0581e+00 -8.7206e-01 +5.5110e-01 +3.0509e+00 -3.7782e+00 -4.0322e-01 -3.9249e-01
37828 +6.303788954e+01 +6.303788954e+01 +1.357678895e+02 +1.357678895e+02 +7.7327e-01 -3.8591e+00 +1.2234e+00 -1.0669e+00 -7.9138e-01 +5.2648e-01 +3.2155e+00 -3.6810e+00 -1.4524e-01 -3.7888e-01
% function evaluation | noise-free fitness - Fopt (1.368700000000e+02) | best noise-free fitness - Fopt | measured fitness | best measured fitness | x1 | x2...
1 +1.082050526e+03 +1.082050526e+03 +1.218920526e+03 +1.218920526e+03 -2.4205e+00 +1.7062e+00 -2.4477e+00 +4.3283e+00 +1.3370e+00 +3.1089e-01 +1.3516e+00 +3.5243e+00 -3.9526e+00 +1.3543e+00
4 +9.899442658e+02 +9.899442658e+02 +1.126814266e+03 +1.126814266e+03 +4.8920e+00 +4.2585e+00 +1.5187e+00 +1.3964e+00 -4.8614e+00 -1.5708e+00 -3.9093e+00 -2.0394e+00 -2.9978e-02 +1.9520e+00
11 +3.392436245e+02 +3.392436245e+02 +4.761136245e+02 +4.761136245e+02 -3.0361e+00 +1.8395e+00 -2.1007e+00 +2.6768e+00 -1.9565e+00 +3.2478e+00 -3.6662e+00 +1.0588e+00 +7.1209e-01 -2.4347e+00
347 +2.061227513e+02 +2.061227513e+02 +3.429927513e+02 +3.429927513e+02 +1.0204e+00 -4.9145e-02 +3.5856e+00 -6.9476e-01 -6.3429e-01 -3.9323e-01 -5.8663e-01 +2.0159e+00 -7.1581e-02 -2.6092e+00
711 +1.478473086e+02 +1.478473086e+02 +2.847173086e+02 +2.847173086e+02 +1.0980e+00 +1.2701e-01 +3.7486e+00 -5.0771e-01 -7.2090e-01 -4.1307e-01 -5.8111e-01 +2.1607e+00 -8.7583e-02 -2.5566e+00
2237 +8.472401897e+01 +8.472401897e+01 +2.215940190e+02 +2.215940190e+02 +5.3450e-01 -3.4161e-02 +3.5464e+00 +1.5345e+00 +4.9458e-01 +1.7488e+00 -5.4504e-01 +2.8643e+00 +4.6136e-01 -3.4938e+00
3592 +5.429606687e+01 +5.429606687e+01 +1.911660669e+02 +1.911660669e+02 +4.5332e-01 +9.5386e-04 +3.7955e+00 +1.6979e+00 +4.5603e-01 +1.7347e+00 -4.5757e-01 +2.8771e+00 +3.6809e-01 -3.4885e+00
7193 +3.976162979e+01 +3.976162979e+01 +1.766316298e+02 +1.766316298e+02 +4.6548e-01 +1.0856e-01 +3.7878e+00 +1.6021e+00 +5.0776e-01 +1.7099e+00 -4.8458e-01 +2.8392e+00 +3.2281e-01 -3.4920e+00
% function evaluation | noise-free fitness - Fopt (2.196000000000e+01) | best noise-free fitness - Fopt | measured fitness | best measured fitness | x1 | x2...
1 +1.138699069e+03 +1.138699069e+03 +1.160659069e+03 +1.160659069e+03 +3.1528e+00 +3.2621e+00 -1.5661e+00 +3.7186e+00 +4.2145e+00 -4.2193e+00 -9.8543e-01 +4.1297e+00 -9.8691e-01 -1.2553e+00
4 +4.653283620e+02 +4.653283620e+02 +4.872883620e+02 +4.872883620e+02 -2.9258e+00 -4.8576e+00 +1.5342e-01 -3.3321e+00 -2.4336e+00 +3.4879e+00 +3.4731e+00 +1.9230e-01 -3.4319e+00 -3.1371e+00
14 +3.486598221e+02 +3.486598221e+02 +3.706198221e+02 +3.706198221e+02 -4.1633e+00 -5.1443e-01 -3.8203e+00 -1.9623e+00 +1.8223e+00 +4.3321e+00 +3.6569e+00 +4.6747e+00 -9.6943e-02 -1.8813e-01
18 +2.407266412e+02 +2.407266412e+02 +2.626866412e+02 +2.626866412e+02 +2.2461e+00 -6.7949e-02 -2.0222e+00 -9.0191e-01 +8.5414e-01 -1.4574e+00 +2.2950e+00 -2.0502e+00 -2.4420e-01 +1.8441e-02
1307 +1.581318614e+02 +1.581318614e+02 +1.800918614e+02 +1.800918614e+02 +2.5440e+00 -3.3488e+00 -9.9086e-01 +4.0101e+00 +2.0777e+00 +7.5052e-01 +3.7189e+00 +1.6903e+00 -2.0906e+00 +8.6980e-01
3010 +9.600817129e+01 +9.600817129e+01 +1.179681713e+02 +1.179681713e+02 +1.2334e+00 -4.9503e+00 -5.0680e-01 +2.9806e+00 +1.8978e+00 +2.2101e+00 +1.5852e+00 +1.3080e-01 -9.0993e-01 +6.0324e-01
% function evaluation | noise-free fitness - Fopt (-2.139000000000e+01) | best noise-free fitness - Fopt | measured fitness | best measured fitness | x1 | x2...
1 +1.356106990e+03 +1.356106990e+03 +1.334716990e+03 +1.334716990e+03 -3.2301e+00 -1.3797e+00 +3.1807e+00 +4.5619e+00 +2.3292e+00 +2.3829e+00 -2.3460e+00 +3.6676e+00 +1.4792e+00 -9.1449e-01
3 +4.273431892e+02 +4.273431892e+02 +4.059531892e+02 +4.059531892e+02 -8.5869e-01 +4.6342e+00 -3.0935e+00 -3.4398e+00 -2.0928e+00 -4.2574e+00 +1.3141e+00 +3.0901e+00 -2.3709e-01 +1.2192e+00
10 +2.522685155e+02 +2.522685155e+02 +2.308785155e+02 +2.308785155e+02 +1.1986e+00 -5.3109e-02 +1.0183e+00 -4.8426e+00 -1.4220e+00 -3.1840e+00 +1.6961e+00 +2.8351e+00 +2.0660e+00 -2.5964e+00
216 +2.430050168e+02 +2.430050168e+02 +2.216150168e+02 +2.216150168e+02 -3.2301e+00 +1.0669e+00 +1.5268e-01 -3.8603e+00 +1.4197e+00 +2.6577e+00 +2.5426e-01 +3.5432e+00 +1.7924e+00 -2.2461e+00
1777 +1.336590311e+02 +1.336590311e+02 +1.122690311e+02 +1.122690311e+02 -3.2597e+00 +1.2935e+00 +1.5022e-01 -5.0000e+00 +9.7932e-01 +2.2102e+00 +1.7801e+00 +2.8032e+00 +1.7510e+00 -1.1770e+00
2102 +9.924710780e+01 +9.924710780e+01 +7.785710780e+01 +7.785710780e+01 +2.1231e+00 +2.1328e-01 +7.5044e-01 -4.3332e+00 -9.2924e-01 -8.4175e-01 +2.4535e+00 +3.0521e+00 +3.4146e+00 +1.2659e-01
13296 +6.240014114e+01 +6.240014114e+01 +4.101014114e+01 +4.101014114e+01 +3.0042e+00 +1.1976e+00 +1.1049e+00 -3.2331e+00 -7.3526e-01 -3.1511e-01 +2.9815e+00 +2.3411e+00 +3.4061e+00 -7.5705e-02
15851 +3.951642305e+01 +3.951642305e+01 +1.812642305e+01 +1.812642305e+01 +3.1083e+00 +9.9050e-01 +1.0616e+00 -3.1180e+00 -8.0858e-01 +1.6351e-01 +2.8785e+00 +2.2971e+00 +3.4575e+00 -1.7087e-01
% function evaluation | noise-free fitness - Fopt (5.176600000000e+02) | best noise-free fitness - Fopt | measured fitness | best measured fitness | x1 | x2...
1 +4.342807763e+02 +4.342807763e+02 +9.519407763e+02 +9.519407763e+02 -9.2171e-01 +2.2745e+00 -1.9846e+00 +3.5478e+00 -4.0691e-01 -1.6939e+00 +2.9043e+00 -3.1503e+00 -4.6815e+00 +3.0771e+00
81 +3.106054163e+02 +3.106054163e+02 +8.282654163e+02 +8.282654163e+02 -3.7554e+00 +3.0681e+00 -4.2223e+00 +2.9478e+00 +1.7182e+00 +2.1058e+00 +7.5457e-01 -2.6078e+00 -1.0188e+00 +1.8848e+00
819 +2.486412587e+02 +2.486412587e+02 +7.663012587e+02 +7.663012587e+02 +2.5667e-01 -8.4483e-01 +2.6556e-01 +1.4071e+00 -2.3519e+00 +1.5248e-01 +3.0183e+00 -1.0857e-01 -1.6335e+00 +1.5244e+00
1765 +1.536717883e+02 +1.536717883e+02 +6.713317883e+02 +6.713317883e+02 +1.7989e+00 +3.4889e-01 -1.0310e+00 +1.8482e-01 -3.2571e-01 -1.7085e+00 +3.5677e+00 -7.9678e-03 -1.1351e+00 +3.1506e-01
3143 +9.705375415e+01 +9.705375415e+01 +6.147137541e+02 +6.147137541e+02 +1.0812e+00 +2.9348e-01 -3.1166e-01 +2.8296e+00 +3.1211e-01 -1.2344e+00 +3.6011e+00 -9.7995e-01 -2.5720e-01 +1.3892e+00
4023 +6.139022040e+01 +6.139022040e+01 +5.790502204e+02 +5.790502204e+02 +9.7977e-01 +3.9302e-01 -5.2885e-02 +2.9320e+00 +1.8382e-01 -1.1181e+00 +3.8890e+00 -5.0900e-01 -1.6296e-01 +1.6622e+00
43187 +3.981064856e+01 +3.981064856e+01 +5.574706486e+02 +5.574706486e+02 +8.3750e-01 +4.5598e-01 -2.3557e-01 +2.9971e+00 +2.2675e-01 -1.1716e+00 +3.4675e+00 -9.3727e-01 -2.0059e-01 +1.3881e+00
