% function evaluation | noise-free fitness - Fopt (1.000000000000e+03) | best noise-free fitness - Fopt | measured fitness | best measured fitness | x1 | x2...
1 +2.197039116e+02 +2.197039116e+02 +1.219703912e+03 +1.219703912e+03 +3.8288e+00 +3.3857e+00
5 +6.774220251e+01 +6.774220251e+01 +1.067742203e+03 +1.067742203e+03 +4.9041e-01 +2.9454e+00
9 +2.365839551e+01 +2.365839551e+01 +1.023658396e+03 +1.023658396e+03 -1.1693e+00 +2.6773e+00
19 +1.098896880e+01 +1.098896880e+01 +1.010988969e+03 +1.010988969e+03 -3.1822e+00 +3.9719e+00
113 +8.155388021e+00 +8.155388021e+00 +1.008155388e+03 +1.008155388e+03 -2.4507e+00 +2.1664e+00
205 +4.892212583e-01 +4.892212583e-01 +1.000489221e+03 +1.000489221e+03 -3.0673e+00 +2.9871e+00
324 +3.183464261e-01 +3.183464261e-01 +1.000318346e+03 +1.000318346e+03 -3.0573e+00 +2.9849e+00
377 +1.303563901e-01 +1.303563901e-01 +1.000130356e+03 +1.000130356e+03 -3.0484e+00 +3.0059e+00
408 +9.886316312e-02 +9.886316312e-02 +1.000098863e+03 +1.000098863e+03 -3.0598e+00 +2.9945e+00
536 +6.630579923e-03 +6.630579923e-03 +1.000006631e+03 +1.000006631e+03 -3.0553e+00 +2.9984e+00
546 +4.450366301e-04 +4.450366301e-04 +1.000000445e+03 +1.000000445e+03 -3.0554e+00 +3.0007e+00
910 +3.940751291e-04 +3.940751291e-04 +1.000000394e+03 +1.000000394e+03 -3.0555e+00 +3.0008e+00
1253 +2.387090254e-04 +2.387090254e-04 +1.000000239e+03 +1.000000239e+03 -3.0559e+00 +3.0010e+00
1648 +1.057743026e-04 +1.057743026e-04 +1.000000106e+03 +1.000000106e+03 -3.0562e+00 +3.0012e+00
1792 +8.222478630e-05 +8.222478630e-05 +1.000000082e+03 +1.000000082e+03 -3.0564e+00 +3.0012e+00
1859 +5.571269298e-05 +5.571269298e-05 +1.000000056e+03 +1.000000056e+03 -3.0564e+00 +3.0015e+00
1882 +3.612165733e-05 +3.612165733e-05 +1.000000036e+03 +1.000000036e+03 -3.0564e+00 +3.0014e+00
2099 +1.854726258e-05 +1.854726258e-05 +1.000000019e+03 +1.000000019e+03 -3.0566e+00 +3.0014e+00
2183 +2.586893515e-06 +2.586893515e-06 +1.000000003e+03 +1.000000003e+03 -3.0567e+00 +3.0015e+00
2406 +2.071288236e-06 +2.071288236e-06 +1.000000002e+03 +1.000000002e+03 -3.0567e+00 +3.0015e+00
2559 +1.409586389e-06 +1.409586389e-06 +1.000000001e+03 +1.000000001e+03 -3.0567e+00 +3.0016e+00
2645 +2.126148502e-07 +2.126148502e-07 +1.000000000e+03 +1.000000000e+03 -3.0568e+00 +3.0016e+00
3104 +2.145577582e-08 +2.145577582e-08 +1.000000000e+03 +1.000000000e+03 -3.0568e+00 +3.0016e+00
3236 +1.497846824e-08 +1.497846824e-08 +1.000000000e+03 +1.000000000e+03 -3.0568e+00 +3.0016e+00
3258 +3.749050848e-09 +3.749050848e-09 +1.000000000e+03 +1.000000000e+03 -3.0568e+00 +3.0016e+00
3341 +1.842295205e-09 +1.842295205e-09 +1.000000000e+03 +1.000000000e+03 -3.0568e+00 +3.0016e+00
% function evaluation | noise-free fitness - Fopt (7.003000000000e+01) | best noise-free fitness - Fopt | measured fitness | best measured fitness | x1 | x2...
1 +1.560080283e+02 +1.560080283e+02 +2.260380283e+02 +2.260380283e+02 -1.3314e+00 +1.7847e+00
3 +6.940768900e+01 +6.940768900e+01 +1.394376890e+02 +1.394376890e+02 -4.8990e+00 +8.1542e-01
4 +2.645007289e+01 +2.645007289e+01 +9.648007289e+01 +9.648007289e+01 -2.7761e+00 -2.1498e+00
12 +1.657344814e+01 +1.657344814e+01 +8.660344814e+01 +8.660344814e+01 -3.6414e+00 -2.0306e+00
41 +1.370503654e+01 +1.370503654e+01 +8.373503654e+01 +8.373503654e+01 +7.0688e-01 -2.0332e+00
154 +5.511675600e+00 +5.511675600e+00 +7.554167560e+01 +7.554167560e+01 -7.2985e-01 -3.2497e+00
376 +1.053027326e+00 +1.053027326e+00 +7.108302733e+01 +7.108302733e+01 +1.4449e-01 -2.7770e+00
746 +8.638912385e-01 +8.638912385e-01 +7.089389124e+01 +7.089389124e+01 -8.7884e-01 -2.4671e+00
1272 +1.699138355e-01 +1.699138355e-01 +7.019991384e+01 +7.019991384e+01 -8.7618e-01 -2.4831e+00
1498 +2.641267887e-02 +2.641267887e-02 +7.005641268e+01 +7.005641268e+01 -8.5856e-01 -2.4898e+00
1628 +2.470350279e-02 +2.470350279e-02 +7.005470350e+01 +7.005470350e+01 -8.5854e-01 -2.4900e+00
1690 +1.520036032e-02 +1.520036032e-02 +7.004520036e+01 +7.004520036e+01 -8.5870e-01 -2.4942e+00
1839 +5.033152431e-03 +5.033152431e-03 +7.003503315e+01 +7.003503315e+01 -8.4596e-01 -2.4970e+00
2170 +1.006023582e-03 +1.006023582e-03 +7.003100602e+01 +7.003100602e+01 -8.4989e-01 -2.4969e+00
2515 +7.214887117e-04 +7.214887117e-04 +7.003072149e+01 +7.003072149e+01 -8.5016e-01 -2.4968e+00
2651 +5.872195751e-04 +5.872195751e-04 +7.003058722e+01 +7.003058722e+01 -8.5002e-01 -2.4967e+00
2752 +5.795587884e-05 +5.795587884e-05 +7.003005796e+01 +7.003005796e+01 -8.5007e-01 -2.4963e+00
2893 +3.203201527e-05 +3.203201527e-05 +7.003003203e+01 +7.003003203e+01 -8.5003e-01 -2.4961e+00
2917 +1.123114886e-05 +1.123114886e-05 +7.003001123e+01 +7.003001123e+01 -8.5019e-01 -2.4961e+00
3227 +7.089096982e-06 +7.089096982e-06 +7.003000709e+01 +7.003000709e+01 -8.5024e-01 -2.4961e+00
3455 +1.932777309e-06 +1.932777309e-06 +7.003000193e+01 +7.003000193e+01 -8.5036e-01 -2.4960e+00
3501 +6.271668695e-07 +6.271668695e-07 +7.003000063e+01 +7.003000063e+01 -8.5035e-01 -2.4960e+00
3694 +4.065385895e-08 +4.065385895e-08 +7.003000004e+01 +7.003000004e+01 -8.5039e-01 -2.4960e+00
3935 +3.599156173e-08 +3.599156173e-08 +7.003000004e+01 +7.003000004e+01 -8.5039e-01 -2.4960e+00
4383 +2.300392055e-08 +2.300392055e-08 +7.003000002e+01 +7.003000002e+01 -8.5039e-01 -2.4960e+00
4524 +1.207430955e-08 +1.207430955e-08 +7.003000001e+01 +7.003000001e+01 -8.5039e-01 -2.4960e+00
4914 +8.769376336e-10 +8.769376336e-10 +7.003000000e+01 +7.003000000e+01 -8.5040e-01 -2.4960e+00
% function evaluation | noise-free fitness - Fopt (-4.822000000000e+01) | best noise-free fitness - Fopt | measured fitness | best measured fitness | x1 | x2...
1 +8.521305663e+01 +8.521305663e+01 +3.699305663e+01 +3.699305663e+01 -4.7534e+00 +2.0850e+00
8 +3.312332617e+01 +3.312332617e+01 -1.509667383e+01 -1.509667383e+01 -4.1234e-01 -3.6640e+00
45 +1.349768848e+01 +1.349768848e+01 -3.472231152e+01 -3.472231152e+01 -1.1045e+00 -3.8635e+00
90 +3.625204619e+00 +3.625204619e+00 -4.459479538e+01 -4.459479538e+01 -1.9086e+00 -1.7758e+00
328 +2.123077600e+00 +2.123077600e+00 -4.609692240e+01 -4.609692240e+01 -1.9171e+00 -1.8073e+00
417 +1.454339696e+00 +1.454339696e+00 -4.676566030e+01 -4.676566030e+01 -1.9312e+00 -1.8171e+00
1057 +9.976270789e-01 +9.976270789e-01 -4.722237292e+01 -4.722237292e+01 -1.9251e+00 -1.8668e+00
12701 +1.926663456e-01 +1.926663456e-01 -4.802733365e+01 -4.802733365e+01 -1.8477e+00 -1.0240e+00
12763 +4.237658416e-02 +4.237658416e-02 -4.817762342e+01 -4.817762342e+01 -1.8367e+00 -1.0171e+00
12783 +1.163397287e-02 +1.163397287e-02 -4.820836603e+01 -4.820836603e+01 -1.8403e+00 -1.0140e+00
13128 +6.665711979e-03 +6.665711979e-03 -4.821333429e+01 -4.821333429e+01 -1.8419e+00 -1.0123e+00
13147 +1.406421261e-03 +1.406421261e-03 -4.821859358e+01 -4.821859358e+01 -1.8415e+00 -1.0092e+00
13740 +2.930980218e-04 +2.930980218e-04 -4.821970690e+01 -4.821970690e+01 -1.8426e+00 -1.0077e+00
13830 +1.698590579e-04 +1.698590579e-04 -4.821983014e+01 -4.821983014e+01 -1.8425e+00 -1.0078e+00
14020 +1.568815934e-04 +1.568815934e-04 -4.821984312e+01 -4.821984312e+01 -1.8425e+00 -1.0077e+00
14100 +8.355160816e-05 +8.355160816e-05 -4.821991645e+01 -4.821991645e+01 -1.8423e+00 -1.0078e+00
14126 +2.141009840e-05 +2.141009840e-05 -4.821997859e+01 -4.821997859e+01 -1.8424e+00 -1.0075e+00
14297 +9.956969336e-06 +9.956969336e-06 -4.821999004e+01 -4.821999004e+01 -1.8423e+00 -1.0074e+00
14549 +4.060763317e-07 +4.060763317e-07 -4.821999959e+01 -4.821999959e+01 -1.8424e+00 -1.0072e+00
14833 +3.836064408e-07 +3.836064408e-07 -4.821999962e+01 -4.821999962e+01 -1.8424e+00 -1.0072e+00
15024 +1.595132204e-07 +1.595132204e-07 -4.821999984e+01 -4.821999984e+01 -1.8424e+00 -1.0072e+00
15150 +1.339694435e-07 +1.339694435e-07 -4.821999987e+01 -4.821999987e+01 -1.8424e+00 -1.0072e+00
15324 +9.155398573e-08 +9.155398573e-08 -4.821999991e+01 -4.821999991e+01 -1.8424e+00 -1.0072e+00
15524 +2.390554243e-08 +2.390554243e-08 -4.821999998e+01 -4.821999998e+01 -1.8424e+00 -1.0072e+00
16067 +1.297889440e-08 +1.297889440e-08 -4.821999999e+01 -4.821999999e+01 -1.8424e+00 -1.0072e+00
16126 +9.243592558e-09 +9.243592558e-09 -4.821999999e+01 -4.821999999e+01 -1.8424e+00 -1.0072e+00
% function evaluation | noise-free fitness - Fopt (2.547000000000e+01) | best noise-free fitness - Fopt | measured fitness | best measured fitness | x1 | x2...
1 +1.352236471e+02 +1.352236471e+02 +1.606936471e+02 +1.606936471e+02 -8.0123e-01 -5.8382e-01
5 +3.747772562e+01 +3.747772562e+01 +6.294772562e+01 +6.294772562e+01 -3.5814e+00 -3.6230e+00
7 +5.608510840e+00 +5.608510840e+00 +3.107851084e+01 +3.107851084e+01 -3.6304e+00 -3.0441e+00
245 +3.527966420e+00 +3.527966420e+00 +2.899796642e+01 +2.899796642e+01 -3.9210e+00 -1.3552e+00
326 +2.483377424e+00 +2.483377424e+00 +2.795337742e+01 +2.795337742e+01 -3.9609e+00 -1.2993e+00
412 +1.548934115e+00 +1.548934115e+00 +2.701893412e+01 +2.701893412e+01 -3.9455e+00 -1.3022e+00
874 +9.990500842e-01 +9.990500842e-01 +2.646905008e+01 +2.646905008e+01 -3.8947e+00 -1.3343e+00
9042 +2.479673243e-01 +2.479673243e-01 +2.571796732e+01 +2.571796732e+01 -3.7910e+00 -1.9223e+00
9171 +4.852818827e-02 +4.852818827e-02 +2.551852819e+01 +2.551852819e+01 -3.7761e+00 -1.9249e+00
9181 +3.530296295e-02 +3.530296295e-02 +2.550530296e+01 +2.550530296e+01 -3.7762e+00 -1.9220e+00
9264 +1.442895298e-02 +1.442895298e-02 +2.548442895e+01 +2.548442895e+01 -3.7885e+00 -1.9119e+00
9528 +2.176188759e-03 +2.176188759e-03 +2.547217619e+01 +2.547217619e+01 -3.7836e+00 -1.9118e+00
10147 +1.552681761e-03 +1.552681761e-03 +2.547155268e+01 +2.547155268e+01 -3.7838e+00 -1.9119e+00
10253 +9.571201599e-04 +9.571201599e-04 +2.547095712e+01 +2.547095712e+01 -3.7839e+00 -1.9121e+00
10430 +4.745488045e-05 +4.745488045e-05 +2.547004745e+01 +2.547004745e+01 -3.7851e+00 -1.9118e+00
10647 +3.459341698e-05 +3.459341698e-05 +2.547003459e+01 +2.547003459e+01 -3.7850e+00 -1.9117e+00
10733 +1.316636901e-05 +1.316636901e-05 +2.547001317e+01 +2.547001317e+01 -3.7849e+00 -1.9118e+00
11029 +9.457831997e-06 +9.457831997e-06 +2.547000946e+01 +2.547000946e+01 -3.7847e+00 -1.9120e+00
11031 +5.578510564e-06 +5.578510564e-06 +2.547000558e+01 +2.547000558e+01 -3.7849e+00 -1.9119e+00
11197 +3.127005051e-06 +3.127005051e-06 +2.547000313e+01 +2.547000313e+01 -3.7848e+00 -1.9121e+00
11306 +2.244222930e-06 +2.244222930e-06 +2.547000224e+01 +2.547000224e+01 -3.7848e+00 -1.9119e+00
11459 +1.021324440e-06 +1.021324440e-06 +2.547000102e+01 +2.547000102e+01 -3.7848e+00 -1.9120e+00
11581 +8.009616153e-07 +8.009616153e-07 +2.547000080e+01 +2.547000080e+01 -3.7848e+00 -1.9120e+00
11904 +6.242924684e-07 +6.242924684e-07 +2.547000062e+01 +2.547000062e+01 -3.7848e+00 -1.9120e+00
11920 +4.652942209e-08 +4.652942209e-08 +2.547000005e+01 +2.547000005e+01 -3.7848e+00 -1.9120e+00
12026 +3.798559334e-08 +3.798559334e-08 +2.547000004e+01 +2.547000004e+01 -3.7848e+00 -1.9120e+00
12275 +1.762663260e-08 +1.762663260e-08 +2.547000002e+01 +2.547000002e+01 -3.7848e+00 -1.9120e+00
12385 +1.481947720e-08 +1.481947720e-08 +2.547000001e+01 +2.547000001e+01 -3.7848e+00 -1.9120e+00
12425 +4.244551377e-09 +4.244551377e-09 +2.547000000e+01 +2.547000000e+01 -3.7848e+00 -1.9120e+00
12497 +3.489756040e-09 +3.489756040e-09 +2.547000000e+01 +2.547000000e+01 -3.7848e+00 -1.9120e+00
% function evaluation | noise-free fitness - Fopt (-1.008100000000e+02) | best noise-free fitness - Fopt | measured fitness | best measured fitness | x1 | x2...
1 +1.469525334e+02 +1.469525334e+02 +4.614253345e+01 +4.614253345e+01 -3.5391e+00 -4.7789e+00
2 +3.593386308e+01 +3.593386308e+01 -6.487613692e+01 -6.487613692e+01 -2.0113e+00 +2.5324e-02
28 +1.976294372e+01 +1.976294372e+01 -8.104705628e+01 -8.104705628e+01 +3.0711e+00 +1.3093e+00
239 +1.435011456e+01 +1.435011456e+01 -8.645988544e+01 -8.645988544e+01 +2.6944e+00 +2.1540e+00
338 +7.443843021e+00 +7.443843021e+00 -9.336615698e+01 -9.336615698e+01 +2.7530e-01 +5.4781e-02
351 +4.786284326e+00 +4.786284326e+00 -9.602371567e+01 -9.602371567e+01 +8.5533e-01 +4.0578e-01
444 +3.545682855e+00 +3.545682855e+00 -9.726431715e+01 -9.726431715e+01 +1.5229e+00 +1.2129e+00
604 +2.240997880e+00 +2.240997880e+00 -9.856900212e+01 -9.856900212e+01 +5.7751e-01 -1.9330e-01
655 +1.498728119e+00 +1.498728119e+00 -9.931127188e+01 -9.931127188e+01 +5.4986e-01 +6.4828e-01
847 +4.320232398e-01 +4.320232398e-01 -1.003779768e+02 -1.003779768e+02 +1.0094e+00 +5.1332e-01
871 +1.975228779e-01 +1.975228779e-01 -1.006124771e+02 -1.006124771e+02 +9.6705e-01 +4.7151e-01
1047 +1.576884148e-01 +1.576884148e-01 -1.006523116e+02 -1.006523116e+02 +1.0049e+00 +5.0328e-01
1098 +8.066430578e-02 +8.066430578e-02 -1.007293357e+02 -1.007293357e+02 +9.7758e-01 +4.7671e-01
1223 +3.847839707e-02 +3.847839707e-02 -1.007715216e+02 -1.007715216e+02 +9.9583e-01 +4.9510e-01
1265 +1.801389958e-02 +1.801389958e-02 -1.007919861e+02 -1.007919861e+02 +9.9478e-01 +4.8599e-01
1284 +1.316929166e-02 +1.316929166e-02 -1.007968307e+02 -1.007968307e+02 +9.8732e-01 +4.8806e-01
1345 +8.458033177e-03 +8.458033177e-03 -1.008015420e+02 -1.008015420e+02 +9.9813e-01 +4.9068e-01
1669 +1.275819098e-03 +1.275819098e-03 -1.008087242e+02 -1.008087242e+02 +9.9055e-01 +4.8810e-01
2067 +8.547960143e-04 +8.547960143e-04 -1.008091452e+02 -1.008091452e+02 +9.9070e-01 +4.8795e-01
2257 +5.576415075e-04 +5.576415075e-04 -1.008094424e+02 -1.008094424e+02 +9.9069e-01 +4.8774e-01
2456 +2.232363048e-04 +2.232363048e-04 -1.008097768e+02 -1.008097768e+02 +9.9263e-01 +4.8801e-01
2830 +1.446966109e-04 +1.446966109e-04 -1.008098553e+02 -1.008098553e+02 +9.9242e-01 +4.8795e-01
2884 +4.269684494e-05 +4.269684494e-05 -1.008099573e+02 -1.008099573e+02 +9.9238e-01 +4.8820e-01
3003 +2.773382420e-05 +2.773382420e-05 -1.008099723e+02 -1.008099723e+02 +9.9228e-01 +4.8804e-01
3212 +1.658389060e-05 +1.658389060e-05 -1.008099834e+02 -1.008099834e+02 +9.9219e-01 +4.8815e-01
3267 +1.201068662e-05 +1.201068662e-05 -1.008099880e+02 -1.008099880e+02 +9.9221e-01 +4.8805e-01
3360 +5.992223052e-06 +5.992223052e-06 -1.008099940e+02 -1.008099940e+02 +9.9212e-01 +4.8810e-01
3659 +8.864305983e-07 +8.864305983e-07 -1.008099991e+02 -1.008099991e+02 +9.9202e-01 +4.8803e-01
3726 +4.986119961e-09 +4.986119961e-09 -1.008100000e+02 -1.008100000e+02 +9.9200e-01 +4.8800e-01
% function evaluation | noise-free fitness - Fopt (8.333000000000e+01) | best noise-free fitness - Fopt | measured fitness | best measured fitness | x1 | x2...
1 +1.720853048e+02 +1.720853048e+02 +2.554153048e+02 +2.554153048e+02 -3.7670e+00 -4.2376e+00
3 +9.826801671e+01 +9.826801671e+01 +1.815980167e+02 +1.815980167e+02 -1.3218e+00 +3.4890e+00
4 +5.263925073e+01 +5.263925073e+01 +1.359692507e+02 +1.359692507e+02 -4.9253e-01 -4.5469e+00
9 +3.261955319e+01 +3.261955319e+01 +1.159495532e+02 +1.159495532e+02 +2.6599e-01 -2.1075e+00
29 +2.160465804e+01 +2.160465804e+01 +1.049346580e+02 +1.049346580e+02 +1.0224e+00 -3.1001e+00
39 +1.471186993e+01 +1.471186993e+01 +9.804186993e+01 +9.804186993e+01 +2.0654e-01 -4.1304e+00
40 +4.993329551e+00 +4.993329551e+00 +8.832332955e+01 +8.832332955e+01 +1.1045e+00 -3.9131e+00
113 +3.429045361e+00 +3.429045361e+00 +8.675904536e+01 +8.675904536e+01 -1.1641e-01 -2.0964e+00
319 +1.345166879e+00 +1.345166879e+00 +8.467516688e+01 +8.467516688e+01 -1.6916e-01 -2.1073e+00
1029 +9.974159426e-01 +9.974159426e-01 +8.432741594e+01 +8.432741594e+01 -1.3220e-01 -2.1558e+00
10789 +6.257119534e-02 +6.257119534e-02 +8.339257120e+01 +8.339257120e+01 -4.2027e-03 -2.8350e+00
11057 +2.355020926e-02 +2.355020926e-02 +8.335355021e+01 +8.335355021e+01 -9.7193e-04 -2.8239e+00
11089 +8.753437997e-03 +8.753437997e-03 +8.333875344e+01 +8.333875344e+01 +1.7082e-03 -2.8361e+00
11241 +1.255459917e-03 +1.255459917e-03 +8.333125546e+01 +8.333125546e+01 +1.3441e-03 -2.8325e+00
11582 +2.645289334e-04 +2.645289334e-04 +8.333026453e+01 +8.333026453e+01 -3.0225e-04 -2.8295e+00
11765 +1.396900877e-04 +1.396900877e-04 +8.333013969e+01 +8.333013969e+01 -4.9005e-04 -2.8297e+00
12244 +9.703583679e-05 +9.703583679e-05 +8.333009704e+01 +8.333009704e+01 -3.1964e-04 -2.8298e+00
12579 +5.761882262e-05 +5.761882262e-05 +8.333005762e+01 +8.333005762e+01 -2.5335e-04 -2.8300e+00
12597 +3.905725879e-05 +3.905725879e-05 +8.333003906e+01 +8.333003906e+01 -2.1466e-04 -2.8300e+00
12892 +5.943283867e-06 +5.943283867e-06 +8.333000594e+01 +8.333000594e+01 -1.0635e-04 -2.8303e+00
13272 +1.347819648e-06 +1.347819648e-06 +8.333000135e+01 +8.333000135e+01 -4.9359e-05 -2.8304e+00
13662 +1.132510334e-07 +1.132510334e-07 +8.333000011e+01 +8.333000011e+01 +1.4027e-06 -2.8304e+00
14245 +9.793681954e-08 +9.793681954e-08 +8.333000010e+01 +8.333000010e+01 +1.1541e-06 -2.8304e+00
14885 +6.293301169e-08 +6.293301169e-08 +8.333000006e+01 +8.333000006e+01 -1.3993e-06 -2.8304e+00
15303 +2.977412805e-08 +2.977412805e-08 +8.333000003e+01 +8.333000003e+01 -3.4443e-06 -2.8304e+00
15764 +2.499936613e-08 +2.499936613e-08 +8.333000002e+01 +8.333000002e+01 -4.2842e-06 -2.8304e+00
16109 +1.511014602e-08 +1.511014602e-08 +8.333000002e+01 +8.333000002e+01 -6.0116e-06 -2.8304e+00
16575 +8.641350746e-09 +8.641350746e-09 +8.333000001e+01 +8.333000001e+01 -6.3617e-06 -2.8304e+00
% function evaluation | noise-free fitness - Fopt (2.085600000000e+02) | best noise-free fitness - Fopt | measured fitness | best measured fitness | x1 | x2...
1 +1.180353324e+02 +1.180353324e+02 +3.265953324e+02 +3.265953324e+02 -9.6324e-01 -1.1347e+00
4 +4.525679054e+01 +4.525679054e+01 +2.538167905e+02 +2.538167905e+02 +1.4027e+00 +4.9512e+00
8 +3.977353475e+01 +3.977353475e+01 +2.483335348e+02 +2.483335348e+02 +8.2386e-01 +3.6881e+00
10 +1.364449865e+01 +1.364449865e+01 +2.222044987e+02 +2.222044987e+02 +2.1957e+00 +3.0379e+00
178 +9.316852931e+00 +9.316852931e+00 +2.178768529e+02 +2.178768529e+02 +3.9089e+00 +4.3421e+00
180 +4.366614934e+00 +4.366614934e+00 +2.129266149e+02 +2.129266149e+02 +1.0207e+00 +2.5073e+00
391 +2.203056766e+00 +2.203056766e+00 +2.107630568e+02 +2.107630568e+02 +3.4066e+00 +4.2286e+00
1265 +1.192371590e+00 +1.192371590e+00 +2.097523716e+02 +2.097523716e+02 +1.6233e+00 +3.0854e+00
2037 +9.966591267e-01 +9.966591267e-01 +2.095566591e+02 +2.095566591e+02 +1.5849e+00 +3.0708e+00
7984 +2.362954931e-01 +2.362954931e-01 +2.087962955e+02 +2.087962955e+02 +2.2091e+00 +3.6747e+00
8054 +1.033037599e-01 +1.033037599e-01 +2.086633038e+02 +2.086633038e+02 +2.2056e+00 +3.6816e+00
8256 +5.380318484e-02 +5.380318484e-02 +2.086138032e+02 +2.086138032e+02 +2.1953e+00 +3.6722e+00
8451 +3.939535557e-02 +3.939535557e-02 +2.085993954e+02 +2.085993954e+02 +2.1787e+00 +3.6729e+00
8600 +1.070660360e-02 +1.070660360e-02 +2.085707066e+02 +2.085707066e+02 +2.1796e+00 +3.6677e+00
8610 +2.938171130e-03 +2.938171130e-03 +2.085629382e+02 +2.085629382e+02 +2.1881e+00 +3.6731e+00
8733 +5.656626988e-04 +5.656626988e-04 +2.085605657e+02 +2.085605657e+02 +2.1863e+00 +3.6729e+00
8940 +6.092039814e-05 +6.092039814e-05 +2.085600609e+02 +2.085600609e+02 +2.1845e+00 +3.6717e+00
9230 +3.098406310e-05 +3.098406310e-05 +2.085600310e+02 +2.085600310e+02 +2.1845e+00 +3.6718e+00
9424 +2.115996850e-05 +2.115996850e-05 +2.085600212e+02 +2.085600212e+02 +2.1845e+00 +3.6718e+00
9496 +1.547788173e-05 +1.547788173e-05 +2.085600155e+02 +2.085600155e+02 +2.1846e+00 +3.6718e+00
9512 +7.317872388e-06 +7.317872388e-06 +2.085600073e+02 +2.085600073e+02 +2.1847e+00 +3.6720e+00
9639 +7.927568220e-07 +7.927568220e-07 +2.085600008e+02 +2.085600008e+02 +2.1847e+00 +3.6720e+00
9809 +1.673865881e-07 +1.673865881e-07 +2.085600002e+02 +2.085600002e+02 +2.1848e+00 +3.6720e+00
10051 +1.565447008e-07 +1.565447008e-07 +2.085600002e+02 +2.085600002e+02 +2.1848e+00 +3.6720e+00
10559 +9.183395377e-08 +9.183395377e-08 +2.085600001e+02 +2.085600001e+02 +2.1848e+00 +3.6720e+00
10950 +5.974195005e-08 +5.974195005e-08 +2.085600001e+02 +2.085600001e+02 +2.1848e+00 +3.6720e+00
11157 +3.175972552e-08 +3.175972552e-08 +2.085600000e+02 +2.085600000e+02 +2.1848e+00 +3.6720e+00
11576 +1.211066092e-08 +1.211066092e-08 +2.085600000e+02 +2.085600000e+02 +2.1848e+00 +3.6720e+00
11697 +7.124668855e-09 +7.124668855e-09 +2.085600000e+02 +2.085600000e+02 +2.1848e+00 +3.6720e+00
% function evaluation | noise-free fitness - Fopt (-1.345800000000e+02) | best noise-free fitness - Fopt | measured fitness | best measured fitness | x1 | x2...
1 +5.127765627e+01 +5.127765627e+01 -8.330234373e+01 -8.330234373e+01 -1.8248e+00 +1.6826e+00
13 +1.287155375e+01 +1.287155375e+01 -1.217084463e+02 -1.217084463e+02 -3.2349e+00 +2.2973e+00
104 +7.240703561e+00 +7.240703561e+00 -1.273392964e+02 -1.273392964e+02 -3.4233e+00 +1.8739e+00
377 +6.213464792e+00 +6.213464792e+00 -1.283665352e+02 -1.283665352e+02 -3.4305e+00 +1.8647e+00
590 +1.396102308e+00 +1.396102308e+00 -1.331838977e+02 -1.331838977e+02 -3.5919e+00 +9.4707e-01
1697 +9.998280147e-01 +9.998280147e-01 -1.335801720e+02 -1.335801720e+02 -3.6342e+00 +1.0072e+00
6868 +5.199490483e-01 +5.199490483e-01 -1.340600510e+02 -1.340600510e+02 -3.0595e+00 +5.8393e-01
6883 +2.377144890e-01 +2.377144890e-01 -1.343422855e+02 -1.343422855e+02 -3.0306e+00 +5.8534e-01
6899 +1.583509903e-01 +1.583509903e-01 -1.344216490e+02 -1.344216490e+02 -3.0425e+00 +5.7777e-01
6963 +5.007884936e-02 +5.007884936e-02 -1.345299212e+02 -1.345299212e+02 -3.0522e+00 +5.9303e-01
7020 +3.494727843e-02 +3.494727843e-02 -1.345450527e+02 -1.345450527e+02 -3.0567e+00 +6.1039e-01
7024 +2.450953302e-02 +2.450953302e-02 -1.345554905e+02 -1.345554905e+02 -3.0513e+00 +5.9424e-01
7377 +9.135806685e-03 +9.135806685e-03 -1.345708642e+02 -1.345708642e+02 -3.0538e+00 +6.0470e-01
7554 +5.182914852e-03 +5.182914852e-03 -1.345748171e+02 -1.345748171e+02 -3.0494e+00 +5.9612e-01
7597 +1.250377682e-03 +1.250377682e-03 -1.345787496e+02 -1.345787496e+02 -3.0524e+00 +6.0169e-01
7912 +9.614362239e-04 +9.614362239e-04 -1.345790386e+02 -1.345790386e+02 -3.0525e+00 +6.0158e-01
7998 +2.730922438e-04 +2.730922438e-04 -1.345797269e+02 -1.345797269e+02 -3.0512e+00 +5.9941e-01
8069 +1.419691155e-04 +1.419691155e-04 -1.345798580e+02 -1.345798580e+02 -3.0514e+00 +5.9946e-01
8323 +9.990989432e-05 +9.990989432e-05 -1.345799001e+02 -1.345799001e+02 -3.0517e+00 +5.9942e-01
8442 +4.099651409e-05 +4.099651409e-05 -1.345799590e+02 -1.345799590e+02 -3.0518e+00 +5.9965e-01
8619 +3.700935375e-05 +3.700935375e-05 -1.345799630e+02 -1.345799630e+02 -3.0520e+00 +5.9976e-01
8692 +2.162041673e-05 +2.162041673e-05 -1.345799784e+02 -1.345799784e+02 -3.0518e+00 +5.9975e-01
8736 +8.827015108e-06 +8.827015108e-06 -1.345799912e+02 -1.345799912e+02 -3.0519e+00 +5.9993e-01
8960 +2.833795065e-07 +2.833795065e-07 -1.345799997e+02 -1.345799997e+02 -3.0520e+00 +5.9999e-01
9032 +1.674511338e-07 +1.674511338e-07 -1.345799998e+02 -1.345799998e+02 -3.0520e+00 +5.9999e-01
9234 +1.301432917e-07 +1.301432917e-07 -1.345799999e+02 -1.345799999e+02 -3.0520e+00 +5.9999e-01
9284 +8.540811791e-08 +8.540811791e-08 -1.345799999e+02 -1.345799999e+02 -3.0520e+00 +5.9999e-01
9325 +4.884233817e-08 +4.884233817e-08 -1.345800000e+02 -1.345800000e+02 -3.0520e+00 +5.9999e-01
9494 +1.360768920e-08 +1.360768920e-08 -1.345800000e+02 -1.345800000e+02 -3.0520e+00 +6.0000e-01
9550 +9.804324463e-09 +9.804324463e-09 -1.345800000e+02 -1.345800000e+02 -3.0520e+00 +6.0000e-01
9590 +1.746116141e-09 +1.746116141e-09 -1.345800000e+02 -1.345800000e+02 -3.0520e+00 +6.0000e-01
% function evaluation | noise-free fitness - Fopt (1.205900000000e+02) | best noise-free fitness - Fopt | measured fitness | best measured fitness | x1 | x2...
1 +4.602464607e+01 +4.602464607e+01 +1.666146461e+02 +1.666146461e+02 -2.9829e+00 +4.8593e+00
17 +1.761328548e+01 +1.761328548e+01 +1.382032855e+02 +1.382032855e+02 -1.4197e+00 +6.9619e-03
134 +4.970802458e+00 +4.970802458e+00 +1.255608025e+02 +1.255608025e+02 +7.2307e-02 -5.7676e-01
254 +3.645336814e+00 +3.645336814e+00 +1.242353368e+02 +1.242353368e+02 -6.1264e-01 +4.5401e-01
519 +2.137854343e+00 +2.137854343e+00 +1.227278543e+02 +1.227278543e+02 -2.9740e-01 -3.7166e-01
972 +1.143131321e+00 +1.143131321e+00 +1.217331313e+02 +1.217331313e+02 -3.1108e-01 -3.2496e-01
1590 +9.955669889e-01 +9.955669889e-01 +1.215855670e+02 +1.215855670e+02 -3.2818e-01 -3.0734e-01
9915 +1.772648908e-01 +1.772648908e-01 +1.207672649e+02 +1.207672649e+02 -9.4307e-01 +1.2712e-01
10147 +3.118536344e-02 +3.118536344e-02 +1.206211854e+02 +1.206211854e+02 -9.5095e-01 +1.2692e-01
10166 +5.692600974e-03 +5.692600974e-03 +1.205956926e+02 +1.205956926e+02 -9.5283e-01 +1.2062e-01
10654 +3.721872479e-03 +3.721872479e-03 +1.205937219e+02 +1.205937219e+02 -9.5262e-01 +1.2069e-01
10724 +1.264538760e-03 +1.264538760e-03 +1.205912645e+02 +1.205912645e+02 -9.5297e-01 +1.2440e-01
10858 +9.300222810e-04 +9.300222810e-04 +1.205909300e+02 +1.205909300e+02 -9.5294e-01 +1.2417e-01
11229 +6.155535183e-04 +6.155535183e-04 +1.205906156e+02 +1.205906156e+02 -9.5297e-01 +1.2388e-01
11235 +3.641783564e-04 +3.641783564e-04 +1.205903642e+02 +1.205903642e+02 -9.5288e-01 +1.2342e-01
11277 +2.160559766e-04 +2.160559766e-04 +1.205902161e+02 +1.205902161e+02 -9.5260e-01 +1.2281e-01
11546 +8.684136655e-05 +8.684136655e-05 +1.205900868e+02 +1.205900868e+02 -9.5242e-01 +1.2284e-01
11864 +5.752382054e-05 +5.752382054e-05 +1.205900575e+02 +1.205900575e+02 -9.5232e-01 +1.2267e-01
11923 +3.861908016e-05 +3.861908016e-05 +1.205900386e+02 +1.205900386e+02 -9.5227e-01 +1.2273e-01
12032 +2.501446815e-05 +2.501446815e-05 +1.205900250e+02 +1.205900250e+02 -9.5216e-01 +1.2269e-01
12152 +1.574121836e-05 +1.574121836e-05 +1.205900157e+02 +1.205900157e+02 -9.5219e-01 +1.2258e-01
12160 +9.064798064e-06 +9.064798064e-06 +1.205900091e+02 +1.205900091e+02 -9.5212e-01 +1.2251e-01
12219 +1.754377408e-06 +1.754377408e-06 +1.205900018e+02 +1.205900018e+02 -9.5206e-01 +1.2245e-01
12600 +1.554022546e-06 +1.554022546e-06 +1.205900016e+02 +1.205900016e+02 -9.5206e-01 +1.2245e-01
12646 +2.359150244e-07 +2.359150244e-07 +1.205900002e+02 +1.205900002e+02 -9.5201e-01 +1.2242e-01
12938 +1.445238382e-07 +1.445238382e-07 +1.205900001e+02 +1.205900001e+02 -9.5199e-01 +1.2241e-01
13009 +9.483414942e-08 +9.483414942e-08 +1.205900001e+02 +1.205900001e+02 -9.5199e-01 +1.2240e-01
13294 +5.317893681e-08 +5.317893681e-08 +1.205900001e+02 +1.205900001e+02 -9.5200e-01 +1.2241e-01
13372 +8.488441949e-09 +8.488441949e-09 +1.205900000e+02 +1.205900000e+02 -9.5200e-01 +1.2241e-01
% function evaluation | noise-free fitness - Fopt (1.000000000000e+03) | best noise-free fitness - Fopt | measured fitness | best measured fitness | x1 | x2...
1 +4.566666272e+02 +4.566666272e+02 +1.456666627e+03 +1.456666627e+03 +4.0953e+00 -1.7545e+00
2 +2.179323814e+01 +2.179323814e+01 +1.021793238e+03 +1.021793238e+03 -2.8436e+00 -1.1347e+00
14 +7.783812232e+00 +7.783812232e+00 +1.007783812e+03 +1.007783812e+03 -2.9460e+00 -1.5339e+00
294 +5.318665204e+00 +5.318665204e+00 +1.005318665e+03 +1.005318665e+03 -2.6988e+00 -2.8525e+00
360 +2.052063731e+00 +2.052063731e+00 +1.002052064e+03 +1.002052064e+03 -2.9321e+00 -1.7344e+00
509 +1.385959124e+00 +1.385959124e+00 +1.001385959e+03 +1.001385959e+03 -2.9285e+00 -1.7045e+00
1716 +9.953728282e-01 +9.953728282e-01 +1.000995373e+03 +1.000995373e+03 -2.9196e+00 -1.6665e+00
12797 +6.976530478e-02 +6.976530478e-02 +1.000069765e+03 +1.000069765e+03 -2.6017e+00 -2.1523e+00
13010 +1.068110828e-02 +1.068110828e-02 +1.000010681e+03 +1.000010681e+03 -2.5966e+00 -2.1566e+00
13043 +6.323565212e-03 +6.323565212e-03 +1.000006324e+03 +1.000006324e+03 -2.5957e+00 -2.1579e+00
13156 +5.984184974e-03 +5.984184974e-03 +1.000005984e+03 +1.000005984e+03 -2.5958e+00 -2.1580e+00
13364 +3.480511196e-03 +3.480511196e-03 +1.000003481e+03 +1.000003481e+03 -2.5958e+00 -2.1668e+00
13569 +1.735954652e-05 +1.735954652e-05 +1.000000017e+03 +1.000000017e+03 -2.5951e+00 -2.1629e+00
14190 +9.852196968e-06 +9.852196968e-06 +1.000000010e+03 +1.000000010e+03 -2.5953e+00 -2.1630e+00
14249 +6.102778002e-06 +6.102778002e-06 +1.000000006e+03 +1.000000006e+03 -2.5951e+00 -2.1632e+00
14253 +2.670321578e-06 +2.670321578e-06 +1.000000003e+03 +1.000000003e+03 -2.5952e+00 -2.1631e+00
14339 +9.354529311e-07 +9.354529311e-07 +1.000000001e+03 +1.000000001e+03 -2.5952e+00 -2.1631e+00
14800 +1.705890327e-07 +1.705890327e-07 +1.000000000e+03 +1.000000000e+03 -2.5952e+00 -2.1632e+00
14963 +1.257531039e-07 +1.257531039e-07 +1.000000000e+03 +1.000000000e+03 -2.5952e+00 -2.1632e+00
15338 +9.692712410e-08 +9.692712410e-08 +1.000000000e+03 +1.000000000e+03 -2.5952e+00 -2.1632e+00
15469 +5.785068424e-08 +5.785068424e-08 +1.000000000e+03 +1.000000000e+03 -2.5952e+00 -2.1632e+00
15860 +2.048921033e-08 +2.048921033e-08 +1.000000000e+03 +1.000000000e+03 -2.5952e+00 -2.1632e+00
16220 +1.203193278e-08 +1.203193278e-08 +1.000000000e+03 +1.000000000e+03 -2.5952e+00 -2.1632e+00
16252 +9.360519471e-09 +9.360519471e-09 +1.000000000e+03 +1.000000000e+03 -2.5952e+00 -2.1632e+00
16261 +3.614559319e-09 +3.614559319e-09 +1.000000000e+03 +1.000000000e+03 -2.5952e+00 -2.1632e+00
% function evaluation | noise-free fitness - Fopt (-9.166000000000e+01) | best noise-free fitness - Fopt | measured fitness | best measured fitness | x1 | x2...
1 +9.651867625e+01 +9.651867625e+01 +4.858676252e+00 +4.858676252e+00 +4.7932e+00 -4.7904e+00
4 +3.545910728e+01 +3.545910728e+01 -5.620089272e+01 -5.620089272e+01 -2.4584e+00 -1.2192e+00
33 +1.658889143e+01 +1.658889143e+01 -7.507110857e+01 -7.507110857e+01 +1.8825e+00 -4.5604e+00
39 +5.585401192e+00 +5.585401192e+00 -8.607459881e+01 -8.607459881e+01 +1.1532e+00 -3.9193e+00
376 +2.864290471e+00 +2.864290471e+00 -8.879570953e+01 -8.879570953e+01 +9.7866e-01 -4.1547e+00
513 +2.491776016e+00 +2.491776016e+00 -8.916822398e+01 -8.916822398e+01 +9.5857e-01 -4.1095e+00
2719 +1.520472121e+00 +1.520472121e+00 -9.013952788e+01 -9.013952788e+01 -7.9974e-01 -2.8877e+00
3296 +9.963026804e-01 +9.963026804e-01 -9.066369732e+01 -9.066369732e+01 -7.6873e-01 -2.9095e+00
7168 +4.001585586e-01 +4.001585586e-01 -9.125984144e+01 -9.125984144e+01 -3.0711e-02 -3.5890e+00
7268 +3.144879223e-01 +3.144879223e-01 -9.134551208e+01 -9.134551208e+01 -2.9231e-02 -3.5667e+00
7275 +2.262401981e-01 +2.262401981e-01 -9.143375980e+01 -9.143375980e+01 -2.5285e-02 -3.5900e+00
7379 +4.813158245e-02 +4.813158245e-02 -9.161186842e+01 -9.161186842e+01 -1.5771e-02 -3.5850e+00
7754 +2.584981647e-02 +2.584981647e-02 -9.163415018e+01 -9.163415018e+01 +1.7474e-03 -3.6055e+00
7774 +2.331220032e-02 +2.331220032e-02 -9.163668780e+01 -9.163668780e+01 -1.3674e-02 -3.5901e+00
7775 +7.161182237e-03 +7.161182237e-03 -9.165283882e+01 -9.165283882e+01 -7.9547e-03 -3.5961e+00
7940 +2.712285872e-03 +2.712285872e-03 -9.165728771e+01 -9.165728771e+01 -2.9113e-03 -3.5972e+00
8182 +2.408516972e-03 +2.408516972e-03 -9.165759148e+01 -9.165759148e+01 -2.9122e-03 -3.5973e+00
8516 +1.161816663e-03 +1.161816663e-03 -9.165883818e+01 -9.165883818e+01 -3.2835e-03 -3.5972e+00
8802 +8.754664231e-04 +8.754664231e-04 -9.165912453e+01 -9.165912453e+01 -3.3420e-03 -3.5973e+00
8954 +5.183209234e-04 +5.183209234e-04 -9.165948168e+01 -9.165948168e+01 -3.5049e-03 -3.5976e+00
9394 +3.144529366e-04 +3.144529366e-04 -9.165968555e+01 -9.165968555e+01 -3.9575e-03 -3.5977e+00
9694 +2.204966722e-04 +2.204966722e-04 -9.165977950e+01 -9.165977950e+01 -4.0056e-03 -3.5975e+00
9903 +1.563014413e-04 +1.563014413e-04 -9.165984370e+01 -9.165984370e+01 -4.1450e-03 -3.5974e+00
10253 +6.490582783e-05 +6.490582783e-05 -9.165993509e+01 -9.165993509e+01 -4.3777e-03 -3.5971e+00
10369 +3.989770472e-05 +3.989770472e-05 -9.165996010e+01 -9.165996010e+01 -4.4741e-03 -3.5971e+00
10378 +3.971900563e-05 +3.971900563e-05 -9.165996028e+01 -9.165996028e+01 -4.4747e-03 -3.5971e+00
10445 +1.699129685e-05 +1.699129685e-05 -9.165998301e+01 -9.165998301e+01 -4.5814e-03 -3.5969e+00
10667 +1.525552332e-05 +1.525552332e-05 -9.165998474e+01 -9.165998474e+01 -4.5824e-03 -3.5970e+00
10681 +3.847917029e-06 +3.847917029e-06 -9.165999615e+01 -9.165999615e+01 -4.7855e-03 -3.5969e+00
11038 +1.908837248e-07 +1.908837248e-07 -9.165999981e+01 -9.165999981e+01 -4.8155e-03 -3.5968e+00
11703 +1.377194963e-07 +1.377194963e-07 -9.165999986e+01 -9.165999986e+01 -4.7951e-03 -3.5968e+00
11860 +8.863479195e-08 +8.863479195e-08 -9.165999991e+01 -9.165999991e+01 -4.7939e-03 -3.5968e+00
12241 +6.165012678e-08 +6.165012678e-08 -9.165999994e+01 -9.165999994e+01 -4.7933e-03 -3.5968e+00
12397 +3.039748719e-08 +3.039748719e-08 -9.165999997e+01 -9.165999997e+01 -4.7930e-03 -3.5968e+00
12625 +2.412392064e-08 +2.412392064e-08 -9.165999998e+01 -9.165999998e+01 -4.7925e-03 -3.5968e+00
12988 +1.044354292e-08 +1.044354292e-08 -9.165999999e+01 -9.165999999e+01 -4.7944e-03 -3.5968e+00
13090 +6.622656201e-09 +6.622656201e-09 -9.165999999e+01 -9.165999999e+01 -4.7954e-03 -3.5968e+00
% function evaluation | noise-free fitness - Fopt (5.961500000000e+02) | best noise-free fitness - Fopt | measured fitness | best measured fitness | x1 | x2...
1 +9.224595108e+01 +9.224595108e+01 +6.883959511e+02 +6.883959511e+02 +2.2647e-01 +3.4930e-01
7 +4.065903502e+01 +4.065903502e+01 +6.368090350e+02 +6.368090350e+02 +6.1977e-02 +2.6381e+00
13 +2.121337445e+01 +2.121337445e+01 +6.173633744e+02 +6.173633744e+02 -4.4986e+00 -1.9777e+00
15 +7.046546853e+00 +7.046546853e+00 +6.031965469e+02 +6.031965469e+02 -2.5369e+00 -6.0194e-02
16 +5.872666090e+00 +5.872666090e+00 +6.020226661e+02 +6.020226661e+02 -2.9657e+00 -1.3713e+00
270 +2.802991900e+00 +2.802991900e+00 +5.989529919e+02 +5.989529919e+02 -2.5011e+00 -6.0173e-02
410 +1.485876110e+00 +1.485876110e+00 +5.976358761e+02 +5.976358761e+02 -2.8270e+00 -1.2853e+00
926 +9.983335389e-01 +9.983335389e-01 +5.971483335e+02 +5.971483335e+02 -2.8252e+00 -1.2662e+00
1250 +4.550364350e-01 +4.550364350e-01 +5.966050364e+02 +5.966050364e+02 -3.0270e+00 -1.0186e+00
1271 +2.958473824e-01 +2.958473824e-01 +5.964458474e+02 +5.964458474e+02 -3.0243e+00 -1.0106e+00
1389 +1.145514188e-01 +1.145514188e-01 +5.962645514e+02 +5.962645514e+02 -3.0399e+00 -1.0182e+00
1501 +9.487672835e-02 +9.487672835e-02 +5.962448767e+02 +5.962448767e+02 -3.0425e+00 -1.0103e+00
1601 +4.476224896e-02 +4.476224896e-02 +5.961947622e+02 +5.961947622e+02 -3.0460e+00 -1.0153e+00
1618 +2.994323816e-02 +2.994323816e-02 +5.961799432e+02 +5.961799432e+02 -3.0490e+00 -1.0163e+00
1740 +2.787740160e-03 +2.787740160e-03 +5.961527877e+02 +5.961527877e+02 -3.0552e+00 -1.0230e+00
2049 +2.497086836e-03 +2.497086836e-03 +5.961524971e+02 +5.961524971e+02 -3.0553e+00 -1.0232e+00
3346 +1.412280254e-03 +1.412280254e-03 +5.961514123e+02 +5.961514123e+02 -3.0565e+00 -1.0237e+00
3623 +1.429403343e-04 +1.429403343e-04 +5.961501429e+02 +5.961501429e+02 -3.0589e+00 -1.0258e+00
3915 +7.946679773e-05 +7.946679773e-05 +5.961500795e+02 +5.961500795e+02 -3.0588e+00 -1.0259e+00
4054 +5.531019121e-05 +5.531019121e-05 +5.961500553e+02 +5.961500553e+02 -3.0588e+00 -1.0259e+00
4064 +3.969082570e-05 +3.969082570e-05 +5.961500397e+02 +5.961500397e+02 -3.0587e+00 -1.0258e+00
4250 +1.140097504e-05 +1.140097504e-05 +5.961500114e+02 +5.961500114e+02 -3.0586e+00 -1.0258e+00
4383 +9.814622899e-06 +9.814622899e-06 +5.961500098e+02 +5.961500098e+02 -3.0586e+00 -1.0257e+00
4414 +4.567293331e-06 +4.567293331e-06 +5.961500046e+02 +5.961500046e+02 -3.0584e+00 -1.0255e+00
4445 +2.133638986e-06 +2.133638986e-06 +5.961500021e+02 +5.961500021e+02 -3.0585e+00 -1.0257e+00
4552 +6.639220373e-08 +6.639220373e-08 +5.961500001e+02 +5.961500001e+02 -3.0584e+00 -1.0256e+00
4807 +5.280537607e-08 +5.280537607e-08 +5.961500001e+02 +5.961500001e+02 -3.0584e+00 -1.0256e+00
5389 +3.972286322e-08 +3.972286322e-08 +5.961500000e+02 +5.961500000e+02 -3.0584e+00 -1.0256e+00
5960 +2.367971774e-08 +2.367971774e-08 +5.961500000e+02 +5.961500000e+02 -3.0584e+00 -1.0256e+00
6321 +1.361968316e-08 +1.361968316e-08 +5.961500000e+02 +5.961500000e+02 -3.0584e+00 -1.0256e+00
6796 +9.882683116e-09 +9.882683116e-09 +5.961500000e+02 +5.961500000e+02 -3.0584e+00 -1.0256e+00
% function evaluation | noise-free fitness - Fopt (1.325100000000e+02) | best noise-free fitness - Fopt | measured fitness | best measured fitness | x1 | x2...
1 +6.563241526e+01 +6.563241526e+01 +1.981424153e+02 +1.981424153e+02 +1.8686e-01 +2.6948e-01
3 +4.812916101e+01 +4.812916101e+01 +1.806391610e+02 +1.806391610e+02 -2.5070e+00 +2.2074e+00
4 +3.188764173e+01 +3.188764173e+01 +1.643976417e+02 +1.643976417e+02 -6.3657e-01 +1.6195e+00
18 +1.118779683e+01 +1.118779683e+01 +1.436977968e+02 +1.436977968e+02 -9.1738e-01 +2.8622e+00
219 +6.435521894e+00 +6.435521894e+00 +1.389455219e+02 +1.389455219e+02 +5.8119e-01 +2.8068e+00
477 +5.958393494e+00 +5.958393494e+00 +1.384683935e+02 +1.384683935e+02 +5.8743e-01 +2.8081e+00
630 +3.905831887e+00 +3.905831887e+00 +1.364158319e+02 +1.364158319e+02 +6.0565e-01 +2.7772e+00
671 +2.067372560e+00 +2.067372560e+00 +1.345773726e+02 +1.345773726e+02 +7.2039e-01 +2.8365e+00
730 +1.573864510e+00 +1.573864510e+00 +1.340838645e+02 +1.340838645e+02 +7.1536e-01 +2.8045e+00
1222 +9.953332697e-01 +9.953332697e-01 +1.335053333e+02 +1.335053333e+02 +6.8870e-01 +2.8079e+00
1879 +4.076475407e-01 +4.076475407e-01 +1.329176475e+02 +1.329176475e+02 +1.5759e+00 +3.0371e+00
2059 +2.407242143e-01 +2.407242143e-01 +1.327507242e+02 +1.327507242e+02 +1.5766e+00 +3.0317e+00
2083 +8.486844154e-02 +8.486844154e-02 +1.325948684e+02 +1.325948684e+02 +1.5926e+00 +3.0367e+00
2337 +3.940266399e-02 +3.940266399e-02 +1.325494027e+02 +1.325494027e+02 +1.5955e+00 +3.0303e+00
2388 +4.109701423e-03 +4.109701423e-03 +1.325141097e+02 +1.325141097e+02 +1.6076e+00 +3.0355e+00
2565 +2.892123527e-03 +2.892123527e-03 +1.325128921e+02 +1.325128921e+02 +1.6044e+00 +3.0350e+00
2768 +2.200000865e-03 +2.200000865e-03 +1.325122000e+02 +1.325122000e+02 +1.6043e+00 +3.0352e+00
3291 +1.530521707e-03 +1.530521707e-03 +1.325115305e+02 +1.325115305e+02 +1.6043e+00 +3.0355e+00
3946 +9.301689242e-04 +9.301689242e-04 +1.325109302e+02 +1.325109302e+02 +1.6083e+00 +3.0373e+00
4020 +4.554048760e-04 +4.554048760e-04 +1.325104554e+02 +1.325104554e+02 +1.6079e+00 +3.0371e+00
4171 +3.889395743e-04 +3.889395743e-04 +1.325103889e+02 +1.325103889e+02 +1.6077e+00 +3.0372e+00
4641 +1.853430493e-04 +1.853430493e-04 +1.325101853e+02 +1.325101853e+02 +1.6073e+00 +3.0371e+00
4960 +1.456073366e-04 +1.456073366e-04 +1.325101456e+02 +1.325101456e+02 +1.6072e+00 +3.0371e+00
5149 +9.429036018e-05 +9.429036018e-05 +1.325100943e+02 +1.325100943e+02 +1.6071e+00 +3.0370e+00
5511 +3.955578782e-05 +3.955578782e-05 +1.325100396e+02 +1.325100396e+02 +1.6068e+00 +3.0369e+00
5747 +2.187208221e-05 +2.187208221e-05 +1.325100219e+02 +1.325100219e+02 +1.6067e+00 +3.0369e+00
5877 +1.220578102e-05 +1.220578102e-05 +1.325100122e+02 +1.325100122e+02 +1.6066e+00 +3.0369e+00
6052 +8.586774527e-06 +8.586774527e-06 +1.325100086e+02 +1.325100086e+02 +1.6065e+00 +3.0369e+00
6084 +5.242032387e-06 +5.242032387e-06 +1.325100052e+02 +1.325100052e+02 +1.6065e+00 +3.0368e+00
6173 +3.559535884e-06 +3.559535884e-06 +1.325100036e+02 +1.325100036e+02 +1.6065e+00 +3.0369e+00
6282 +4.186913998e-07 +4.186913998e-07 +1.325100004e+02 +1.325100004e+02 +1.6064e+00 +3.0368e+00
6318 +7.534410429e-08 +7.534410429e-08 +1.325100001e+02 +1.325100001e+02 +1.6064e+00 +3.0368e+00
6521 +5.197432529e-08 +5.197432529e-08 +1.325100001e+02 +1.325100001e+02 +1.6064e+00 +3.0368e+00
6729 +3.636250767e-08 +3.636250767e-08 +1.325100000e+02 +1.325100000e+02 +1.6064e+00 +3.0368e+00
6757 +2.428654966e-08 +2.428654966e-08 +1.325100000e+02 +1.325100000e+02 +1.6064e+00 +3.0368e+00
6860 +1.505014779e-08 +1.505014779e-08 +1.325100000e+02 +1.325100000e+02 +1.6064e+00 +3.0368e+00
7006 +6.971617950e-09 +6.971617950e-09 +1.325100000e+02 +1.325100000e+02 +1.6064e+00 +3.0368e+00
7055 +6.119847740e-09 +6.119847740e-09 +1.325100000e+02 +1.325100000e+02 +1.6064e+00 +3.0368e+00
7105 +1.999666210e-09 +1.999666210e-09 +1.325100000e+02 +1.325100000e+02 +1.6064e+00 +3.0368e+00
% function evaluation | noise-free fitness - Fopt (-2.401800000000e+02) | best noise-free fitness - Fopt | measured fitness | best measured fitness | x1 | x2...
1 +5.109383461e+01 +5.109383461e+01 -1.890861654e+02 -1.890861654e+02 -4.6086e-01 +4.0568e+00
2 +3.313590026e+01 +3.313590026e+01 -2.070440997e+02 -2.070440997e+02 -1.5852e+00 +3.1239e+00
10 +2.056595238e+01 +2.056595238e+01 -2.196140476e+02 -2.196140476e+02 -7.4063e-01 +4.6655e+00
65 +9.261416473e+00 +9.261416473e+00 -2.309185835e+02 -2.309185835e+02 -1.8548e+00 +4.1689e+00
279 +5.632093579e+00 +5.632093579e+00 -2.345479064e+02 -2.345479064e+02 -3.3735e+00 +3.4696e+00
1012 +3.936338720e+00 +3.936338720e+00 -2.362436613e+02 -2.362436613e+02 -2.6215e+00 +2.5967e+00
1566 +2.210158351e+00 +2.210158351e+00 -2.379698416e+02 -2.379698416e+02 -2.6716e+00 +2.6077e+00
3626 +8.662271079e-01 +8.662271079e-01 -2.393137729e+02 -2.393137729e+02 -3.3257e+00 +2.4902e+00
3826 +3.181264771e-01 +3.181264771e-01 -2.398618735e+02 -2.398618735e+02 -3.3297e+00 +2.4975e+00
3949 +1.653035262e-01 +1.653035262e-01 -2.400146965e+02 -2.400146965e+02 -3.3317e+00 +2.5013e+00
3954 +1.981596330e-02 +1.981596330e-02 -2.401601840e+02 -2.401601840e+02 -3.3362e+00 +2.5061e+00
4020 +7.382863844e-04 +7.382863844e-04 -2.401792617e+02 -2.401792617e+02 -3.3324e+00 +2.5144e+00
4248 +1.304342683e-05 +1.304342683e-05 -2.401799870e+02 -2.401799870e+02 -3.3337e+00 +2.5126e+00
4339 +1.881826933e-06 +1.881826933e-06 -2.401799981e+02 -2.401799981e+02 -3.3336e+00 +2.5128e+00
4712 +3.767179066e-07 +3.767179066e-07 -2.401799996e+02 -2.401799996e+02 -3.3336e+00 +2.5128e+00
5260 +2.510102775e-07 +2.510102775e-07 -2.401799997e+02 -2.401799997e+02 -3.3336e+00 +2.5128e+00
5393 +4.148370181e-08 +4.148370181e-08 -2.401800000e+02 -2.401800000e+02 -3.3336e+00 +2.5128e+00
5614 +3.630611900e-08 +3.630611900e-08 -2.401800000e+02 -2.401800000e+02 -3.3336e+00 +2.5128e+00
5617 +2.121885245e-08 +2.121885245e-08 -2.401800000e+02 -2.401800000e+02 -3.3336e+00 +2.5128e+00
6070 +1.470149869e-08 +1.470149869e-08 -2.401800000e+02 -2.401800000e+02 -3.3336e+00 +2.5128e+00
6132 +7.384784340e-09 +7.384784340e-09 -2.401800000e+02 -2.401800000e+02 -3.3336e+00 +2.5128e+00
% function evaluation | noise-free fitness - Fopt (-3.941600000000e+02) | best noise-free fitness - Fopt | measured fitness | best measured fitness | x1 | x2...
1 +2.303833470e+02 +2.303833470e+02 -1.637766530e+02 -1.637766530e+02 -3.4208e-01 +1.5465e+00
2 +8.003660808e+01 +8.003660808e+01 -3.141233919e+02 -3.141233919e+02 -3.3702e+00 +2.0309e+00
6 +5.899584504e+01 +5.899584504e+01 -3.351641550e+02 -3.351641550e+02 -9.2238e-01 -2.6114e+00
10 +1.189280810e+01 +1.189280810e+01 -3.822671919e+02 -3.822671919e+02 -3.0126e+00 -2.9596e+00
19 +2.850292995e+00 +2.850292995e+00 -3.913097070e+02 -3.913097070e+02 -2.5625e+00 -3.1975e+00
24 +1.093287868e+00 +1.093287868e+00 -3.930667121e+02 -3.930667121e+02 -2.9012e+00 -3.5796e+00
393 +5.193900172e-01 +5.193900172e-01 -3.936406100e+02 -3.936406100e+02 -2.8968e+00 -3.5629e+00
545 +3.077397394e-01 +3.077397394e-01 -3.938522603e+02 -3.938522603e+02 -2.8957e+00 -3.5593e+00
634 +1.803154938e-02 +1.803154938e-02 -3.941419685e+02 -3.941419685e+02 -2.8892e+00 -3.5460e+00
755 +1.019064032e-02 +1.019064032e-02 -3.941498094e+02 -3.941498094e+02 -2.8851e+00 -3.5465e+00
884 +7.574646151e-03 +7.574646151e-03 -3.941524254e+02 -3.941524254e+02 -2.8888e+00 -3.5371e+00
941 +3.373683955e-03 +3.373683955e-03 -3.941566263e+02 -3.941566263e+02 -2.8875e+00 -3.5404e+00
1024 +1.898946816e-03 +1.898946816e-03 -3.941581011e+02 -3.941581011e+02 -2.8904e+00 -3.5386e+00
1379 +1.522564197e-03 +1.522564197e-03 -3.941584774e+02 -3.941584774e+02 -2.8873e+00 -3.5429e+00
1918 +8.782668463e-04 +8.782668463e-04 -3.941591217e+02 -3.941591217e+02 -2.8882e+00 -3.5406e+00
2090 +4.159750764e-04 +4.159750764e-04 -3.941595840e+02 -3.941595840e+02 -2.8883e+00 -3.5408e+00
2202 +6.812608558e-05 +6.812608558e-05 -3.941599319e+02 -3.941599319e+02 -2.8885e+00 -3.5409e+00
2374 +7.293146950e-06 +7.293146950e-06 -3.941599927e+02 -3.941599927e+02 -2.8887e+00 -3.5410e+00
2396 +6.064168872e-06 +6.064168872e-06 -3.941599939e+02 -3.941599939e+02 -2.8888e+00 -3.5409e+00
2502 +2.725722425e-06 +2.725722425e-06 -3.941599973e+02 -3.941599973e+02 -2.8889e+00 -3.5408e+00
2668 +1.183318716e-06 +1.183318716e-06 -3.941599988e+02 -3.941599988e+02 -2.8888e+00 -3.5408e+00
2872 +2.233780378e-07 +2.233780378e-07 -3.941599998e+02 -3.941599998e+02 -2.8888e+00 -3.5408e+00
3026 +1.540599328e-07 +1.540599328e-07 -3.941599998e+02 -3.941599998e+02 -2.8888e+00 -3.5408e+00
3081 +3.659710046e-08 +3.659710046e-08 -3.941600000e+02 -3.941600000e+02 -2.8888e+00 -3.5408e+00
3588 +1.679825345e-08 +1.679825345e-08 -3.941600000e+02 -3.941600000e+02 -2.8888e+00 -3.5408e+00
3700 +6.392212981e-09 +6.392212981e-09 -3.941600000e+02 -3.941600000e+02 -2.8888e+00 -3.5408e+00
