% function evaluation | noise-free fitness - Fopt (-4.620900000000e+02) | best noise-free fitness - Fopt | measured fitness | best measured fitness | x1 | x2...
1 +8.633683325e+02 +8.633683325e+02 +4.012783325e+02 +4.012783325e+02 +4.5845e+00 +3.3484e+00 -4.6920e+00 -3.7569e+00 -1.8770e+00 -3.6105e+00 -4.9543e+00 -1.3116e+00 +4.1603e+00 -6.3320e-02
3 +5.023016202e+02 +5.023016202e+02 +4.021162021e+01 +4.021162021e+01 -1.0736e-01 +1.2566e+00 -4.9179e+00 -4.4807e+00 +4.0663e+00 +2.7585e+00 +9.5271e-01 -1.5869e+00 +2.2680e+00 -3.6816e+00
12 +3.003864549e+02 +3.003864549e+02 -1.617035451e+02 -1.617035451e+02 -3.3375e+00 -3.8330e+00 -1.5189e+00 -9.4192e-01 +1.2688e+00 +2.7551e+00 +2.3817e-01 -9.0993e-01 +1.5226e+00 -1.7161e+00
49 +2.224882701e+02 +2.224882701e+02 -2.396017299e+02 -2.396017299e+02 -2.9317e+00 +7.9550e-01 +3.0973e+00 +3.7331e+00 +3.0563e+00 +3.4680e+00 +1.2604e-01 -7.4756e-01 +3.8955e-01 -1.0953e+00
% function evaluation | noise-free fitness - Fopt (7.766000000000e+01) | best noise-free fitness - Fopt | measured fitness | best measured fitness | x1 | x2...
1 +6.154127929e+02 +6.154127929e+02 +6.930727929e+02 +6.930727929e+02 +2.8418e+00 -4.2178e+00 -5.2768e-01 +3.5572e-01 +4.7480e-01 -3.8461e+00 -2.7064e+00 -3.5825e+00 -4.3366e+00 -1.3684e+00
26 +2.341761603e+02 +2.341761603e+02 +3.118361603e+02 +3.118361603e+02 +2.3466e-01 +7.3711e-01 +1.8779e+00 +4.2517e+00 +1.1537e-01 +2.3110e+00 -1.7063e+00 -1.8739e+00 +1.0332e+00 -3.2850e+00
% function evaluation | noise-free fitness - Fopt (1.156800000000e+02) | best noise-free fitness - Fopt | measured fitness | best measured fitness | x1 | x2...
1 +1.283977067e+03 +1.283977067e+03 +1.399657067e+03 +1.399657067e+03 +1.2859e+00 -4.4278e+00 -4.5364e+00 +4.4832e+00 -1.9017e+00 +3.8030e+00 +1.9419e+00 +4.5244e+00 -2.3479e+00 -1.5083e+00
2 +9.487379718e+02 +9.487379718e+02 +1.064417972e+03 +1.064417972e+03 -2.0310e+00 -3.4635e+00 +4.0780e-01 -3.0537e+00 -2.0510e-01 +2.6626e+00 -3.8941e+00 -8.1039e-01 -8.0191e-01 +1.0993e+00
31 +5.304565169e+02 +5.304565169e+02 +6.461365169e+02 +6.461365169e+02 +1.2380e+00 -2.3367e+00 +2.5198e+00 -4.7425e+00 -3.5168e+00 -2.2408e-01 -4.7624e-01 +2.9693e+00 -8.1189e-01 -1.6380e-01
84 +3.742882082e+02 +3.742882082e+02 +4.899682082e+02 +4.899682082e+02 +1.4092e+00 +5.6067e-01 -2.8450e+00 -4.4866e+00 -3.2903e+00 -3.3588e+00 -1.3840e+00 +1.2023e+00 -3.1633e+00 -4.7623e+00
% function evaluation | noise-free fitness - Fopt (-3.710000000000e+00) | best noise-free fitness - Fopt | measured fitness | best measured fitness | x1 | x2...
1 +2.474054063e+03 +2.474054063e+03 +2.470344063e+03 +2.470344063e+03 -4.0218e+00 +7.1118e-02 +2.4697e+00 +4.3750e+00 -3.5625e+00 -1.7841e+00 -2.1262e+00 -7.7929e-01 +4.0597e+00 -4.0990e+00
2 +1.254596106e+03 +1.254596106e+03 +1.250886106e+03 +1.250886106e+03 -4.0092e+00 -2.1312e-01 +6.5042e-01 -4.0627e+00 +1.0123e+00 -4.1870e+00 +7.3340e-01 -9.3911e-01 +2.6593e+00 -1.4665e+00
3 +5.126709280e+02 +5.126709280e+02 +5.089609280e+02 +5.089609280e+02 +1.9428e+00 -4.3297e-01 -1.4086e+00 +4.7184e+00 +4.2298e+00 -2.0701e+00 -1.3518e-01 -2.0958e+00 +9.6965e-01 +3.3385e+00
24 +3.689209609e+02 +3.689209609e+02 +3.652109609e+02 +3.652109609e+02 -2.7152e+00 -2.9119e+00 -3.3167e+00 -2.1832e-01 +2.9412e+00 +2.4667e+00 -4.1434e+00 -2.6306e+00 -3.0649e+00 +2.4443e+00
% function evaluation | noise-free fitness - Fopt (1.321800000000e+02) | best noise-free fitness - Fopt | measured fitness | best measured fitness | x1 | x2...
1 +5.871054550e+02 +5.871054550e+02 +7.192854550e+02 +7.192854550e+02 -3.9447e-01 -1.3719e+00 -1.7022e+00 +1.6280e+00 -2.5360e+00 +2.9917e+00 -3.5900e+00 +1.7527e+00 +2.7671e+00 -4.4963e+00
14 +2.845706513e+02 +2.845706513e+02 +4.167506513e+02 +4.167506513e+02 -1.6320e+00 +2.0559e+00 +3.9159e+00 +3.2466e-01 -1.4979e+00 -2.6751e+00 +1.2838e+00 -2.0629e+00 +1.1195e+00 -5.6369e-01
15 +1.882434228e+02 +1.882434228e+02 +3.204234228e+02 +3.204234228e+02 -2.6840e+00 +1.4688e+00 +4.3776e+00 -3.4619e+00 -3.8212e+00 -3.4921e+00 -1.3906e+00 -1.9091e+00 +2.4079e+00 -8.0123e-01
% function evaluation | noise-free fitness - Fopt (-4.174000000000e+01) | best noise-free fitness - Fopt | measured fitness | best measured fitness | x1 | x2...
1 +1.864899256e+03 +1.864899256e+03 +1.823159256e+03 +1.823159256e+03 -3.0526e+00 -6.4933e-01 +1.4136e+00 -9.7440e-01 +3.8522e+00 +3.3456e+00 -3.0341e+00 -1.2432e+00 +4.2061e+00 +1.1263e+00
2 +4.744784735e+02 +4.744784735e+02 +4.327384735e+02 +4.327384735e+02 +2.9840e+00 +2.2957e+00 +4.1347e+00 +8.3372e-01 +3.1847e+00 -3.5492e+00 -3.5989e+00 -4.0384e+00 -1.5041e+00 +1.6248e+00
3 +3.913006484e+02 +3.913006484e+02 +3.495606484e+02 +3.495606484e+02 +2.3873e+00 +5.4731e-01 +3.1041e+00 -1.5005e+00 -4.1322e-01 +1.4733e+00 +2.2760e+00 -1.9009e+00 -4.1175e+00 +6.0891e-02
28 +1.914434543e+02 +1.914434543e+02 +1.497034543e+02 +1.497034543e+02 +3.9325e+00 +3.8904e-01 -3.3514e+00 +2.2080e+00 -1.1344e+00 +9.1244e-01 +1.5790e+00 -6.9444e-01 -2.8584e+00 +2.5574e+00
% function evaluation | noise-free fitness - Fopt (-4.948600000000e+02) | best noise-free fitness - Fopt | measured fitness | best measured fitness | x1 | x2...
1 +1.179294620e+03 +1.179294620e+03 +6.844346195e+02 +6.844346195e+02 -3.3720e+00 -9.8499e-01 -1.4885e+00 +8.8273e-03 +1.6494e+00 -2.4595e+00 +2.8223e+00 -3.4018e+00 +4.5306e-01 -4.5764e+00
2 +3.949351734e+02 +3.949351734e+02 -9.992482658e+01 -9.992482658e+01 -2.3503e+00 -4.5023e+00 -4.9350e+00 -8.9386e-01 -2.7001e+00 -4.8293e+00 -3.8092e-01 -3.5228e-01 -2.1934e+00 +1.3000e+00
9 +2.354989635e+02 +2.354989635e+02 -2.593610365e+02 -2.593610365e+02 +3.6459e+00 +1.3435e+00 +4.6994e+00 -4.9980e-01 -5.1884e-01 -4.2743e+00 +9.9093e-01 -2.2402e+00 +2.6345e-01 +2.2955e+00
% function evaluation | noise-free fitness - Fopt (3.484000000000e+02) | best noise-free fitness - Fopt | measured fitness | best measured fitness | x1 | x2...
1 +3.840310751e+02 +3.840310751e+02 +7.324310751e+02 +7.324310751e+02 -3.0459e+00 -1.5001e+00 +1.1422e+00 -2.2023e+00 -3.2967e-01 -4.5427e-01 -2.1393e+00 -2.8610e+00 +4.0756e+00 +6.7446e-02
74 +2.401971685e+02 +2.401971685e+02 +5.885971685e+02 +5.885971685e+02 +8.1232e-01 +2.8226e+00 +2.6708e+00 -4.2284e+00 -3.0541e+00 -2.4839e+00 +1.9621e+00 -4.6390e-01 +2.3895e+00 +1.8869e+00
% function evaluation | noise-free fitness - Fopt (3.770000000000e+00) | best noise-free fitness - Fopt | measured fitness | best measured fitness | x1 | x2...
1 +1.164382105e+03 +1.164382105e+03 +1.168152105e+03 +1.168152105e+03 -1.2620e+00 -2.6879e+00 +4.8533e+00 -6.7423e-01 +4.8844e+00 +6.8935e-01 +1.7152e+00 -8.2847e-01 -5.0495e-01 -3.2064e+00
4 +8.932643159e+02 +8.932643159e+02 +8.970343159e+02 +8.970343159e+02 -2.3301e-02 -4.9853e+00 +1.1585e+00 -9.6187e-02 -2.0645e+00 +2.4445e-01 +1.4523e+00 -4.6786e-01 +1.2984e+00 -2.2172e-01
6 +5.969817716e+02 +5.969817716e+02 +6.007517716e+02 +6.007517716e+02 -4.4899e+00 +1.1937e+00 +3.5550e+00 +1.9513e+00 +1.5157e+00 +2.1703e+00 +2.8027e+00 +3.9081e+00 -4.3051e+00 +1.6539e+00
38 +2.856173003e+02 +2.856173003e+02 +2.893873003e+02 +2.893873003e+02 +4.8924e+00 -4.6807e+00 -3.4542e-01 -4.6946e-01 -3.4321e-01 +1.5360e-01 +2.7086e+00 +2.2291e+00 -4.3515e+00 -3.3872e+00
% function evaluation | noise-free fitness - Fopt (3.770000000000e+01) | best noise-free fitness - Fopt | measured fitness | best measured fitness | x1 | x2...
1 +1.653189314e+03 +1.653189314e+03 +1.690889314e+03 +1.690889314e+03 -4.0953e+00 -1.1210e+00 -1.1987e+00 +3.2274e+00 +4.6693e+00 -4.3462e+00 +3.3545e+00 +1.0993e+00 -4.7710e+00 +2.5103e+00
2 +9.156326305e+02 +9.156326305e+02 +9.533326305e+02 +9.533326305e+02 -8.1410e-01 -3.0780e+00 +2.2898e+00 +3.8430e+00 -2.5134e+00 -3.3433e+00 +1.0025e+00 +8.2545e-01 +1.8530e+00 -9.2830e-01
11 +6.150521744e+02 +6.150521744e+02 +6.527521744e+02 +6.527521744e+02 -3.6451e+00 -2.7618e+00 -2.4494e+00 +6.1899e-01 +3.3087e+00 -2.6468e+00 +4.9804e+00 -1.1029e+00 -1.6722e+00 -1.5050e+00
15 +2.547796995e+02 +2.547796995e+02 +2.924796995e+02 +2.924796995e+02 +4.2190e+00 -2.7688e+00 -1.3711e+00 -3.9132e-01 +7.6477e-01 +3.2351e+00 +3.4722e+00 -4.6313e+00 +1.4062e-01 +3.9277e-02
69 +2.408446063e+02 +2.408446063e+02 +2.785446063e+02 +2.785446063e+02 -4.2767e+00 +9.1812e-01 -3.4742e+00 -4.7831e+00 +8.2786e-03 +1.6901e-01 +1.8570e+00 -4.2986e+00 +4.7613e+00 -2.2253e+00
% function evaluation | noise-free fitness - Fopt (6.956900000000e+02) | best noise-free fitness - Fopt | measured fitness | best measured fitness | x1 | x2...
1 +6.645971052e+02 +6.645971052e+02 +1.360287105e+03 +1.360287105e+03 +4.3970e+00 -9.2370e-01 -3.8338e-01 -2.2236e-01 -1.0379e+00 -4.9638e+00 +4.0370e+00 -4.9954e+00 -4.2851e+00 -2.7961e+00
7 +5.896225257e+02 +5.896225257e+02 +1.285312526e+03 +1.285312526e+03 +3.0166e+00 -2.1897e+00 +4.3598e+00 +4.8258e+00 -4.4611e+00 -3.9328e+00 +1.4241e+00 +1.8002e+00 +3.2382e+00 +1.8272e+00
32 +3.788054489e+02 +3.788054489e+02 +1.074495449e+03 +1.074495449e+03 +2.6093e+00 +6.8815e-01 +1.8776e+00 +4.4674e+00 -2.7362e+00 -2.4336e+00 +3.0026e-01 -1.4669e+00 +2.1591e+00 -3.5618e+00
% function evaluation | noise-free fitness - Fopt (-1.180300000000e+02) | best noise-free fitness - Fopt | measured fitness | best measured fitness | x1 | x2...
1 +3.215952208e+03 +3.215952208e+03 +3.097922208e+03 +3.097922208e+03 -3.9420e+00 -3.5060e+00 +2.0234e-01 -1.5654e+00 +2.6782e+00 +1.0241e-01 +2.4080e+00 -4.4724e+00 +4.3194e+00 +1.8851e+00
2 +6.647766741e+02 +6.647766741e+02 +5.467466741e+02 +5.467466741e+02 -3.4656e+00 -2.5931e+00 -4.3959e+00 +2.4587e+00 +2.3549e+00 -7.9043e-01 -4.2628e+00 +3.8719e+00 -1.7126e+00 +5.4492e-01
6 +3.300370876e+02 +3.300370876e+02 +2.120070876e+02 +2.120070876e+02 -2.2800e+00 +4.5324e+00 +2.6822e+00 +7.3173e-01 -3.9924e+00 -3.1229e+00 -2.9401e+00 -1.8998e+00 -1.6715e+00 -2.2905e+00
32 +2.238776336e+02 +2.238776336e+02 +1.058476336e+02 +1.058476336e+02 -3.0774e+00 +2.4809e+00 +1.4295e+00 -1.1203e-01 -7.4510e-01 +6.4629e-01 -2.1168e+00 -6.6653e-01 -1.2272e+00 +1.9269e-01
% function evaluation | noise-free fitness - Fopt (4.816000000000e+01) | best noise-free fitness - Fopt | measured fitness | best measured fitness | x1 | x2...
1 +2.511698162e+03 +2.511698162e+03 +2.559858162e+03 +2.559858162e+03 -3.0511e+00 +1.6559e+00 -4.5709e+00 -4.7593e+00 +2.0706e-01 +1.3945e-01 +4.5185e+00 +7.8976e-01 +4.9375e+00 -3.0255e+00
3 +9.864645817e+02 +9.864645817e+02 +1.034624582e+03 +1.034624582e+03 -9.8369e-01 -2.4906e+00 -1.7485e+00 +2.7448e+00 -3.6392e+00 +4.4228e-03 -1.5628e+00 +4.3571e+00 -3.0321e+00 -4.0237e+00
4 +4.634244692e+02 +4.634244692e+02 +5.115844692e+02 +5.115844692e+02 +2.5866e+00 +3.8084e+00 -5.9709e-01 -4.7362e-01 -4.2607e+00 +1.5377e+00 +5.8045e-01 -9.9626e-01 -4.0021e+00 +9.9502e-01
7 +3.953133368e+02 +3.953133368e+02 +4.434733368e+02 +4.434733368e+02 +5.3381e-02 +1.1911e-02 +9.8690e-01 -3.2256e+00 -7.8878e-01 -4.5226e-01 -2.1742e+00 +2.8529e+00 -6.4562e-01 -1.7503e+00
% function evaluation | noise-free fitness - Fopt (8.384000000000e+01) | best noise-free fitness - Fopt | measured fitness | best measured fitness | x1 | x2...
1 +1.269962823e+03 +1.269962823e+03 +1.353802823e+03 +1.353802823e+03 -2.4626e+00 -3.6066e+00 -4.6373e+00 +2.5984e+00 +3.9316e+00 -2.4138e+00 -3.3140e+00 -1.2341e+00 +3.3993e+00 +1.7801e+00
4 +3.975242665e+02 +3.975242665e+02 +4.813642665e+02 +4.813642665e+02 +5.7408e-01 -2.8912e+00 +4.9518e+00 +2.4999e+00 -3.5734e+00 -8.6171e-01 +1.6315e+00 -1.0704e-01 -1.8108e+00 -1.2300e+00
40 +1.743223976e+02 +1.743223976e+02 +2.581623976e+02 +2.581623976e+02 -8.1186e-01 +2.2929e+00 -8.8262e-01 -5.8798e-01 +7.7966e-02 -1.0498e+00 -1.0077e-01 -2.6951e+00 -8.1842e-01 -2.3712e+00
% function evaluation | noise-free fitness - Fopt (1.536000000000e+01) | best noise-free fitness - Fopt | measured fitness | best measured fitness | x1 | x2...
1 +3.152830172e+03 +3.152830172e+03 +3.168190172e+03 +3.168190172e+03 -3.2302e+00 +4.7312e+00 +3.9446e+00 +3.8420e+00 -4.5334e+00 +2.9637e+00 +8.6645e-01 +4.9630e+00 +2.6557e+00 -4.5766e+00
2 +9.523088358e+02 +9.523088358e+02 +9.676688358e+02 +9.676688358e+02 -4.4923e+00 -1.2033e+00 +2.5078e+00 -3.3211e+00 +3.8778e+00 +1.1310e+00 -2.1310e+00 -4.6990e+00 +1.9859e+00 -2.0607e+00
3 +6.216803261e+02 +6.216803261e+02 +6.370403261e+02 +6.370403261e+02 -9.4378e-01 -3.4595e+00 -3.8022e+00 +3.9244e+00 -3.5266e+00 -4.0692e+00 +1.4379e+00 -4.0919e+00 -3.7660e+00 -8.6337e-01
10 +2.838129162e+02 +2.838129162e+02 +2.991729162e+02 +2.991729162e+02 +2.1171e+00 -7.8363e-04 -5.1509e-01 -4.0903e-01 +1.5015e-01 -1.3659e-01 -1.7402e+00 +6.8594e-01 -9.2846e-01 -3.5355e+00
37 +1.757944962e+02 +1.757944962e+02 +1.911544962e+02 +1.911544962e+02 +4.6632e+00 -1.5298e+00 +1.1969e+00 -3.2885e+00 -6.9356e-01 -3.3211e+00 -8.0702e-01 -1.4664e+00 -9.2086e-01 -3.8145e+00
