% function evaluation | noise-free fitness - Fopt (-5.494000000000e+01) | best noise-free fitness - Fopt | measured fitness | best measured fitness | x1 | x2...
1 +1.297084534e+07 +1.297084534e+07 +1.297079040e+07 +1.297079040e+07 +4.1167e+00 -2.5206e+00 +4.1160e+00 -1.8612e+00 +3.8100e+00 -3.2296e+00 +7.0843e-01 +6.1229e-02 -2.0230e+00 -1.9247e+00
3 +2.357142922e+06 +2.357142922e+06 +2.357087982e+06 +2.357087982e+06 +2.8365e-01 +3.0251e+00 +1.6556e+00 +4.7110e-01 +4.1053e+00 +3.5280e+00 -1.0862e-01 -2.3050e+00 -4.1664e+00 -2.9246e+00
50 +1.465892501e+06 +1.465892501e+06 +1.465837561e+06 +1.465837561e+06 +1.3715e+00 -3.1137e+00 +6.6151e-01 +3.8565e+00 -7.9478e-01 +6.7656e-02 -4.1804e+00 -4.7387e+00 -3.5254e-01 +1.8710e-01
184 +7.441614343e+05 +7.441614343e+05 +7.441064943e+05 +7.441064943e+05 +1.1049e+00 -3.5915e+00 -1.0142e+00 +3.7523e+00 +2.4695e+00 +2.4539e+00 -5.5785e-01 +1.2354e+00 -6.5806e-01 +2.0954e+00
277 +1.450866459e+05 +1.450866459e+05 +1.450317059e+05 +1.450317059e+05 -2.3839e+00 +1.9670e-02 +1.3476e+00 +3.6714e-01 +2.8871e+00 +2.2742e+00 -2.2501e+00 +1.3692e+00 +5.4509e-01 +1.3251e+00
1242 +9.951735926e+04 +9.951735926e+04 +9.946241926e+04 +9.946241926e+04 +1.6383e+00 -1.4166e+00 +5.0000e+00 -3.0934e+00 +4.2405e+00 +3.1697e+00 -3.6353e-01 -2.2849e+00 +1.2806e+00 +2.3759e+00
2111 +6.196308030e+04 +6.196308030e+04 +6.190814030e+04 +6.190814030e+04 -6.1786e-01 -1.8370e+00 -5.0395e-01 +5.0000e+00 +1.5691e+00 +3.8311e+00 -2.2615e+00 +2.1118e+00 +4.4939e-01 +9.0386e-01
2155 +2.864642112e+04 +2.864642112e+04 +2.859148112e+04 +2.859148112e+04 +1.8889e+00 -2.4892e+00 +1.6582e+00 -2.3683e+00 +7.4122e-01 +5.0000e+00 -4.2674e+00 -1.9199e+00 +6.7514e-01 +4.6194e+00
5390 +2.139468931e+04 +2.139468931e+04 +2.133974931e+04 +2.133974931e+04 +1.8073e+00 -2.3245e+00 -1.0240e+00 +5.0000e+00 +2.7941e+00 +3.0333e+00 -1.5053e+00 +6.1323e-01 +3.8701e-01 +2.5938e+00
12600 +1.540360111e+04 +1.540360111e+04 +1.534866111e+04 +1.534866111e+04 +2.3542e+00 -2.0463e-01 +7.7090e-01 -7.0321e-01 +4.3582e+00 +4.1400e-01 -4.1423e+00 -3.1182e+00 +3.4027e+00 +5.0000e+00
14143 +6.737307580e+03 +6.737307580e+03 +6.682367580e+03 +6.682367580e+03 +1.3070e+00 -8.9289e-01 +5.2562e-01 +4.4750e+00 +4.7901e+00 +1.7093e+00 +1.1564e+00 +1.0866e+00 -2.7583e+00 +3.7339e+00
19258 +5.588466189e+03 +5.588466189e+03 +5.533526189e+03 +5.533526189e+03 -1.0398e-02 -2.1634e+00 -2.7744e-01 +3.9137e+00 +3.0850e+00 +4.2489e+00 +2.6457e-01 +1.2290e+00 -4.2244e+00 +2.9265e+00
% function evaluation | noise-free fitness - Fopt (5.913000000000e+01) | best noise-free fitness - Fopt | measured fitness | best measured fitness | x1 | x2...
1 +7.063649811e+06 +7.063649811e+06 +7.063708941e+06 +7.063708941e+06 +3.3447e+00 +3.0788e+00 +2.9996e-01 +2.0818e+00 -2.6323e+00 +2.0457e+00 +3.9043e+00 +4.6088e+00 -3.4927e+00 -1.9894e+00
11 +2.640508119e+06 +2.640508119e+06 +2.640567249e+06 +2.640567249e+06 +3.4528e+00 +1.4346e+00 +1.1144e+00 -9.7958e-02 +1.0712e+00 -1.4301e+00 -5.9176e-01 +9.7773e-01 +7.6783e-01 +3.9374e+00
17 +1.517255902e+06 +1.517255902e+06 +1.517315032e+06 +1.517315032e+06 +2.6435e+00 +9.3578e-01 +5.8504e-01 -1.5410e+00 +3.9048e+00 +8.6400e-01 +2.9617e+00 -2.7780e+00 -1.6280e+00 +4.8516e+00
85 +7.634999038e+05 +7.634999038e+05 +7.635590338e+05 +7.635590338e+05 +4.0709e+00 +9.3151e-01 +2.5548e+00 -2.3124e+00 -2.6800e+00 -2.6764e+00 +4.4644e+00 -1.2447e+00 -4.3336e+00 +9.8718e-01
119 +4.618572894e+05 +4.618572894e+05 +4.619164194e+05 +4.619164194e+05 -3.2120e+00 +3.5182e+00 -4.8842e+00 -3.2645e+00 +1.1484e+00 +2.5397e+00 -2.4456e+00 +3.8961e+00 -3.5529e+00 +4.5366e+00
538 +2.352360548e+05 +2.352360548e+05 +2.352951848e+05 +2.352951848e+05 +1.8822e+00 +1.9411e+00 +1.0942e+00 -3.7130e+00 +6.7081e-02 -1.5710e+00 +2.2986e+00 -1.4514e+00 -1.8800e+00 +5.0000e+00
1509 +1.527815797e+05 +1.527815797e+05 +1.528407097e+05 +1.528407097e+05 +1.9969e+00 +6.6502e-01 +1.2969e+00 +1.2617e+00 -1.6959e+00 +4.3607e-01 +5.0000e+00 -5.0000e+00 -3.5187e+00 +5.0000e+00
1861 +8.472537271e+04 +8.472537271e+04 +8.478450271e+04 +8.478450271e+04 -3.7014e+00 +2.3615e+00 -4.8106e+00 -3.4041e+00 +2.6161e+00 +2.0322e+00 -2.7184e+00 +4.9779e+00 -1.2958e+00 +5.0000e+00
2082 +3.846170339e+04 +3.846170339e+04 +3.852083339e+04 +3.852083339e+04 +5.0000e+00 -9.7462e-01 +2.4524e+00 +8.2552e-01 -5.0000e+00 +1.4465e+00 -5.0000e+00 +4.3084e+00 -2.9071e+00 +3.1413e+00
6974 +2.359597060e+04 +2.359597060e+04 +2.365510060e+04 +2.365510060e+04 -3.0605e+00 +1.2190e+00 -1.8828e+00 +2.4927e-01 +4.7243e-01 +6.1078e-01 -9.2897e-01 +2.4236e+00 -3.0664e-01 +5.0000e+00
13823 +1.070872685e+04 +1.070872685e+04 +1.076785685e+04 +1.076785685e+04 +5.0000e+00 -3.4963e+00 -1.1878e-01 +5.4983e-01 +3.1453e+00 -8.0165e-01 -4.5297e+00 +5.0000e+00 -5.0000e+00 +4.3928e+00
% function evaluation | noise-free fitness - Fopt (-4.915300000000e+02) | best noise-free fitness - Fopt | measured fitness | best measured fitness | x1 | x2...
1 +1.377720236e+07 +1.377720236e+07 +1.377671083e+07 +1.377671083e+07 -7.9747e-01 +8.3955e-02 +3.9879e+00 +4.3860e+00 -2.0913e-01 +1.3788e+00 +7.1257e-01 -3.2236e-01 +1.4147e+00 +1.6426e+00
2 +1.814668098e+06 +1.814668098e+06 +1.814176568e+06 +1.814176568e+06 -4.2707e+00 -3.3779e+00 -3.7069e-01 -1.9882e+00 +1.8225e+00 -3.6345e+00 +8.4146e-01 +3.3008e+00 -1.4597e+00 +3.0125e+00
20 +1.523752470e+06 +1.523752470e+06 +1.523260940e+06 +1.523260940e+06 +3.3633e+00 -3.5633e+00 +2.6993e+00 -2.3306e+00 -3.6196e+00 +1.5909e+00 -2.4388e+00 -6.5454e-01 +2.2647e+00 -3.8672e+00
38 +4.604918263e+05 +4.604918263e+05 +4.600002963e+05 +4.600002963e+05 +4.3358e+00 -2.8355e+00 -2.1332e+00 +3.4785e+00 -2.2315e+00 -2.0867e+00 -3.5857e+00 +1.0790e+00 -4.2332e-01 -4.5366e+00
142 +9.238432106e+04 +9.238432106e+04 +9.189279106e+04 +9.189279106e+04 +2.2540e+00 -2.3774e+00 +1.4462e+00 -3.3368e+00 +3.3320e+00 -3.4318e+00 +3.5154e+00 -1.1313e+00 +1.0439e+00 -2.7753e+00
2035 +5.440234838e+04 +5.440234838e+04 +5.391081838e+04 +5.391081838e+04 +2.8913e+00 -1.2222e+00 -3.1725e+00 +8.5803e-01 -1.8791e+00 -1.8748e+00 -3.1021e+00 +1.8871e+00 -4.7909e-01 -2.5164e+00
2422 +3.053798204e+04 +3.053798204e+04 +3.004645204e+04 +3.004645204e+04 +2.1390e+00 +2.3717e+00 -1.5419e+00 -2.0107e+00 +3.8785e+00 -4.2137e+00 +4.1924e-01 +2.2389e+00 -3.3952e+00 +4.0341e+00
4566 +1.814877173e+04 +1.814877173e+04 +1.765724173e+04 +1.765724173e+04 +4.5404e+00 -5.0000e+00 -2.6466e+00 +3.4866e+00 -2.3633e+00 -3.6515e-01 -4.3179e+00 +9.1160e-02 -1.7917e-01 -4.4669e+00
9780 +7.985388031e+03 +7.985388031e+03 +7.493858031e+03 +7.493858031e+03 +2.2438e+00 -1.4540e+00 -4.6420e+00 +2.1900e+00 -4.4170e+00 -5.0531e-01 -4.9158e+00 +2.6136e+00 -3.3322e+00 -2.5177e+00
% function evaluation | noise-free fitness - Fopt (-1.702000000000e+02) | best noise-free fitness - Fopt | measured fitness | best measured fitness | x1 | x2...
1 +7.354065446e+06 +7.354065446e+06 +7.353895246e+06 +7.353895246e+06 +2.7048e+00 +1.5968e+00 +4.7843e+00 +4.3722e+00 +3.4195e+00 +1.0381e+00 +4.4292e+00 +2.2724e+00 +4.2669e-01 -6.3721e-01
4 +4.657161001e+06 +4.657161001e+06 +4.656990801e+06 +4.656990801e+06 -2.5552e-01 -4.7464e+00 -2.3940e+00 +1.4709e+00 +3.5000e+00 +3.9458e-01 -4.5006e+00 +1.0954e+00 +1.3402e-01 +3.3115e+00
28 +2.105105717e+06 +2.105105717e+06 +2.104935517e+06 +2.104935517e+06 -4.5311e+00 -3.2503e+00 -8.3735e-01 +4.0456e-01 +3.6558e+00 +3.3924e+00 +1.1588e+00 +1.7417e+00 +2.7306e+00 +3.5704e+00
70 +1.200072427e+06 +1.200072427e+06 +1.199902227e+06 +1.199902227e+06 +2.2277e+00 -2.8986e+00 +4.1702e+00 +3.7487e+00 +4.0156e+00 -3.4670e+00 +2.1466e+00 -3.2291e+00 -4.3803e+00 +1.9616e+00
82 +4.471691322e+05 +4.471691322e+05 +4.469989322e+05 +4.469989322e+05 +1.7772e+00 -2.9879e-02 -1.9084e+00 -3.3081e-01 +8.7133e-01 +2.6806e+00 +5.9067e-01 +4.2879e+00 +2.1292e+00 +4.9316e+00
112 +3.884033190e+05 +3.884033190e+05 +3.882331190e+05 +3.882331190e+05 -1.3570e+00 -2.4358e+00 -3.9465e+00 +1.3472e+00 +4.0651e+00 +2.1698e+00 -8.0358e-01 +3.5938e+00 -3.7604e+00 +2.3114e+00
901 +2.275389579e+05 +2.275389579e+05 +2.273687579e+05 +2.273687579e+05 +2.7838e+00 -4.2082e+00 +4.1910e+00 +4.3242e+00 +4.2364e+00 +4.4339e+00 -1.1214e+00 -2.7555e+00 -3.2018e+00 -5.9679e-01
1630 +4.529857999e+04 +4.529857999e+04 +4.512837999e+04 +4.512837999e+04 -3.7450e+00 +1.1919e+00 -2.8117e+00 +4.2451e+00 +2.1075e+00 -2.7438e+00 +8.3079e-01 +5.0000e+00 -2.5613e+00 +4.1667e+00
3852 +3.077268296e+04 +3.077268296e+04 +3.060248296e+04 +3.060248296e+04 -5.0000e+00 +1.0992e+00 -3.8240e+00 +2.7931e+00 +3.1090e+00 -2.2578e+00 +3.1761e+00 +5.0000e+00 -1.7895e+00 +4.5133e+00
4274 +1.272039274e+04 +1.272039274e+04 +1.255019274e+04 +1.255019274e+04 -5.0000e+00 -2.9813e-01 -5.0000e+00 +2.3949e+00 +3.7784e+00 -3.1291e+00 +2.9735e+00 +5.0000e+00 -3.9608e+00 +5.0000e+00
% function evaluation | noise-free fitness - Fopt (-4.697500000000e+02) | best noise-free fitness - Fopt | measured fitness | best measured fitness | x1 | x2...
1 +1.529275301e+06 +1.529275301e+06 +1.528805551e+06 +1.528805551e+06 -2.1497e+00 -1.6698e+00 -2.1477e+00 +4.5778e+00 +2.3973e+00 -4.6050e+00 -1.2670e-01 +1.7600e+00 +1.7689e+00 -1.8698e+00
31 +6.965340729e+05 +6.965340729e+05 +6.960643229e+05 +6.960643229e+05 -1.1268e+00 -2.7801e+00 +1.6434e+00 +7.4616e-02 -5.1177e-01 -2.4666e+00 -4.0713e+00 +4.9801e+00 -3.7534e+00 -1.2457e-01
56 +6.131429143e+05 +6.131429143e+05 +6.126731643e+05 +6.126731643e+05 +1.0821e+00 -4.7461e+00 +1.7829e+00 +2.5875e-02 -2.0640e+00 +4.8357e+00 -2.9058e-01 -7.4203e-01 -7.4096e-01 +3.0648e+00
588 +2.841849668e+05 +2.841849668e+05 +2.837152168e+05 +2.837152168e+05 +3.7164e+00 -3.4723e+00 -3.3010e+00 -1.5348e+00 -4.1402e+00 +1.9307e+00 -5.0000e+00 -7.3707e-01 -3.7276e+00 -1.2284e+00
620 +2.111165349e+05 +2.111165349e+05 +2.106467849e+05 +2.106467849e+05 +4.2443e+00 -3.8639e+00 -1.1519e+00 +1.3934e+00 -2.3856e+00 -6.3307e-01 +9.3600e-01 -4.1101e-02 +3.9272e+00 +3.6981e-01
741 +1.258011665e+05 +1.258011665e+05 +1.253314165e+05 +1.253314165e+05 +3.7105e+00 +3.6764e-01 -1.5387e+00 +1.2072e+00 +2.1574e+00 +5.0000e+00 +1.1050e+00 +3.4883e+00 +3.0304e+00 +8.2857e-01
1476 +6.410345299e+04 +6.410345299e+04 +6.363370299e+04 +6.363370299e+04 +7.5559e-01 -2.0975e+00 +3.1347e+00 -1.3684e+00 -7.8581e-01 +4.5076e+00 -2.2140e+00 -2.6232e+00 -1.6018e+00 +3.3865e+00
2265 +2.238475785e+04 +2.238475785e+04 +2.191500785e+04 +2.191500785e+04 +5.0000e+00 +1.2067e+00 -1.5747e+00 +2.1832e+00 +2.3278e+00 +4.8218e+00 +2.3393e+00 +4.9823e+00 +4.7035e+00 +2.5084e+00
6222 +1.345798563e+04 +1.345798563e+04 +1.298823563e+04 +1.298823563e+04 +1.6125e+00 -9.1622e-01 -1.0311e+00 +3.1299e+00 +1.7839e+00 +3.6470e+00 -2.1896e-01 +3.0744e+00 -1.8621e-02 +1.4432e+00
18970 +9.308677073e+03 +9.308677073e+03 +8.838927073e+03 +8.838927073e+03 +5.0000e+00 +7.0623e-01 -9.1715e-02 +8.8183e-01 +1.8573e+00 +5.0000e+00 +3.1493e+00 +3.4886e+00 +4.9178e+00 +1.9087e+00
26914 +4.517218630e+03 +4.517218630e+03 +4.047468630e+03 +4.047468630e+03 +2.7516e+00 +6.2753e-01 -6.2064e-02 +5.0000e+00 +2.7443e+00 +4.0689e+00 +5.0000e+00 +5.0000e+00 +5.0000e+00 +2.3570e+00
% function evaluation | noise-free fitness - Fopt (1.999100000000e+02) | best noise-free fitness - Fopt | measured fitness | best measured fitness | x1 | x2...
1 +4.123290587e+06 +4.123290587e+06 +4.123490497e+06 +4.123490497e+06 -9.7480e-01 +4.3543e+00 +1.3739e+00 -4.9627e-01 +1.6195e+00 +3.5862e+00 +5.3471e-01 +3.7502e+00 -2.7908e+00 -1.1596e+00
26 +1.371988243e+06 +1.371988243e+06 +1.372188153e+06 +1.372188153e+06 -6.4465e-01 +4.1549e+00 +2.0576e+00 -4.5762e+00 -4.9249e+00 -4.1833e+00 -2.5545e+00 +4.8082e+00 +4.7493e+00 -1.0190e+00
67 +7.794904324e+05 +7.794904324e+05 +7.796903424e+05 +7.796903424e+05 -1.5039e+00 +1.9824e+00 +1.5018e-01 +1.9465e+00 -3.4764e+00 -3.5180e+00 +1.9124e+00 -8.1678e-01 -4.0747e+00 -1.9573e-01
87 +2.860305013e+05 +2.860305013e+05 +2.862304113e+05 +2.862304113e+05 +1.0358e+00 +3.7703e+00 +9.2940e-01 +2.8676e-01 -4.6475e+00 -1.3201e+00 -1.2788e+00 +4.8944e+00 -2.9619e+00 +2.6008e+00
445 +1.873679173e+05 +1.873679173e+05 +1.875678273e+05 +1.875678273e+05 -4.9159e+00 -1.0694e+00 +3.4016e+00 -8.2198e-01 -3.2010e-01 -7.3811e-01 -1.2930e+00 +2.8694e+00 -7.2035e-01 +5.4328e-01
1065 +7.736013805e+04 +7.736013805e+04 +7.756004805e+04 +7.756004805e+04 -5.0000e+00 -1.4466e+00 +2.5783e+00 +1.4078e+00 +6.5714e-01 -2.0394e+00 +1.3335e-02 -1.7042e+00 -1.0268e+00 -1.7664e+00
1888 +5.936690228e+04 +5.936690228e+04 +5.956681228e+04 +5.956681228e+04 -2.3685e-01 +3.4161e+00 +2.0530e+00 -1.0264e+00 -2.7299e+00 -3.8707e+00 -4.7400e-01 +1.7369e+00 -3.6231e+00 -4.1702e+00
2174 +3.426755041e+04 +3.426755041e+04 +3.446746041e+04 +3.446746041e+04 +2.4430e+00 +5.0000e+00 +2.8802e+00 +4.1866e+00 -2.2733e+00 -1.6921e+00 -3.9491e+00 -6.1069e-01 +1.8296e+00 -6.1762e-01
4584 +2.203892054e+04 +2.203892054e+04 +2.223883054e+04 +2.223883054e+04 +2.7102e+00 +4.1667e+00 +5.0000e+00 +1.8850e+00 +5.0000e+00 -5.0000e+00 +9.1255e-01 +6.5250e-01 +3.4023e+00 -4.8924e+00
5418 +1.489138150e+04 +1.489138150e+04 +1.509129150e+04 +1.509129150e+04 +5.0000e+00 +5.0000e+00 +3.9756e+00 +2.5501e+00 -1.6766e+00 -1.8212e+00 -4.7328e+00 +1.4938e+00 +2.3282e+00 +1.5465e-01
27097 +7.072252108e+03 +7.072252108e+03 +7.272162108e+03 +7.272162108e+03 -5.6781e-01 +3.9547e+00 +3.6366e+00 +1.3437e+00 +1.7699e+00 -3.6333e+00 -8.0626e-02 +2.7212e-01 +2.0874e+00 -3.9299e+00
32877 +3.995735034e+03 +3.995735034e+03 +4.195645034e+03 +4.195645034e+03 +5.0000e+00 +5.0000e+00 +3.4580e+00 +3.3326e+00 -6.4493e-01 -3.2462e+00 -3.2520e+00 -9.3349e-01 +4.0724e+00 -2.5985e-01
% function evaluation | noise-free fitness - Fopt (-4.296000000000e+02) | best noise-free fitness - Fopt | measured fitness | best measured fitness | x1 | x2...
1 +1.327246415e+07 +1.327246415e+07 +1.327203455e+07 +1.327203455e+07 +1.4074e+00 +3.4056e+00 +2.9588e+00 +5.7796e-01 -2.2605e+00 +2.7880e+00 +1.6542e+00 -5.8927e-01 -4.6961e+00 +2.1071e+00
2 +4.076325844e+06 +4.076325844e+06 +4.075896244e+06 +4.075896244e+06 -2.9283e+00 -2.6709e+00 -3.4056e+00 -3.3737e+00 -2.8285e+00 +2.8916e+00 +3.7833e+00 +1.7051e+00 -1.6466e+00 -4.9725e+00
4 +2.114458051e+06 +2.114458051e+06 +2.114028451e+06 +2.114028451e+06 +1.5197e+00 -9.4214e-01 -6.0882e-01 -5.8554e-01 +1.2041e+00 +3.2625e+00 +3.4860e+00 +4.7045e+00 -4.0393e+00 +4.9390e-01
10 +7.578225943e+05 +7.578225943e+05 +7.573929943e+05 +7.573929943e+05 +1.7396e+00 -2.6973e+00 -2.4657e+00 -9.2968e-01 +4.7279e+00 +1.3698e+00 -2.8252e+00 +5.5990e-01 -2.1443e-01 +2.6332e+00
99 +2.781571192e+05 +2.781571192e+05 +2.777275192e+05 +2.777275192e+05 +8.7219e-01 -1.6393e+00 -1.2392e+00 -6.6397e-01 +2.2566e+00 +6.6136e-01 -1.5612e+00 +4.2534e+00 -1.0496e+00 -4.2369e+00
208 +2.176304476e+05 +2.176304476e+05 +2.172008476e+05 +2.172008476e+05 -4.6723e+00 -4.6829e-01 -4.9198e+00 +2.5732e+00 -9.9297e-01 -3.5359e+00 -4.7176e+00 +1.8512e+00 -3.5667e-01 +2.9276e+00
1058 +1.504100844e+05 +1.504100844e+05 +1.499804844e+05 +1.499804844e+05 +4.7734e+00 -4.5498e+00 -3.6750e+00 +3.1163e+00 +1.0602e+00 -2.7020e+00 -4.2428e+00 -1.9966e+00 +1.8607e+00 -5.4654e-02
1714 +9.065346492e+04 +9.065346492e+04 +9.022386492e+04 +9.022386492e+04 +1.3060e+00 -2.5124e+00 +1.3543e+00 +2.7033e+00 +3.7808e+00 +1.2746e+00 -1.2850e+00 +2.9791e+00 -1.9233e+00 -2.5297e+00
1887 +6.186859477e+04 +6.186859477e+04 +6.143899477e+04 +6.143899477e+04 -2.9892e+00 +3.7637e+00 +3.4867e+00 +3.6107e+00 -9.8980e-01 -3.7821e+00 -1.4031e+00 +2.6562e+00 -8.0564e-01 -1.5755e+00
4464 +3.656827700e+04 +3.656827700e+04 +3.613867700e+04 +3.613867700e+04 +5.0000e+00 -4.0822e+00 -4.6190e+00 +3.9237e+00 +3.3473e+00 +5.2638e-01 -4.9020e+00 -2.8840e+00 +5.9257e-01 -1.1333e+00
5985 +2.467416638e+04 +2.467416638e+04 +2.424456638e+04 +2.424456638e+04 +3.2867e+00 -4.5422e+00 -1.7529e+00 +3.7833e+00 +1.0082e+00 -1.9652e+00 -4.2965e+00 -3.6849e+00 +7.8132e-01 -1.9568e-01
7912 +1.558273623e+04 +1.558273623e+04 +1.515313623e+04 +1.515313623e+04 +1.1901e+00 -4.0416e+00 -3.9982e+00 +3.6758e+00 +3.4971e+00 +8.2023e-01 -5.0000e+00 -3.6785e+00 +1.8025e-01 +3.8394e-01
12368 +8.784443762e+03 +8.784443762e+03 +8.354843762e+03 +8.354843762e+03 +4.1449e+00 -4.4679e+00 -3.9367e+00 +4.2258e+00 -3.2947e-01 -3.4819e+00 -3.8139e+00 -2.1808e+00 +5.8694e-01 +1.9187e+00
% function evaluation | noise-free fitness - Fopt (1.000000000000e+03) | best noise-free fitness - Fopt | measured fitness | best measured fitness | x1 | x2...
1 +1.244819292e+07 +1.244819292e+07 +1.244919292e+07 +1.244919292e+07 +2.8584e+00 -3.3658e+00 -2.0296e+00 -4.3012e-02 +1.1599e+00 +5.3286e-01 -3.5749e+00 +1.9338e+00 +4.3340e+00 -4.7927e+00
3 +9.291150020e+06 +9.291150020e+06 +9.292150020e+06 +9.292150020e+06 +2.7868e+00 +5.5528e-02 -4.9478e-01 -2.4034e+00 +8.8747e-01 -4.3316e+00 +2.3433e-01 -3.1794e+00 -2.3489e+00 -3.2221e+00
4 +6.920644277e+05 +6.920644277e+05 +6.930644277e+05 +6.930644277e+05 -5.5516e-01 -3.1090e+00 +4.5832e+00 -2.5509e+00 -4.1313e+00 -4.5011e+00 +4.4403e+00 -4.2712e+00 +3.6839e+00 +3.0702e+00
218 +4.787631427e+05 +4.787631427e+05 +4.797631427e+05 +4.797631427e+05 -2.8493e+00 +3.4181e+00 -3.5848e-01 -4.7599e+00 +4.8596e+00 -1.1393e+00 -4.6514e+00 -3.8536e+00 -8.4395e-01 -4.8571e-01
232 +2.039214471e+05 +2.039214471e+05 +2.049214471e+05 +2.049214471e+05 -2.9615e+00 -1.1897e+00 -4.7588e+00 +3.0754e+00 +4.8017e-01 -1.8342e+00 +4.0754e+00 -2.3217e+00 -1.6255e+00 +3.4133e+00
1318 +1.285512286e+05 +1.285512286e+05 +1.295512286e+05 +1.295512286e+05 -2.8196e+00 +7.8456e-01 -6.8541e-01 -1.2747e+00 +8.9005e-01 +5.7603e-02 +2.6967e+00 -3.5993e+00 +4.2881e+00 -5.0000e+00
1398 +1.131340744e+04 +1.131340744e+04 +1.231340744e+04 +1.231340744e+04 -2.0625e+00 -8.9008e-01 -4.8674e+00 -2.9101e+00 +2.6754e+00 -1.1184e-02 -3.3526e+00 -1.8915e+00 +2.9380e+00 -3.5075e+00
10744 +4.810383119e+03 +4.810383119e+03 +5.810383119e+03 +5.810383119e+03 -5.0000e+00 +4.0492e+00 -2.4451e+00 +6.1404e-01 +2.1121e+00 -1.4597e+00 +3.9787e+00 -9.4131e-01 -1.5857e+00 +4.8222e+00
% function evaluation | noise-free fitness - Fopt (1.951500000000e+02) | best noise-free fitness - Fopt | measured fitness | best measured fitness | x1 | x2...
1 +1.275403738e+06 +1.275403738e+06 +1.275598888e+06 +1.275598888e+06 +2.3290e-01 +2.2256e+00 +3.9257e+00 -1.1291e+00 +4.6176e+00 +2.8874e+00 +4.8377e+00 +5.2914e-01 -3.0982e+00 +2.9751e+00
147 +2.812683440e+05 +2.812683440e+05 +2.814634940e+05 +2.814634940e+05 +1.6042e-01 +1.1620e+00 +1.4085e+00 +4.4394e+00 +3.2577e+00 -9.8221e-01 +3.2300e+00 -1.5726e+00 -2.8429e+00 +2.0045e+00
908 +1.280611052e+05 +1.280611052e+05 +1.282562552e+05 +1.282562552e+05 +4.5133e+00 +7.8101e-01 +2.1378e+00 +2.8067e+00 +2.9844e+00 -2.7829e+00 +2.8378e+00 +3.3896e+00 -3.8806e+00 +9.6904e-01
997 +8.521502308e+04 +8.521502308e+04 +8.541017308e+04 +8.541017308e+04 +4.5342e+00 +5.3267e-02 +1.7442e+00 +1.9039e+00 +3.1206e+00 -2.7085e-01 +3.0988e+00 +1.1840e+00 -3.4894e+00 +1.3965e+00
2186 +6.197465193e+04 +6.197465193e+04 +6.216980193e+04 +6.216980193e+04 +2.5495e-01 +3.3395e-01 +1.7519e+00 +3.7190e+00 +3.0238e+00 -5.0000e+00 +4.8791e+00 -8.0343e-01 -1.5952e+00 -4.2764e+00
2471 +3.506518704e+04 +3.506518704e+04 +3.526033704e+04 +3.526033704e+04 +2.1966e+00 +4.9101e-01 +1.6746e+00 +3.1589e+00 +4.0908e+00 -3.6926e+00 +1.9675e+00 +2.0697e+00 -3.5619e+00 +3.5393e-01
5539 +1.981758140e+04 +1.981758140e+04 +2.001273140e+04 +2.001273140e+04 +3.9065e+00 -2.5765e+00 +1.5267e+00 +2.2176e+00 +4.2364e+00 -1.1511e+00 +1.8309e+00 -2.1834e+00 -2.1791e+00 +2.0581e+00
11054 +1.183820731e+04 +1.183820731e+04 +1.203335731e+04 +1.203335731e+04 +2.8881e+00 +7.1804e-01 +4.0246e-01 +3.2748e+00 +3.5298e+00 -3.3147e+00 +1.8219e+00 +2.4989e+00 -5.0000e+00 +2.5653e+00
12077 +5.585368519e+03 +5.585368519e+03 +5.780518519e+03 +5.780518519e+03 +3.6661e+00 +1.6971e+00 -3.1805e+00 +3.9216e+00 +8.9729e-01 -3.8148e+00 +3.3986e-01 -2.8151e+00 -2.6117e+00 +5.0000e+00
% function evaluation | noise-free fitness - Fopt (-4.335000000000e+01) | best noise-free fitness - Fopt | measured fitness | best measured fitness | x1 | x2...
1 +2.825294745e+07 +2.825294745e+07 +2.825290410e+07 +2.825290410e+07 -2.4517e+00 +4.3862e+00 -3.0108e+00 +4.7664e-01 +2.2838e+00 +4.9804e+00 -2.9385e+00 +2.7120e-01 -1.8150e+00 -2.8638e+00
3 +9.795091315e+05 +9.795091315e+05 +9.794657815e+05 +9.794657815e+05 -1.5827e+00 +4.9303e+00 +3.1689e-01 +3.7059e+00 +4.4996e+00 -2.2560e+00 +1.0930e+00 -4.8804e+00 +4.0063e+00 -9.2763e-01
99 +2.545220306e+05 +2.545220306e+05 +2.544786806e+05 +2.544786806e+05 +4.8618e+00 +1.2248e+00 +1.3516e+00 -4.0468e+00 +3.3824e+00 -1.5279e+00 +4.9857e+00 -3.3101e+00 -2.6773e+00 +1.1984e+00
1058 +9.488908835e+04 +9.488908835e+04 +9.484573835e+04 +9.484573835e+04 -8.2486e-01 +5.0000e+00 +2.4143e+00 -4.5281e+00 +4.6181e+00 +2.5940e+00 +4.6641e+00 +2.5942e+00 -3.7925e+00 -1.4024e+00
1367 +5.245840311e+04 +5.245840311e+04 +5.241505311e+04 +5.241505311e+04 +3.1762e+00 +1.7027e+00 +3.3050e+00 -5.0000e+00 -8.9852e-01 +8.9284e-01 +1.0741e+00 +4.3057e+00 -2.8123e+00 +3.5076e+00
2188 +3.222436734e+04 +3.222436734e+04 +3.218101734e+04 +3.218101734e+04 -1.2315e+00 +5.0000e+00 +2.7580e+00 -3.3493e+00 +4.3181e+00 +2.5640e+00 +5.0000e+00 +2.1823e+00 -4.2235e+00 -3.5072e+00
3982 +2.051457147e+04 +2.051457147e+04 +2.047122147e+04 +2.047122147e+04 +7.0634e-01 +5.0000e+00 +1.7214e+00 -2.0249e+00 -5.9587e-02 +1.1999e+00 +1.5992e+00 +1.3144e+00 -4.4789e+00 +8.4121e-01
4162 +1.550960574e+04 +1.550960574e+04 +1.546625574e+04 +1.546625574e+04 +1.2812e+00 +4.8473e+00 +1.1203e+00 -2.2031e+00 -1.4230e+00 +6.7922e-01 +2.0628e+00 +7.7783e-01 -5.0000e+00 +2.3433e+00
15054 +9.663089153e+03 +9.663089153e+03 +9.619739153e+03 +9.619739153e+03 +5.1501e-01 +5.0000e+00 +1.8588e+00 -3.9704e+00 +4.1216e+00 +3.4188e+00 +3.3444e+00 +2.7533e+00 -3.7134e+00 -1.3101e+00
26531 +5.806602286e+03 +5.806602286e+03 +5.763252286e+03 +5.763252286e+03 -1.9094e+00 +5.0000e+00 +3.3245e+00 -1.9426e+00 +3.3968e+00 +5.0000e+00 +3.8590e+00 +3.0802e+00 -3.2902e+00 -5.0000e+00
% function evaluation | noise-free fitness - Fopt (2.790900000000e+02) | best noise-free fitness - Fopt | measured fitness | best measured fitness | x1 | x2...
1 +1.250184336e+06 +1.250184336e+06 +1.250463426e+06 +1.250463426e+06 -1.4218e+00 -1.4540e+00 +6.4016e-01 -1.7308e+00 +4.9093e+00 +1.3320e+00 +1.6543e+00 -1.8706e+00 +1.6522e+00 +1.9175e+00
38 +3.580585161e+05 +3.580585161e+05 +3.583376061e+05 +3.583376061e+05 +1.5442e-01 -3.7025e+00 +2.0261e+00 -1.7347e+00 -4.0688e-01 -3.2960e+00 +1.0948e+00 -5.2046e-01 +7.3161e-01 -2.6759e+00
267 +2.100721046e+05 +2.100721046e+05 +2.103511946e+05 +2.103511946e+05 +8.1707e-01 -3.4157e-01 -1.4858e+00 -4.0883e+00 +1.6765e+00 -3.7213e+00 +3.1816e-01 -6.1218e-01 -3.2912e+00 -1.8002e+00
268 +3.590250997e+04 +3.590250997e+04 +3.618159997e+04 +3.618159997e+04 -3.3867e+00 -4.1847e+00 +6.6034e-01 -2.1611e+00 +4.3917e+00 -5.6181e-01 +2.4225e+00 -8.1976e-02 -1.4153e+00 -2.4659e-01
3874 +2.087693031e+04 +2.087693031e+04 +2.115602031e+04 +2.115602031e+04 +1.6713e+00 -4.7263e+00 +1.2182e+00 -1.1185e+00 -1.4727e-01 -2.3921e+00 +2.4691e+00 -7.5275e-01 +3.3444e+00 -2.8379e+00
4946 +1.456487573e+04 +1.456487573e+04 +1.484396573e+04 +1.484396573e+04 -3.0453e-01 -4.4943e+00 +3.0867e+00 +3.0401e+00 +8.1361e-01 +1.2693e+00 -3.8364e+00 -2.3841e+00 +3.8490e+00 -3.5973e+00
% function evaluation | noise-free fitness - Fopt (1.000000000000e+03) | best noise-free fitness - Fopt | measured fitness | best measured fitness | x1 | x2...
1 +1.868418186e+07 +1.868418186e+07 +1.868518186e+07 +1.868518186e+07 -4.9251e+00 +4.0923e+00 -2.4429e+00 -9.9438e-02 -3.5307e+00 +4.0150e+00 +3.5749e+00 +4.9437e+00 +3.7334e+00 +4.2596e+00
2 +1.464423201e+07 +1.464423201e+07 +1.464523201e+07 +1.464523201e+07 +4.2624e+00 +3.5334e+00 +4.5247e+00 +4.8313e+00 +1.3794e+00 -4.2115e+00 -3.2752e+00 +4.1651e-02 -4.9853e-01 +1.8398e+00
8 +4.324844856e+06 +4.324844856e+06 +4.325844856e+06 +4.325844856e+06 +4.9193e+00 -2.0922e-01 -4.4064e+00 +2.5204e+00 -2.8642e+00 -1.1024e+00 +6.7495e-01 -5.9518e-01 -3.7417e+00 -3.4480e+00
10 +9.136144337e+05 +9.136144337e+05 +9.146144337e+05 +9.146144337e+05 -3.7309e+00 +3.1803e+00 +1.2887e+00 +2.6202e+00 -1.0464e+00 -2.3098e+00 -3.1222e+00 -3.5850e+00 -3.8100e+00 +5.7401e-01
26 +5.747316468e+05 +5.747316468e+05 +5.757316468e+05 +5.757316468e+05 +4.4873e+00 +1.4152e+00 -3.0579e+00 -5.2434e-01 -5.4166e-01 -4.7476e+00 +6.5608e-02 -1.3748e+00 -4.4884e+00 -4.6207e-01
73 +2.526750094e+05 +2.526750094e+05 +2.536750094e+05 +2.536750094e+05 -2.6331e-01 -4.7021e+00 +3.3252e-01 +3.9539e+00 -2.0192e+00 -3.6694e+00 -3.8605e+00 +2.5095e-01 -4.2413e+00 +1.3782e+00
282 +2.229144455e+05 +2.229144455e+05 +2.239144455e+05 +2.239144455e+05 +4.1141e+00 +8.7148e-01 +5.3088e-01 +3.0779e+00 -8.7241e-01 -4.6695e+00 -6.7409e-01 -1.4679e+00 -3.5438e+00 +1.7877e+00
897 +1.202353486e+05 +1.202353486e+05 +1.212353486e+05 +1.212353486e+05 -2.8540e+00 -3.7195e+00 +2.3619e+00 -1.8279e+00 +1.3824e+00 +1.5161e+00 -1.7055e+00 -2.2188e+00 -2.3298e+00 -1.3542e+00
1313 +6.690105844e+04 +6.690105844e+04 +6.790105844e+04 +6.790105844e+04 -1.4282e+00 +5.0000e+00 -8.1631e-01 +3.8607e+00 -4.7930e+00 -5.0000e+00 -2.2421e+00 -2.0493e+00 -3.4090e+00 +1.2072e+00
1985 +5.682497372e+04 +5.682497372e+04 +5.782497372e+04 +5.782497372e+04 -1.8324e+00 +3.0353e+00 -3.3857e-01 +2.6828e+00 -1.6095e-01 -1.6361e+00 +1.5982e+00 -2.1085e+00 -3.1728e-01 -4.1309e+00
2356 +2.236406053e+04 +2.236406053e+04 +2.336406053e+04 +2.336406053e+04 -2.0341e-01 -4.1072e+00 +8.6789e-01 +1.0223e+00 +2.5886e+00 +1.2799e-01 +5.1515e-01 -7.3746e-01 -1.3522e+00 -2.7786e+00
11651 +8.511104731e+03 +8.511104731e+03 +9.511104731e+03 +9.511104731e+03 -4.3112e+00 -2.9732e-01 +4.6666e+00 +5.0000e+00 +2.2058e+00 +4.4000e+00 +1.2154e+00 -2.1467e+00 +3.1316e+00 -3.1976e+00
% function evaluation | noise-free fitness - Fopt (-1.148100000000e+02) | best noise-free fitness - Fopt | measured fitness | best measured fitness | x1 | x2...
1 +2.668180384e+06 +2.668180384e+06 +2.668065574e+06 +2.668065574e+06 +1.3708e+00 -6.1527e-01 +1.0895e+00 +4.7876e+00 -1.9064e+00 +1.8086e+00 -1.7623e-01 -2.9363e-01 -4.8641e+00 +2.9597e+00
11 +8.143596914e+05 +8.143596914e+05 +8.142448814e+05 +8.142448814e+05 -1.9285e+00 -3.1231e-01 +2.1741e+00 -9.1453e-02 -1.1069e-01 +3.4549e+00 +1.9481e+00 +3.8218e+00 -1.4037e+00 +4.3323e+00
92 +2.804720617e+05 +2.804720617e+05 +2.803572517e+05 +2.803572517e+05 +1.7380e+00 -2.1671e+00 -4.9023e+00 -3.2197e-01 -3.0971e+00 +2.1071e+00 +1.4153e+00 +2.3997e+00 +1.3031e+00 +2.5341e+00
472 +2.107643353e+05 +2.107643353e+05 +2.106495253e+05 +2.106495253e+05 +7.8601e-01 +3.1618e+00 +6.0999e-01 -2.1816e+00 +3.0120e+00 +1.5221e+00 -2.6215e+00 -2.5720e+00 +1.6367e+00 -4.9437e+00
522 +7.270086459e+04 +7.270086459e+04 +7.258605459e+04 +7.258605459e+04 +1.8584e+00 -4.2465e+00 -2.8027e+00 -1.0614e+00 -4.8155e+00 +1.7618e+00 +2.1555e+00 +2.5148e+00 +1.1083e+00 +1.8447e+00
1008 +5.837237036e+04 +5.837237036e+04 +5.825756036e+04 +5.825756036e+04 -1.4424e+00 -6.9666e-01 +1.5792e+00 +1.0353e+00 +4.7961e-01 +5.0000e+00 +2.1216e+00 +4.8099e+00 -3.2577e+00 +4.5146e+00
3799 +3.920426486e+04 +3.920426486e+04 +3.908945486e+04 +3.908945486e+04 +1.1721e+00 +9.8639e-01 +2.4466e+00 +1.8044e+00 -5.0000e+00 +3.4309e+00 -1.2462e-01 -4.0987e+00 +1.8922e-01 +3.7323e-01
5026 +2.190750171e+04 +2.190750171e+04 +2.179269171e+04 +2.179269171e+04 -7.4221e-01 +1.1941e+00 +2.6684e+00 -1.5410e+00 -1.4586e+00 +2.7895e+00 -3.2956e-01 -1.2074e+00 +1.7816e+00 -2.0025e+00
5876 +8.296794369e+03 +8.296794369e+03 +8.181984369e+03 +8.181984369e+03 +3.0138e-01 +1.2333e+00 -1.2105e-02 +5.2835e-01 +1.8160e+00 +5.0000e+00 +1.7794e+00 +2.9319e+00 -2.4740e+00 +3.1816e+00
% function evaluation | noise-free fitness - Fopt (-3.505800000000e+02) | best noise-free fitness - Fopt | measured fitness | best measured fitness | x1 | x2...
1 +5.990386971e+06 +5.990386971e+06 +5.990036391e+06 +5.990036391e+06 +1.1153e+00 -2.5295e+00 -4.9241e+00 +2.2141e+00 +1.3785e+00 -1.6875e+00 -1.4799e+00 +1.7766e+00 -4.0505e+00 +7.5551e-01
2 +2.703215254e+06 +2.703215254e+06 +2.702864674e+06 +2.702864674e+06 +2.7466e+00 -3.0312e+00 +1.5300e+00 -3.3902e+00 +1.5893e+00 +4.9837e-01 +1.2092e+00 -2.7880e+00 +4.8375e+00 +4.6493e-01
4 +1.165585916e+06 +1.165585916e+06 +1.165235336e+06 +1.165235336e+06 -3.6714e+00 -4.1903e+00 -2.6714e+00 -5.4983e-01 -3.4643e+00 -1.3706e+00 +4.2339e+00 +3.4354e+00 +4.9680e+00 -1.4495e-01
10 +5.750897407e+05 +5.750897407e+05 +5.747391607e+05 +5.747391607e+05 -4.6816e+00 -3.8758e+00 -3.0816e+00 -4.1964e+00 -3.4962e+00 +1.4798e+00 +2.0849e+00 +1.6131e+00 +2.4434e-01 -1.0952e+00
219 +2.549022260e+05 +2.549022260e+05 +2.545516460e+05 +2.545516460e+05 +2.2829e+00 -4.4516e-01 -2.6468e+00 -2.3566e+00 +2.0181e-01 +6.9330e-01 -4.4976e+00 +2.7395e+00 +3.9916e+00 -4.9705e+00
493 +2.031380628e+05 +2.031380628e+05 +2.027874828e+05 +2.027874828e+05 +1.2029e+00 +2.1438e-01 +3.6352e+00 +3.7909e+00 +4.0020e+00 -5.0387e-01 -3.3800e+00 +3.4424e+00 +7.1403e-01 -2.9733e+00
526 +1.069777768e+05 +1.069777768e+05 +1.066271968e+05 +1.066271968e+05 -3.0264e+00 -4.0983e+00 +4.3412e+00 -1.2646e+00 -4.0952e+00 -3.3178e+00 +4.5766e-01 +3.9358e+00 +1.2918e+00 -5.1232e-01
1122 +5.360747154e+04 +5.360747154e+04 +5.325689154e+04 +5.325689154e+04 -4.5867e+00 -1.0181e+00 +1.8772e+00 -3.3925e+00 +4.0541e+00 -3.6504e+00 -7.7765e-01 +4.6681e+00 -2.8946e+00 +9.4445e-02
2314 +3.149854305e+04 +3.149854305e+04 +3.114796305e+04 +3.114796305e+04 -1.3621e+00 -5.0000e+00 +2.3655e+00 -4.8433e+00 -4.9618e+00 -5.0000e+00 -1.9214e+00 +4.1565e+00 +2.0267e+00 -2.2141e+00
4111 +2.191776098e+04 +2.191776098e+04 +2.156718098e+04 +2.156718098e+04 -5.0000e+00 -2.2948e+00 -1.8026e+00 -4.8008e+00 -5.0000e+00 -6.4568e-01 +4.0765e+00 +3.5407e+00 +2.5776e+00 +7.6620e-01
7696 +1.113792234e+04 +1.113792234e+04 +1.078734234e+04 +1.078734234e+04 -2.1048e+00 +7.1378e-01 -3.9399e+00 -2.9799e+00 +1.8750e+00 -5.0000e+00 -1.2248e+00 +4.8786e+00 +1.8558e+00 +1.0521e+00
16288 +9.981442819e+03 +9.981442819e+03 +9.630862819e+03 +9.630862819e+03 -2.8477e+00 -1.9462e+00 +3.1907e-01 -3.5182e+00 +4.2159e+00 -1.4333e+00 -1.0501e+00 +2.8848e+00 -1.8329e+00 -1.0074e+00
21223 +4.712722878e+03 +4.712722878e+03 +4.362142878e+03 +4.362142878e+03 -1.9633e+00 +1.1818e+00 -2.4987e+00 -2.8818e+00 +4.8985e+00 -4.8134e+00 -1.6602e+00 +4.7009e+00 -7.2916e-01 +9.0214e-01
% function evaluation | noise-free fitness - Fopt (-5.700000000000e+00) | best noise-free fitness - Fopt | measured fitness | best measured fitness | x1 | x2...
1 +1.464430369e+07 +1.464430369e+07 +1.464429799e+07 +1.464429799e+07 -4.7859e+00 +3.3775e+00 -2.6220e+00 +1.9217e+00 +2.2322e-01 +4.5737e+00 -2.9647e+00 -3.5797e+00 -4.5419e+00 +2.9219e+00
3 +2.156620602e+06 +2.156620602e+06 +2.156614902e+06 +2.156614902e+06 +8.6061e-01 -3.2882e+00 -3.5413e+00 +5.3261e-01 +9.0638e-01 -4.7970e+00 +1.4064e+00 -4.3596e+00 -3.9165e+00 +1.6978e+00
10 +9.321863551e+05 +9.321863551e+05 +9.321806551e+05 +9.321806551e+05 +4.1804e+00 -4.7509e-01 -1.8085e+00 +3.2722e+00 +2.6715e+00 +3.1147e-01 +7.0012e-01 +1.5721e+00 -4.1436e+00 +9.6583e-01
49 +6.300171930e+05 +6.300171930e+05 +6.300114930e+05 +6.300114930e+05 -5.1841e-01 -4.4372e-01 +3.7461e+00 +2.7372e+00 +1.7401e+00 -3.1375e-01 -9.3237e-01 +1.8658e+00 +1.4665e+00 -4.3560e+00
229 +2.491510111e+05 +2.491510111e+05 +2.491453111e+05 +2.491453111e+05 +2.0851e+00 +3.0856e+00 +1.9942e+00 +3.4332e+00 +2.9626e+00 +1.3833e+00 +1.1138e+00 +3.0320e+00 -3.0951e+00 -1.3474e+00
506 +8.151670309e+04 +8.151670309e+04 +8.151100309e+04 +8.151100309e+04 +4.3107e+00 +2.3323e+00 +3.3731e+00 +2.0161e+00 +1.8192e+00 +4.0745e+00 -3.1867e+00 -1.1738e+00 -5.8517e-01 -3.8355e+00
2431 +5.100885240e+04 +5.100885240e+04 +5.100315240e+04 +5.100315240e+04 +3.4000e+00 +4.8064e+00 +4.5277e+00 +4.5932e+00 +5.0000e+00 +1.4160e+00 +3.5913e-01 +3.8713e+00 -8.2593e-01 -2.8689e+00
3641 +2.068323818e+04 +2.068323818e+04 +2.067753818e+04 +2.067753818e+04 +4.8117e+00 +2.0314e+00 +3.9707e+00 +5.0000e+00 +3.8841e+00 +2.4176e+00 +2.4985e-01 +4.2756e+00 +2.8082e-01 -5.0000e+00
6296 +1.447892024e+04 +1.447892024e+04 +1.447322024e+04 +1.447322024e+04 +2.7529e+00 +4.8061e+00 +5.0000e+00 +4.0426e+00 +4.2063e+00 +2.0578e+00 +1.1018e-02 +3.6693e+00 +1.8626e+00 -4.0136e+00
7198 +9.449011306e+03 +9.449011306e+03 +9.443311306e+03 +9.443311306e+03 +2.2616e+00 +5.0000e+00 +4.0367e+00 +3.3411e+00 +4.4381e+00 +3.7652e+00 -9.6835e-01 +2.7472e+00 +2.0780e+00 -5.0000e+00
