% function evaluation | noise-free fitness - Fopt (-1.694000000000e+01) | best noise-free fitness - Fopt | measured fitness | best measured fitness | x1 | x2...
1 +4.348710320e+02 +4.348710320e+02 +4.179310320e+02 +4.179310320e+02 -1.3822e+00 +1.2391e+00 -4.5520e-01 -4.9603e+00 -2.9500e+00 -7.8680e-01 +1.5887e+00 -2.5447e+00 +2.1319e-01 +1.3199e+00
3 +2.505249852e+02 +2.505249852e+02 +2.335849852e+02 +2.335849852e+02 +2.8591e+00 -1.6565e+00 -4.2396e+00 +1.0877e+00 -4.3594e+00 -3.4333e+00 +2.5365e+00 -4.7104e+00 -2.4370e+00 -5.4198e-01
7 +1.415986036e+02 +1.415986036e+02 +1.246586036e+02 +1.246586036e+02 -7.8361e-01 +4.1824e-01 -3.1264e+00 +6.6550e-02 -4.5992e+00 -1.7352e+00 +3.2717e+00 -4.6108e+00 +1.4402e-01 -4.5179e-02
16 +7.412503974e+01 +7.412503974e+01 +5.718503974e+01 +5.718503974e+01 +2.2219e+00 +4.8912e+00 +2.1846e+00 -1.0932e+00 +1.3978e+00 +4.6958e-01 +2.0274e+00 -2.2712e+00 -1.3087e+00 +8.7625e-01
17 +5.754947094e+01 +5.754947094e+01 +4.060947094e+01 +4.060947094e+01 +2.4171e+00 -1.4006e+00 +1.1519e+00 +1.7657e+00 +1.7271e+00 -4.3325e+00 +2.2120e+00 -3.7988e+00 +2.9114e+00 -3.0224e+00
71 +3.100221955e+01 +3.100221955e+01 +1.406221955e+01 +1.406221955e+01 +3.4307e+00 +3.0092e+00 +4.5317e-01 -2.6522e+00 -7.6775e-01 -3.3527e+00 +2.2973e+00 -3.8346e+00 +3.0085e+00 +8.5754e-01
526 +2.348467911e+01 +2.348467911e+01 +6.544679111e+00 +6.544679111e+00 +1.3911e+00 +2.8819e+00 +1.4910e+00 +4.2034e+00 +3.7221e+00 -4.5189e+00 +4.7135e+00 -4.9306e+00 +2.7886e+00 -2.8498e+00
1256 +1.547239449e+01 +1.547239449e+01 -1.467605513e+00 -1.467605513e+00 +5.0000e+00 +3.5217e+00 -1.0939e+00 +3.8055e-01 +2.6275e+00 -3.2308e+00 +5.0000e+00 -4.1985e+00 -3.4544e+00 -1.6142e+00
2041 +9.673134570e+00 +9.673134570e+00 -7.266865430e+00 -7.266865430e+00 +5.0000e+00 +3.2148e+00 -1.3602e+00 +1.5574e+00 -2.0858e-01 -9.3245e-01 +2.7239e+00 -8.3860e-01 -8.6371e-01 -1.5115e+00
7240 +5.744074306e+00 +5.744074306e+00 -1.119592569e+01 -1.119592569e+01 +5.0000e+00 +2.4516e+00 -1.5774e+00 +1.7251e+00 +5.2557e-01 -1.8886e+00 +3.3705e+00 -2.4099e+00 +3.1640e-01 -1.2230e+00
39051 +3.673370750e+00 +3.673370750e+00 -1.326662925e+01 -1.326662925e+01 +4.2394e+00 +2.5856e+00 -1.7308e+00 +9.5283e-01 +1.5324e+00 -1.9445e+00 +3.6165e+00 -2.7745e+00 -4.2701e-01 -1.3257e+00
% function evaluation | noise-free fitness - Fopt (1.881000000000e+01) | best noise-free fitness - Fopt | measured fitness | best measured fitness | x1 | x2...
1 +1.114613511e+02 +1.114613511e+02 +1.302713511e+02 +1.302713511e+02 -1.7260e+00 +2.8827e+00 -2.3893e+00 +3.5739e+00 -4.4449e+00 -1.6316e+00 +3.1116e+00 +3.9978e+00 -4.9968e+00 -3.2907e+00
2 +4.493104263e+01 +4.493104263e+01 +6.374104263e+01 +6.374104263e+01 +9.3720e-01 -3.2966e+00 -4.4815e+00 -1.2306e+00 +1.1379e+00 +9.5183e-01 +1.8964e+00 -1.0924e-01 +3.0804e+00 -4.2164e-01
22 +2.696065133e+01 +2.696065133e+01 +4.577065133e+01 +4.577065133e+01 +1.3194e+00 -3.3214e-01 -9.1280e-01 +1.5804e+00 +4.6530e-02 -4.9158e+00 -1.0093e-02 -1.0185e+00 -3.9696e+00 +4.4462e+00
69 +2.451982064e+01 +2.451982064e+01 +4.332982064e+01 +4.332982064e+01 +1.4430e+00 -5.4488e-01 +1.3338e+00 -2.2376e+00 +4.6085e-01 -2.9695e+00 -2.7040e+00 -1.6193e+00 +3.0254e+00 +1.0364e+00
1353 +1.451377804e+01 +1.451377804e+01 +3.332377804e+01 +3.332377804e+01 -7.4788e-01 +1.4273e+00 +1.2533e+00 -2.4959e+00 +1.5628e+00 -2.6267e+00 +6.8502e-01 -1.1685e+00 +1.8232e+00 +3.9277e+00
2662 +9.059387794e+00 +9.059387794e+00 +2.786938779e+01 +2.786938779e+01 +1.8550e+00 +2.8703e+00 +7.5352e-01 +1.2658e+00 +2.4474e+00 -2.1367e+00 +5.0461e-01 +1.5637e+00 -4.1361e-01 +2.0215e+00
13175 +5.467893803e+00 +5.467893803e+00 +2.427789380e+01 +2.427789380e+01 +2.5785e+00 +2.1512e+00 +3.1396e-01 +1.0277e+00 +7.6637e-01 -1.0192e+00 +2.3881e-02 -3.3239e-01 +2.6209e-01 +5.0000e+00
% function evaluation | noise-free fitness - Fopt (2.731500000000e+02) | best noise-free fitness - Fopt | measured fitness | best measured fitness | x1 | x2...
1 +7.916472786e+01 +7.916472786e+01 +3.523147279e+02 +3.523147279e+02 +1.3155e-01 -2.1905e+00 +5.2770e-01 -6.5213e-01 +3.9542e+00 -3.7801e+00 +3.7337e-01 -9.0761e-02 +2.3650e+00 +1.3197e-01
4 +5.575468958e+01 +5.575468958e+01 +3.289046896e+02 +3.289046896e+02 -3.2139e+00 +4.0622e+00 -2.5386e+00 +1.2979e+00 +1.4972e-01 -2.6768e+00 +4.5935e+00 -9.6126e-01 +3.2139e+00 +1.7388e-01
105 +3.710884177e+01 +3.710884177e+01 +3.102588418e+02 +3.102588418e+02 -3.0469e+00 +2.6680e+00 +2.2622e+00 +4.1391e+00 +3.5567e+00 -2.6622e+00 -1.9475e+00 -4.0654e+00 -3.7442e+00 +2.2961e-01
636 +2.313463810e+01 +2.313463810e+01 +2.962846381e+02 +2.962846381e+02 -2.2656e+00 +2.1440e+00 +1.5803e+00 +2.8491e+00 -3.6076e+00 -1.1606e+00 +1.6167e+00 -1.5829e+00 -2.0852e+00 +3.6982e+00
1025 +1.124553883e+01 +1.124553883e+01 +2.843955388e+02 +2.843955388e+02 -5.0000e+00 +5.0000e+00 -2.1174e+00 +3.4938e+00 +3.8355e+00 -5.0000e+00 -1.2509e+00 -3.1823e+00 -3.3514e+00 -7.4088e-01
1743 +7.501426750e+00 +7.501426750e+00 +2.806514268e+02 +2.806514268e+02 -4.2078e+00 +3.7834e+00 +7.1146e-01 +5.4802e-01 +3.0441e+00 -3.5785e+00 -1.2246e+00 -2.1682e-01 -7.9800e-01 +2.6609e+00
5370 +6.093527147e+00 +6.093527147e+00 +2.792435271e+02 +2.792435271e+02 -4.2849e+00 +4.4587e+00 -8.2028e-01 +3.6412e+00 +1.6577e+00 -5.0000e+00 -9.1704e-01 -3.6189e-02 -2.5608e+00 +3.0029e+00
% function evaluation | noise-free fitness - Fopt (3.718000000000e+01) | best noise-free fitness - Fopt | measured fitness | best measured fitness | x1 | x2...
1 +9.012814573e+01 +9.012814573e+01 +1.273081457e+02 +1.273081457e+02 +6.5602e-01 -5.0484e-01 -8.5577e-02 +3.4060e+00 +1.7353e+00 +1.8919e+00 -2.9958e+00 +1.2625e+00 +3.0089e-02 +1.8162e+00
19 +6.273876401e+01 +6.273876401e+01 +9.991876401e+01 +9.991876401e+01 +6.3226e-02 +9.7598e-01 +1.3095e+00 +4.3982e+00 -3.6569e+00 +3.7298e-01 +2.1215e+00 -4.1577e+00 +4.1150e+00 -2.9968e+00
29 +3.945216806e+01 +3.945216806e+01 +7.663216806e+01 +7.663216806e+01 -3.1842e+00 +3.6670e+00 +3.0394e+00 +2.6175e+00 -2.8309e+00 +1.6163e+00 -3.7139e+00 -1.1474e+00 +2.2154e+00 +3.3666e+00
385 +2.365806810e+01 +2.365806810e+01 +6.083806810e+01 +6.083806810e+01 -2.6159e+00 -1.6535e+00 -6.1916e-01 +1.2963e+00 -1.7082e+00 -1.0414e+00 -8.5186e-01 -3.5123e+00 -1.8632e+00 -1.2929e+00
829 +1.437881086e+01 +1.437881086e+01 +5.155881086e+01 +5.155881086e+01 -3.6515e+00 -2.2606e+00 -1.2387e+00 +2.8320e+00 -1.8866e+00 -1.6477e+00 -1.2501e+00 -3.5585e+00 -2.0973e+00 +3.5588e-01
3248 +9.631967599e+00 +9.631967599e+00 +4.681196760e+01 +4.681196760e+01 -5.0000e+00 +8.7210e-01 +1.9623e+00 +2.4287e+00 -3.6953e+00 -2.5299e+00 -3.0064e+00 -2.4074e+00 -3.5126e+00 +2.6296e+00
9855 +5.868760247e+00 +5.868760247e+00 +4.304876025e+01 +4.304876025e+01 -4.5168e+00 +4.3270e+00 +3.7084e+00 -8.4437e-01 -4.8072e+00 -1.0426e+00 +5.3059e-01 -2.9758e+00 -1.2277e+00 +3.8127e+00
32885 +3.526993881e+00 +3.526993881e+00 +4.070699388e+01 +4.070699388e+01 -3.9286e+00 +1.4259e+00 +2.1761e+00 +1.7222e+00 -3.6246e+00 -1.4183e+00 +2.8362e-01 -3.2756e+00 -2.3473e+00 +2.9448e+00
% function evaluation | noise-free fitness - Fopt (-1.479000000000e+02) | best noise-free fitness - Fopt | measured fitness | best measured fitness | x1 | x2...
1 +5.353257721e+01 +5.353257721e+01 -9.436742279e+01 -9.436742279e+01 -4.3335e+00 -2.0827e-01 -4.6745e+00 -4.1617e-01 -2.1571e+00 -1.4899e+00 +7.2293e-01 +4.8733e+00 -1.1631e+00 -1.4940e-01
21 +3.803351513e+01 +3.803351513e+01 -1.098664849e+02 -1.098664849e+02 +9.2557e-01 +2.7816e+00 +3.7575e+00 -1.5402e+00 +7.4273e-01 +8.7714e-01 +2.4619e+00 +1.5479e+00 +3.9366e+00 -1.4820e+00
81 +2.329406990e+01 +2.329406990e+01 -1.246059301e+02 -1.246059301e+02 -6.5307e-01 +3.3287e+00 +3.7177e+00 -1.2025e+00 +3.8026e+00 -4.4224e-01 +5.3879e-01 +4.1076e-01 +3.4518e+00 -1.8060e+00
1355 +1.430757254e+01 +1.430757254e+01 -1.335924275e+02 -1.335924275e+02 +5.0155e-01 +2.5210e+00 +2.9952e+00 -8.1570e-01 +3.7472e+00 +8.8428e-02 +5.9846e-01 +2.0365e+00 +3.6113e+00 -2.3425e+00
2244 +9.053079496e+00 +9.053079496e+00 -1.388469205e+02 -1.388469205e+02 -1.6751e+00 -7.7195e-01 +4.9216e-01 -3.0460e+00 -2.9544e+00 +1.6679e+00 -2.1633e+00 -2.6113e+00 -3.4078e+00 +1.8939e+00
5888 +6.239392752e+00 +6.239392752e+00 -1.416606072e+02 -1.416606072e+02 -6.6197e-01 +2.9367e-01 +6.3166e-01 -2.0615e+00 -3.6264e+00 +2.8264e+00 -2.6299e+00 -2.8832e+00 -5.0000e+00 +1.3895e+00
% function evaluation | noise-free fitness - Fopt (1.162600000000e+02) | best noise-free fitness - Fopt | measured fitness | best measured fitness | x1 | x2...
1 +1.062950298e+02 +1.062950298e+02 +2.225550298e+02 +2.225550298e+02 +2.9310e+00 -3.5755e+00 +6.7961e-01 -2.5356e+00 +4.4470e+00 +1.3387e+00 +3.6230e-01 -6.1653e-01 +1.8198e+00 -4.8063e+00
2 +7.929542920e+01 +7.929542920e+01 +1.955554292e+02 +1.955554292e+02 -3.0902e+00 +2.2927e+00 -4.8442e+00 -1.6153e+00 +4.8834e+00 +1.5975e+00 +3.7641e+00 +3.5526e+00 +8.9623e-01 -3.4023e+00
4 +6.295516894e+01 +6.295516894e+01 +1.792151689e+02 +1.792151689e+02 -9.0635e-01 -3.2394e+00 +8.1670e-01 +2.6778e+00 -1.1904e+00 +4.2987e+00 -3.9969e+00 -1.3354e+00 -3.3033e+00 +1.5834e+00
73 +3.822338513e+01 +3.822338513e+01 +1.544833851e+02 +1.544833851e+02 -4.4231e+00 -4.7900e+00 -2.5281e-01 +2.2068e+00 -4.9094e+00 +2.3490e+00 -9.0331e-01 -1.2741e+00 -4.2458e+00 -2.0940e-01
474 +1.675338658e+01 +1.675338658e+01 +1.330133866e+02 +1.330133866e+02 -1.6023e+00 -2.8916e+00 -2.2246e+00 +1.3572e+00 +2.5879e-02 +4.6412e+00 -1.9476e+00 -2.0073e+00 -3.2159e+00 -1.9125e-01
1430 +1.384247631e+01 +1.384247631e+01 +1.301024763e+02 +1.301024763e+02 -3.0301e+00 -1.5514e-01 -3.0861e+00 -1.2270e-01 -3.4033e+00 +4.5462e+00 -3.0279e+00 -3.4427e+00 -3.7543e+00 -1.2991e+00
2139 +9.154091801e+00 +9.154091801e+00 +1.254140918e+02 +1.254140918e+02 -4.0455e+00 -3.4741e+00 -1.9491e+00 +1.1705e+00 -3.4940e+00 +9.2424e-01 -2.3911e+00 -2.1572e+00 -5.0000e+00 -4.5830e+00
% function evaluation | noise-free fitness - Fopt (-1.000000000000e+03) | best noise-free fitness - Fopt | measured fitness | best measured fitness | x1 | x2...
1 +1.463271611e+02 +1.463271611e+02 -8.536728389e+02 -8.536728389e+02 -1.0333e+00 -3.4500e+00 +3.0020e+00 -2.5054e+00 +4.1208e+00 -3.4641e+00 -7.1699e-02 +2.5963e+00 +2.5142e+00 +1.2946e+00
2 +5.966605322e+01 +5.966605322e+01 -9.403339468e+02 -9.403339468e+02 +3.3259e+00 +1.2915e+00 -2.0731e+00 +2.2212e+00 +1.2328e+00 -3.1145e-01 +4.2614e+00 +1.0568e+00 +1.2569e+00 +2.1793e-01
149 +3.123133619e+01 +3.123133619e+01 -9.687686638e+02 -9.687686638e+02 -2.9440e+00 +9.9564e-01 -3.5138e+00 +1.7919e-01 -1.9361e+00 +1.8021e+00 +4.2381e-01 +4.6655e+00 -4.0770e+00 +6.8839e-01
806 +1.920437460e+01 +1.920437460e+01 -9.807956254e+02 -9.807956254e+02 -5.0000e+00 -8.1124e-01 -6.1907e-01 +9.3788e-01 +3.5006e+00 -1.7490e+00 +3.1628e+00 +1.1334e+00 -2.6703e+00 +1.3433e+00
1213 +1.321126311e+01 +1.321126311e+01 -9.867887369e+02 -9.867887369e+02 -2.4841e+00 -2.5110e-01 -3.7345e+00 +5.0000e+00 +9.0017e-01 +2.8051e+00 -2.5604e-01 +4.6658e+00 -4.3574e+00 +3.1730e+00
2518 +8.944545604e+00 +8.944545604e+00 -9.910554544e+02 -9.910554544e+02 -4.4041e+00 -3.0640e-01 -2.2672e+00 +3.7849e+00 +1.7384e+00 -1.4341e+00 +1.0999e+00 +7.7677e-01 -3.9991e+00 +3.5966e+00
8114 +4.846833445e+00 +4.846833445e+00 -9.951531666e+02 -9.951531666e+02 -4.3244e+00 +3.2546e-01 -3.1896e+00 +2.1874e+00 +2.2702e+00 -2.5283e+00 +3.6974e+00 +1.0328e+00 -4.4504e+00 +2.9015e+00
% function evaluation | noise-free fitness - Fopt (-9.193000000000e+01) | best noise-free fitness - Fopt | measured fitness | best measured fitness | x1 | x2...
1 +5.494431193e+02 +5.494431193e+02 +4.575131193e+02 +4.575131193e+02 -2.7488e+00 -2.5557e+00 -1.9135e+00 -1.5760e+00 +2.2211e+00 +2.2416e+00 +1.7806e-01 -3.7686e+00 -8.8240e-01 +1.8479e+00
2 +2.921851638e+02 +2.921851638e+02 +2.002551638e+02 +2.002551638e+02 +4.9546e-02 -3.2063e+00 +4.5867e+00 -1.6750e+00 -7.7404e-01 -4.5222e+00 +2.9674e+00 -4.6029e+00 -7.6100e-01 +4.4338e+00
3 +5.541714091e+01 +5.541714091e+01 -3.651285909e+01 -3.651285909e+01 +1.0769e+00 +1.6161e+00 +2.6473e+00 +3.2322e+00 -9.2155e-01 +5.8271e-01 -4.4949e+00 +4.7912e+00 +4.8584e-01 -2.4428e+00
27 +2.379413133e+01 +2.379413133e+01 -6.813586867e+01 -6.813586867e+01 +6.2695e-01 -3.3363e+00 -4.6208e+00 -6.9213e-01 -1.7017e+00 +5.0580e-01 -3.5208e+00 +3.5778e+00 +3.5760e+00 -1.5404e+00
1409 +1.506167491e+01 +1.506167491e+01 -7.686832509e+01 -7.686832509e+01 +2.9988e-01 -3.7029e+00 +9.7341e-01 +1.3963e+00 +4.6833e-01 -9.4135e-04 -1.6569e+00 +4.8946e+00 +2.0229e+00 -6.6339e-01
2572 +5.389683938e+00 +5.389683938e+00 -8.654031606e+01 -8.654031606e+01 +1.0872e+00 -3.4436e+00 -5.2114e-01 +2.4185e+00 -2.4285e-01 -6.4175e-01 -1.5638e+00 +2.9872e+00 +1.8353e+00 -3.0544e+00
% function evaluation | noise-free fitness - Fopt (1.487500000000e+02) | best noise-free fitness - Fopt | measured fitness | best measured fitness | x1 | x2...
1 +2.074686545e+02 +2.074686545e+02 +3.562186545e+02 +3.562186545e+02 +1.9851e+00 -9.8144e-01 +1.5038e-01 +2.8351e+00 -1.5081e+00 +4.0824e+00 +2.4206e+00 +2.8666e-01 +4.1943e+00 -4.8358e+00
2 +8.767621425e+01 +8.767621425e+01 +2.364262142e+02 +2.364262142e+02 +2.6469e+00 -4.4811e+00 -1.8254e+00 +4.1898e+00 +1.9954e+00 -1.1234e+00 -2.0545e+00 -4.9346e+00 -8.0837e-01 +2.0465e+00
5 +4.918343704e+01 +4.918343704e+01 +1.979334370e+02 +1.979334370e+02 -6.8874e-01 -3.3394e+00 -3.6748e+00 +3.6791e+00 -3.4710e+00 +2.6514e+00 +1.5808e+00 -4.1143e+00 -4.0823e+00 +2.1040e+00
55 +3.769627937e+01 +3.769627937e+01 +1.864462794e+02 +1.864462794e+02 +6.8108e-02 -3.0240e+00 +4.8424e+00 -3.2547e+00 -4.8563e+00 +7.6332e-01 +1.0394e+00 -1.1330e+00 -2.7626e+00 -2.9138e+00
623 +1.624227587e+01 +1.624227587e+01 +1.649922759e+02 +1.649922759e+02 +8.4504e-01 -1.4474e+00 +9.2981e-01 +4.4694e-01 -2.0574e+00 -9.5034e-01 -2.4457e+00 -2.1196e+00 -2.3654e+00 +5.0587e-01
1128 +1.241121566e+01 +1.241121566e+01 +1.611612157e+02 +1.611612157e+02 +2.4103e+00 -2.4800e+00 -9.2701e-01 +1.0312e+00 -3.3585e+00 +1.5096e+00 -3.1697e+00 -2.0183e+00 -2.8366e+00 +4.0228e+00
2899 +8.311613514e+00 +8.311613514e+00 +1.570616135e+02 +1.570616135e+02 +1.5254e+00 -1.1145e+00 +1.8560e+00 +6.7865e-01 -3.3000e+00 +1.0023e+00 -2.4954e+00 -2.4600e+00 -1.7665e+00 -8.2720e-02
12598 +4.989048340e+00 +4.989048340e+00 +1.537390483e+02 +1.537390483e+02 +1.8787e+00 -4.2043e+00 -8.4358e-02 +3.4214e+00 -4.3454e-01 +4.3129e+00 -4.5131e+00 -1.8021e+00 -9.2215e-01 +6.6993e-01
% function evaluation | noise-free fitness - Fopt (-1.483000000000e+02) | best noise-free fitness - Fopt | measured fitness | best measured fitness | x1 | x2...
1 +1.251360588e+02 +1.251360588e+02 -2.316394122e+01 -2.316394122e+01 -3.0342e+00 -1.7167e-02 +2.6160e-01 -2.7963e+00 +1.9344e-01 +1.6620e-01 -3.2371e+00 -4.7869e+00 -1.0168e+00 +2.7855e+00
2 +6.446760674e+01 +6.446760674e+01 -8.383239326e+01 -8.383239326e+01 +1.7980e+00 +4.7350e+00 -1.5544e+00 -2.1506e+00 +4.8365e+00 -1.8995e+00 +9.2282e-01 +1.4739e+00 -4.0878e+00 +4.8761e+00
29 +2.777183098e+01 +2.777183098e+01 -1.205281690e+02 -1.205281690e+02 +3.8908e+00 -3.6288e+00 -2.7251e+00 +2.9478e+00 +4.8740e+00 +3.3861e-01 +8.0708e-01 +3.6025e+00 -4.1328e+00 +5.8156e-01
443 +2.197997713e+01 +2.197997713e+01 -1.263200229e+02 -1.263200229e+02 +2.4948e+00 +1.6898e-01 -3.8693e+00 +1.9943e+00 +3.7733e+00 -3.9072e-01 +3.0471e+00 +2.9378e+00 -1.9481e+00 +5.0000e+00
791 +1.486813622e+01 +1.486813622e+01 -1.334318638e+02 -1.334318638e+02 +2.6855e+00 +1.5417e+00 -2.8238e+00 +1.2169e+00 +2.2872e+00 -6.6959e-01 +1.4214e+00 +3.0231e+00 -3.9128e+00 +2.3865e+00
2718 +6.382504316e+00 +6.382504316e+00 -1.419174957e+02 -1.419174957e+02 +1.9274e+00 +1.6064e+00 -2.9018e+00 +3.5779e+00 +3.7894e+00 -6.3430e-01 +3.6233e+00 +2.0794e+00 -2.1861e+00 +2.7149e+00
5708 +5.141743625e+00 +5.141743625e+00 -1.431582564e+02 -1.431582564e+02 +3.6328e+00 +5.5065e-01 -2.5807e+00 +3.7533e+00 +3.5505e+00 -1.5821e-01 +3.3676e+00 +2.4022e+00 -2.2605e+00 +2.0769e+00
% function evaluation | noise-free fitness - Fopt (1.702000000000e+01) | best noise-free fitness - Fopt | measured fitness | best measured fitness | x1 | x2...
1 +8.287890923e+01 +8.287890923e+01 +9.989890923e+01 +9.989890923e+01 -4.2429e+00 -2.2273e+00 -3.4750e-01 -1.7225e+00 +1.9737e+00 +3.2035e+00 -1.9475e+00 -1.6726e+00 +2.8971e-01 -1.0758e+00
6 +6.210897161e+01 +6.210897161e+01 +7.912897161e+01 +7.912897161e+01 +1.4116e+00 +2.0707e+00 -1.5909e+00 -3.8758e+00 +7.3753e-01 +2.1522e+00 -3.0715e+00 +4.5666e+00 -8.2622e-01 -4.9676e+00
81 +2.737800025e+01 +2.737800025e+01 +4.439800025e+01 +4.439800025e+01 +2.9838e+00 -4.4128e+00 +3.0647e+00 -3.1477e+00 +1.5489e+00 -4.5936e+00 -2.2318e+00 +4.7416e+00 +1.6589e+00 -8.7255e-01
530 +2.191261918e+01 +2.191261918e+01 +3.893261918e+01 +3.893261918e+01 +4.8990e+00 -4.4491e+00 +3.3793e-01 -4.5188e+00 -2.9577e+00 -5.0000e+00 -1.2563e+00 +4.6903e+00 -3.7453e+00 +2.7956e-01
969 +1.417681561e+01 +1.417681561e+01 +3.119681561e+01 +3.119681561e+01 +1.1724e+00 +5.0083e-01 +3.2664e+00 -2.3831e+00 +3.8581e+00 -3.8739e-01 -2.1005e+00 +1.7556e-01 -5.0000e+00 -1.3410e+00
2471 +9.348090533e+00 +9.348090533e+00 +2.636809053e+01 +2.636809053e+01 +3.2305e+00 -1.7620e+00 +1.0390e+00 -4.2639e+00 -1.4143e+00 -4.7512e+00 -4.6092e-01 +1.9449e+00 -2.0056e+00 +1.2175e+00
2899 +6.241984022e+00 +6.241984022e+00 +2.326198402e+01 +2.326198402e+01 +3.1070e+00 -1.2552e+00 +1.1524e+00 -3.6914e+00 -2.4956e-01 -3.1028e+00 -1.2082e+00 +7.9176e-01 -2.0994e+00 +7.7576e-01
% function evaluation | noise-free fitness - Fopt (-2.202000000000e+02) | best noise-free fitness - Fopt | measured fitness | best measured fitness | x1 | x2...
1 +1.128266605e+02 +1.128266605e+02 -1.073733395e+02 -1.073733395e+02 +1.0472e+00 +4.4375e+00 -3.3509e+00 +8.3312e-01 +3.4797e+00 +4.8806e+00 +2.7056e+00 +3.1893e+00 +4.2714e+00 +3.2601e+00
4 +6.927351537e+01 +6.927351537e+01 -1.509264846e+02 -1.509264846e+02 +2.6550e+00 +4.4889e+00 -1.5323e+00 +1.7842e+00 -1.3456e+00 -3.1138e+00 -1.8331e+00 +3.1105e+00 -6.3410e-02 -1.5355e+00
15 +4.065529457e+01 +4.065529457e+01 -1.795447054e+02 -1.795447054e+02 +6.2476e-01 +3.3668e+00 +3.5948e+00 -4.9435e+00 +4.6705e+00 -4.1939e+00 -1.1965e+00 +1.2631e+00 +1.3182e+00 +3.0983e+00
147 +3.532786710e+01 +3.532786710e+01 -1.848721329e+02 -1.848721329e+02 -3.4405e+00 +6.6424e-02 -4.3497e+00 +3.9807e+00 -1.3965e+00 -4.1160e+00 -2.9383e+00 -4.6525e-01 -3.2276e+00 -1.2849e+00
758 +2.420941414e+01 +2.420941414e+01 -1.959905859e+02 -1.959905859e+02 -1.7076e+00 -1.2048e+00 -1.8881e+00 +1.8435e+00 -2.6030e-01 -3.5080e+00 -3.4957e+00 +7.6830e-01 -3.1540e-01 +1.1705e+00
2106 +1.509522400e+01 +1.509522400e+01 -2.051047760e+02 -2.051047760e+02 -2.3178e+00 -1.9594e+00 -2.7291e+00 +4.0486e+00 -1.5929e+00 -4.6449e+00 -2.3512e+00 -4.4861e+00 -4.3901e+00 -1.0936e+00
2975 +8.861160879e+00 +8.861160879e+00 -2.113388391e+02 -2.113388391e+02 -4.7816e+00 -1.9528e+00 -1.4075e+00 +3.9952e+00 -1.4312e+00 -3.6429e+00 -1.3063e+00 -4.1587e+00 -4.1461e+00 -2.1655e+00
6227 +5.663666514e+00 +5.663666514e+00 -2.145363335e+02 -2.145363335e+02 -4.0529e+00 -8.0777e-01 -8.3512e-01 +2.1755e+00 +8.6001e-01 -3.7247e+00 -1.9276e+00 -5.0000e+00 -4.5447e+00 -1.2456e+00
25308 +3.551568464e+00 +3.551568464e+00 -2.166484315e+02 -2.166484315e+02 -3.8392e+00 -4.7165e-01 +7.2496e-01 +2.6800e+00 -4.8590e-02 -3.5363e+00 -5.8773e-01 -3.9722e+00 -3.8152e+00 -1.0885e+00
% function evaluation | noise-free fitness - Fopt (-2.041000000000e+01) | best noise-free fitness - Fopt | measured fitness | best measured fitness | x1 | x2...
1 +5.137352649e+02 +5.137352649e+02 +4.933252649e+02 +4.933252649e+02 -2.3707e+00 +2.3153e+00 +4.4605e-01 -4.9167e+00 -3.6011e+00 +2.1263e+00 +3.3862e+00 +4.8256e+00 +9.7083e-01 +4.3807e+00
2 +5.641550524e+01 +5.641550524e+01 +3.600550524e+01 +3.600550524e+01 +1.0322e+00 +2.6279e+00 -2.6693e+00 -1.2591e+00 +2.7525e+00 -4.2824e+00 -3.8407e+00 -2.4796e+00 -1.7407e+00 +2.5902e+00
39 +3.839177323e+01 +3.839177323e+01 +1.798177323e+01 +1.798177323e+01 -4.8702e+00 -3.6017e+00 -3.8844e+00 +1.2496e+00 +2.1390e+00 +1.9642e+00 -2.2158e+00 -2.7849e+00 +1.6433e+00 -2.5352e+00
693 +2.359451445e+01 +2.359451445e+01 +3.184514446e+00 +3.184514446e+00 -2.4643e+00 +2.5058e+00 -4.2224e+00 +3.0424e+00 +2.0260e+00 -3.3015e+00 -4.8198e+00 -1.2412e-02 -3.6972e+00 +3.5520e-01
1859 +1.187345870e+01 +1.187345870e+01 -8.536541300e+00 -8.536541300e+00 -1.1762e+00 -2.1749e+00 -2.0016e+00 +3.8210e+00 +2.1947e+00 -5.0000e+00 -5.0000e+00 -6.7611e-01 -4.6051e+00 +8.9637e-01
2841 +9.162955731e+00 +9.162955731e+00 -1.124704427e+01 -1.124704427e+01 -1.4708e+00 -1.6039e+00 -2.3930e+00 +2.6125e+00 +2.2878e+00 -5.0000e+00 -3.5377e+00 -2.7695e-01 -5.0000e+00 +3.1014e+00
11227 +5.598264387e+00 +5.598264387e+00 -1.481173561e+01 -1.481173561e+01 -3.0813e+00 -1.9304e+00 -3.2695e+00 +2.9078e+00 +1.7656e+00 -2.1351e+00 -1.4241e+00 -8.8308e-01 -3.6823e+00 +2.4868e+00
% function evaluation | noise-free fitness - Fopt (6.081000000000e+01) | best noise-free fitness - Fopt | measured fitness | best measured fitness | x1 | x2...
1 +9.537918093e+02 +9.537918093e+02 +1.014601809e+03 +1.014601809e+03 -3.1530e+00 -2.0048e+00 -2.4178e+00 -3.3875e+00 -2.9949e+00 +3.8244e+00 +3.8481e+00 +9.0897e-01 +2.9039e+00 -4.5525e+00
2 +3.838594576e+02 +3.838594576e+02 +4.446694576e+02 +4.446694576e+02 +1.6723e+00 +1.0153e+00 -3.1352e-01 -3.2212e+00 +3.3770e+00 -3.2325e+00 -2.5383e+00 +4.7739e+00 +4.8631e+00 -5.5099e-01
3 +8.116980864e+01 +8.116980864e+01 +1.419798086e+02 +1.419798086e+02 +1.0603e+00 +3.7699e+00 +2.4072e+00 +2.4914e+00 -3.9821e+00 -1.6255e+00 -2.6108e+00 +1.8065e+00 -2.1512e+00 -2.7180e+00
5 +5.997985255e+01 +5.997985255e+01 +1.207898526e+02 +1.207898526e+02 -1.7540e+00 +1.6765e+00 +2.7600e+00 +3.0862e-01 -1.2662e+00 -1.6959e-01 +3.8111e+00 -4.2952e+00 +4.7060e-01 +3.7918e+00
71 +3.527990855e+01 +3.527990855e+01 +9.608990855e+01 +9.608990855e+01 -1.2958e+00 +4.0939e+00 +2.5554e+00 -4.3288e-01 -7.6109e-01 -2.2471e+00 -2.2847e+00 -4.3972e+00 -4.1048e+00 +4.9704e+00
259 +2.299072492e+01 +2.299072492e+01 +8.380072492e+01 +8.380072492e+01 -2.0079e+00 +2.2792e+00 +4.8691e+00 -2.2907e-01 -1.8338e+00 +6.9286e-01 +2.5943e+00 -3.9172e+00 -1.0976e+00 +4.9166e+00
1406 +1.574091209e+01 +1.574091209e+01 +7.655091209e+01 +7.655091209e+01 +1.1026e+00 +1.7462e+00 +1.3856e+00 -2.2110e+00 -7.4488e-03 -1.0948e+00 +3.1594e+00 -2.2573e+00 -5.2851e-01 +4.1112e+00
2501 +8.954036508e+00 +8.954036508e+00 +6.976403651e+01 +6.976403651e+01 +2.0496e+00 +3.4208e+00 +2.8754e+00 +8.5328e-01 -5.7552e-01 -7.8305e-01 +1.4044e+00 -3.6759e+00 -2.0091e+00 +3.0745e+00
8286 +3.484699089e+00 +3.484699089e+00 +6.429469909e+01 +6.429469909e+01 +1.8040e+00 +2.7754e+00 +2.4641e+00 -1.9277e-01 +9.9970e-01 -1.4937e+00 +2.0038e+00 -1.6033e+00 -2.2150e+00 +5.0000e+00
% function evaluation | noise-free fitness - Fopt (-6.176300000000e+02) | best noise-free fitness - Fopt | measured fitness | best measured fitness | x1 | x2...
1 +1.931785468e+02 +1.931785468e+02 -4.244514532e+02 -4.244514532e+02 -4.6337e+00 -9.8532e-01 +1.9228e+00 +8.8173e-01 -1.6010e+00 -1.9001e+00 +3.8938e-01 -3.7956e+00 +3.8329e+00 -4.5811e+00
3 +6.336766512e+01 +6.336766512e+01 -5.542623349e+02 -5.542623349e+02 +3.1453e+00 +3.5741e+00 -3.9513e-01 -1.3115e+00 -2.5951e+00 -1.4029e-02 +2.9726e+00 -2.6502e+00 +5.9325e-01 -3.7670e+00
50 +4.893556400e+01 +4.893556400e+01 -5.686944360e+02 -5.686944360e+02 -4.4793e+00 -2.0231e+00 +5.3561e-01 -3.3757e+00 -1.1825e+00 +7.8243e-01 +4.6935e+00 +2.0032e+00 +2.2119e+00 +5.1281e-02
73 +3.881741924e+01 +3.881741924e+01 -5.788125808e+02 -5.788125808e+02 -3.3194e+00 -6.1990e-01 -3.3452e+00 -2.4212e+00 -1.0603e+00 +1.8781e+00 +4.4553e-01 -3.5906e+00 +4.3256e+00 -2.5574e+00
538 +2.296609454e+01 +2.296609454e+01 -5.946639055e+02 -5.946639055e+02 -2.7564e+00 +2.1912e-01 -3.3073e+00 -2.2837e+00 -2.3557e+00 +5.5007e-01 +2.8833e+00 +1.7117e+00 +1.7826e+00 +1.2293e+00
1336 +1.213738454e+01 +1.213738454e+01 -6.054926155e+02 -6.054926155e+02 -1.3929e+00 -2.6072e+00 -3.7126e+00 -4.1413e+00 -2.9227e+00 -1.2637e+00 +2.2900e+00 +6.7355e-02 +3.9656e+00 +2.7044e+00
2128 +8.953629957e+00 +8.953629957e+00 -6.086763700e+02 -6.086763700e+02 -1.1974e+00 -2.4231e+00 -4.1735e+00 -5.0000e+00 -3.3919e+00 -7.8267e-01 -3.2172e-01 -1.7283e+00 +3.4862e+00 +1.5401e+00
4536 +5.009359179e+00 +5.009359179e+00 -6.126206408e+02 -6.126206408e+02 -1.6425e+00 -3.5700e+00 -3.3929e+00 -4.2243e+00 -3.7026e+00 -3.5641e-01 +8.0004e-01 -2.8904e+00 +3.7583e+00 +2.8653e+00
