% function evaluation | noise-free fitness - Fopt (2.997000000000e+01) | best noise-free fitness - Fopt | measured fitness | best measured fitness | x1 | x2...
1 +4.633286483e+02 +4.633286483e+02 +4.932986483e+02 +4.932986483e+02 -1.2266e+00 -2.6582e+00
3 +3.003440373e+02 +3.003440373e+02 +3.303140373e+02 +3.303140373e+02 +2.0167e+00 +4.7960e+00
7 +2.197287015e+02 +2.197287015e+02 +2.496987015e+02 +2.496987015e+02 +5.7089e-01 -1.4941e-02
10 +1.662795634e+01 +1.662795634e+01 +4.659795634e+01 +4.659795634e+01 +9.5168e-01 -1.6640e+00
295 +9.722741516e-01 +9.722741516e-01 +3.094227415e+01 +3.094227415e+01 +9.2439e-01 -1.5297e+00
752 +5.488952045e-02 +5.488952045e-02 +3.002488952e+01 +3.002488952e+01 +9.2557e-01 -1.5374e+00
12485 +3.321242205e-02 +3.321242205e-02 +3.000321242e+01 +3.000321242e+01 +9.1949e-01 -1.5574e+00
21284 +2.475274961e-02 +2.475274961e-02 +2.999475275e+01 +2.999475275e+01 +9.0188e-01 -1.6145e+00
21619 +1.297742082e-02 +1.297742082e-02 +2.998297742e+01 +2.998297742e+01 +9.0193e-01 -1.6145e+00
60119 +3.285106394e-03 +3.285106394e-03 +2.997328511e+01 +2.997328511e+01 +8.7526e-01 -1.7012e+00
60430 +2.355484056e-03 +2.355484056e-03 +2.997235548e+01 +2.997235548e+01 +8.7527e-01 -1.7012e+00
60534 +4.620492625e-04 +4.620492625e-04 +2.997046205e+01 +2.997046205e+01 +8.7520e-01 -1.7014e+00
60731 +2.042501316e-04 +2.042501316e-04 +2.997020425e+01 +2.997020425e+01 +8.7520e-01 -1.7014e+00
60915 +8.661070646e-05 +8.661070646e-05 +2.997008661e+01 +2.997008661e+01 +8.7526e-01 -1.7012e+00
61261 +5.318246302e-05 +5.318246302e-05 +2.997005318e+01 +2.997005318e+01 +8.7520e-01 -1.7014e+00
61277 +3.656484472e-05 +3.656484472e-05 +2.997003656e+01 +2.997003656e+01 +8.7526e-01 -1.7012e+00
61410 +1.744598115e-05 +1.744598115e-05 +2.997001745e+01 +2.997001745e+01 +8.7520e-01 -1.7014e+00
61679 +1.487642128e-05 +1.487642128e-05 +2.997001488e+01 +2.997001488e+01 +8.7520e-01 -1.7014e+00
% function evaluation | noise-free fitness - Fopt (-5.171000000000e+01) | best noise-free fitness - Fopt | measured fitness | best measured fitness | x1 | x2...
1 +2.578352314e+02 +2.578352314e+02 +2.061252314e+02 +2.061252314e+02 +1.4594e+00 +9.1680e-02
4 +2.260907031e+01 +2.260907031e+01 -2.910092969e+01 -2.910092969e+01 +1.8931e+00 +2.1778e+00
45 +1.438539793e+01 +1.438539793e+01 -3.732460207e+01 -3.732460207e+01 +2.3299e+00 +2.7012e+00
198 +4.924396780e+00 +4.924396780e+00 -4.678560322e+01 -4.678560322e+01 +2.4216e+00 +2.9709e+00
743 +2.625289235e+00 +2.625289235e+00 -4.908471077e+01 -4.908471077e+01 +2.2427e+00 +2.7389e+00
773 +1.778021620e+00 +1.778021620e+00 -4.993197838e+01 -4.993197838e+01 +2.3177e+00 +2.7995e+00
927 +1.388095743e+00 +1.388095743e+00 -5.032190426e+01 -5.032190426e+01 +2.3236e+00 +2.8225e+00
1201 +9.409769888e-01 +9.409769888e-01 -5.076902301e+01 -5.076902301e+01 +2.3216e+00 +2.8113e+00
1254 +6.033568588e-01 +6.033568588e-01 -5.110664314e+01 -5.110664314e+01 +2.4279e+00 +2.9369e+00
1375 +3.200545138e-01 +3.200545138e-01 -5.138994549e+01 -5.138994549e+01 +2.4632e+00 +2.9722e+00
1586 +2.461355971e-01 +2.461355971e-01 -5.146386440e+01 -5.146386440e+01 +2.4590e+00 +2.9694e+00
2222 +1.169065029e-01 +1.169065029e-01 -5.159309350e+01 -5.159309350e+01 +2.5209e+00 +3.0394e+00
2669 +9.515294733e-02 +9.515294733e-02 -5.161484705e+01 -5.161484705e+01 +2.5210e+00 +3.0392e+00
2981 +6.181956203e-02 +6.181956203e-02 -5.164818044e+01 -5.164818044e+01 +2.5212e+00 +3.0392e+00
4003 +2.968415227e-02 +2.968415227e-02 -5.168031585e+01 -5.168031585e+01 +2.5869e+00 +3.1132e+00
4149 +2.035214819e-02 +2.035214819e-02 -5.168964785e+01 -5.168964785e+01 +2.5869e+00 +3.1133e+00
4262 +9.753646564e-03 +9.753646564e-03 -5.170024635e+01 -5.170024635e+01 +2.5869e+00 +3.1135e+00
4437 +4.096122839e-03 +4.096122839e-03 -5.170590388e+01 -5.170590388e+01 +2.5869e+00 +3.1135e+00
4558 +3.710309298e-03 +3.710309298e-03 -5.170628969e+01 -5.170628969e+01 +2.5868e+00 +3.1134e+00
7755 +2.510355358e-03 +2.510355358e-03 -5.170748964e+01 -5.170748964e+01 +2.5871e+00 +3.1136e+00
27409 +6.016327925e-04 +6.016327925e-04 -5.170939837e+01 -5.170939837e+01 +2.6000e+00 +3.1283e+00
27617 +1.305602808e-04 +1.305602808e-04 -5.170986944e+01 -5.170986944e+01 +2.6002e+00 +3.1285e+00
% function evaluation | noise-free fitness - Fopt (-2.799500000000e+02) | best noise-free fitness - Fopt | measured fitness | best measured fitness | x1 | x2...
1 +4.461233303e+02 +4.461233303e+02 +1.661733303e+02 +1.661733303e+02 +1.3943e+00 -3.8749e+00
3 +2.625669579e+02 +2.625669579e+02 -1.738304213e+01 -1.738304213e+01 +3.7744e+00 -1.8771e+00
8 +6.749129497e+01 +6.749129497e+01 -2.124587050e+02 -2.124587050e+02 -3.5641e+00 -3.6048e+00
96 +5.255350770e+01 +5.255350770e+01 -2.273964923e+02 -2.273964923e+02 -1.2116e+00 -3.2874e+00
130 +5.199586554e+00 +5.199586554e+00 -2.747504134e+02 -2.747504134e+02 -4.6312e+00 -4.3064e+00
665 +3.393970757e+00 +3.393970757e+00 -2.765560292e+02 -2.765560292e+02 -3.1204e+00 -3.7975e+00
678 +2.379324055e+00 +2.379324055e+00 -2.775706759e+02 -2.775706759e+02 -3.1682e+00 -3.7913e+00
761 +1.513220205e+00 +1.513220205e+00 -2.784367798e+02 -2.784367798e+02 -3.0202e+00 -3.7514e+00
914 +8.881213761e-01 +8.881213761e-01 -2.790618786e+02 -2.790618786e+02 -3.1344e+00 -3.7872e+00
1154 +4.600249905e-01 +4.600249905e-01 -2.794899750e+02 -2.794899750e+02 -3.2669e+00 -3.8349e+00
1816 +3.437472848e-01 +3.437472848e-01 -2.796062527e+02 -2.796062527e+02 -3.2701e+00 -3.8366e+00
2770 +2.311680982e-01 +2.311680982e-01 -2.797188319e+02 -2.797188319e+02 -3.3744e+00 -3.8742e+00
3261 +1.524165068e-01 +1.524165068e-01 -2.797975835e+02 -2.797975835e+02 -3.3746e+00 -3.8739e+00
4556 +6.954064499e-02 +6.954064499e-02 -2.798804594e+02 -2.798804594e+02 -3.4714e+00 -3.9083e+00
4642 +5.711588836e-02 +5.711588836e-02 -2.798928841e+02 -2.798928841e+02 -3.4713e+00 -3.9082e+00
9254 +3.343435709e-02 +3.343435709e-02 -2.799165656e+02 -2.799165656e+02 -3.6016e+00 -3.9542e+00
9437 +1.702129050e-02 +1.702129050e-02 -2.799329787e+02 -2.799329787e+02 -3.6016e+00 -3.9542e+00
9549 +1.556845618e-02 +1.556845618e-02 -2.799344315e+02 -2.799344315e+02 -3.6015e+00 -3.9542e+00
9641 +7.721345809e-04 +7.721345809e-04 -2.799492279e+02 -2.799492279e+02 -3.6016e+00 -3.9543e+00
28365 +2.230646097e-04 +2.230646097e-04 -2.799497769e+02 -2.799497769e+02 -3.6153e+00 -3.9592e+00
28516 +2.289799539e-05 +2.289799539e-05 -2.799499771e+02 -2.799499771e+02 -3.6153e+00 -3.9592e+00
28571 +1.332777231e-05 +1.332777231e-05 -2.799499867e+02 -2.799499867e+02 -3.6153e+00 -3.9592e+00
% function evaluation | noise-free fitness - Fopt (9.319900000000e+02) | best noise-free fitness - Fopt | measured fitness | best measured fitness | x1 | x2...
1 +9.425563662e+02 +9.425563662e+02 +1.874546366e+03 +1.874546366e+03 -2.2101e+00 -3.4690e+00
2 +2.697467137e+02 +2.697467137e+02 +1.201736714e+03 +1.201736714e+03 -2.5698e+00 +4.1216e+00
3 +1.479006289e+02 +1.479006289e+02 +1.079890629e+03 +1.079890629e+03 +3.7528e+00 +6.6699e-01
34 +4.519217138e+01 +4.519217138e+01 +9.771821714e+02 +9.771821714e+02 +1.5546e+00 +1.1423e+00
170 +2.408762265e+01 +2.408762265e+01 +9.560776227e+02 +9.560776227e+02 +2.3235e+00 +6.0320e-01
327 +1.168435715e+01 +1.168435715e+01 +9.436743571e+02 +9.436743571e+02 +5.3440e-01 +1.2861e+00
576 +8.322669822e+00 +8.322669822e+00 +9.403126698e+02 +9.403126698e+02 +6.7079e-01 +1.2109e+00
633 +4.452138482e+00 +4.452138482e+00 +9.364421385e+02 +9.364421385e+02 +1.4345e+00 +8.7701e-01
757 +3.326774228e+00 +3.326774228e+00 +9.353167742e+02 +9.353167742e+02 +1.4245e+00 +8.7253e-01
888 +6.469864630e-01 +6.469864630e-01 +9.326369865e+02 +9.326369865e+02 +1.4431e+00 +8.3424e-01
1047 +3.415382713e-01 +3.415382713e-01 +9.323315383e+02 +9.323315383e+02 +1.4121e+00 +8.5438e-01
1251 +2.269442508e-01 +2.269442508e-01 +9.322169443e+02 +9.322169443e+02 +1.4165e+00 +8.4862e-01
1268 +1.152686008e-01 +1.152686008e-01 +9.321052686e+02 +9.321052686e+02 +1.4056e+00 +8.5402e-01
1683 +9.500460379e-02 +9.500460379e-02 +9.320850046e+02 +9.320850046e+02 +1.4057e+00 +8.5416e-01
1692 +5.609649773e-02 +5.609649773e-02 +9.320460965e+02 +9.320460965e+02 +1.4216e+00 +8.4783e-01
1827 +3.667058739e-02 +3.667058739e-02 +9.320266706e+02 +9.320266706e+02 +1.4100e+00 +8.5282e-01
2859 +1.764326363e-02 +1.764326363e-02 +9.320076433e+02 +9.320076433e+02 +1.3444e+00 +8.8082e-01
3234 +3.389977726e-04 +3.389977726e-04 +9.319903390e+02 +9.319903390e+02 +1.3444e+00 +8.8064e-01
3954 +2.110435469e-04 +2.110435469e-04 +9.319902110e+02 +9.319902110e+02 +1.3441e+00 +8.8078e-01
% function evaluation | noise-free fitness - Fopt (1.133100000000e+02) | best noise-free fitness - Fopt | measured fitness | best measured fitness | x1 | x2...
1 +4.150005801e+02 +4.150005801e+02 +5.283105801e+02 +5.283105801e+02 -2.7027e+00 +3.0396e+00
12 +1.588360813e+02 +1.588360813e+02 +2.721460813e+02 +2.721460813e+02 -6.5140e-01 +2.8416e+00
19 +1.435848117e+02 +1.435848117e+02 +2.568948117e+02 +2.568948117e+02 -2.2919e+00 +1.2729e+00
25 +5.806755442e+01 +5.806755442e+01 +1.713775544e+02 +1.713775544e+02 +4.7059e-02 +2.6973e+00
62 +2.037973396e+01 +2.037973396e+01 +1.336897340e+02 +1.336897340e+02 -7.7387e-01 +2.2600e+00
63 +9.034069593e+00 +9.034069593e+00 +1.223440696e+02 +1.223440696e+02 +1.0230e+00 +2.7808e+00
101 +5.645666263e+00 +5.645666263e+00 +1.189556663e+02 +1.189556663e+02 +1.2855e+00 +2.9114e+00
585 +1.241738100e+00 +1.241738100e+00 +1.145517381e+02 +1.145517381e+02 +2.6424e+00 +3.3313e+00
716 +8.205399721e-01 +8.205399721e-01 +1.141305400e+02 +1.141305400e+02 +2.6836e+00 +3.3425e+00
819 +5.085945281e-01 +5.085945281e-01 +1.138185945e+02 +1.138185945e+02 +2.6933e+00 +3.3443e+00
1581 +3.950833629e-01 +3.950833629e-01 +1.137050834e+02 +1.137050834e+02 +1.6469e+00 +3.0093e+00
5192 +2.459897290e-01 +2.459897290e-01 +1.135559897e+02 +1.135559897e+02 +1.7483e+00 +3.0417e+00
10974 +1.093333687e-01 +1.093333687e-01 +1.134193334e+02 +1.134193334e+02 +1.8928e+00 +3.0879e+00
11719 +9.794908835e-02 +9.794908835e-02 +1.134079491e+02 +1.134079491e+02 +1.8928e+00 +3.0880e+00
15916 +6.305698540e-02 +6.305698540e-02 +1.133730570e+02 +1.133730570e+02 +1.9481e+00 +3.1057e+00
17266 +3.419314819e-02 +3.419314819e-02 +1.133441931e+02 +1.133441931e+02 +1.9968e+00 +3.1213e+00
21766 +2.358564148e-02 +2.358564148e-02 +1.133335856e+02 +1.133335856e+02 +2.0193e+00 +3.1285e+00
30075 +1.583128847e-02 +1.583128847e-02 +1.133258313e+02 +1.133258313e+02 +2.0428e+00 +3.1360e+00
92516 +7.980553705e-03 +7.980553705e-03 +1.133179806e+02 +1.133179806e+02 +2.0720e+00 +3.1454e+00
104129 +3.306225253e-03 +3.306225253e-03 +1.133133062e+02 +1.133133062e+02 +2.1493e+00 +3.1701e+00
104656 +9.347170112e-04 +9.347170112e-04 +1.133109347e+02 +1.133109347e+02 +2.1492e+00 +3.1701e+00
104770 +4.679797544e-04 +4.679797544e-04 +1.133104680e+02 +1.133104680e+02 +2.1492e+00 +3.1701e+00
105263 +3.642240766e-04 +3.642240766e-04 +1.133103642e+02 +1.133103642e+02 +2.1492e+00 +3.1701e+00
% function evaluation | noise-free fitness - Fopt (-3.000200000000e+02) | best noise-free fitness - Fopt | measured fitness | best measured fitness | x1 | x2...
1 +8.549972324e+02 +8.549972324e+02 +5.549772324e+02 +5.549772324e+02 -3.6902e+00 +3.5257e+00
8 +9.160561012e+01 +9.160561012e+01 -2.084143899e+02 -2.084143899e+02 +2.4794e+00 +6.8053e-01
20 +5.292948271e+01 +5.292948271e+01 -2.470905173e+02 -2.470905173e+02 -4.7626e+00 +1.0421e+00
75 +2.226128840e+00 +2.226128840e+00 -2.977938712e+02 -2.977938712e+02 -1.5698e+00 +7.0437e-01
607 +1.481973792e+00 +1.481973792e+00 -2.985380262e+02 -2.985380262e+02 +3.5197e-02 +5.8471e-01
1235 +4.014228756e-01 +4.014228756e-01 -2.996185771e+02 -2.996185771e+02 +2.9418e-02 +5.9042e-01
1380 +1.884197843e-01 +1.884197843e-01 -2.998315802e+02 -2.998315802e+02 +2.9073e-02 +5.8977e-01
1878 +1.460097359e-01 +1.460097359e-01 -2.998739903e+02 -2.998739903e+02 +2.8843e-02 +5.8965e-01
6405 +7.435424634e-02 +7.435424634e-02 -2.999456458e+02 -2.999456458e+02 -3.4251e-01 +6.1641e-01
6757 +3.718829140e-02 +3.718829140e-02 -2.999828117e+02 -2.999828117e+02 -3.4268e-01 +6.1654e-01
6876 +2.479330027e-02 +2.479330027e-02 -2.999952067e+02 -2.999952067e+02 -3.4254e-01 +6.1657e-01
6903 +1.400795734e-02 +1.400795734e-02 -3.000059920e+02 -3.000059920e+02 -3.4260e-01 +6.1661e-01
6957 +2.750967028e-03 +2.750967028e-03 -3.000172490e+02 -3.000172490e+02 -3.4254e-01 +6.1665e-01
7164 +2.042389131e-03 +2.042389131e-03 -3.000179576e+02 -3.000179576e+02 -3.4254e-01 +6.1665e-01
% function evaluation | noise-free fitness - Fopt (4.471000000000e+01) | best noise-free fitness - Fopt | measured fitness | best measured fitness | x1 | x2...
1 +3.998254452e+02 +3.998254452e+02 +4.445354452e+02 +4.445354452e+02 +4.4294e+00 +2.0384e+00
2 +3.804918831e+02 +3.804918831e+02 +4.252018831e+02 +4.252018831e+02 +2.3773e+00 +4.1485e+00
7 +2.271282963e+02 +2.271282963e+02 +2.718382963e+02 +2.718382963e+02 +3.3783e-02 +1.3246e+00
19 +1.455719992e+02 +1.455719992e+02 +1.902819992e+02 +1.902819992e+02 -3.7191e-02 +2.9895e+00
35 +9.093664548e+01 +9.093664548e+01 +1.356466455e+02 +1.356466455e+02 +3.7478e+00 -1.0139e+00
44 +1.003836083e+01 +1.003836083e+01 +5.474836083e+01 +5.474836083e+01 +3.6133e+00 -1.8857e+00
285 +9.508931819e+00 +9.508931819e+00 +5.421893182e+01 +5.421893182e+01 +3.0814e+00 -1.0898e+00
715 +2.185828927e+00 +2.185828927e+00 +4.689582893e+01 +4.689582893e+01 +3.0346e+00 -1.1192e+00
788 +7.894691361e-01 +7.894691361e-01 +4.549946914e+01 +4.549946914e+01 +3.0290e+00 -1.1294e+00
932 +2.328695369e-01 +2.328695369e-01 +4.494286954e+01 +4.494286954e+01 +3.0149e+00 -1.1191e+00
1629 +1.570373786e-01 +1.570373786e-01 +4.486703738e+01 +4.486703738e+01 +3.0143e+00 -1.1173e+00
2576 +8.526341079e-02 +8.526341079e-02 +4.479526341e+01 +4.479526341e+01 +2.9342e+00 -1.0116e+00
2640 +8.965315297e-03 +8.965315297e-03 +4.471896532e+01 +4.471896532e+01 +2.9289e+00 -1.0036e+00
2938 +5.906761592e-03 +5.906761592e-03 +4.471590676e+01 +4.471590676e+01 +2.9289e+00 -1.0036e+00
3007 +3.644363228e-03 +3.644363228e-03 +4.471364436e+01 +4.471364436e+01 +2.9288e+00 -1.0035e+00
4888 +1.711275207e-03 +1.711275207e-03 +4.471171128e+01 +4.471171128e+01 +2.9228e+00 -9.9540e-01
5043 +1.583351463e-03 +1.583351463e-03 +4.471158335e+01 +4.471158335e+01 +2.9228e+00 -9.9540e-01
5360 +9.705050968e-04 +9.705050968e-04 +4.471097051e+01 +4.471097051e+01 +2.9226e+00 -9.9526e-01
% function evaluation | noise-free fitness - Fopt (-1.000000000000e+03) | best noise-free fitness - Fopt | measured fitness | best measured fitness | x1 | x2...
1 +8.948727477e+02 +8.948727477e+02 -1.051272523e+02 -1.051272523e+02 +6.5135e-01 -8.6862e-01
3 +4.732140556e+02 +4.732140556e+02 -5.267859444e+02 -5.267859444e+02 -2.6629e+00 -1.8515e+00
9 +3.199576012e+01 +3.199576012e+01 -9.680042399e+02 -9.680042399e+02 -2.2533e+00 +1.9310e+00
198 +2.140644376e+01 +2.140644376e+01 -9.785935562e+02 -9.785935562e+02 -2.9257e+00 +1.4122e+00
341 +9.146093696e+00 +9.146093696e+00 -9.908539063e+02 -9.908539063e+02 -1.4684e+00 +3.4171e+00
736 +2.188485812e+00 +2.188485812e+00 -9.978115142e+02 -9.978115142e+02 -2.0698e+00 +2.4794e+00
815 +1.503854239e+00 +1.503854239e+00 -9.984961458e+02 -9.984961458e+02 -2.0686e+00 +2.4878e+00
832 +6.043886060e-01 +6.043886060e-01 -9.993956114e+02 -9.993956114e+02 -2.0724e+00 +2.4906e+00
1038 +3.050936848e-01 +3.050936848e-01 -9.996949063e+02 -9.996949063e+02 -2.1008e+00 +2.4526e+00
1806 +2.485213952e-01 +2.485213952e-01 -9.997514786e+02 -9.997514786e+02 -2.0927e+00 +2.4636e+00
2275 +9.068336247e-02 +9.068336247e-02 -9.999093166e+02 -9.999093166e+02 -2.1822e+00 +2.3319e+00
2796 +5.849269651e-02 +5.849269651e-02 -9.999415073e+02 -9.999415073e+02 -2.1822e+00 +2.3317e+00
5301 +3.977237553e-02 +3.977237553e-02 -9.999602276e+02 -9.999602276e+02 -2.1950e+00 +2.3125e+00
7426 +2.451612815e-02 +2.451612815e-02 -9.999754839e+02 -9.999754839e+02 -2.2024e+00 +2.3017e+00
7545 +1.254307513e-02 +1.254307513e-02 -9.999874569e+02 -9.999874569e+02 -2.2315e+00 +2.2585e+00
7891 +6.715445181e-03 +6.715445181e-03 -9.999932846e+02 -9.999932846e+02 -2.2314e+00 +2.2587e+00
8137 +6.298436160e-03 +6.298436160e-03 -9.999937016e+02 -9.999937016e+02 -2.2314e+00 +2.2587e+00
8749 +3.757245224e-03 +3.757245224e-03 -9.999962428e+02 -9.999962428e+02 -2.2400e+00 +2.2460e+00
8842 +1.925732161e-03 +1.925732161e-03 -9.999980743e+02 -9.999980743e+02 -2.2400e+00 +2.2461e+00
21801 +1.207596547e-03 +1.207596547e-03 -9.999987924e+02 -9.999987924e+02 -2.2532e+00 +2.2266e+00
22380 +9.795302813e-04 +9.795302813e-04 -9.999990205e+02 -9.999990205e+02 -2.2532e+00 +2.2266e+00
22897 +4.769129599e-04 +4.769129599e-04 -9.999995231e+02 -9.999995231e+02 -2.2532e+00 +2.2266e+00
23099 +2.967921051e-04 +2.967921051e-04 -9.999997032e+02 -9.999997032e+02 -2.2532e+00 +2.2266e+00
23153 +2.437394431e-04 +2.437394431e-04 -9.999997563e+02 -9.999997563e+02 -2.2532e+00 +2.2266e+00
23498 +6.049198942e-05 +6.049198942e-05 -9.999999395e+02 -9.999999395e+02 -2.2532e+00 +2.2266e+00
23704 +2.014075312e-05 +2.014075312e-05 -9.999999799e+02 -9.999999799e+02 -2.2532e+00 +2.2266e+00
24215 +1.355973893e-05 +1.355973893e-05 -9.999999864e+02 -9.999999864e+02 -2.2532e+00 +2.2266e+00
% function evaluation | noise-free fitness - Fopt (3.042000000000e+02) | best noise-free fitness - Fopt | measured fitness | best measured fitness | x1 | x2...
1 +1.081629721e+03 +1.081629721e+03 +1.385829721e+03 +1.385829721e+03 +3.4635e-01 -3.0001e+00
3 +3.538033659e+02 +3.538033659e+02 +6.580033659e+02 +6.580033659e+02 +1.6813e+00 +7.5253e-01
6 +2.501278387e+02 +2.501278387e+02 +5.543278387e+02 +5.543278387e+02 -4.5463e+00 +2.0526e+00
7 +6.749575790e+01 +6.749575790e+01 +3.716957579e+02 +3.716957579e+02 -2.7135e+00 +2.9873e+00
10 +5.603858998e+01 +5.603858998e+01 +3.602385900e+02 +3.602385900e+02 -2.7119e+00 +4.0353e+00
16 +2.602830933e+01 +2.602830933e+01 +3.302283093e+02 +3.302283093e+02 -3.8418e+00 +4.0806e+00
160 +1.229541223e+01 +1.229541223e+01 +3.164954122e+02 +3.164954122e+02 -2.3055e+00 +3.3197e+00
564 +8.564998020e+00 +8.564998020e+00 +3.127649980e+02 +3.127649980e+02 -2.7865e+00 +3.5224e+00
693 +4.633787487e+00 +4.633787487e+00 +3.088337875e+02 +3.088337875e+02 -3.0477e+00 +3.7132e+00
703 +2.533992502e+00 +2.533992502e+00 +3.067339925e+02 +3.067339925e+02 -2.8510e+00 +3.6343e+00
894 +2.169960876e+00 +2.169960876e+00 +3.063699609e+02 +3.063699609e+02 -2.8599e+00 +3.6342e+00
971 +1.480933065e+00 +1.480933065e+00 +3.056809331e+02 +3.056809331e+02 -2.2714e+00 +3.3997e+00
1064 +3.468425679e-01 +3.468425679e-01 +3.045468426e+02 +3.045468426e+02 -2.4444e+00 +3.4727e+00
1702 +1.758531751e-01 +1.758531751e-01 +3.043758532e+02 +3.043758532e+02 -2.4150e+00 +3.4600e+00
1766 +1.395678147e-01 +1.395678147e-01 +3.043395678e+02 +3.043395678e+02 -2.4213e+00 +3.4621e+00
4027 +8.887515918e-02 +8.887515918e-02 +3.042888752e+02 +3.042888752e+02 -2.4550e+00 +3.4744e+00
5587 +5.807041397e-02 +5.807041397e-02 +3.042580704e+02 +3.042580704e+02 -2.4672e+00 +3.4788e+00
8369 +3.978776178e-02 +3.978776178e-02 +3.042397878e+02 +3.042397878e+02 -2.4776e+00 +3.4825e+00
11692 +2.468084389e-02 +2.468084389e-02 +3.042246808e+02 +3.042246808e+02 -2.4976e+00 +3.4898e+00
13588 +1.041094521e-02 +1.041094521e-02 +3.042104109e+02 +3.042104109e+02 -2.5181e+00 +3.4973e+00
14184 +9.177919988e-03 +9.177919988e-03 +3.042091779e+02 +3.042091779e+02 -2.5180e+00 +3.4973e+00
16089 +6.073334614e-03 +6.073334614e-03 +3.042060733e+02 +3.042060733e+02 -2.5321e+00 +3.5024e+00
16334 +2.445419119e-03 +2.445419119e-03 +3.042024454e+02 +3.042024454e+02 -2.5321e+00 +3.5024e+00
20042 +1.402642633e-03 +1.402642633e-03 +3.042014026e+02 +3.042014026e+02 -2.5395e+00 +3.5051e+00
20159 +8.626280502e-04 +8.626280502e-04 +3.042008626e+02 +3.042008626e+02 -2.5393e+00 +3.5050e+00
121094 +4.495913588e-04 +4.495913588e-04 +3.042004496e+02 +3.042004496e+02 -2.5422e+00 +3.5061e+00
146589 +3.971777331e-04 +3.971777331e-04 +3.042003972e+02 +3.042003972e+02 -2.5424e+00 +3.5062e+00
% function evaluation | noise-free fitness - Fopt (-1.046700000000e+02) | best noise-free fitness - Fopt | measured fitness | best measured fitness | x1 | x2...
1 +1.012740471e+03 +1.012740471e+03 +9.080704711e+02 +9.080704711e+02 -4.0645e+00 -4.5332e+00
2 +2.537155100e+02 +2.537155100e+02 +1.490455100e+02 +1.490455100e+02 +4.6255e-01 +2.9859e+00
3 +1.578986724e+02 +1.578986724e+02 +5.322867243e+01 +5.322867243e+01 -4.0759e-01 +2.4458e+00
5 +5.667078245e+01 +5.667078245e+01 -4.799921755e+01 -4.799921755e+01 -1.0141e+00 +1.8369e+00
7 +1.269877454e+01 +1.269877454e+01 -9.197122546e+01 -9.197122546e+01 -3.6157e+00 +8.9883e-01
504 +7.907902632e+00 +7.907902632e+00 -9.676209737e+01 -9.676209737e+01 -3.7023e+00 +1.0117e+00
702 +2.628049500e+00 +2.628049500e+00 -1.020419505e+02 -1.020419505e+02 -4.5344e+00 +7.2360e-01
983 +1.973733620e+00 +1.973733620e+00 -1.026962664e+02 -1.026962664e+02 -3.7151e+00 +9.6872e-01
986 +1.324093545e+00 +1.324093545e+00 -1.033459065e+02 -1.033459065e+02 -3.5331e+00 +1.0136e+00
1015 +4.624735407e-01 +4.624735407e-01 -1.042075265e+02 -1.042075265e+02 -3.5801e+00 +9.9219e-01
1105 +2.534984745e-01 +2.534984745e-01 -1.044165015e+02 -1.044165015e+02 -3.7058e+00 +9.5983e-01
1285 +2.015167091e-01 +2.015167091e-01 -1.044684833e+02 -1.044684833e+02 -3.7055e+00 +9.5957e-01
1607 +1.189050380e-01 +1.189050380e-01 -1.045510950e+02 -1.045510950e+02 -3.7563e+00 +9.4491e-01
1662 +8.744432534e-02 +8.744432534e-02 -1.045825557e+02 -1.045825557e+02 -3.7986e+00 +9.3168e-01
1683 +2.670562856e-02 +2.670562856e-02 -1.046432944e+02 -1.046432944e+02 -3.7932e+00 +9.3397e-01
1769 +2.313192307e-02 +2.313192307e-02 -1.046468681e+02 -1.046468681e+02 -3.7932e+00 +9.3393e-01
1998 +4.271751791e-03 +4.271751791e-03 -1.046657282e+02 -1.046657282e+02 -3.7932e+00 +9.3381e-01
2220 +1.954036332e-03 +1.954036332e-03 -1.046680460e+02 -1.046680460e+02 -3.7932e+00 +9.3379e-01
2351 +4.277831174e-04 +4.277831174e-04 -1.046695722e+02 -1.046695722e+02 -3.7932e+00 +9.3378e-01
3336 +3.766794299e-04 +3.766794299e-04 -1.046696233e+02 -1.046696233e+02 -3.7934e+00 +9.3374e-01
% function evaluation | noise-free fitness - Fopt (4.869500000000e+02) | best noise-free fitness - Fopt | measured fitness | best measured fitness | x1 | x2...
1 +7.205700399e+02 +7.205700399e+02 +1.207520040e+03 +1.207520040e+03 +2.2995e+00 +4.9120e+00
6 +2.685129670e+02 +2.685129670e+02 +7.554629670e+02 +7.554629670e+02 -4.9283e+00 +3.5572e+00
8 +2.798856957e+01 +2.798856957e+01 +5.149385696e+02 +5.149385696e+02 -3.8048e+00 -7.5537e-01
128 +1.022694654e+01 +1.022694654e+01 +4.971769465e+02 +4.971769465e+02 -4.0784e+00 -2.6241e-01
142 +7.354131981e+00 +7.354131981e+00 +4.943041320e+02 +4.943041320e+02 -4.0197e+00 -9.4274e-01
394 +5.020950311e+00 +5.020950311e+00 +4.919709503e+02 +4.919709503e+02 -3.9510e+00 -3.3943e-01
566 +1.304293623e-01 +1.304293623e-01 +4.870804294e+02 +4.870804294e+02 -3.9725e+00 -6.4754e-02
822 +4.061860152e-02 +4.061860152e-02 +4.869906186e+02 +4.869906186e+02 -3.9733e+00 -5.5289e-02
900 +3.733233209e-02 +3.733233209e-02 +4.869873323e+02 +4.869873323e+02 -3.9747e+00 -7.6029e-02
1034 +1.845997345e-02 +1.845997345e-02 +4.869684600e+02 +4.869684600e+02 -3.9731e+00 -5.5315e-02
1166 +1.569533007e-02 +1.569533007e-02 +4.869656953e+02 +4.869656953e+02 -3.9731e+00 -5.5211e-02
1325 +5.849693588e-03 +5.849693588e-03 +4.869558497e+02 +4.869558497e+02 -3.9735e+00 -6.3483e-02
1826 +2.863058635e-03 +2.863058635e-03 +4.869528631e+02 +4.869528631e+02 -3.9742e+00 -7.3592e-02
2096 +2.444961975e-03 +2.444961975e-03 +4.869524450e+02 +4.869524450e+02 -3.9742e+00 -7.3551e-02
6625 +1.407522494e-03 +1.407522494e-03 +4.869514075e+02 +4.869514075e+02 -3.9746e+00 -7.8786e-02
7321 +9.811183289e-04 +9.811183289e-04 +4.869509811e+02 +4.869509811e+02 -3.9746e+00 -7.8787e-02
65482 +6.143866625e-04 +6.143866625e-04 +4.869506144e+02 +4.869506144e+02 -3.9746e+00 -8.0259e-02
71101 +2.751885719e-04 +2.751885719e-04 +4.869502752e+02 +4.869502752e+02 -3.9752e+00 -8.8604e-02
71343 +2.179735540e-04 +2.179735540e-04 +4.869502180e+02 +4.869502180e+02 -3.9752e+00 -8.8603e-02
71665 +8.528715506e-05 +8.528715506e-05 +4.869500853e+02 +4.869500853e+02 -3.9752e+00 -8.8530e-02
71693 +3.889548600e-05 +3.889548600e-05 +4.869500389e+02 +4.869500389e+02 -3.9752e+00 -8.8532e-02
71729 +7.227252013e-06 +7.227252013e-06 +4.869500072e+02 +4.869500072e+02 -3.9752e+00 -8.8532e-02
72206 +6.762312523e-07 +6.762312523e-07 +4.869500007e+02 +4.869500007e+02 -3.9752e+00 -8.8605e-02
76128 +6.196862614e-07 +6.196862614e-07 +4.869500006e+02 +4.869500006e+02 -3.9752e+00 -8.8605e-02
% function evaluation | noise-free fitness - Fopt (9.655000000000e+01) | best noise-free fitness - Fopt | measured fitness | best measured fitness | x1 | x2...
1 +5.836479204e+02 +5.836479204e+02 +6.801979204e+02 +6.801979204e+02 -8.8284e-01 +1.6024e+00
5 +2.109387358e+02 +2.109387358e+02 +3.074887358e+02 +3.074887358e+02 +3.4716e+00 +4.3252e+00
12 +1.215528763e+02 +1.215528763e+02 +2.181028763e+02 +2.181028763e+02 +1.2175e+00 +1.7885e+00
71 +4.614421679e+01 +4.614421679e+01 +1.426942168e+02 +1.426942168e+02 +1.0760e+00 +2.4534e-02
141 +1.866395961e+01 +1.866395961e+01 +1.152139596e+02 +1.152139596e+02 +2.1363e+00 +2.7799e+00
292 +1.386512948e+01 +1.386512948e+01 +1.104151295e+02 +1.104151295e+02 +1.4697e+00 +9.5099e-01
302 +5.883609607e+00 +5.883609607e+00 +1.024336096e+02 +1.024336096e+02 +2.5678e+00 +4.4588e+00
672 +2.832433310e+00 +2.832433310e+00 +9.938243331e+01 +9.938243331e+01 +2.4854e+00 +4.1317e+00
779 +1.820652030e+00 +1.820652030e+00 +9.837065203e+01 +9.837065203e+01 +2.4774e+00 +4.1315e+00
1282 +1.273799748e+00 +1.273799748e+00 +9.782379975e+01 +9.782379975e+01 +2.4541e+00 +4.0527e+00
4451 +9.317389870e-01 +9.317389870e-01 +9.748173899e+01 +9.748173899e+01 +2.4065e+00 +3.9016e+00
4771 +2.616100340e-01 +2.616100340e-01 +9.681161003e+01 +9.681161003e+01 +2.2866e+00 +3.5136e+00
4920 +2.378247993e-01 +2.378247993e-01 +9.678782480e+01 +9.678782480e+01 +2.2865e+00 +3.5136e+00
5330 +1.444465348e-01 +1.444465348e-01 +9.669444653e+01 +9.669444653e+01 +2.2757e+00 +3.4799e+00
5680 +9.960552979e-02 +9.960552979e-02 +9.664960553e+01 +9.664960553e+01 +2.2755e+00 +3.4800e+00
22780 +2.049755772e-02 +2.049755772e-02 +9.657049756e+01 +9.657049756e+01 +2.2189e+00 +3.2992e+00
22895 +1.346409302e-03 +1.346409302e-03 +9.655134641e+01 +9.655134641e+01 +2.2189e+00 +3.2990e+00
% function evaluation | noise-free fitness - Fopt (6.320000000000e+00) | best noise-free fitness - Fopt | measured fitness | best measured fitness | x1 | x2...
1 +1.846188928e+03 +1.846188928e+03 +1.852508928e+03 +1.852508928e+03 -4.1303e+00 +7.8413e-01
2 +1.165063459e+03 +1.165063459e+03 +1.171383459e+03 +1.171383459e+03 -1.3968e+00 -8.6975e-01
3 +2.266851784e+01 +2.266851784e+01 +2.898851784e+01 +2.898851784e+01 +3.0793e+00 -1.1586e+00
79 +1.303211195e+01 +1.303211195e+01 +1.935211195e+01 +1.935211195e+01 +4.1901e+00 -4.3242e+00
582 +8.987062114e+00 +8.987062114e+00 +1.530706211e+01 +1.530706211e+01 +4.0053e+00 -3.9049e+00
652 +5.165234968e+00 +5.165234968e+00 +1.148523497e+01 +1.148523497e+01 +3.2778e+00 -1.8689e+00
876 +3.763821257e+00 +3.763821257e+00 +1.008382126e+01 +1.008382126e+01 +3.2710e+00 -1.8654e+00
957 +1.881056251e+00 +1.881056251e+00 +8.201056251e+00 +8.201056251e+00 +3.2415e+00 -1.8461e+00
1043 +8.262049790e-01 +8.262049790e-01 +7.146204979e+00 +7.146204979e+00 +3.1456e+00 -1.5633e+00
1385 +2.932108373e-01 +2.932108373e-01 +6.613210837e+00 +6.613210837e+00 +3.1366e+00 -1.5457e+00
1403 +2.285611533e-01 +2.285611533e-01 +6.548561153e+00 +6.548561153e+00 +3.2829e+00 -1.9397e+00
1874 +3.188355403e-02 +3.188355403e-02 +6.351883554e+00 +6.351883554e+00 +3.2811e+00 -1.9321e+00
2007 +3.207732881e-04 +3.207732881e-04 +6.320320773e+00 +6.320320773e+00 +3.2865e+00 -1.9469e+00
2281 +2.106940391e-04 +2.106940391e-04 +6.320210694e+00 +6.320210694e+00 +3.2865e+00 -1.9469e+00
2386 +1.450335537e-04 +1.450335537e-04 +6.320145034e+00 +6.320145034e+00 +3.2865e+00 -1.9469e+00
% function evaluation | noise-free fitness - Fopt (-1.275100000000e+02) | best noise-free fitness - Fopt | measured fitness | best measured fitness | x1 | x2...
1 +8.612098296e+02 +8.612098296e+02 +7.336998296e+02 +7.336998296e+02 -3.3592e+00 +1.2001e+00
4 +4.557091570e+02 +4.557091570e+02 +3.281991570e+02 +3.281991570e+02 -2.8973e+00 -1.5252e-01
15 +1.385874273e+02 +1.385874273e+02 +1.107742728e+01 +1.107742728e+01 -2.5166e+00 -1.1926e+00
74 +6.642625644e+01 +6.642625644e+01 -6.108374356e+01 -6.108374356e+01 -1.9233e+00 -9.2246e-01
86 +3.284968795e+01 +3.284968795e+01 -9.466031205e+01 -9.466031205e+01 -1.9504e+00 -1.0997e+00
198 +4.864175796e+00 +4.864175796e+00 -1.226458242e+02 -1.226458242e+02 -4.8242e+00 -4.1719e+00
627 +2.719220116e+00 +2.719220116e+00 -1.247907799e+02 -1.247907799e+02 -3.5559e+00 -2.8620e+00
692 +1.617763652e+00 +1.617763652e+00 -1.258922363e+02 -1.258922363e+02 -3.6508e+00 -2.9793e+00
821 +1.572537714e+00 +1.572537714e+00 -1.259374623e+02 -1.259374623e+02 -3.6508e+00 -2.9791e+00
996 +3.901645931e-01 +3.901645931e-01 -1.271198354e+02 -1.271198354e+02 -3.6632e+00 -2.9865e+00
1057 +1.594732184e-01 +1.594732184e-01 -1.273505268e+02 -1.273505268e+02 -3.6582e+00 -2.9803e+00
1123 +1.098065160e-01 +1.098065160e-01 -1.274001935e+02 -1.274001935e+02 -3.6524e+00 -2.9742e+00
1144 +9.779600054e-02 +9.779600054e-02 -1.274122040e+02 -1.274122040e+02 -3.6582e+00 -2.9801e+00
1467 +4.421849007e-02 +4.421849007e-02 -1.274657815e+02 -1.274657815e+02 -3.6573e+00 -2.9789e+00
1675 +2.126556038e-02 +2.126556038e-02 -1.274887344e+02 -1.274887344e+02 -3.6580e+00 -2.9794e+00
1812 +1.417124199e-02 +1.417124199e-02 -1.274958288e+02 -1.274958288e+02 -3.6573e+00 -2.9787e+00
60221 +4.763020675e-03 +4.763020675e-03 -1.275052370e+02 -1.275052370e+02 -3.7429e+00 -3.0671e+00
60913 +3.846764417e-03 +3.846764417e-03 -1.275061532e+02 -1.275061532e+02 -3.7429e+00 -3.0671e+00
61218 +1.513407227e-03 +1.513407227e-03 -1.275084866e+02 -1.275084866e+02 -3.7429e+00 -3.0671e+00
61321 +3.402920683e-04 +3.402920683e-04 -1.275096597e+02 -1.275096597e+02 -3.7429e+00 -3.0671e+00
61556 +1.823882159e-04 +1.823882159e-04 -1.275098176e+02 -1.275098176e+02 -3.7429e+00 -3.0671e+00
61658 +1.235532622e-04 +1.235532622e-04 -1.275098764e+02 -1.275098764e+02 -3.7430e+00 -3.0672e+00
61968 +9.732532514e-05 +9.732532514e-05 -1.275099027e+02 -1.275099027e+02 -3.7429e+00 -3.0671e+00
% function evaluation | noise-free fitness - Fopt (8.328000000000e+02) | best noise-free fitness - Fopt | measured fitness | best measured fitness | x1 | x2...
1 +8.620172564e+01 +8.620172564e+01 +9.190017256e+02 +9.190017256e+02 +4.9348e+00 +3.6366e+00
38 +5.282226036e+01 +5.282226036e+01 +8.856222604e+02 +8.856222604e+02 +1.3194e+00 +1.4353e+00
146 +1.616077514e+01 +1.616077514e+01 +8.489607751e+02 +8.489607751e+02 -3.7800e+00 -1.3127e+00
197 +6.273145269e+00 +6.273145269e+00 +8.390731453e+02 +8.390731453e+02 -3.8846e+00 -1.4437e+00
318 +1.669213361e+00 +1.669213361e+00 +8.344692134e+02 +8.344692134e+02 -2.7420e+00 -7.6774e-01
764 +6.611676641e-01 +6.611676641e-01 +8.334611677e+02 +8.334611677e+02 -3.2739e+00 -1.0790e+00
778 +2.605826146e-01 +2.605826146e-01 +8.330605826e+02 +8.330605826e+02 -2.8031e+00 -8.0968e-01
943 +2.481178788e-01 +2.481178788e-01 +8.330481179e+02 +8.330481179e+02 -2.7424e+00 -7.7314e-01
960 +1.211010571e-02 +1.211010571e-02 +8.328121101e+02 +8.328121101e+02 -2.7369e+00 -7.7094e-01
1462 +2.300694470e-03 +2.300694470e-03 +8.328023007e+02 +8.328023007e+02 -2.7370e+00 -7.7096e-01
