% function evaluation | noise-free fitness - Fopt (3.590000000000e+01) | best noise-free fitness - Fopt | measured fitness | best measured fitness | x1 | x2...
1 +3.037915694e+06 +3.037915694e+06 +3.037951594e+06 +3.037951594e+06
3 +2.420946693e+06 +2.420946693e+06 +2.420982593e+06 +2.420982593e+06
5 +1.237537771e+06 +1.237537771e+06 +1.237573671e+06 +1.237573671e+06
312 +7.850012601e+05 +7.850012601e+05 +7.850371601e+05 +7.850371601e+05
466 +6.221406232e+05 +6.221406232e+05 +6.221765232e+05 +6.221765232e+05
663 +3.950704113e+05 +3.950704113e+05 +3.951063113e+05 +3.951063113e+05
1124 +2.133199636e+05 +2.133199636e+05 +2.133558636e+05 +2.133558636e+05
1353 +1.547142951e+05 +1.547142951e+05 +1.547501951e+05 +1.547501951e+05
1657 +6.363130305e+04 +6.363130305e+04 +6.366720305e+04 +6.366720305e+04
1856 +6.287271933e+04 +6.287271933e+04 +6.290861933e+04 +6.290861933e+04
2021 +3.774839949e+04 +3.774839949e+04 +3.778429949e+04 +3.778429949e+04
2268 +2.371743530e+04 +2.371743530e+04 +2.375333530e+04 +2.375333530e+04
2478 +1.369588831e+04 +1.369588831e+04 +1.373178831e+04 +1.373178831e+04
2580 +9.621813447e+03 +9.621813447e+03 +9.657713447e+03 +9.657713447e+03
2726 +4.099544806e+03 +4.099544806e+03 +4.135444806e+03 +4.135444806e+03
2800 +3.694113158e+03 +3.694113158e+03 +3.730013158e+03 +3.730013158e+03
2906 +1.379884388e+03 +1.379884388e+03 +1.415784388e+03 +1.415784388e+03
2994 +9.141600901e+02 +9.141600901e+02 +9.500600901e+02 +9.500600901e+02
3203 +4.490074411e+02 +4.490074411e+02 +4.849074411e+02 +4.849074411e+02
4590 +3.979422691e+02 +3.979422691e+02 +4.338422691e+02 +4.338422691e+02
8117 +2.473197442e+02 +2.473197442e+02 +2.832197442e+02 +2.832197442e+02
11854 +1.561422334e+02 +1.561422334e+02 +1.920422334e+02 +1.920422334e+02
15935 +9.884665716e+01 +9.884665716e+01 +1.347466572e+02 +1.347466572e+02
18401 +6.280934390e+01 +6.280934390e+01 +9.870934390e+01 +9.870934390e+01
24809 +3.975388520e+01 +3.975388520e+01 +7.565388520e+01 +7.565388520e+01
30949 +2.505436389e+01 +2.505436389e+01 +6.095436389e+01 +6.095436389e+01
38781 +1.574754266e+01 +1.574754266e+01 +5.164754266e+01 +5.164754266e+01
47400 +9.999984940e+00 +9.999984940e+00 +4.589998494e+01 +4.589998494e+01
53481 +6.273124866e+00 +6.273124866e+00 +4.217312487e+01 +4.217312487e+01
57526 +3.976638470e+00 +3.976638470e+00 +3.987663847e+01 +3.987663847e+01
64883 +2.509086907e+00 +2.509086907e+00 +3.840908691e+01 +3.840908691e+01
70666 +1.559807912e+00 +1.559807912e+00 +3.745980791e+01 +3.745980791e+01
76459 +9.797453308e-01 +9.797453308e-01 +3.687974533e+01 +3.687974533e+01
95629 +6.308503115e-01 +6.308503115e-01 +3.653085031e+01 +3.653085031e+01
134805 +3.981068215e-01 +3.981068215e-01 +3.629810682e+01 +3.629810682e+01
% function evaluation | noise-free fitness - Fopt (3.137000000000e+01) | best noise-free fitness - Fopt | measured fitness | best measured fitness | x1 | x2...
1 +2.081591943e+06 +2.081591943e+06 +2.081623313e+06 +2.081623313e+06
10 +1.132225154e+06 +1.132225154e+06 +1.132256524e+06 +1.132256524e+06
22 +6.680254547e+05 +6.680254547e+05 +6.680568247e+05 +6.680568247e+05
48 +5.891887148e+05 +5.891887148e+05 +5.892200848e+05 +5.892200848e+05
364 +2.807526559e+05 +2.807526559e+05 +2.807840259e+05 +2.807840259e+05
541 +1.689292884e+05 +1.689292884e+05 +1.689606584e+05 +1.689606584e+05
638 +1.565064935e+05 +1.565064935e+05 +1.565378635e+05 +1.565378635e+05
721 +9.921941801e+04 +9.921941801e+04 +9.925078801e+04 +9.925078801e+04
933 +5.892305051e+04 +5.892305051e+04 +5.895442051e+04 +5.895442051e+04
1087 +3.925155279e+04 +3.925155279e+04 +3.928292279e+04 +3.928292279e+04
1122 +1.993497081e+04 +1.993497081e+04 +1.996634081e+04 +1.996634081e+04
1163 +1.537773428e+04 +1.537773428e+04 +1.540910428e+04 +1.540910428e+04
1342 +9.887383563e+03 +9.887383563e+03 +9.918753563e+03 +9.918753563e+03
1481 +6.182136790e+03 +6.182136790e+03 +6.213506790e+03 +6.213506790e+03
1566 +3.810297584e+03 +3.810297584e+03 +3.841667584e+03 +3.841667584e+03
1675 +2.477113419e+03 +2.477113419e+03 +2.508483419e+03 +2.508483419e+03
1829 +1.565656553e+03 +1.565656553e+03 +1.597026553e+03 +1.597026553e+03
2068 +9.575749318e+02 +9.575749318e+02 +9.889449318e+02 +9.889449318e+02
7346 +6.237459874e+02 +6.237459874e+02 +6.551159874e+02 +6.551159874e+02
10942 +3.955957215e+02 +3.955957215e+02 +4.269657215e+02 +4.269657215e+02
13535 +2.510657583e+02 +2.510657583e+02 +2.824357583e+02 +2.824357583e+02
18039 +1.568966917e+02 +1.568966917e+02 +1.882666917e+02 +1.882666917e+02
22052 +9.999098287e+01 +9.999098287e+01 +1.313609829e+02 +1.313609829e+02
27399 +6.309111285e+01 +6.309111285e+01 +9.446111285e+01 +9.446111285e+01
33394 +3.976310016e+01 +3.976310016e+01 +7.113310016e+01 +7.113310016e+01
39861 +2.507307704e+01 +2.507307704e+01 +5.644307704e+01 +5.644307704e+01
47454 +1.576732401e+01 +1.576732401e+01 +4.713732401e+01 +4.713732401e+01
58827 +9.992037582e+00 +9.992037582e+00 +4.136203758e+01 +4.136203758e+01
64800 +6.307830767e+00 +6.307830767e+00 +3.767783077e+01 +3.767783077e+01
70465 +3.964383181e+00 +3.964383181e+00 +3.533438318e+01 +3.533438318e+01
77134 +2.490501130e+00 +2.490501130e+00 +3.386050113e+01 +3.386050113e+01
83757 +1.545976904e+00 +1.545976904e+00 +3.291597690e+01 +3.291597690e+01
93241 +9.674184052e-01 +9.674184052e-01 +3.233741841e+01 +3.233741841e+01
105827 +6.221909402e-01 +6.221909402e-01 +3.199219094e+01 +3.199219094e+01
118488 +3.894332753e-01 +3.894332753e-01 +3.175943328e+01 +3.175943328e+01
130884 +2.473434885e-01 +2.473434885e-01 +3.161734349e+01 +3.161734349e+01
149658 +1.584394317e-01 +1.584394317e-01 +3.152843943e+01 +3.152843943e+01
% function evaluation | noise-free fitness - Fopt (-1.000000000000e+03) | best noise-free fitness - Fopt | measured fitness | best measured fitness | x1 | x2...
1 +1.203265767e+06 +1.203265767e+06 +1.202265767e+06 +1.202265767e+06
8 +8.886057308e+05 +8.886057308e+05 +8.876057308e+05 +8.876057308e+05
234 +6.238934704e+05 +6.238934704e+05 +6.228934704e+05 +6.228934704e+05
458 +3.530004332e+05 +3.530004332e+05 +3.520004332e+05 +3.520004332e+05
575 +2.465455270e+05 +2.465455270e+05 +2.455455270e+05 +2.455455270e+05
789 +1.388420826e+05 +1.388420826e+05 +1.378420826e+05 +1.378420826e+05
924 +3.349907305e+04 +3.349907305e+04 +3.249907305e+04 +3.249907305e+04
964 +2.432921941e+04 +2.432921941e+04 +2.332921941e+04 +2.332921941e+04
1167 +1.170400627e+04 +1.170400627e+04 +1.070400627e+04 +1.070400627e+04
1230 +9.268896531e+03 +9.268896531e+03 +8.268896531e+03 +8.268896531e+03
1409 +5.740998629e+03 +5.740998629e+03 +4.740998629e+03 +4.740998629e+03
1495 +3.151592603e+03 +3.151592603e+03 +2.151592603e+03 +2.151592603e+03
1526 +2.419495089e+03 +2.419495089e+03 +1.419495089e+03 +1.419495089e+03
1756 +1.089548894e+03 +1.089548894e+03 +8.954889356e+01 +8.954889356e+01
1811 +9.937891425e+02 +9.937891425e+02 -6.210857528e+00 -6.210857528e+00
2235 +6.264073060e+02 +6.264073060e+02 -3.735926940e+02 -3.735926940e+02
7448 +3.967077055e+02 +3.967077055e+02 -6.032922945e+02 -6.032922945e+02
10555 +2.498516495e+02 +2.498516495e+02 -7.501483505e+02 -7.501483505e+02
14658 +1.554586977e+02 +1.554586977e+02 -8.445413023e+02 -8.445413023e+02
18443 +9.956644627e+01 +9.956644627e+01 -9.004335537e+02 -9.004335537e+02
21234 +6.271127996e+01 +6.271127996e+01 -9.372887200e+02 -9.372887200e+02
25888 +3.964966889e+01 +3.964966889e+01 -9.603503311e+02 -9.603503311e+02
32609 +2.505930182e+01 +2.505930182e+01 -9.749406982e+02 -9.749406982e+02
42570 +1.577288573e+01 +1.577288573e+01 -9.842271143e+02 -9.842271143e+02
57442 +9.979790097e+00 +9.979790097e+00 -9.900202099e+02 -9.900202099e+02
65592 +6.307945432e+00 +6.307945432e+00 -9.936920546e+02 -9.936920546e+02
71951 +3.939212847e+00 +3.939212847e+00 -9.960607872e+02 -9.960607872e+02
79007 +2.505737456e+00 +2.505737456e+00 -9.974942625e+02 -9.974942625e+02
84753 +1.584073989e+00 +1.584073989e+00 -9.984159260e+02 -9.984159260e+02
90761 +9.727562692e-01 +9.727562692e-01 -9.990272437e+02 -9.990272437e+02
97442 +6.250785449e-01 +6.250785449e-01 -9.993749215e+02 -9.993749215e+02
110458 +3.978640115e-01 +3.978640115e-01 -9.996021360e+02 -9.996021360e+02
149179 +2.511219713e-01 +2.511219713e-01 -9.997488780e+02 -9.997488780e+02
% function evaluation | noise-free fitness - Fopt (1.319200000000e+02) | best noise-free fitness - Fopt | measured fitness | best measured fitness | x1 | x2...
1 +1.605490150e+06 +1.605490150e+06 +1.605622070e+06 +1.605622070e+06
6 +1.407069215e+06 +1.407069215e+06 +1.407201135e+06 +1.407201135e+06
27 +5.850443554e+05 +5.850443554e+05 +5.851762754e+05 +5.851762754e+05
477 +3.503710186e+05 +3.503710186e+05 +3.505029386e+05 +3.505029386e+05
695 +1.791023924e+05 +1.791023924e+05 +1.792343124e+05 +1.792343124e+05
959 +1.478069596e+05 +1.478069596e+05 +1.479388796e+05 +1.479388796e+05
1166 +9.416964876e+04 +9.416964876e+04 +9.430156876e+04 +9.430156876e+04
1265 +5.194255755e+04 +5.194255755e+04 +5.207447755e+04 +5.207447755e+04
1412 +3.710408989e+04 +3.710408989e+04 +3.723600989e+04 +3.723600989e+04
1735 +2.490526622e+04 +2.490526622e+04 +2.503718622e+04 +2.503718622e+04
2040 +7.226894524e+03 +7.226894524e+03 +7.358814524e+03 +7.358814524e+03
2166 +6.039571033e+03 +6.039571033e+03 +6.171491033e+03 +6.171491033e+03
2283 +3.081002112e+03 +3.081002112e+03 +3.212922112e+03 +3.212922112e+03
2453 +2.420577011e+03 +2.420577011e+03 +2.552497011e+03 +2.552497011e+03
2570 +1.471909235e+03 +1.471909235e+03 +1.603829235e+03 +1.603829235e+03
2648 +9.919568750e+02 +9.919568750e+02 +1.123876875e+03 +1.123876875e+03
2980 +6.305894243e+02 +6.305894243e+02 +7.625094243e+02 +7.625094243e+02
6609 +3.957735988e+02 +3.957735988e+02 +5.276935988e+02 +5.276935988e+02
9437 +2.487717667e+02 +2.487717667e+02 +3.806917667e+02 +3.806917667e+02
13157 +1.573849710e+02 +1.573849710e+02 +2.893049710e+02 +2.893049710e+02
17361 +9.950919216e+01 +9.950919216e+01 +2.314291922e+02 +2.314291922e+02
21573 +6.295034686e+01 +6.295034686e+01 +1.948703469e+02 +1.948703469e+02
24279 +3.976908658e+01 +3.976908658e+01 +1.716890866e+02 +1.716890866e+02
27571 +2.507696220e+01 +2.507696220e+01 +1.569969622e+02 +1.569969622e+02
33659 +1.583628099e+01 +1.583628099e+01 +1.477562810e+02 +1.477562810e+02
40808 +9.989191371e+00 +9.989191371e+00 +1.419091914e+02 +1.419091914e+02
46498 +6.278408773e+00 +6.278408773e+00 +1.381984088e+02 +1.381984088e+02
51133 +3.977984817e+00 +3.977984817e+00 +1.358979848e+02 +1.358979848e+02
56520 +2.508238364e+00 +2.508238364e+00 +1.344282384e+02 +1.344282384e+02
60894 +1.542062739e+00 +1.542062739e+00 +1.334620627e+02 +1.334620627e+02
63719 +9.876874917e-01 +9.876874917e-01 +1.329076875e+02 +1.329076875e+02
68915 +6.110946589e-01 +6.110946589e-01 +1.325310947e+02 +1.325310947e+02
72911 +3.958515948e-01 +3.958515948e-01 +1.323158516e+02 +1.323158516e+02
133875 +2.510880613e-01 +2.510880613e-01 +1.321710881e+02 +1.321710881e+02
% function evaluation | noise-free fitness - Fopt (5.908400000000e+02) | best noise-free fitness - Fopt | measured fitness | best measured fitness | x1 | x2...
1 +2.203967270e+06 +2.203967270e+06 +2.204558110e+06 +2.204558110e+06
16 +1.237292345e+06 +1.237292345e+06 +1.237883185e+06 +1.237883185e+06
233 +9.881199710e+05 +9.881199710e+05 +9.887108110e+05 +9.887108110e+05
463 +5.918582453e+05 +5.918582453e+05 +5.924490853e+05 +5.924490853e+05
858 +3.595382412e+05 +3.595382412e+05 +3.601290812e+05 +3.601290812e+05
1213 +2.385687039e+05 +2.385687039e+05 +2.391595439e+05 +2.391595439e+05
1336 +1.359207503e+05 +1.359207503e+05 +1.365115903e+05 +1.365115903e+05
1728 +9.974087557e+04 +9.974087557e+04 +1.003317156e+05 +1.003317156e+05
2131 +6.298341503e+04 +6.298341503e+04 +6.357425503e+04 +6.357425503e+04
2425 +3.908500733e+04 +3.908500733e+04 +3.967584733e+04 +3.967584733e+04
2807 +2.340402062e+04 +2.340402062e+04 +2.399486062e+04 +2.399486062e+04
3113 +1.577458896e+04 +1.577458896e+04 +1.636542896e+04 +1.636542896e+04
3428 +9.546404609e+03 +9.546404609e+03 +1.013724461e+04 +1.013724461e+04
3834 +5.803786317e+03 +5.803786317e+03 +6.394626317e+03 +6.394626317e+03
3934 +3.763184400e+03 +3.763184400e+03 +4.354024400e+03 +4.354024400e+03
4164 +2.007046819e+03 +2.007046819e+03 +2.597886819e+03 +2.597886819e+03
4313 +1.513061928e+03 +1.513061928e+03 +2.103901928e+03 +2.103901928e+03
4487 +9.945533777e+02 +9.945533777e+02 +1.585393378e+03 +1.585393378e+03
4751 +6.274136878e+02 +6.274136878e+02 +1.218253688e+03 +1.218253688e+03
8174 +3.949961288e+02 +3.949961288e+02 +9.858361288e+02 +9.858361288e+02
11463 +2.504958685e+02 +2.504958685e+02 +8.413358685e+02 +8.413358685e+02
15877 +1.571066635e+02 +1.571066635e+02 +7.479466635e+02 +7.479466635e+02
21647 +9.766000212e+01 +9.766000212e+01 +6.885000021e+02 +6.885000021e+02
24653 +6.273135166e+01 +6.273135166e+01 +6.535713517e+02 +6.535713517e+02
28611 +3.964584755e+01 +3.964584755e+01 +6.304858475e+02 +6.304858475e+02
31258 +2.455335716e+01 +2.455335716e+01 +6.153933572e+02 +6.153933572e+02
37890 +1.575005507e+01 +1.575005507e+01 +6.065900551e+02 +6.065900551e+02
45852 +9.891914445e+00 +9.891914445e+00 +6.007319144e+02 +6.007319144e+02
52001 +6.287801992e+00 +6.287801992e+00 +5.971278020e+02 +5.971278020e+02
60080 +3.957322007e+00 +3.957322007e+00 +5.947973220e+02 +5.947973220e+02
67654 +2.496364068e+00 +2.496364068e+00 +5.933363641e+02 +5.933363641e+02
73216 +1.553890052e+00 +1.553890052e+00 +5.923938901e+02 +5.923938901e+02
81573 +9.953477133e-01 +9.953477133e-01 +5.918353477e+02 +5.918353477e+02
88112 +6.182845265e-01 +6.182845265e-01 +5.914582845e+02 +5.914582845e+02
93465 +3.975679526e-01 +3.975679526e-01 +5.912375680e+02 +5.912375680e+02
101399 +2.511633804e-01 +2.511633804e-01 +5.910911634e+02 +5.910911634e+02
115280 +1.584385898e-01 +1.584385898e-01 +5.909984386e+02 +5.909984386e+02
146720 +9.993857793e-02 +9.993857793e-02 +5.909399386e+02 +5.909399386e+02
% function evaluation | noise-free fitness - Fopt (3.098000000000e+01) | best noise-free fitness - Fopt | measured fitness | best measured fitness | x1 | x2...
1 +1.138672407e+06 +1.138672407e+06 +1.138703387e+06 +1.138703387e+06
26 +9.639979720e+05 +9.639979720e+05 +9.640289520e+05 +9.640289520e+05
179 +6.210189610e+05 +6.210189610e+05 +6.210499410e+05 +6.210499410e+05
521 +3.765920187e+05 +3.765920187e+05 +3.766229987e+05 +3.766229987e+05
778 +2.267090855e+05 +2.267090855e+05 +2.267400655e+05 +2.267400655e+05
878 +1.481447517e+05 +1.481447517e+05 +1.481757317e+05 +1.481757317e+05
1141 +9.940414720e+04 +9.940414720e+04 +9.943512720e+04 +9.943512720e+04
1300 +6.273039214e+04 +6.273039214e+04 +6.276137214e+04 +6.276137214e+04
1385 +2.837966834e+04 +2.837966834e+04 +2.841064834e+04 +2.841064834e+04
1471 +2.226251670e+04 +2.226251670e+04 +2.229349670e+04 +2.229349670e+04
1569 +1.488628173e+04 +1.488628173e+04 +1.491726173e+04 +1.491726173e+04
1728 +9.973587163e+03 +9.973587163e+03 +1.000456716e+04 +1.000456716e+04
1942 +5.826253002e+03 +5.826253002e+03 +5.857233002e+03 +5.857233002e+03
2053 +3.836086226e+03 +3.836086226e+03 +3.867066226e+03 +3.867066226e+03
2168 +2.172092897e+03 +2.172092897e+03 +2.203072897e+03 +2.203072897e+03
2331 +1.077738250e+03 +1.077738250e+03 +1.108718250e+03 +1.108718250e+03
2445 +8.710389172e+02 +8.710389172e+02 +9.020189172e+02 +9.020189172e+02
3509 +6.284226223e+02 +6.284226223e+02 +6.594026223e+02 +6.594026223e+02
7988 +3.974628281e+02 +3.974628281e+02 +4.284428281e+02 +4.284428281e+02
10164 +2.505955390e+02 +2.505955390e+02 +2.815755390e+02 +2.815755390e+02
13339 +1.559148636e+02 +1.559148636e+02 +1.868948636e+02 +1.868948636e+02
17718 +9.780815370e+01 +9.780815370e+01 +1.287881537e+02 +1.287881537e+02
21128 +6.288046727e+01 +6.288046727e+01 +9.386046727e+01 +9.386046727e+01
26944 +3.979579056e+01 +3.979579056e+01 +7.077579056e+01 +7.077579056e+01
32708 +2.511463866e+01 +2.511463866e+01 +5.609463866e+01 +5.609463866e+01
45356 +1.575529440e+01 +1.575529440e+01 +4.673529440e+01 +4.673529440e+01
58050 +9.975356201e+00 +9.975356201e+00 +4.095535620e+01 +4.095535620e+01
67970 +6.308825515e+00 +6.308825515e+00 +3.728882551e+01 +3.728882551e+01
72585 +3.940398759e+00 +3.940398759e+00 +3.492039876e+01 +3.492039876e+01
82092 +2.511455434e+00 +2.511455434e+00 +3.349145543e+01 +3.349145543e+01
88051 +1.565960103e+00 +1.565960103e+00 +3.254596010e+01 +3.254596010e+01
97672 +9.948813920e-01 +9.948813920e-01 +3.197488139e+01 +3.197488139e+01
105584 +6.249940542e-01 +6.249940542e-01 +3.160499405e+01 +3.160499405e+01
116948 +3.971060343e-01 +3.971060343e-01 +3.137710603e+01 +3.137710603e+01
121872 +2.462938558e-01 +2.462938558e-01 +3.122629386e+01 +3.122629386e+01
% function evaluation | noise-free fitness - Fopt (-1.445400000000e+02) | best noise-free fitness - Fopt | measured fitness | best measured fitness | x1 | x2...
1 +1.551579497e+06 +1.551579497e+06 +1.551434957e+06 +1.551434957e+06
72 +7.828860325e+05 +7.828860325e+05 +7.827414925e+05 +7.827414925e+05
166 +5.781827835e+05 +5.781827835e+05 +5.780382435e+05 +5.780382435e+05
356 +2.821879518e+05 +2.821879518e+05 +2.820434118e+05 +2.820434118e+05
603 +2.506812096e+05 +2.506812096e+05 +2.505366696e+05 +2.505366696e+05
978 +1.357659372e+05 +1.357659372e+05 +1.356213972e+05 +1.356213972e+05
1665 +9.170860200e+04 +9.170860200e+04 +9.156406200e+04 +9.156406200e+04
2173 +6.216663699e+04 +6.216663699e+04 +6.202209699e+04 +6.202209699e+04
2740 +3.590445680e+04 +3.590445680e+04 +3.575991680e+04 +3.575991680e+04
3197 +2.398433298e+04 +2.398433298e+04 +2.383979298e+04 +2.383979298e+04
3603 +1.520274663e+04 +1.520274663e+04 +1.505820663e+04 +1.505820663e+04
3964 +8.814463966e+03 +8.814463966e+03 +8.669923966e+03 +8.669923966e+03
4443 +6.074929027e+03 +6.074929027e+03 +5.930389027e+03 +5.930389027e+03
4595 +3.755154743e+03 +3.755154743e+03 +3.610614743e+03 +3.610614743e+03
5073 +1.925960707e+03 +1.925960707e+03 +1.781420707e+03 +1.781420707e+03
5278 +1.527853562e+03 +1.527853562e+03 +1.383313562e+03 +1.383313562e+03
5710 +9.385505995e+02 +9.385505995e+02 +7.940105995e+02 +7.940105995e+02
6100 +6.176539816e+02 +6.176539816e+02 +4.731139816e+02 +4.731139816e+02
14775 +3.979732576e+02 +3.979732576e+02 +2.534332576e+02 +2.534332576e+02
28143 +2.506395198e+02 +2.506395198e+02 +1.060995198e+02 +1.060995198e+02
33093 +1.579359065e+02 +1.579359065e+02 +1.339590651e+01 +1.339590651e+01
36701 +9.756407891e+01 +9.756407891e+01 -4.697592109e+01 -4.697592109e+01
40531 +6.208996615e+01 +6.208996615e+01 -8.245003385e+01 -8.245003385e+01
47608 +3.935603977e+01 +3.935603977e+01 -1.051839602e+02 -1.051839602e+02
52884 +2.509230124e+01 +2.509230124e+01 -1.194476988e+02 -1.194476988e+02
61239 +1.575332038e+01 +1.575332038e+01 -1.287866796e+02 -1.287866796e+02
70018 +9.998129496e+00 +9.998129496e+00 -1.345418705e+02 -1.345418705e+02
76637 +6.242030550e+00 +6.242030550e+00 -1.382979694e+02 -1.382979694e+02
82646 +3.973239411e+00 +3.973239411e+00 -1.405667606e+02 -1.405667606e+02
91933 +2.500346211e+00 +2.500346211e+00 -1.420396538e+02 -1.420396538e+02
97463 +1.535380592e+00 +1.535380592e+00 -1.430046194e+02 -1.430046194e+02
103226 +9.761860753e-01 +9.761860753e-01 -1.435638139e+02 -1.435638139e+02
110497 +6.287505105e-01 +6.287505105e-01 -1.439112495e+02 -1.439112495e+02
133378 +3.980399805e-01 +3.980399805e-01 -1.441419600e+02 -1.441419600e+02
% function evaluation | noise-free fitness - Fopt (-9.649000000000e+01) | best noise-free fitness - Fopt | measured fitness | best measured fitness | x1 | x2...
1 +2.524039184e+06 +2.524039184e+06 +2.523942694e+06 +2.523942694e+06
2 +1.462539784e+06 +1.462539784e+06 +1.462443294e+06 +1.462443294e+06
549 +9.614929947e+05 +9.614929947e+05 +9.613965047e+05 +9.613965047e+05
732 +5.875910821e+05 +5.875910821e+05 +5.874945921e+05 +5.874945921e+05
827 +3.331777741e+05 +3.331777741e+05 +3.330812841e+05 +3.330812841e+05
983 +2.498731371e+05 +2.498731371e+05 +2.497766471e+05 +2.497766471e+05
1460 +1.544705269e+05 +1.544705269e+05 +1.543740369e+05 +1.543740369e+05
2127 +9.992261187e+04 +9.992261187e+04 +9.982612187e+04 +9.982612187e+04
2605 +6.231414541e+04 +6.231414541e+04 +6.221765541e+04 +6.221765541e+04
2852 +3.867849343e+04 +3.867849343e+04 +3.858200343e+04 +3.858200343e+04
3350 +2.270051339e+04 +2.270051339e+04 +2.260402339e+04 +2.260402339e+04
3721 +1.474976095e+04 +1.474976095e+04 +1.465327095e+04 +1.465327095e+04
3887 +9.761761529e+03 +9.761761529e+03 +9.665271529e+03 +9.665271529e+03
4202 +6.247749378e+03 +6.247749378e+03 +6.151259378e+03 +6.151259378e+03
4316 +3.638147399e+03 +3.638147399e+03 +3.541657399e+03 +3.541657399e+03
4616 +2.481303378e+03 +2.481303378e+03 +2.384813378e+03 +2.384813378e+03
4959 +1.521334424e+03 +1.521334424e+03 +1.424844424e+03 +1.424844424e+03
5534 +7.778248051e+02 +7.778248051e+02 +6.813348051e+02 +6.813348051e+02
5745 +6.093136090e+02 +6.093136090e+02 +5.128236090e+02 +5.128236090e+02
6033 +3.898609911e+02 +3.898609911e+02 +2.933709911e+02 +2.933709911e+02
9327 +2.510419179e+02 +2.510419179e+02 +1.545519179e+02 +1.545519179e+02
23043 +1.567063219e+02 +1.567063219e+02 +6.021632190e+01 +6.021632190e+01
28017 +9.980729806e+01 +9.980729806e+01 +3.317298064e+00 +3.317298064e+00
33687 +6.275283833e+01 +6.275283833e+01 -3.373716167e+01 -3.373716167e+01
37963 +3.979925985e+01 +3.979925985e+01 -5.669074015e+01 -5.669074015e+01
41246 +2.484332389e+01 +2.484332389e+01 -7.164667611e+01 -7.164667611e+01
45631 +1.583557717e+01 +1.583557717e+01 -8.065442283e+01 -8.065442283e+01
52892 +9.986306249e+00 +9.986306249e+00 -8.650369375e+01 -8.650369375e+01
58402 +6.299021921e+00 +6.299021921e+00 -9.019097808e+01 -9.019097808e+01
62774 +3.941248912e+00 +3.941248912e+00 -9.254875109e+01 -9.254875109e+01
67093 +2.494773067e+00 +2.494773067e+00 -9.399522693e+01 -9.399522693e+01
73214 +1.562580181e+00 +1.562580181e+00 -9.492741982e+01 -9.492741982e+01
80446 +9.769088523e-01 +9.769088523e-01 -9.551309115e+01 -9.551309115e+01
85490 +6.306598742e-01 +6.306598742e-01 -9.585934013e+01 -9.585934013e+01
92393 +3.919910384e-01 +3.919910384e-01 -9.609800896e+01 -9.609800896e+01
100021 +2.468156959e-01 +2.468156959e-01 -9.624318430e+01 -9.624318430e+01
121889 +1.581537858e-01 +1.581537858e-01 -9.633184621e+01 -9.633184621e+01
% function evaluation | noise-free fitness - Fopt (1.000000000000e+03) | best noise-free fitness - Fopt | measured fitness | best measured fitness | x1 | x2...
1 +2.286855712e+06 +2.286855712e+06 +2.287855712e+06 +2.287855712e+06
3 +1.486598425e+06 +1.486598425e+06 +1.487598425e+06 +1.487598425e+06
230 +9.730944529e+05 +9.730944529e+05 +9.740944529e+05 +9.740944529e+05
393 +5.847182364e+05 +5.847182364e+05 +5.857182364e+05 +5.857182364e+05
640 +3.616468350e+05 +3.616468350e+05 +3.626468350e+05 +3.626468350e+05
1160 +2.459723651e+05 +2.459723651e+05 +2.469723651e+05 +2.469723651e+05
1454 +1.479113805e+05 +1.479113805e+05 +1.489113805e+05 +1.489113805e+05
2060 +8.902761377e+04 +8.902761377e+04 +9.002761377e+04 +9.002761377e+04
2571 +6.235054134e+04 +6.235054134e+04 +6.335054134e+04 +6.335054134e+04
3012 +3.430915543e+04 +3.430915543e+04 +3.530915543e+04 +3.530915543e+04
3454 +2.478915246e+04 +2.478915246e+04 +2.578915246e+04 +2.578915246e+04
4082 +1.572456147e+04 +1.572456147e+04 +1.672456147e+04 +1.672456147e+04
4541 +9.888972741e+03 +9.888972741e+03 +1.088897274e+04 +1.088897274e+04
4877 +4.497709016e+03 +4.497709016e+03 +5.497709016e+03 +5.497709016e+03
5027 +3.957653354e+03 +3.957653354e+03 +4.957653354e+03 +4.957653354e+03
5290 +1.960810102e+03 +1.960810102e+03 +2.960810102e+03 +2.960810102e+03
5646 +1.562620486e+03 +1.562620486e+03 +2.562620486e+03 +2.562620486e+03
6177 +9.786667431e+02 +9.786667431e+02 +1.978666743e+03 +1.978666743e+03
6553 +5.295597407e+02 +5.295597407e+02 +1.529559741e+03 +1.529559741e+03
6705 +3.967530290e+02 +3.967530290e+02 +1.396753029e+03 +1.396753029e+03
12775 +2.488887669e+02 +2.488887669e+02 +1.248888767e+03 +1.248888767e+03
17997 +1.565204677e+02 +1.565204677e+02 +1.156520468e+03 +1.156520468e+03
22263 +9.956610158e+01 +9.956610158e+01 +1.099566102e+03 +1.099566102e+03
28378 +6.292549349e+01 +6.292549349e+01 +1.062925493e+03 +1.062925493e+03
37702 +3.973120291e+01 +3.973120291e+01 +1.039731203e+03 +1.039731203e+03
44649 +2.507330633e+01 +2.507330633e+01 +1.025073306e+03 +1.025073306e+03
52644 +1.565922224e+01 +1.565922224e+01 +1.015659222e+03 +1.015659222e+03
59180 +9.821002582e+00 +9.821002582e+00 +1.009821003e+03 +1.009821003e+03
64472 +6.296276622e+00 +6.296276622e+00 +1.006296277e+03 +1.006296277e+03
69982 +3.922870911e+00 +3.922870911e+00 +1.003922871e+03 +1.003922871e+03
77852 +2.493664786e+00 +2.493664786e+00 +1.002493665e+03 +1.002493665e+03
82401 +1.584254749e+00 +1.584254749e+00 +1.001584255e+03 +1.001584255e+03
89944 +9.765651707e-01 +9.765651707e-01 +1.000976565e+03 +1.000976565e+03
99271 +6.239539760e-01 +6.239539760e-01 +1.000623954e+03 +1.000623954e+03
108202 +3.974472776e-01 +3.974472776e-01 +1.000397447e+03 +1.000397447e+03
113548 +2.510230597e-01 +2.510230597e-01 +1.000251023e+03 +1.000251023e+03
128378 +1.584783786e-01 +1.584783786e-01 +1.000158478e+03 +1.000158478e+03
139365 +9.996005038e-02 +9.996005038e-02 +1.000099960e+03 +1.000099960e+03
% function evaluation | noise-free fitness - Fopt (-1.547600000000e+02) | best noise-free fitness - Fopt | measured fitness | best measured fitness | x1 | x2...
1 +1.115600671e+06 +1.115600671e+06 +1.115445911e+06 +1.115445911e+06
2 +9.137910582e+05 +9.137910582e+05 +9.136362982e+05 +9.136362982e+05
362 +5.787281891e+05 +5.787281891e+05 +5.785734291e+05 +5.785734291e+05
559 +3.878944346e+05 +3.878944346e+05 +3.877396746e+05 +3.877396746e+05
968 +2.489949383e+05 +2.489949383e+05 +2.488401783e+05 +2.488401783e+05
1279 +1.376317104e+05 +1.376317104e+05 +1.374769504e+05 +1.374769504e+05
1500 +9.206093436e+04 +9.206093436e+04 +9.190617436e+04 +9.190617436e+04
1754 +6.275907302e+04 +6.275907302e+04 +6.260431302e+04 +6.260431302e+04
1998 +3.723281750e+04 +3.723281750e+04 +3.707805750e+04 +3.707805750e+04
2054 +1.786317384e+04 +1.786317384e+04 +1.770841384e+04 +1.770841384e+04
2211 +1.573420202e+04 +1.573420202e+04 +1.557944202e+04 +1.557944202e+04
2345 +8.574592189e+03 +8.574592189e+03 +8.419832189e+03 +8.419832189e+03
2495 +4.874239407e+03 +4.874239407e+03 +4.719479407e+03 +4.719479407e+03
2639 +3.979347291e+03 +3.979347291e+03 +3.824587291e+03 +3.824587291e+03
2905 +2.068453698e+03 +2.068453698e+03 +1.913693698e+03 +1.913693698e+03
3036 +1.552690369e+03 +1.552690369e+03 +1.397930369e+03 +1.397930369e+03
3174 +9.987753606e+02 +9.987753606e+02 +8.440153606e+02 +8.440153606e+02
3302 +5.971559060e+02 +5.971559060e+02 +4.423959060e+02 +4.423959060e+02
6329 +3.947143666e+02 +3.947143666e+02 +2.399543666e+02 +2.399543666e+02
8500 +2.483690796e+02 +2.483690796e+02 +9.360907962e+01 +9.360907962e+01
11399 +1.581057467e+02 +1.581057467e+02 +3.345746694e+00 +3.345746694e+00
14473 +9.851337252e+01 +9.851337252e+01 -5.624662748e+01 -5.624662748e+01
18116 +6.174927973e+01 +6.174927973e+01 -9.301072027e+01 -9.301072027e+01
23108 +3.936295079e+01 +3.936295079e+01 -1.153970492e+02 -1.153970492e+02
25418 +2.460531139e+01 +2.460531139e+01 -1.301546886e+02 -1.301546886e+02
28150 +1.584583926e+01 +1.584583926e+01 -1.389141607e+02 -1.389141607e+02
37256 +9.959930286e+00 +9.959930286e+00 -1.448000697e+02 -1.448000697e+02
46094 +6.301701651e+00 +6.301701651e+00 -1.484582983e+02 -1.484582983e+02
52440 +3.980378818e+00 +3.980378818e+00 -1.507796212e+02 -1.507796212e+02
62144 +2.511497501e+00 +2.511497501e+00 -1.522485025e+02 -1.522485025e+02
72610 +1.582868411e+00 +1.582868411e+00 -1.531771316e+02 -1.531771316e+02
83926 +8.892814474e-01 +8.892814474e-01 -1.538707186e+02 -1.538707186e+02
93792 +6.249727438e-01 +6.249727438e-01 -1.541350273e+02 -1.541350273e+02
111618 +3.980261132e-01 +3.980261132e-01 -1.543619739e+02 -1.543619739e+02
136615 +2.511678996e-01 +2.511678996e-01 -1.545088321e+02 -1.545088321e+02
% function evaluation | noise-free fitness - Fopt (3.914000000000e+01) | best noise-free fitness - Fopt | measured fitness | best measured fitness | x1 | x2...
1 +1.588641706e+06 +1.588641706e+06 +1.588680846e+06 +1.588680846e+06
2 +1.254214312e+06 +1.254214312e+06 +1.254253452e+06 +1.254253452e+06
365 +8.057845510e+05 +8.057845510e+05 +8.058236910e+05 +8.058236910e+05
484 +6.056068266e+05 +6.056068266e+05 +6.056459666e+05 +6.056459666e+05
865 +3.445070312e+05 +3.445070312e+05 +3.445461712e+05 +3.445461712e+05
998 +2.234693265e+05 +2.234693265e+05 +2.235084665e+05 +2.235084665e+05
1414 +1.466901162e+05 +1.466901162e+05 +1.467292562e+05 +1.467292562e+05
1580 +6.654532105e+04 +6.654532105e+04 +6.658446105e+04 +6.658446105e+04
1671 +6.299071847e+04 +6.299071847e+04 +6.302985847e+04 +6.302985847e+04
2097 +3.608982560e+04 +3.608982560e+04 +3.612896560e+04 +3.612896560e+04
2438 +2.116239489e+04 +2.116239489e+04 +2.120153489e+04 +2.120153489e+04
2756 +1.205132268e+04 +1.205132268e+04 +1.209046268e+04 +1.209046268e+04
3107 +8.808047809e+03 +8.808047809e+03 +8.847187809e+03 +8.847187809e+03
3450 +6.180727815e+03 +6.180727815e+03 +6.219867815e+03 +6.219867815e+03
4099 +3.699907895e+03 +3.699907895e+03 +3.739047895e+03 +3.739047895e+03
4493 +1.963868551e+03 +1.963868551e+03 +2.003008551e+03 +2.003008551e+03
5133 +1.582353837e+03 +1.582353837e+03 +1.621493837e+03 +1.621493837e+03
5899 +9.929471962e+02 +9.929471962e+02 +1.032087196e+03 +1.032087196e+03
7463 +6.211449949e+02 +6.211449949e+02 +6.602849949e+02 +6.602849949e+02
32610 +3.980774618e+02 +3.980774618e+02 +4.372174618e+02 +4.372174618e+02
44390 +2.508023086e+02 +2.508023086e+02 +2.899423086e+02 +2.899423086e+02
52255 +1.582304925e+02 +1.582304925e+02 +1.973704925e+02 +1.973704925e+02
61429 +9.309996925e+01 +9.309996925e+01 +1.322399693e+02 +1.322399693e+02
71171 +6.290917379e+01 +6.290917379e+01 +1.020491738e+02 +1.020491738e+02
87632 +3.972391952e+01 +3.972391952e+01 +7.886391952e+01 +7.886391952e+01
98308 +2.503940604e+01 +2.503940604e+01 +6.417940604e+01 +6.417940604e+01
110179 +1.580184629e+01 +1.580184629e+01 +5.494184629e+01 +5.494184629e+01
124690 +9.890961484e+00 +9.890961484e+00 +4.903096148e+01 +4.903096148e+01
135580 +6.295075520e+00 +6.295075520e+00 +4.543507552e+01 +4.543507552e+01
141690 +3.958097000e+00 +3.958097000e+00 +4.309809700e+01 +4.309809700e+01
148051 +2.508000622e+00 +2.508000622e+00 +4.164800062e+01 +4.164800062e+01
% function evaluation | noise-free fitness - Fopt (-1.186000000000e+01) | best noise-free fitness - Fopt | measured fitness | best measured fitness | x1 | x2...
1 +2.335749438e+06 +2.335749438e+06 +2.335737578e+06 +2.335737578e+06
2 +1.460626331e+06 +1.460626331e+06 +1.460614471e+06 +1.460614471e+06
277 +8.657230524e+05 +8.657230524e+05 +8.657111924e+05 +8.657111924e+05
366 +6.303671350e+05 +6.303671350e+05 +6.303552750e+05 +6.303552750e+05
635 +3.281064177e+05 +3.281064177e+05 +3.280945577e+05 +3.280945577e+05
898 +2.494987408e+05 +2.494987408e+05 +2.494868808e+05 +2.494868808e+05
984 +1.316051093e+05 +1.316051093e+05 +1.315932493e+05 +1.315932493e+05
1387 +9.719190222e+04 +9.719190222e+04 +9.718004222e+04 +9.718004222e+04
1457 +6.045336384e+04 +6.045336384e+04 +6.044150384e+04 +6.044150384e+04
1676 +3.647302296e+04 +3.647302296e+04 +3.646116296e+04 +3.646116296e+04
2020 +2.203249647e+04 +2.203249647e+04 +2.202063647e+04 +2.202063647e+04
2213 +1.539879385e+04 +1.539879385e+04 +1.538693385e+04 +1.538693385e+04
2772 +9.458891438e+03 +9.458891438e+03 +9.447031438e+03 +9.447031438e+03
3067 +4.438818437e+03 +4.438818437e+03 +4.426958437e+03 +4.426958437e+03
3232 +3.699506123e+03 +3.699506123e+03 +3.687646123e+03 +3.687646123e+03
3462 +2.501160298e+03 +2.501160298e+03 +2.489300298e+03 +2.489300298e+03
3753 +1.247083464e+03 +1.247083464e+03 +1.235223464e+03 +1.235223464e+03
4066 +9.973445830e+02 +9.973445830e+02 +9.854845830e+02 +9.854845830e+02
4952 +6.074104976e+02 +6.074104976e+02 +5.955504976e+02 +5.955504976e+02
9154 +3.974656629e+02 +3.974656629e+02 +3.856056629e+02 +3.856056629e+02
10808 +2.456549329e+02 +2.456549329e+02 +2.337949329e+02 +2.337949329e+02
13012 +1.519146258e+02 +1.519146258e+02 +1.400546258e+02 +1.400546258e+02
14924 +9.908414503e+01 +9.908414503e+01 +8.722414503e+01 +8.722414503e+01
17872 +6.306782970e+01 +6.306782970e+01 +5.120782970e+01 +5.120782970e+01
22189 +3.975187279e+01 +3.975187279e+01 +2.789187279e+01 +2.789187279e+01
27024 +2.470328785e+01 +2.470328785e+01 +1.284328785e+01 +1.284328785e+01
35312 +1.565091757e+01 +1.565091757e+01 +3.790917571e+00 +3.790917571e+00
46245 +9.930154378e+00 +9.930154378e+00 -1.929845622e+00 -1.929845622e+00
54835 +6.282478197e+00 +6.282478197e+00 -5.577521803e+00 -5.577521803e+00
62982 +3.972913399e+00 +3.972913399e+00 -7.887086601e+00 -7.887086601e+00
69314 +2.509264876e+00 +2.509264876e+00 -9.350735124e+00 -9.350735124e+00
74872 +1.582728994e+00 +1.582728994e+00 -1.027727101e+01 -1.027727101e+01
84438 +9.955727125e-01 +9.955727125e-01 -1.086442729e+01 -1.086442729e+01
101868 +6.287988327e-01 +6.287988327e-01 -1.123120117e+01 -1.123120117e+01
124884 +3.960401745e-01 +3.960401745e-01 -1.146395983e+01 -1.146395983e+01
140155 +2.511303231e-01 +2.511303231e-01 -1.160886968e+01 -1.160886968e+01
% function evaluation | noise-free fitness - Fopt (7.068000000000e+01) | best noise-free fitness - Fopt | measured fitness | best measured fitness | x1 | x2...
1 +2.618834989e+06 +2.618834989e+06 +2.618905669e+06 +2.618905669e+06
2 +1.253375201e+06 +1.253375201e+06 +1.253445881e+06 +1.253445881e+06
8 +9.756443744e+05 +9.756443744e+05 +9.757150544e+05 +9.757150544e+05
9 +6.019092042e+05 +6.019092042e+05 +6.019798842e+05 +6.019798842e+05
435 +3.333513376e+05 +3.333513376e+05 +3.334220176e+05 +3.334220176e+05
581 +2.319627927e+05 +2.319627927e+05 +2.320334727e+05 +2.320334727e+05
702 +1.454058309e+05 +1.454058309e+05 +1.454765109e+05 +1.454765109e+05
810 +9.973433267e+04 +9.973433267e+04 +9.980501267e+04 +9.980501267e+04
987 +5.216695195e+04 +5.216695195e+04 +5.223763195e+04 +5.223763195e+04
1211 +2.462305495e+04 +2.462305495e+04 +2.469373495e+04 +2.469373495e+04
1416 +1.409740223e+04 +1.409740223e+04 +1.416808223e+04 +1.416808223e+04
1652 +9.844350363e+03 +9.844350363e+03 +9.915030363e+03 +9.915030363e+03
1707 +4.554207001e+03 +4.554207001e+03 +4.624887001e+03 +4.624887001e+03
1863 +3.672742288e+03 +3.672742288e+03 +3.743422288e+03 +3.743422288e+03
1949 +1.924837634e+03 +1.924837634e+03 +1.995517634e+03 +1.995517634e+03
2021 +1.085710198e+03 +1.085710198e+03 +1.156390198e+03 +1.156390198e+03
2133 +7.997917383e+02 +7.997917383e+02 +8.704717383e+02 +8.704717383e+02
2215 +6.088377944e+02 +6.088377944e+02 +6.795177944e+02 +6.795177944e+02
2756 +3.966998468e+02 +3.966998468e+02 +4.673798468e+02 +4.673798468e+02
5859 +2.487213696e+02 +2.487213696e+02 +3.194013696e+02 +3.194013696e+02
11051 +1.578071702e+02 +1.578071702e+02 +2.284871702e+02 +2.284871702e+02
17693 +9.997935343e+01 +9.997935343e+01 +1.706593534e+02 +1.706593534e+02
20850 +6.300638499e+01 +6.300638499e+01 +1.336863850e+02 +1.336863850e+02
24472 +3.826487766e+01 +3.826487766e+01 +1.089448777e+02 +1.089448777e+02
27310 +2.504409329e+01 +2.504409329e+01 +9.572409329e+01 +9.572409329e+01
33434 +1.561613692e+01 +1.561613692e+01 +8.629613692e+01 +8.629613692e+01
41473 +9.946167036e+00 +9.946167036e+00 +8.062616704e+01 +8.062616704e+01
49574 +6.258870231e+00 +6.258870231e+00 +7.693887023e+01 +7.693887023e+01
60427 +3.980200817e+00 +3.980200817e+00 +7.466020082e+01 +7.466020082e+01
69571 +2.483516605e+00 +2.483516605e+00 +7.316351660e+01 +7.316351660e+01
75606 +1.572149380e+00 +1.572149380e+00 +7.225214938e+01 +7.225214938e+01
84084 +9.984359086e-01 +9.984359086e-01 +7.167843591e+01 +7.167843591e+01
96565 +6.100260394e-01 +6.100260394e-01 +7.129002604e+01 +7.129002604e+01
99478 +3.940617583e-01 +3.940617583e-01 +7.107406176e+01 +7.107406176e+01
104951 +2.372302758e-01 +2.372302758e-01 +7.091723028e+01 +7.091723028e+01
130581 +1.584541090e-01 +1.584541090e-01 +7.083845411e+01 +7.083845411e+01
% function evaluation | noise-free fitness - Fopt (-6.260000000000e+00) | best noise-free fitness - Fopt | measured fitness | best measured fitness | x1 | x2...
1 +1.774668447e+06 +1.774668447e+06 +1.774662187e+06 +1.774662187e+06
5 +1.502515924e+06 +1.502515924e+06 +1.502509664e+06 +1.502509664e+06
124 +9.233262378e+05 +9.233262378e+05 +9.233199778e+05 +9.233199778e+05
401 +5.942245201e+05 +5.942245201e+05 +5.942182601e+05 +5.942182601e+05
653 +3.783308507e+05 +3.783308507e+05 +3.783245907e+05 +3.783245907e+05
871 +2.489884594e+05 +2.489884594e+05 +2.489821994e+05 +2.489821994e+05
1310 +1.435043258e+05 +1.435043258e+05 +1.434980658e+05 +1.434980658e+05
2254 +9.531883835e+04 +9.531883835e+04 +9.531257835e+04 +9.531257835e+04
2983 +6.303264577e+04 +6.303264577e+04 +6.302638577e+04 +6.302638577e+04
3234 +3.826242591e+04 +3.826242591e+04 +3.825616591e+04 +3.825616591e+04
3740 +2.213561420e+04 +2.213561420e+04 +2.212935420e+04 +2.212935420e+04
4017 +1.559058277e+04 +1.559058277e+04 +1.558432277e+04 +1.558432277e+04
4370 +7.524680951e+03 +7.524680951e+03 +7.518420951e+03 +7.518420951e+03
4577 +6.020868892e+03 +6.020868892e+03 +6.014608892e+03 +6.014608892e+03
4665 +3.780730813e+03 +3.780730813e+03 +3.774470813e+03 +3.774470813e+03
4841 +1.447808255e+03 +1.447808255e+03 +1.441548255e+03 +1.441548255e+03
5253 +9.984023010e+02 +9.984023010e+02 +9.921423010e+02 +9.921423010e+02
5523 +4.973813631e+02 +4.973813631e+02 +4.911213631e+02 +4.911213631e+02
6119 +3.967418475e+02 +3.967418475e+02 +3.904818475e+02 +3.904818475e+02
22711 +2.509882113e+02 +2.509882113e+02 +2.447282113e+02 +2.447282113e+02
29592 +1.565877984e+02 +1.565877984e+02 +1.503277984e+02 +1.503277984e+02
37291 +9.962095370e+01 +9.962095370e+01 +9.336095370e+01 +9.336095370e+01
43253 +6.308058127e+01 +6.308058127e+01 +5.682058127e+01 +5.682058127e+01
55001 +3.972261847e+01 +3.972261847e+01 +3.346261847e+01 +3.346261847e+01
64716 +2.506617466e+01 +2.506617466e+01 +1.880617466e+01 +1.880617466e+01
76985 +1.571685479e+01 +1.571685479e+01 +9.456854790e+00 +9.456854790e+00
88140 +9.921521179e+00 +9.921521179e+00 +3.661521179e+00 +3.661521179e+00
96945 +6.280687608e+00 +6.280687608e+00 +2.068760847e-02 +2.068760847e-02
107600 +3.963208038e+00 +3.963208038e+00 -2.296791962e+00 -2.296791962e+00
116458 +2.479384746e+00 +2.479384746e+00 -3.780615254e+00 -3.780615254e+00
121963 +1.559856240e+00 +1.559856240e+00 -4.700143760e+00 -4.700143760e+00
126823 +9.806500477e-01 +9.806500477e-01 -5.279349952e+00 -5.279349952e+00
% function evaluation | noise-free fitness - Fopt (1.838600000000e+02) | best noise-free fitness - Fopt | measured fitness | best measured fitness | x1 | x2...
1 +2.524605339e+06 +2.524605339e+06 +2.524789199e+06 +2.524789199e+06
2 +2.419475537e+06 +2.419475537e+06 +2.419659397e+06 +2.419659397e+06
15 +1.450707159e+06 +1.450707159e+06 +1.450891019e+06 +1.450891019e+06
353 +9.180419419e+05 +9.180419419e+05 +9.182258019e+05 +9.182258019e+05
525 +6.269091194e+05 +6.269091194e+05 +6.270929794e+05 +6.270929794e+05
722 +3.135979154e+05 +3.135979154e+05 +3.137817754e+05 +3.137817754e+05
811 +1.780992977e+05 +1.780992977e+05 +1.782831577e+05 +1.782831577e+05
934 +1.580766913e+05 +1.580766913e+05 +1.582605513e+05 +1.582605513e+05
1215 +8.305144777e+04 +8.305144777e+04 +8.323530777e+04 +8.323530777e+04
1267 +6.301157850e+04 +6.301157850e+04 +6.319543850e+04 +6.319543850e+04
1385 +3.456924755e+04 +3.456924755e+04 +3.475310755e+04 +3.475310755e+04
1541 +2.089835733e+04 +2.089835733e+04 +2.108221733e+04 +2.108221733e+04
1627 +1.527524547e+04 +1.527524547e+04 +1.545910547e+04 +1.545910547e+04
1777 +9.346587090e+03 +9.346587090e+03 +9.530447090e+03 +9.530447090e+03
1969 +5.169435013e+03 +5.169435013e+03 +5.353295013e+03 +5.353295013e+03
2153 +3.879240698e+03 +3.879240698e+03 +4.063100698e+03 +4.063100698e+03
2254 +2.435386180e+03 +2.435386180e+03 +2.619246180e+03 +2.619246180e+03
2480 +1.357908514e+03 +1.357908514e+03 +1.541768514e+03 +1.541768514e+03
2701 +8.166077402e+02 +8.166077402e+02 +1.000467740e+03 +1.000467740e+03
2932 +5.808836955e+02 +5.808836955e+02 +7.647436955e+02 +7.647436955e+02
5146 +3.960472288e+02 +3.960472288e+02 +5.799072288e+02 +5.799072288e+02
7609 +2.422472404e+02 +2.422472404e+02 +4.261072404e+02 +4.261072404e+02
10815 +1.565916505e+02 +1.565916505e+02 +3.404516505e+02 +3.404516505e+02
15305 +9.808627018e+01 +9.808627018e+01 +2.819462702e+02 +2.819462702e+02
17382 +6.308506117e+01 +6.308506117e+01 +2.469450612e+02 +2.469450612e+02
20354 +3.901415055e+01 +3.901415055e+01 +2.228741505e+02 +2.228741505e+02
22563 +2.510325597e+01 +2.510325597e+01 +2.089632560e+02 +2.089632560e+02
29039 +1.579956010e+01 +1.579956010e+01 +1.996595601e+02 +1.996595601e+02
35593 +9.894216727e+00 +9.894216727e+00 +1.937542167e+02 +1.937542167e+02
41051 +6.305313163e+00 +6.305313163e+00 +1.901653132e+02 +1.901653132e+02
46498 +3.963812481e+00 +3.963812481e+00 +1.878238125e+02 +1.878238125e+02
53747 +2.503703465e+00 +2.503703465e+00 +1.863637035e+02 +1.863637035e+02
58225 +1.557643636e+00 +1.557643636e+00 +1.854176436e+02 +1.854176436e+02
62371 +9.802524659e-01 +9.802524659e-01 +1.848402525e+02 +1.848402525e+02
65823 +6.242713025e-01 +6.242713025e-01 +1.844842713e+02 +1.844842713e+02
69617 +3.712043425e-01 +3.712043425e-01 +1.842312043e+02 +1.842312043e+02
86066 +2.511330642e-01 +2.511330642e-01 +1.841111331e+02 +1.841111331e+02
123306 +1.584316477e-01 +1.584316477e-01 +1.840184316e+02 +1.840184316e+02
