% function evaluation | noise-free fitness - Fopt (-2.098800000000e+02) | best noise-free fitness - Fopt | measured fitness | best measured fitness | x1 | x2...
1 +1.165522240e+06 +1.165522240e+06 +1.165312360e+06 +1.165312360e+06 -3.7912e+00 -4.4205e+00 -3.3918e-01 +4.4640e+00 -3.2915e+00 -2.4457e+00 +3.7175e+00 -4.1444e-01 -3.3897e+00 +2.6357e+00
15 +6.266388091e+05 +6.266388091e+05 +6.264289291e+05 +6.264289291e+05 -4.1038e+00 -4.7554e+00 -2.6340e+00 +3.8446e+00 -4.4252e+00 +2.0625e+00 +4.8984e+00 -7.0827e-01 -1.1941e+00 +1.8217e+00
149 +3.170963982e+05 +3.170963982e+05 +3.168865182e+05 +3.168865182e+05 -4.0899e+00 +4.4601e+00 +2.2315e-01 +2.8032e+00 +3.4604e+00 -3.7843e-01 +4.6136e+00 +1.7916e+00 -1.5419e+00 +2.8149e+00
239 +2.485652744e+05 +2.485652744e+05 +2.483553944e+05 +2.483553944e+05 -4.3457e+00 +4.5101e+00 +3.5119e-01 +2.7988e+00 +3.5290e+00 -4.1659e-01 +4.5146e+00 +1.6308e+00 -1.4664e+00 +2.7739e+00
252 +1.505050505e+05 +1.505050505e+05 +1.502951705e+05 +1.502951705e+05 -3.9059e+00 +3.1447e+00 +8.4259e-02 +1.9198e+00 +3.7947e+00 -4.2705e-01 +3.6195e+00 +1.3404e+00 -1.2422e+00 +2.4978e+00
370 +7.670054219e+04 +7.670054219e+04 +7.649066219e+04 +7.649066219e+04 -3.9399e+00 +2.7253e+00 +1.1810e+00 +9.3048e-01 +3.4771e+00 -1.1666e+00 +3.8191e+00 +4.6003e-01 -1.2062e+00 +2.6778e+00
526 +6.296186850e+04 +6.296186850e+04 +6.275198850e+04 +6.275198850e+04 -4.0401e+00 +2.7003e+00 +1.1088e+00 +8.1800e-01 +3.5093e+00 -1.1374e+00 +3.7581e+00 +3.4895e-01 -1.1541e+00 +2.6362e+00
890 +3.662152334e+04 +3.662152334e+04 +3.641164334e+04 +3.641164334e+04 -3.8816e+00 +2.7745e+00 +1.1698e+00 +7.0651e-01 +3.6600e+00 -8.7939e-01 +3.1848e+00 -9.7446e-02 -1.1676e+00 +2.5805e+00
2044 +2.501171695e+04 +2.501171695e+04 +2.480183695e+04 +2.480183695e+04 -4.3227e+00 +2.7337e+00 +1.0476e+00 +3.4908e-01 +3.6002e+00 -2.4126e-01 +3.1285e+00 -9.3716e-02 -1.0888e+00 +2.6041e+00
3330 +1.507805489e+04 +1.507805489e+04 +1.486817489e+04 +1.486817489e+04 -4.2944e+00 +2.9298e+00 +9.7289e-01 +1.7572e-01 +3.8160e+00 +3.8331e-01 +2.6756e+00 -5.4431e-02 -1.0890e+00 +2.6163e+00
4095 +9.931408090e+03 +9.931408090e+03 +9.721528090e+03 +9.721528090e+03 -4.1121e+00 +3.1957e+00 +7.7084e-01 +1.0419e-01 +3.6027e+00 +1.0296e+00 +2.6197e+00 -1.4057e-01 -1.0995e+00 +2.6016e+00
5020 +6.285043146e+03 +6.285043146e+03 +6.075163146e+03 +6.075163146e+03 -4.3196e+00 +3.0879e+00 +8.5499e-01 +4.0605e-02 +3.5000e+00 +1.4484e+00 +2.4995e+00 -6.1853e-02 -1.1373e+00 +2.6081e+00
5714 +3.846569260e+03 +3.846569260e+03 +3.636689260e+03 +3.636689260e+03 -4.2180e+00 +3.1201e+00 +8.2094e-01 +1.3103e-02 +3.4110e+00 +1.7447e+00 +2.3263e+00 -1.4675e-01 -1.0919e+00 +2.6005e+00
7265 +2.506528732e+03 +2.506528732e+03 +2.296648732e+03 +2.296648732e+03 -4.1351e+00 +2.9907e+00 +8.0357e-01 +1.1477e-01 +3.3151e+00 +2.0237e+00 +2.3266e+00 -1.0355e-01 -1.1055e+00 +2.6065e+00
16130 +1.584000666e+03 +1.584000666e+03 +1.374120666e+03 +1.374120666e+03 -4.0418e+00 +3.1576e+00 +9.0429e-01 +3.2356e-01 +3.2114e+00 +2.6080e+00 +2.3192e+00 -8.5771e-02 -1.1086e+00 +2.6056e+00
18389 +9.986374388e+02 +9.986374388e+02 +7.887574388e+02 +7.887574388e+02 -4.0146e+00 +3.2143e+00 +9.7713e-01 +3.2824e-01 +2.6795e+00 +2.5783e+00 +2.3254e+00 -8.1972e-02 -1.1120e+00 +2.6100e+00
51965 +6.271124123e+02 +6.271124123e+02 +4.172324123e+02 +4.172324123e+02 -4.0263e+00 +3.2582e+00 +1.1969e+00 +9.7342e-01 +2.3938e+00 +2.6952e+00 +2.3414e+00 -8.7478e-02 -1.1139e+00 +2.6025e+00
60583 +3.958101736e+02 +3.958101736e+02 +1.859301736e+02 +1.859301736e+02 -4.2118e+00 +3.1897e+00 +1.1284e+00 +1.2329e+00 +2.1352e+00 +2.7303e+00 +2.3162e+00 -9.3614e-02 -1.1078e+00 +2.6027e+00
93682 +2.428235594e+02 +2.428235594e+02 +3.294355939e+01 +3.294355939e+01 -4.1606e+00 +3.0034e+00 +1.1571e+00 +1.7762e+00 +1.7934e+00 +2.7222e+00 +2.3273e+00 -9.2310e-02 -1.1113e+00 +2.5988e+00
% function evaluation | noise-free fitness - Fopt (-9.209000000000e+01) | best noise-free fitness - Fopt | measured fitness | best measured fitness | x1 | x2...
1 +2.848443508e+07 +2.848443508e+07 +2.848434299e+07 +2.848434299e+07 +2.0307e+00 -1.7743e+00 +3.3500e+00 +7.7929e-01 -6.6400e-01 +1.9497e+00 -1.8953e+00 +3.3818e-01 -4.4270e+00 -3.2405e+00
2 +2.233947787e+07 +2.233947787e+07 +2.233938578e+07 +2.233938578e+07 +4.1080e+00 -3.1479e+00 -1.9966e+00 -4.1700e+00 -3.2264e+00 -2.3893e+00 -1.1085e+00 +4.0734e+00 +1.3392e+00 -3.0253e+00
3 +6.303887516e+06 +6.303887516e+06 +6.303795426e+06 +6.303795426e+06 +2.6180e+00 -1.7542e-01 +1.5127e+00 -1.6638e+00 +1.1645e+00 +1.8365e+00 -4.8020e+00 -1.7484e+00 +2.0265e+00 -6.5531e-01
5 +3.748840248e+06 +3.748840248e+06 +3.748748158e+06 +3.748748158e+06 -4.2357e+00 +4.1986e+00 -2.5390e+00 -2.7501e+00 +3.5980e+00 -8.6782e-01 -2.4791e+00 -2.0809e+00 -2.6586e+00 +2.7537e+00
9 +2.302999727e+06 +2.302999727e+06 +2.302907637e+06 +2.302907637e+06 -1.6257e+00 -3.4619e+00 +1.0420e+00 +4.7301e+00 -4.6813e+00 -4.4764e-01 +4.3896e+00 -2.7303e+00 -2.9081e-01 +5.7684e-01
23 +4.621669063e+05 +4.621669063e+05 +4.620748163e+05 +4.620748163e+05 +3.5331e+00 +4.3472e+00 -1.5794e+00 -5.4151e-01 +2.4074e+00 -4.8583e+00 +9.9469e-01 +2.3107e+00 +1.1028e+00 +1.1758e+00
108 +6.501461726e+04 +6.501461726e+04 +6.492252726e+04 +6.492252726e+04 +2.6528e+00 +4.9507e+00 -1.2319e+00 +1.0801e+00 +3.4874e-01 -5.0000e+00 +8.2954e-01 +8.7251e-03 +4.1337e-01 +1.5795e+00
130 +6.186504118e+04 +6.186504118e+04 +6.177295118e+04 +6.177295118e+04 +2.6342e+00 +4.9506e+00 -1.2385e+00 +1.1023e+00 +3.5636e-01 -5.0000e+00 +8.2028e-01 +1.2431e-02 +4.0920e-01 +1.5898e+00
202 +3.912704115e+04 +3.912704115e+04 +3.903495115e+04 +3.903495115e+04 +2.4256e+00 +4.9553e+00 -8.7398e-01 +1.1804e+00 +2.0659e-01 -4.8637e+00 +6.1766e-01 +1.3979e-01 +3.3817e-01 +1.6813e+00
516 +2.403630113e+04 +2.403630113e+04 +2.394421113e+04 +2.394421113e+04 +2.8222e+00 +4.9085e+00 -1.2012e+00 +1.0984e+00 +3.6082e-01 -4.8780e+00 +8.2138e-01 +4.8296e-01 +3.4313e-01 +1.7281e+00
771 +1.421005548e+04 +1.421005548e+04 +1.411796548e+04 +1.411796548e+04 +2.7151e+00 +4.8388e+00 -1.0786e+00 +1.1950e+00 +3.8909e-01 -4.6373e+00 +9.0478e-01 +7.3191e-01 +3.5622e-01 +1.6537e+00
925 +7.568970732e+03 +7.568970732e+03 +7.476880732e+03 +7.476880732e+03 +2.8036e+00 +4.8264e+00 -9.8346e-01 +1.1021e+00 +3.0928e-01 -4.5614e+00 +8.2633e-01 +1.0150e+00 +4.3111e-01 +1.6915e+00
1346 +5.601644989e+03 +5.601644989e+03 +5.509554989e+03 +5.509554989e+03 +2.8365e+00 +4.7457e+00 -1.0270e+00 +1.0516e+00 +5.1374e-01 -4.5744e+00 +5.4977e-01 +9.5255e-01 +4.7565e-01 +1.6798e+00
1624 +3.620860327e+03 +3.620860327e+03 +3.528770327e+03 +3.528770327e+03 +2.9153e+00 +4.8634e+00 -9.5695e-01 +1.1299e+00 +6.9378e-01 -4.4131e+00 +3.5774e-01 +1.0833e+00 +4.3006e-01 +1.6772e+00
1997 +2.419090813e+03 +2.419090813e+03 +2.327000813e+03 +2.327000813e+03 +2.9491e+00 +4.8659e+00 -1.0237e+00 +9.6389e-01 +6.2441e-01 -4.3719e+00 +2.2942e-01 +9.2426e-01 +4.2533e-01 +1.6794e+00
4424 +1.583716929e+03 +1.583716929e+03 +1.491626929e+03 +1.491626929e+03 +2.9488e+00 +4.8552e+00 -1.0186e+00 +9.2396e-01 +6.2424e-01 -4.2293e+00 +7.1443e-02 +9.7785e-01 +4.4002e-01 +1.6855e+00
8762 +9.807406260e+02 +9.807406260e+02 +8.886506260e+02 +8.886506260e+02 +3.0863e+00 +4.7864e+00 -1.0073e+00 +5.7630e-01 +3.9348e-01 -3.7441e+00 -9.1650e-03 +1.0060e+00 +4.5314e-01 +1.6791e+00
13250 +6.264242461e+02 +6.264242461e+02 +5.343342461e+02 +5.343342461e+02 +3.0630e+00 +4.7575e+00 -1.1053e+00 +3.1906e-01 +2.7159e-01 -3.7659e+00 +3.5168e-02 +9.8183e-01 +4.3758e-01 +1.6872e+00
20181 +3.936698926e+02 +3.936698926e+02 +3.015798926e+02 +3.015798926e+02 +2.8584e+00 +4.7216e+00 -9.8280e-01 +2.9197e-02 +1.2242e-01 -3.7774e+00 +1.7797e-02 +9.8815e-01 +4.3280e-01 +1.6858e+00
56554 +2.508976915e+02 +2.508976915e+02 +1.588076915e+02 +1.588076915e+02 +2.8335e+00 +4.7083e+00 -8.6007e-01 -3.5961e-01 -8.0565e-02 -3.7697e+00 +3.9156e-02 +9.8768e-01 +4.3680e-01 +1.6869e+00
% function evaluation | noise-free fitness - Fopt (-8.789000000000e+01) | best noise-free fitness - Fopt | measured fitness | best measured fitness | x1 | x2...
1 +1.009686698e+07 +1.009686698e+07 +1.009677909e+07 +1.009677909e+07 -3.0280e+00 -1.1551e+00 +4.7401e+00 +7.6877e-01 -2.8019e+00 +7.4322e-02 -4.9534e+00 +1.5053e+00 +1.1019e+00 +6.4513e-01
5 +8.234356686e+05 +8.234356686e+05 +8.233477786e+05 +8.233477786e+05 -1.6734e+00 +2.8420e+00 +4.8430e+00 -6.3614e-02 -4.4579e+00 +1.6164e+00 +4.8299e+00 +2.7048e+00 -2.3991e+00 +3.1432e+00
331 +6.275256980e+05 +6.275256980e+05 +6.274378080e+05 +6.274378080e+05 -2.1711e+00 +2.4224e+00 +4.0215e+00 +2.5433e+00 -4.8295e+00 +1.3263e+00 +4.3150e+00 +1.6369e+00 -2.5359e+00 +3.2383e+00
438 +3.356131378e+05 +3.356131378e+05 +3.355252478e+05 +3.355252478e+05 -6.6424e-01 +3.3910e+00 +3.8890e+00 +1.1818e+00 -3.0401e+00 +2.4893e+00 +1.9388e-01 +2.6747e+00 -3.3855e+00 +3.3494e+00
610 +2.358920037e+05 +2.358920037e+05 +2.358041137e+05 +2.358041137e+05 +4.8117e-01 +3.5211e+00 +4.3675e+00 +1.6725e+00 -2.1249e+00 +5.0000e+00 +2.4223e-02 +1.5736e+00 -2.1717e+00 +3.2040e+00
842 +1.529331339e+05 +1.529331339e+05 +1.528452439e+05 +1.528452439e+05 -3.3972e-01 +3.4927e+00 +3.3105e+00 +2.5859e+00 -1.7785e+00 +4.2189e+00 -1.3182e+00 +2.4483e+00 -2.9142e+00 +3.3781e+00
1080 +9.691364457e+04 +9.691364457e+04 +9.682575457e+04 +9.682575457e+04 -2.1717e-01 +3.5307e+00 +3.2786e+00 +2.7309e+00 -1.7736e+00 +4.0930e+00 -1.6606e+00 +2.1695e+00 -2.5743e+00 +3.4957e+00
1650 +6.268693686e+04 +6.268693686e+04 +6.259904686e+04 +6.259904686e+04 -8.9418e-04 +3.5754e+00 +3.5684e+00 +2.5134e+00 -1.5149e+00 +3.8156e+00 -1.9558e+00 +1.6567e+00 -2.5224e+00 +3.5066e+00
2337 +3.964200888e+04 +3.964200888e+04 +3.955411888e+04 +3.955411888e+04 +1.9582e-01 +3.8026e+00 +3.8989e+00 +2.3562e+00 -1.6115e+00 +3.3085e+00 -2.6323e+00 +1.3028e+00 -2.4707e+00 +3.4326e+00
3189 +2.371738018e+04 +2.371738018e+04 +2.362949018e+04 +2.362949018e+04 +4.0679e-02 +4.1252e+00 +3.7569e+00 +2.1270e+00 -1.6001e+00 +2.5121e+00 -2.7652e+00 +1.5163e+00 -2.5178e+00 +3.4310e+00
4697 +1.346065431e+04 +1.346065431e+04 +1.337276431e+04 +1.337276431e+04 -9.1856e-01 +4.7925e+00 +4.5663e+00 +3.5714e-02 -1.4789e+00 +3.6517e-01 -3.2202e+00 +1.5186e+00 -2.3547e+00 +3.4540e+00
4813 +8.476472880e+03 +8.476472880e+03 +8.388582880e+03 +8.388582880e+03 -1.1016e+00 +4.7473e+00 +4.5480e+00 +9.2026e-02 -1.5030e+00 +3.7956e-01 -3.0615e+00 +1.5046e+00 -2.4113e+00 +3.4549e+00
4826 +6.205169375e+03 +6.205169375e+03 +6.117279375e+03 +6.117279375e+03 -1.0903e+00 +4.8651e+00 +4.5597e+00 +1.7711e-01 -1.4518e+00 +3.4763e-01 -3.2210e+00 +1.4464e+00 -2.4600e+00 +3.4206e+00
5441 +3.902186558e+03 +3.902186558e+03 +3.814296558e+03 +3.814296558e+03 -1.0807e+00 +4.8962e+00 +4.7403e+00 +2.7014e-01 -1.5822e+00 +2.2665e-01 -3.0124e+00 +1.5847e+00 -2.5623e+00 +3.4308e+00
9596 +2.470804655e+03 +2.470804655e+03 +2.382914655e+03 +2.382914655e+03 -1.2196e+00 +4.8854e+00 +4.6978e+00 +7.7764e-02 -1.8041e+00 -9.2689e-02 -2.8951e+00 +1.4274e+00 -2.5500e+00 +3.4360e+00
17397 +1.584081203e+03 +1.584081203e+03 +1.496191203e+03 +1.496191203e+03 -9.7664e-01 +4.7624e+00 +4.6936e+00 -7.3125e-02 -1.7605e+00 -5.8830e-01 -2.9667e+00 +1.4602e+00 -2.5468e+00 +3.4287e+00
22656 +9.898843283e+02 +9.898843283e+02 +9.019943283e+02 +9.019943283e+02 -1.3122e+00 +4.6314e+00 +4.5303e+00 -2.3723e-01 -2.1018e+00 -5.5024e-01 -2.9611e+00 +1.4688e+00 -2.5463e+00 +3.4275e+00
39756 +6.308580867e+02 +6.308580867e+02 +5.429680867e+02 +5.429680867e+02 -1.3546e+00 +4.7041e+00 +4.2961e+00 -5.9515e-01 -2.4449e+00 -5.8832e-01 -2.9594e+00 +1.4611e+00 -2.5454e+00 +3.4281e+00
89556 +3.980651573e+02 +3.980651573e+02 +3.101751573e+02 +3.101751573e+02 -1.3932e+00 +4.7084e+00 +4.1827e+00 -7.0576e-01 -2.9799e+00 -6.2345e-01 -2.9582e+00 +1.4684e+00 -2.5464e+00 +3.4297e+00
% function evaluation | noise-free fitness - Fopt (3.201900000000e+02) | best noise-free fitness - Fopt | measured fitness | best measured fitness | x1 | x2...
1 +5.709232986e+06 +5.709232986e+06 +5.709553176e+06 +5.709553176e+06 +2.0910e-01 -3.4794e+00 -5.1000e-01 +1.3281e+00 +1.0701e+00 -8.0195e-01 +3.8726e+00 +2.3993e+00 +8.9299e-01 +4.7254e-01
8 +5.569145698e+04 +5.569145698e+04 +5.601164698e+04 +5.601164698e+04 -2.4818e+00 -4.5897e+00 +1.0444e+00 -2.1037e+00 -5.2871e-01 +2.1987e+00 +1.7573e+00 -2.3281e+00 -3.9018e+00 -2.5300e-01
174 +3.962278171e+04 +3.962278171e+04 +3.994297171e+04 +3.994297171e+04 -2.5852e+00 -4.4546e+00 +1.0683e+00 -2.2020e+00 -3.8449e-01 +2.2157e+00 +1.7943e+00 -2.2842e+00 -3.8164e+00 -1.6870e-01
312 +1.669104461e+04 +1.669104461e+04 +1.701123461e+04 +1.701123461e+04 -4.3196e+00 -4.9842e+00 +2.3827e+00 -1.5249e+00 -1.1547e+00 +2.8485e+00 +2.0714e+00 -2.0365e+00 -3.4366e+00 -1.8244e-01
361 +1.236754216e+04 +1.236754216e+04 +1.268773216e+04 +1.268773216e+04 -4.3237e+00 -5.0000e+00 +2.2213e+00 -1.5706e+00 -1.2547e+00 +2.7411e+00 +2.1872e+00 -1.9713e+00 -3.4673e+00 -1.9709e-01
482 +9.527367263e+03 +9.527367263e+03 +9.847557263e+03 +9.847557263e+03 -4.3575e+00 -4.9596e+00 +2.3258e+00 -1.6134e+00 -1.3774e+00 +2.9481e+00 +2.2426e+00 -1.7216e+00 -3.5973e+00 -2.4602e-01
942 +6.297108918e+03 +6.297108918e+03 +6.617298918e+03 +6.617298918e+03 -4.1644e+00 -5.0000e+00 +2.1958e+00 -1.6771e+00 -1.3400e+00 +2.8687e+00 +2.1877e+00 -1.7842e+00 -3.6006e+00 -1.8289e-01
1324 +3.788831123e+03 +3.788831123e+03 +4.109021123e+03 +4.109021123e+03 -4.0783e+00 -4.8959e+00 +2.3927e+00 -1.6415e+00 -1.4471e+00 +2.9792e+00 +2.4739e+00 -1.8419e+00 -3.6167e+00 -1.8378e-01
1896 +2.501885220e+03 +2.501885220e+03 +2.822075220e+03 +2.822075220e+03 -4.0512e+00 -4.9508e+00 +2.4321e+00 -1.7474e+00 -1.5818e+00 +2.9304e+00 +2.6573e+00 -1.7833e+00 -3.5984e+00 -1.8662e-01
5909 +1.573904925e+03 +1.573904925e+03 +1.894094925e+03 +1.894094925e+03 -4.2827e+00 -4.9810e+00 +2.3685e+00 -1.4820e+00 -1.8669e+00 +3.0138e+00 +2.7854e+00 -1.7997e+00 -3.6058e+00 -1.7781e-01
33096 +9.994229269e+02 +9.994229269e+02 +1.319612927e+03 +1.319612927e+03 -4.2591e+00 -4.8405e+00 +2.3928e+00 -1.3232e+00 -2.1394e+00 +3.4586e+00 +2.7966e+00 -1.7909e+00 -3.6063e+00 -1.7922e-01
36356 +6.023958054e+02 +6.023958054e+02 +9.225858054e+02 +9.225858054e+02 -4.2582e+00 -4.8462e+00 +2.4352e+00 -1.3273e+00 -2.5396e+00 +3.3774e+00 +2.9028e+00 -1.7727e+00 -3.6060e+00 -1.8244e-01
36798 +3.924847640e+02 +3.924847640e+02 +7.126747640e+02 +7.126747640e+02 -4.2565e+00 -4.8386e+00 +2.4391e+00 -1.3623e+00 -2.6529e+00 +3.4045e+00 +2.7970e+00 -1.8129e+00 -3.6072e+00 -1.7668e-01
77277 +2.414258683e+02 +2.414258683e+02 +5.616158683e+02 +5.616158683e+02 -4.1634e+00 -4.8694e+00 +2.1182e+00 -1.2142e+00 -2.9486e+00 +3.4269e+00 +2.8095e+00 -1.7782e+00 -3.5958e+00 -1.7732e-01
79271 +1.571738449e+02 +1.571738449e+02 +4.773638449e+02 +4.773638449e+02 -4.1814e+00 -4.8849e+00 +2.0876e+00 -1.2257e+00 -3.0159e+00 +3.4255e+00 +2.8092e+00 -1.7965e+00 -3.6044e+00 -1.8096e-01
93076 +9.994181967e+01 +9.994181967e+01 +4.201318197e+02 +4.201318197e+02 -4.0968e+00 -4.9231e+00 +2.0209e+00 -1.2127e+00 -3.2182e+00 +3.4795e+00 +2.8103e+00 -1.7861e+00 -3.6045e+00 -1.8047e-01
119411 +6.297307080e+01 +6.297307080e+01 +3.831630708e+02 +3.831630708e+02 -4.0943e+00 -4.9104e+00 +2.0180e+00 -1.1425e+00 -3.4012e+00 +3.4592e+00 +2.8046e+00 -1.7980e+00 -3.6025e+00 -1.8149e-01
% function evaluation | noise-free fitness - Fopt (-1.042400000000e+02) | best noise-free fitness - Fopt | measured fitness | best measured fitness | x1 | x2...
1 +5.200402595e+07 +5.200402595e+07 +5.200392171e+07 +5.200392171e+07 +1.3998e+00 +2.1502e+00 +2.6134e+00 +2.2894e+00 -2.6715e+00 +3.2146e+00 -4.3686e+00 -1.0911e+00 +4.9757e+00 +3.7690e+00
2 +2.410239985e+07 +2.410239985e+07 +2.410229561e+07 +2.410229561e+07 +1.1415e+00 +1.5842e+00 +7.8688e-01 +4.3424e+00 -1.1187e+00 +2.6409e+00 -4.1571e+00 +3.2356e-01 +2.1392e+00 +1.8438e+00
4 +1.092376598e+07 +1.092376598e+07 +1.092366174e+07 +1.092366174e+07 -2.3209e+00 +4.7213e+00 +4.6743e+00 -3.2615e+00 +4.8582e-01 +4.4583e+00 -1.0528e+00 +2.8070e+00 +7.5907e-01 +1.9000e-01
6 +1.902826476e+06 +1.902826476e+06 +1.902722236e+06 +1.902722236e+06 -2.5776e+00 -8.4177e-01 +1.0835e+00 +3.9016e-01 +1.4163e+00 +4.4255e+00 -2.5430e+00 +4.1533e+00 +1.8868e+00 -4.0599e+00
52 +3.705242010e+05 +3.705242010e+05 +3.704199610e+05 +3.704199610e+05 -3.2706e-01 -3.2919e+00 -4.8293e+00 -2.1716e+00 -3.8496e-01 +6.8711e-01 -8.8682e-01 +1.4853e+00 +2.7778e+00 -2.9825e+00
179 +2.025597453e+05 +2.025597453e+05 +2.024555053e+05 +2.024555053e+05 +1.3865e+00 -2.4002e+00 -4.2252e+00 -1.2395e+00 -1.0169e+00 -1.1944e+00 -4.6168e-01 +2.3245e+00 +2.8499e+00 -3.1195e+00
468 +1.485903723e+05 +1.485903723e+05 +1.484861323e+05 +1.484861323e+05 +1.1906e+00 -2.0395e+00 -4.0342e+00 -1.3039e+00 -1.2341e+00 -1.3872e+00 -5.0889e-01 +2.7107e+00 +2.8600e+00 -3.0612e+00
752 +9.649370820e+04 +9.649370820e+04 +9.638946820e+04 +9.638946820e+04 -3.8080e-01 -1.6570e+00 -3.9341e+00 -1.1521e+00 -6.3433e-01 -1.1202e+00 +4.1270e-01 +2.9219e+00 +3.0531e+00 -2.8900e+00
1274 +5.887809782e+04 +5.887809782e+04 +5.877385782e+04 +5.877385782e+04 -6.0100e-01 -1.8467e+00 -3.7563e+00 -8.0895e-01 -5.1629e-01 -1.2822e+00 +8.3359e-01 +3.3284e+00 +3.0917e+00 -2.9883e+00
1631 +3.935545533e+04 +3.935545533e+04 +3.925121533e+04 +3.925121533e+04 -6.4256e-01 -1.9176e+00 -3.4602e+00 -1.0790e+00 -8.3844e-01 -1.3337e+00 +1.4500e+00 +3.3408e+00 +3.0162e+00 -3.0334e+00
1920 +2.462859699e+04 +2.462859699e+04 +2.452435699e+04 +2.452435699e+04 -1.0052e+00 -1.6664e+00 -3.2132e+00 -1.1349e+00 -7.5308e-01 -1.4956e+00 +1.8595e+00 +3.4977e+00 +2.9032e+00 -3.0453e+00
2265 +1.527710817e+04 +1.527710817e+04 +1.517286817e+04 +1.517286817e+04 -9.2171e-01 -1.8536e+00 -3.3718e+00 -1.0426e+00 -9.4646e-01 -1.6674e+00 +2.1287e+00 +3.4086e+00 +2.9784e+00 -2.9540e+00
2571 +9.331942275e+03 +9.331942275e+03 +9.227702275e+03 +9.227702275e+03 -1.0842e+00 -1.8871e+00 -3.4461e+00 -1.3921e+00 -8.3400e-01 -1.9393e+00 +2.3964e+00 +3.3288e+00 +2.9737e+00 -2.9728e+00
3426 +6.185886806e+03 +6.185886806e+03 +6.081646806e+03 +6.081646806e+03 -1.0218e+00 -1.9073e+00 -3.3303e+00 -1.5507e+00 -9.1638e-01 -2.0181e+00 +2.7168e+00 +3.4373e+00 +2.9751e+00 -2.9946e+00
5808 +3.920901199e+03 +3.920901199e+03 +3.816661199e+03 +3.816661199e+03 -8.5153e-01 -1.8503e+00 -2.9566e+00 -1.5206e+00 -7.8193e-01 -2.7110e+00 +3.0018e+00 +3.3640e+00 +2.9315e+00 -2.9786e+00
6188 +2.447859089e+03 +2.447859089e+03 +2.343619089e+03 +2.343619089e+03 -8.3866e-01 -1.6260e+00 -2.9283e+00 -1.4141e+00 -8.5904e-01 -3.0214e+00 +2.8833e+00 +3.3363e+00 +2.9965e+00 -2.9908e+00
7085 +1.237264973e+03 +1.237264973e+03 +1.133024973e+03 +1.133024973e+03 -9.0349e-01 -1.5938e+00 -3.0107e+00 -1.3396e+00 -8.0908e-01 -3.2248e+00 +2.8386e+00 +3.4493e+00 +2.9652e+00 -2.9979e+00
8473 +9.929616588e+02 +9.929616588e+02 +8.887216588e+02 +8.887216588e+02 -9.5305e-01 -1.5724e+00 -3.0173e+00 -1.2954e+00 -7.2857e-01 -3.2940e+00 +2.8206e+00 +3.4308e+00 +2.9683e+00 -2.9942e+00
16359 +6.267020167e+02 +6.267020167e+02 +5.224620167e+02 +5.224620167e+02 -9.9991e-01 -1.5724e+00 -2.9908e+00 -1.2162e+00 -6.0584e-01 -3.6192e+00 +2.8232e+00 +3.4321e+00 +2.9618e+00 -2.9931e+00
65782 +3.966190942e+02 +3.966190942e+02 +2.923790942e+02 +2.923790942e+02 -1.0092e+00 -1.7757e+00 -2.6451e+00 -9.3759e-01 -1.9424e-01 -3.7103e+00 +2.8193e+00 +3.4337e+00 +2.9681e+00 -2.9930e+00
% function evaluation | noise-free fitness - Fopt (-3.570000000000e+01) | best noise-free fitness - Fopt | measured fitness | best measured fitness | x1 | x2...
1 +4.678204370e+05 +4.678204370e+05 +4.677847370e+05 +4.677847370e+05 -2.4429e-01 +1.6630e+00 +7.4332e-01 -2.6618e+00 +3.6083e+00 -3.5760e+00 -3.0237e+00 -1.0825e+00 -1.2368e+00 +2.0985e+00
67 +3.597282390e+05 +3.597282390e+05 +3.596925390e+05 +3.596925390e+05 -2.4854e+00 -4.3328e+00 -4.1416e+00 +3.5540e+00 -1.8429e+00 -3.2479e+00 -7.5703e-01 +1.2967e+00 -1.9749e-01 +2.1506e+00
200 +2.197939785e+05 +2.197939785e+05 +2.197582785e+05 +2.197582785e+05 -1.7432e+00 -3.6420e+00 -5.0000e+00 +2.6108e+00 -1.2924e+00 -2.9115e+00 -2.7005e-01 -5.6435e-01 -9.4076e-02 +1.9245e+00
226 +1.524640956e+05 +1.524640956e+05 +1.524283956e+05 +1.524283956e+05 -2.7351e+00 -3.7097e+00 -5.0000e+00 +3.2388e+00 -2.5090e+00 -3.2709e+00 -9.3890e-02 -6.4895e-01 -2.6314e-01 +2.5107e+00
425 +9.577012862e+04 +9.577012862e+04 +9.573442862e+04 +9.573442862e+04 -1.7445e+00 -3.0216e+00 -5.0000e+00 +2.7554e+00 -1.1779e+00 -2.7816e+00 -2.1364e-01 -4.1896e-01 -3.4102e-01 +2.1675e+00
493 +6.286553848e+04 +6.286553848e+04 +6.282983848e+04 +6.282983848e+04 -2.0664e+00 -4.8300e+00 -4.9703e+00 +4.6879e+00 -1.1392e+00 -2.2941e+00 +1.5125e+00 -6.4699e-01 -3.5526e-02 +2.3299e+00
537 +3.067021995e+04 +3.067021995e+04 +3.063451995e+04 +3.063451995e+04 -1.9689e+00 -4.7448e+00 -4.9057e+00 +4.4970e+00 -1.0683e+00 -2.3023e+00 +1.6183e+00 -5.3905e-01 -3.2598e-01 +2.3130e+00
650 +2.247772195e+04 +2.247772195e+04 +2.244202195e+04 +2.244202195e+04 -1.8715e+00 -4.6888e+00 -4.8142e+00 +4.4101e+00 -9.9654e-01 -2.1145e+00 +1.8177e+00 -4.6829e-01 -5.1483e-01 +2.2350e+00
824 +1.503427321e+04 +1.503427321e+04 +1.499857321e+04 +1.499857321e+04 -2.0836e+00 -4.8116e+00 -4.8103e+00 +4.4706e+00 -1.2302e+00 -2.3429e+00 +1.8588e+00 -7.0005e-01 -4.4291e-01 +2.2264e+00
1181 +9.914967178e+03 +9.914967178e+03 +9.879267178e+03 +9.879267178e+03 -2.1504e+00 -4.8140e+00 -4.8905e+00 +4.2783e+00 -1.0408e+00 -2.7583e+00 +2.1643e+00 -8.9332e-01 -4.9632e-01 +2.2260e+00
2032 +6.147952190e+03 +6.147952190e+03 +6.112252190e+03 +6.112252190e+03 -1.8588e+00 -4.5178e+00 -4.9317e+00 +4.3814e+00 -1.3361e+00 -2.9844e+00 +2.5481e+00 -7.5668e-01 -4.3424e-01 +2.2466e+00
4716 +3.966248351e+03 +3.966248351e+03 +3.930548351e+03 +3.930548351e+03 -1.8147e+00 -4.5676e+00 -4.8840e+00 +4.5344e+00 -1.7424e+00 -3.3530e+00 +2.6106e+00 -8.1142e-01 -4.3353e-01 +2.2453e+00
14814 +2.507192006e+03 +2.507192006e+03 +2.471492006e+03 +2.471492006e+03 -1.6396e+00 -4.4692e+00 -4.5583e+00 +4.5406e+00 -2.4604e+00 -3.6409e+00 +2.6461e+00 -8.2807e-01 -4.3938e-01 +2.2434e+00
37834 +1.578109963e+03 +1.578109963e+03 +1.542409963e+03 +1.542409963e+03 -1.4938e+00 -4.2215e+00 -3.9401e+00 +4.5494e+00 -3.1102e+00 -3.5898e+00 +2.6080e+00 -8.4140e-01 -4.3279e-01 +2.2439e+00
89117 +9.987462216e+02 +9.987462216e+02 +9.630462216e+02 +9.630462216e+02 -1.5390e+00 -3.9409e+00 -3.2160e+00 +3.9784e+00 -3.8329e+00 -3.5644e+00 +2.6127e+00 -8.3260e-01 -4.3308e-01 +2.2422e+00
% function evaluation | noise-free fitness - Fopt (2.070000000000e+01) | best noise-free fitness - Fopt | measured fitness | best measured fitness | x1 | x2...
1 +3.914327264e+06 +3.914327264e+06 +3.914347964e+06 +3.914347964e+06 -3.6006e+00 -4.8646e+00 +8.6759e-01 +1.8186e+00 +4.1907e+00 -1.9785e+00 -1.3455e+00 -4.0131e+00 +2.7807e+00 -2.0622e+00
2 +2.270698736e+06 +2.270698736e+06 +2.270719436e+06 +2.270719436e+06 +3.3914e+00 +4.7703e+00 -1.7883e+00 +1.1212e+00 -4.9372e+00 +7.8681e-01 -3.7636e+00 +1.3741e+00 +1.5421e+00 +7.3534e-01
3 +1.342115058e+06 +1.342115058e+06 +1.342135758e+06 +1.342135758e+06 +1.6342e+00 -4.3580e+00 -4.2891e+00 -2.5410e+00 -2.2207e+00 -4.2283e+00 -3.9892e+00 +3.9406e+00 +4.0466e+00 +4.9321e-02
24 +2.974531068e+05 +2.974531068e+05 +2.974738068e+05 +2.974738068e+05 +1.4822e+00 -3.5429e+00 -4.4046e+00 -3.4306e+00 +2.0092e-01 +4.1872e+00 +6.3413e-01 +1.5840e+00 +3.0191e+00 -9.1495e-01
136 +2.479090928e+05 +2.479090928e+05 +2.479297928e+05 +2.479297928e+05 +1.5812e+00 -3.3865e+00 -4.3966e+00 -3.3099e+00 +1.0226e-01 +4.0519e+00 +6.1749e-01 +1.7052e+00 +3.0085e+00 -8.3018e-01
271 +1.510233260e+05 +1.510233260e+05 +1.510440260e+05 +1.510440260e+05 +2.6291e+00 +2.4492e+00 +5.0000e+00 +5.5139e-01 +5.2732e-01 -3.2523e-01 +8.4970e-01 +2.8594e+00 +1.8137e+00 -6.3022e-01
337 +9.822733715e+04 +9.822733715e+04 +9.824803715e+04 +9.824803715e+04 +2.6271e+00 +2.4225e+00 +5.0000e+00 +3.9742e-01 +3.9978e-01 -2.6747e-01 +9.0602e-01 +2.7873e+00 +2.1186e+00 -7.1935e-01
477 +6.273107829e+04 +6.273107829e+04 +6.275177829e+04 +6.275177829e+04 +3.2287e+00 +2.0990e+00 +5.0000e+00 +4.8968e-01 +4.0947e-01 -3.9294e-01 +1.1514e+00 +2.4685e+00 +2.3109e+00 -6.3960e-01
746 +3.828964602e+04 +3.828964602e+04 +3.831034602e+04 +3.831034602e+04 +3.0539e+00 +1.6885e+00 +5.0000e+00 +9.3465e-01 +1.3553e-01 -4.5331e-01 +7.7363e-01 +2.1642e+00 +2.3099e+00 -6.6348e-01
955 +2.481364075e+04 +2.481364075e+04 +2.483434075e+04 +2.483434075e+04 +3.0576e+00 +1.8377e+00 +4.6885e+00 +1.1088e+00 -4.9577e-02 -6.6544e-01 +3.8414e-01 +1.8869e+00 +2.2872e+00 -6.1059e-01
1084 +1.508669562e+04 +1.508669562e+04 +1.510739562e+04 +1.510739562e+04 +2.7762e+00 +1.8426e+00 +4.6399e+00 +1.1893e+00 +4.9539e-01 -8.7386e-01 +8.5694e-02 +1.8421e+00 +2.4770e+00 -6.0431e-01
2267 +9.688926716e+03 +9.688926716e+03 +9.709626716e+03 +9.709626716e+03 +2.6962e+00 +1.6818e+00 +4.4858e+00 +1.2317e+00 +6.4044e-01 -9.0213e-01 -3.7155e-01 +1.8138e+00 +2.3468e+00 -5.9576e-01
2820 +6.154680020e+03 +6.154680020e+03 +6.175380020e+03 +6.175380020e+03 +2.8020e+00 +1.4469e+00 +4.3631e+00 +1.2835e+00 +7.3377e-01 -1.2834e+00 -2.6755e-01 +1.8792e+00 +2.4070e+00 -6.2797e-01
4619 +3.912511830e+03 +3.912511830e+03 +3.933211830e+03 +3.933211830e+03 +2.9840e+00 +1.4250e+00 +4.3890e+00 +1.2727e+00 +1.0263e+00 -1.3704e+00 -6.8660e-01 +1.7921e+00 +2.3905e+00 -6.3124e-01
9623 +2.511826705e+03 +2.511826705e+03 +2.532526705e+03 +2.532526705e+03 +3.1054e+00 +1.2669e+00 +4.2730e+00 +1.2544e+00 +1.2883e+00 -1.9361e+00 -6.8121e-01 +1.7922e+00 +2.3869e+00 -6.3080e-01
12604 +1.553969810e+03 +1.553969810e+03 +1.574669810e+03 +1.574669810e+03 +3.1134e+00 +1.0983e+00 +4.2225e+00 +1.1008e+00 +1.9198e+00 -2.0588e+00 -6.3844e-01 +1.7770e+00 +2.3825e+00 -6.2647e-01
23660 +9.999005822e+02 +9.999005822e+02 +1.020600582e+03 +1.020600582e+03 +3.1077e+00 +8.4777e-01 +3.8691e+00 +1.2565e+00 +2.3706e+00 -2.1379e+00 -6.8334e-01 +1.8067e+00 +2.3926e+00 -6.3012e-01
76610 +6.309359146e+02 +6.309359146e+02 +6.516359146e+02 +6.516359146e+02 +2.9492e+00 +8.7654e-01 +2.9667e+00 +1.2775e+00 +2.8891e+00 -2.1091e+00 -6.8686e-01 +1.8112e+00 +2.3956e+00 -6.3035e-01
% function evaluation | noise-free fitness - Fopt (3.807000000000e+01) | best noise-free fitness - Fopt | measured fitness | best measured fitness | x1 | x2...
1 +7.582582216e+07 +7.582582216e+07 +7.582586023e+07 +7.582586023e+07 -3.7311e+00 +2.2209e+00 -2.3754e+00 -4.2855e-01 -3.7483e+00 -4.8757e+00 -3.0782e+00 +4.2466e+00 +3.4686e+00 +4.6041e+00
2 +3.347456348e+07 +3.347456348e+07 +3.347460155e+07 +3.347460155e+07 -2.3039e+00 -4.2275e+00 -4.8618e-02 -1.3098e-01 -2.9110e+00 +1.9678e+00 +4.9862e+00 -3.3666e+00 +1.2380e-01 +2.0733e+00
3 +7.606735594e+06 +7.606735594e+06 +7.606773664e+06 +7.606773664e+06 -1.0037e+00 -4.8788e+00 +2.4794e+00 +1.6189e+00 +2.5636e+00 +2.0902e+00 -4.7824e+00 -3.4333e+00 -4.4384e+00 -1.5305e+00
9 +5.263373041e+06 +5.263373041e+06 +5.263411111e+06 +5.263411111e+06 -4.5071e+00 -2.3352e+00 -7.2817e-01 -4.0126e+00 +1.8265e+00 +3.5285e+00 +4.2956e+00 -1.0224e+00 +2.5078e+00 -4.9787e+00
10 +2.282993297e+06 +2.282993297e+06 +2.283031367e+06 +2.283031367e+06 +2.0393e+00 +3.7951e+00 -3.9978e+00 -1.9721e+00 -9.2321e-01 -2.8901e+00 -4.0034e-01 -2.7364e-01 -2.0409e+00 -4.8689e+00
55 +8.634970570e+05 +8.634970570e+05 +8.635351270e+05 +8.635351270e+05 +7.6671e-01 +3.4808e+00 -4.5256e+00 -1.9259e+00 +2.8430e+00 -4.7253e-01 +3.1713e+00 -1.6990e+00 -2.8933e+00 -3.4956e+00
57 +2.186990823e+05 +2.186990823e+05 +2.187371523e+05 +2.187371523e+05 +4.9055e+00 +8.9382e-01 -3.3750e+00 +8.6910e-01 -1.1074e+00 -2.5712e-01 +1.3652e+00 -4.3794e+00 -1.1630e+00 -3.2538e+00
136 +1.104906051e+05 +1.104906051e+05 +1.105286751e+05 +1.105286751e+05 +5.0000e+00 +8.6999e-01 -4.9553e+00 +3.2876e-01 -1.5821e+00 -1.0149e+00 +2.7397e+00 -4.6346e+00 -1.2174e+00 -3.5572e+00
151 +7.113136877e+04 +7.113136877e+04 +7.116943877e+04 +7.116943877e+04 +4.8517e+00 +7.2832e-01 -5.0000e+00 +3.1919e-01 -1.5832e+00 -1.2614e+00 +2.8550e+00 -4.4382e+00 -1.1810e+00 -3.6093e+00
242 +6.032612288e+04 +6.032612288e+04 +6.036419288e+04 +6.036419288e+04 +4.9322e+00 +8.4833e-01 -4.8287e+00 +2.0863e-02 -1.4591e+00 -1.3120e+00 +3.0275e+00 -4.2816e+00 -1.0000e+00 -3.7385e+00
322 +3.959472195e+04 +3.959472195e+04 +3.963279195e+04 +3.963279195e+04 +4.9083e+00 +7.9320e-01 -4.8245e+00 -1.0668e-01 -1.5002e+00 -1.2720e+00 +2.9107e+00 -4.1059e+00 -1.2187e+00 -3.7410e+00
556 +2.348996501e+04 +2.348996501e+04 +2.352803501e+04 +2.352803501e+04 +4.7760e+00 +1.1088e+00 -4.5435e+00 +2.4288e-01 -1.4860e+00 -9.5130e-01 +2.6547e+00 -3.8230e+00 -1.1805e+00 -3.6308e+00
895 +1.549626867e+04 +1.549626867e+04 +1.553433867e+04 +1.553433867e+04 +4.9601e+00 +1.1258e+00 -4.6848e+00 +1.3613e-01 -1.4503e+00 -1.0342e+00 +2.4722e+00 -3.6823e+00 -1.1673e+00 -3.6809e+00
3477 +9.983335792e+03 +9.983335792e+03 +1.002140579e+04 +1.002140579e+04 +4.8112e+00 +1.4034e+00 -4.6798e+00 +2.0091e-01 -1.1321e+00 -1.1026e+00 +2.2936e+00 -3.4098e+00 -1.1779e+00 -3.6767e+00
9412 +6.288805491e+03 +6.288805491e+03 +6.326875491e+03 +6.326875491e+03 +4.9151e+00 +1.1938e+00 -4.5345e+00 +3.8928e-01 -1.6557e-01 -1.1310e+00 +2.2238e+00 -3.3942e+00 -1.1957e+00 -3.6776e+00
13281 +3.954917600e+03 +3.954917600e+03 +3.992987600e+03 +3.992987600e+03 +4.7689e+00 +1.2086e+00 -4.1511e+00 +3.5760e-01 +7.0459e-01 -1.3540e+00 +2.2898e+00 -3.3965e+00 -1.1781e+00 -3.6722e+00
21213 +2.510851011e+03 +2.510851011e+03 +2.548921011e+03 +2.548921011e+03 +4.7791e+00 +1.2814e+00 -3.9086e+00 +7.0341e-01 +1.5191e+00 -1.1824e+00 +2.2462e+00 -3.3994e+00 -1.1796e+00 -3.6753e+00
25991 +1.580721702e+03 +1.580721702e+03 +1.618791702e+03 +1.618791702e+03 +4.6816e+00 +1.3774e+00 -3.9039e+00 +9.4850e-01 +2.0825e+00 -1.1989e+00 +2.2540e+00 -3.4182e+00 -1.1921e+00 -3.6774e+00
49764 +9.985297395e+02 +9.985297395e+02 +1.036599739e+03 +1.036599739e+03 +4.6749e+00 +1.3605e+00 -3.6595e+00 +1.2104e+00 +2.7587e+00 -1.2070e+00 +2.2599e+00 -3.4011e+00 -1.1837e+00 -3.6719e+00
95277 +6.304974769e+02 +6.304974769e+02 +6.685674769e+02 +6.685674769e+02 +4.5364e+00 +1.4630e+00 -3.3545e+00 +1.9756e+00 +3.0695e+00 -1.2211e+00 +2.2413e+00 -3.4001e+00 -1.1868e+00 -3.6755e+00
% function evaluation | noise-free fitness - Fopt (-4.542000000000e+01) | best noise-free fitness - Fopt | measured fitness | best measured fitness | x1 | x2...
1 +3.669233522e+07 +3.669233522e+07 +3.669228980e+07 +3.669228980e+07 -9.7334e-01 -2.6341e+00 -4.1869e+00 -2.4621e+00 -2.9469e+00 +2.3383e+00 +2.4766e+00 -2.1632e+00 +3.7579e+00 +3.6741e+00
2 +7.486710154e+06 +7.486710154e+06 +7.486664734e+06 +7.486664734e+06 +1.7915e+00 -3.1659e+00 -2.5445e-02 -6.4794e-01 +8.7479e-01 +2.4493e+00 -4.5186e+00 -3.2863e+00 -3.3351e+00 +4.4691e-01
4 +2.190442966e+06 +2.190442966e+06 +2.190397546e+06 +2.190397546e+06 -1.5979e+00 +7.0466e-01 +3.1694e+00 +3.0564e+00 +9.9823e-01 -4.8904e-01 +4.9075e-01 +3.3319e+00 -2.6635e+00 -1.8744e-01
20 +1.605661325e+05 +1.605661325e+05 +1.605207125e+05 +1.605207125e+05 -3.6362e+00 +2.1061e+00 -4.5697e+00 +1.6396e-01 +1.7465e+00 -5.8800e-01 +2.9178e+00 +2.7450e+00 -1.5356e+00 -1.7756e+00
117 +1.571140894e+05 +1.571140894e+05 +1.570686694e+05 +1.570686694e+05 -3.6275e+00 +2.1143e+00 -4.5714e+00 +1.6055e-01 +1.7447e+00 -6.0176e-01 +2.9112e+00 +2.7292e+00 -1.5479e+00 -1.7687e+00
222 +6.738941146e+04 +6.738941146e+04 +6.734399146e+04 +6.734399146e+04 -4.2958e+00 +3.6791e+00 -5.0000e+00 +8.8349e-01 +1.6665e+00 -1.4518e+00 +3.6092e+00 +3.1617e+00 -2.4805e+00 -1.7766e+00
289 +5.059061527e+04 +5.059061527e+04 +5.054519527e+04 +5.054519527e+04 -4.5364e+00 +3.6919e+00 -5.0000e+00 +9.9033e-01 +1.7424e+00 -1.3702e+00 +3.6272e+00 +3.0149e+00 -2.4304e+00 -1.7257e+00
301 +3.773646141e+04 +3.773646141e+04 +3.769104141e+04 +3.769104141e+04 -4.4122e+00 +3.7944e+00 -4.8870e+00 +1.0584e+00 +1.5266e+00 -1.3628e+00 +3.6429e+00 +3.0516e+00 -2.3660e+00 -1.6502e+00
489 +2.376591064e+04 +2.376591064e+04 +2.372049064e+04 +2.372049064e+04 -4.3891e+00 +3.9649e+00 -5.0000e+00 +1.0978e+00 +1.3969e+00 -1.4837e+00 +3.2586e+00 +3.3102e+00 -2.1711e+00 -1.5975e+00
765 +1.422918378e+04 +1.422918378e+04 +1.418376378e+04 +1.418376378e+04 -4.3017e+00 +3.9961e+00 -4.9533e+00 +9.0443e-01 +1.5991e+00 -1.1951e+00 +3.5574e+00 +3.4616e+00 -2.1240e+00 -1.6475e+00
1962 +9.966859979e+03 +9.966859979e+03 +9.921439979e+03 +9.921439979e+03 -4.3788e+00 +3.9671e+00 -4.8910e+00 +1.0149e+00 +1.1885e+00 -7.9238e-01 +3.3721e+00 +3.6324e+00 -2.1584e+00 -1.6457e+00
2840 +5.947174535e+03 +5.947174535e+03 +5.901754535e+03 +5.901754535e+03 -4.1153e+00 +4.1108e+00 -4.8004e+00 +8.9625e-01 +1.3602e+00 -9.1811e-02 +3.4827e+00 +3.7315e+00 -2.1740e+00 -1.6322e+00
3861 +3.858056745e+03 +3.858056745e+03 +3.812636745e+03 +3.812636745e+03 -4.0751e+00 +4.1332e+00 -4.8020e+00 +9.2196e-01 +1.4324e+00 +8.5951e-02 +3.4970e+00 +3.6664e+00 -2.1448e+00 -1.6464e+00
4603 +2.503311608e+03 +2.503311608e+03 +2.457891608e+03 +2.457891608e+03 -4.0741e+00 +4.1914e+00 -4.7549e+00 +8.3027e-01 +1.5191e+00 +2.8915e-01 +3.5613e+00 +3.6219e+00 -2.1553e+00 -1.6387e+00
5996 +1.584460226e+03 +1.584460226e+03 +1.539040226e+03 +1.539040226e+03 -4.0864e+00 +4.2034e+00 -4.7261e+00 +7.4891e-01 +1.5347e+00 +5.0441e-01 +3.5361e+00 +3.6320e+00 -2.1565e+00 -1.6490e+00
9548 +9.849327119e+02 +9.849327119e+02 +9.395127119e+02 +9.395127119e+02 -4.1122e+00 +4.3400e+00 -4.7069e+00 +7.3391e-01 +1.6209e+00 +7.9739e-01 +3.5164e+00 +3.6255e+00 -2.1587e+00 -1.6481e+00
10828 +6.186071067e+02 +6.186071067e+02 +5.731871067e+02 +5.731871067e+02 -4.0597e+00 +4.1675e+00 -4.7358e+00 +7.6219e-01 +1.7250e+00 +9.9250e-01 +3.4546e+00 +3.6405e+00 -2.1600e+00 -1.6445e+00
18258 +3.975412925e+02 +3.975412925e+02 +3.521212925e+02 +3.521212925e+02 -4.1452e+00 +4.2254e+00 -4.6988e+00 +8.9816e-01 +1.8859e+00 +1.1681e+00 +3.4793e+00 +3.6267e+00 -2.1603e+00 -1.6457e+00
53718 +2.511148708e+02 +2.511148708e+02 +2.056948708e+02 +2.056948708e+02 -4.1638e+00 +4.2370e+00 -4.5218e+00 +1.1781e+00 +2.1614e+00 +1.2369e+00 +3.4718e+00 +3.6290e+00 -2.1587e+00 -1.6451e+00
% function evaluation | noise-free fitness - Fopt (6.695000000000e+01) | best noise-free fitness - Fopt | measured fitness | best measured fitness | x1 | x2...
1 +7.492270553e+06 +7.492270553e+06 +7.492337503e+06 +7.492337503e+06 -4.5818e+00 -3.9057e+00 +1.4161e+00 +1.7429e+00 +2.7655e+00 -2.5948e-01 -1.4590e+00 -4.8225e+00 -1.8724e-01 +7.6132e-01
9 +1.402772359e+06 +1.402772359e+06 +1.402839309e+06 +1.402839309e+06 -1.3825e+00 +4.5928e+00 +3.4376e-01 -1.9710e+00 +3.8411e-01 -1.6011e+00 +3.8638e-01 -9.9142e-01 -3.6669e+00 -1.2204e+00
13 +8.100695124e+05 +8.100695124e+05 +8.101364624e+05 +8.101364624e+05 -3.4139e+00 +4.8005e+00 +4.5186e-02 +4.4879e-01 -4.4424e+00 -1.7845e-01 -2.1706e+00 -1.1085e+00 -1.5056e+00 -1.3317e+00
24 +2.972894517e+05 +2.972894517e+05 +2.973564017e+05 +2.973564017e+05 +1.5349e+00 +2.0171e+00 -3.3748e+00 +6.2828e-01 +2.4001e-01 +6.6085e-01 -1.0729e+00 +2.6387e+00 -1.7642e+00 -1.4321e+00
165 +2.153154646e+05 +2.153154646e+05 +2.153824146e+05 +2.153824146e+05 -1.0138e+00 +1.1279e+00 -4.0235e+00 +1.4297e+00 -1.8322e-01 +1.6915e+00 +6.1806e-01 +2.2243e+00 -1.2184e+00 -1.2626e+00
277 +1.575351937e+05 +1.575351937e+05 +1.576021437e+05 +1.576021437e+05 -1.2773e+00 +1.2359e+00 -3.9246e+00 +1.3747e+00 -1.7220e-01 +1.7934e+00 +5.9202e-01 +2.2592e+00 -1.4416e+00 -1.3800e+00
507 +9.992464201e+04 +9.992464201e+04 +9.999159201e+04 +9.999159201e+04 -9.7947e-01 +8.8270e-01 -4.4177e+00 +1.2915e+00 -7.0975e-02 +1.7175e+00 +1.0623e+00 +2.0352e+00 -1.6754e+00 -1.3449e+00
872 +6.242895358e+04 +6.242895358e+04 +6.249590358e+04 +6.249590358e+04 -1.2847e+00 +1.2216e+00 -4.4768e+00 +1.1799e+00 -2.1991e-01 +1.7968e+00 +1.8564e+00 +1.9334e+00 -1.6727e+00 -1.3958e+00
1654 +3.494336371e+04 +3.494336371e+04 +3.501031371e+04 +3.501031371e+04 -1.5823e+00 +9.7730e-01 -4.9410e+00 +9.1223e-01 +6.7027e-02 +1.7989e+00 +2.7927e+00 +1.9451e+00 -1.7782e+00 -1.3110e+00
1820 +2.466927018e+04 +2.466927018e+04 +2.473622018e+04 +2.473622018e+04 -1.3024e+00 +8.8074e-01 -4.9584e+00 +9.0583e-01 -2.6472e-01 +1.8382e+00 +3.0924e+00 +1.7151e+00 -1.7915e+00 -1.3806e+00
2725 +1.582445360e+04 +1.582445360e+04 +1.589140360e+04 +1.589140360e+04 -1.0053e+00 +7.6621e-01 -4.9933e+00 +9.6217e-01 -2.0402e-01 +2.0397e+00 +3.5870e+00 +1.8980e+00 -1.7448e+00 -1.3712e+00
3074 +9.229618053e+03 +9.229618053e+03 +9.296568053e+03 +9.296568053e+03 -1.1414e+00 +7.7234e-01 -4.4720e+00 +1.0814e+00 +7.6015e-02 +2.6354e+00 +3.8536e+00 +1.8433e+00 -1.7727e+00 -1.3736e+00
4878 +6.303399726e+03 +6.303399726e+03 +6.370349726e+03 +6.370349726e+03 -1.0731e+00 +7.5964e-01 -4.5352e+00 +1.0441e+00 +1.7107e-01 +3.0713e+00 +3.9146e+00 +1.8653e+00 -1.7599e+00 -1.3753e+00
7929 +3.969356176e+03 +3.969356176e+03 +4.036306176e+03 +4.036306176e+03 -9.2323e-01 +7.5869e-01 -4.6143e+00 +1.0548e+00 +8.5568e-01 +3.4031e+00 +3.9070e+00 +1.9412e+00 -1.7641e+00 -1.3764e+00
14031 +2.511722138e+03 +2.511722138e+03 +2.578672138e+03 +2.578672138e+03 -9.4118e-01 +6.4544e-01 -4.6416e+00 +1.1141e+00 +1.3391e+00 +3.6976e+00 +4.0029e+00 +1.8786e+00 -1.7568e+00 -1.3753e+00
18126 +1.581832874e+03 +1.581832874e+03 +1.648782874e+03 +1.648782874e+03 -8.0815e-01 +6.3062e-01 -4.6679e+00 +1.0382e+00 +2.0214e+00 +3.7855e+00 +4.0111e+00 +1.8917e+00 -1.7540e+00 -1.3755e+00
21707 +9.979127319e+02 +9.979127319e+02 +1.064862732e+03 +1.064862732e+03 -8.6129e-01 +7.0883e-01 -4.6294e+00 +1.0962e+00 +2.4032e+00 +3.8020e+00 +3.9797e+00 +1.9053e+00 -1.7544e+00 -1.3732e+00
25058 +6.200581383e+02 +6.200581383e+02 +6.870081383e+02 +6.870081383e+02 -1.0224e+00 +6.3355e-01 -4.4658e+00 +1.2792e+00 +2.7636e+00 +3.8015e+00 +3.9606e+00 +1.8805e+00 -1.7550e+00 -1.3720e+00
46349 +3.981058415e+02 +3.981058415e+02 +4.650558415e+02 +4.650558415e+02 -9.9805e-01 +7.5166e-01 -4.2050e+00 +1.1304e+00 +3.2099e+00 +3.7972e+00 +3.9961e+00 +1.8816e+00 -1.7548e+00 -1.3736e+00
116949 +2.511620181e+02 +2.511620181e+02 +3.181120181e+02 +3.181120181e+02 -9.6563e-01 +6.9672e-01 -3.8316e+00 +7.3818e-01 +3.4369e+00 +3.7774e+00 +3.9918e+00 +1.8692e+00 -1.7527e+00 -1.3741e+00
% function evaluation | noise-free fitness - Fopt (5.832000000000e+01) | best noise-free fitness - Fopt | measured fitness | best measured fitness | x1 | x2...
1 +4.574090631e+07 +4.574090631e+07 +4.574096463e+07 +4.574096463e+07 +1.3489e+00 +3.2327e+00 -3.6381e+00 +4.2703e+00 +5.5559e-01 +4.0246e+00 +3.5495e+00 -1.0333e+00 -3.6262e+00 +2.0307e+00
3 +2.626492501e+07 +2.626492501e+07 +2.626498333e+07 +2.626498333e+07 +8.1197e-01 +2.8859e+00 -4.3265e-01 -3.3452e+00 -2.7903e+00 +3.1133e+00 +2.8877e+00 +2.8175e+00 +2.5602e+00 +1.1829e+00
4 +8.883781288e+06 +8.883781288e+06 +8.883839608e+06 +8.883839608e+06 +3.9375e+00 +4.0881e+00 +4.2527e+00 +1.1649e-01 +4.7318e+00 +1.4427e+00 +4.9595e+00 +6.0311e-01 -2.9622e+00 -2.6629e+00
7 +3.085286252e+05 +3.085286252e+05 +3.085869452e+05 +3.085869452e+05 -4.5456e+00 -2.6369e+00 +8.2424e-01 +2.2293e+00 -4.3114e+00 +2.1774e+00 +1.2666e+00 +1.7511e+00 +3.5977e+00 -3.9339e+00
209 +2.450324087e+05 +2.450324087e+05 +2.450907287e+05 +2.450907287e+05 +2.4108e+00 -3.1838e+00 -2.1267e+00 +4.2235e+00 -2.2525e+00 -4.6823e+00 -2.6923e+00 +4.2425e+00 +3.2831e+00 -3.9832e+00
305 +1.557536970e+05 +1.557536970e+05 +1.558120170e+05 +1.558120170e+05 +4.1273e+00 -3.3383e+00 -3.6032e+00 +5.0000e+00 -4.5391e+00 -4.3157e+00 -2.4334e+00 +3.2920e+00 +2.3241e+00 -4.2162e+00
394 +9.628133488e+04 +9.628133488e+04 +9.633965488e+04 +9.633965488e+04 +4.1371e+00 -3.1678e+00 -3.6459e+00 +4.9125e+00 -4.5961e+00 -4.3247e+00 -2.5294e+00 +3.4471e+00 +2.4440e+00 -4.0437e+00
523 +5.500505056e+04 +5.500505056e+04 +5.506337056e+04 +5.506337056e+04 +4.1758e+00 -3.5447e+00 -3.5803e+00 +5.0000e+00 -4.5997e+00 -4.1635e+00 -2.1327e+00 +3.2385e+00 +2.7185e+00 -4.0083e+00
807 +3.830470029e+04 +3.830470029e+04 +3.836302029e+04 +3.836302029e+04 +4.2216e+00 -3.2432e+00 -3.3021e+00 +4.8515e+00 -4.1833e+00 -4.1640e+00 -1.6043e+00 +2.9663e+00 +2.6882e+00 -4.0285e+00
1145 +2.382593435e+04 +2.382593435e+04 +2.388425435e+04 +2.388425435e+04 +4.3751e+00 -3.1772e+00 -3.0811e+00 +4.8130e+00 -4.3723e+00 -4.2355e+00 -1.1524e+00 +2.9345e+00 +2.6486e+00 -4.0159e+00
1381 +1.336599632e+04 +1.336599632e+04 +1.342431632e+04 +1.342431632e+04 +4.1475e+00 -3.3520e+00 -3.1071e+00 +4.4561e+00 -4.3256e+00 -4.1507e+00 -9.0239e-01 +3.0061e+00 +2.7199e+00 -3.9948e+00
1603 +8.499526905e+03 +8.499526905e+03 +8.557846905e+03 +8.557846905e+03 +4.2662e+00 -3.2306e+00 -3.2246e+00 +4.3220e+00 -4.3568e+00 -4.2602e+00 -5.6427e-01 +2.9836e+00 +2.7483e+00 -3.9826e+00
2071 +6.178691712e+03 +6.178691712e+03 +6.237011712e+03 +6.237011712e+03 +4.3152e+00 -3.2894e+00 -3.1507e+00 +4.3578e+00 -4.1836e+00 -3.9554e+00 -3.5409e-01 +3.0142e+00 +2.6793e+00 -3.9675e+00
2966 +3.843745605e+03 +3.843745605e+03 +3.902065605e+03 +3.902065605e+03 +4.2862e+00 -3.1540e+00 -3.1811e+00 +4.1703e+00 -4.2124e+00 -3.8850e+00 -1.8176e-01 +2.9620e+00 +2.7227e+00 -3.9900e+00
8330 +2.503859604e+03 +2.503859604e+03 +2.562179604e+03 +2.562179604e+03 +4.1957e+00 -3.0916e+00 -3.2691e+00 +3.9154e+00 -4.0995e+00 -3.6226e+00 +3.2851e-02 +2.9977e+00 +2.7167e+00 -3.9901e+00
19769 +1.584381084e+03 +1.584381084e+03 +1.642701084e+03 +1.642701084e+03 +4.1061e+00 -3.1538e+00 -3.1508e+00 +3.3234e+00 -3.8768e+00 -3.2413e+00 +3.8773e-02 +2.9937e+00 +2.7212e+00 -3.9878e+00
59901 +9.975627377e+02 +9.975627377e+02 +1.055882738e+03 +1.055882738e+03 +4.0380e+00 -2.9141e+00 -2.6974e+00 +2.2830e+00 -3.6030e+00 -3.2266e+00 +5.8092e-02 +3.0060e+00 +2.7119e+00 -3.9897e+00
78124 +6.261243561e+02 +6.261243561e+02 +6.844443561e+02 +6.844443561e+02 +4.0208e+00 -3.0104e+00 -2.6599e+00 +1.6860e+00 -3.5289e+00 -3.2845e+00 +6.8070e-02 +3.0035e+00 +2.7156e+00 -3.9893e+00
% function evaluation | noise-free fitness - Fopt (1.932700000000e+02) | best noise-free fitness - Fopt | measured fitness | best measured fitness | x1 | x2...
1 +1.345704659e+06 +1.345704659e+06 +1.345897929e+06 +1.345897929e+06 -2.9269e+00 +1.3371e+00 -7.9909e-01 +4.7522e+00 +9.5117e-01 +3.5981e+00 -3.1108e+00 +1.1059e+00 -2.9424e+00 -1.2137e+00
127 +6.369548894e+05 +6.369548894e+05 +6.371481594e+05 +6.371481594e+05 +2.0457e+00 -5.0000e+00 +2.7087e+00 +4.9144e+00 +1.2729e+00 +1.0167e+00 +4.0564e-01 -3.1851e+00 -1.4658e-01 -1.7665e+00
148 +2.326536114e+05 +2.326536114e+05 +2.328468814e+05 +2.328468814e+05 -4.5107e+00 +2.7219e+00 +8.1254e-01 +1.1851e+00 +4.4171e+00 -3.5032e+00 -3.7684e+00 -1.5422e+00 -2.2707e+00 -1.3660e+00
186 +6.205256506e+04 +6.205256506e+04 +6.224583506e+04 +6.224583506e+04 -4.5152e+00 +2.1450e+00 +2.0037e+00 +7.0754e-01 +4.8318e+00 -3.9957e+00 -2.4957e+00 -2.1867e+00 -1.4099e+00 -1.3402e+00
322 +3.976158798e+04 +3.976158798e+04 +3.995485798e+04 +3.995485798e+04 -4.6420e+00 +2.0733e+00 +2.0500e+00 +4.6987e-01 +4.8347e+00 -4.1802e+00 -2.4197e+00 -2.3322e+00 -1.4351e+00 -1.4097e+00
596 +2.419266386e+04 +2.419266386e+04 +2.438593386e+04 +2.438593386e+04 -4.8237e+00 +2.1849e+00 +1.6501e+00 +2.4168e-01 +4.9104e+00 -4.1366e+00 -2.1101e+00 -2.2917e+00 -1.5348e+00 -1.4585e+00
887 +1.584234795e+04 +1.584234795e+04 +1.603561795e+04 +1.603561795e+04 -5.0000e+00 +2.0405e+00 +1.5504e+00 +1.4927e-01 +4.6426e+00 -4.0471e+00 -1.7412e+00 -2.4364e+00 -1.7032e+00 -1.3733e+00
1023 +6.724873808e+03 +6.724873808e+03 +6.918143808e+03 +6.918143808e+03 -4.9736e+00 +1.8912e+00 +1.3958e+00 +1.4862e-02 +4.6027e+00 -4.0561e+00 -1.7126e+00 -2.7087e+00 -1.5878e+00 -1.4412e+00
1055 +6.047136575e+03 +6.047136575e+03 +6.240406575e+03 +6.240406575e+03 -5.0000e+00 +1.9185e+00 +1.3776e+00 -7.7290e-03 +4.5397e+00 -4.1029e+00 -1.5955e+00 -2.6636e+00 -1.6531e+00 -1.4354e+00
1688 +3.973859824e+03 +3.973859824e+03 +4.167129824e+03 +4.167129824e+03 -4.9278e+00 +2.0784e+00 +1.5056e+00 -4.2982e-02 +4.5112e+00 -4.0560e+00 -1.3742e+00 -2.7645e+00 -1.6081e+00 -1.4295e+00
2140 +2.510091195e+03 +2.510091195e+03 +2.703361195e+03 +2.703361195e+03 -4.9602e+00 +2.4123e+00 +1.4335e+00 +2.0431e-01 +4.2488e+00 -4.0874e+00 -1.1227e+00 -2.6494e+00 -1.6034e+00 -1.4229e+00
5978 +1.584552997e+03 +1.584552997e+03 +1.777822997e+03 +1.777822997e+03 -4.9883e+00 +2.3625e+00 +1.4067e+00 +5.8588e-01 +4.0690e+00 -3.9436e+00 -1.0274e+00 -2.7275e+00 -1.6107e+00 -1.4385e+00
13350 +9.986612709e+02 +9.986612709e+02 +1.191931271e+03 +1.191931271e+03 -4.8380e+00 +2.4912e+00 +1.1440e+00 +1.2751e+00 +3.8352e+00 -3.8562e+00 -1.0096e+00 -2.7227e+00 -1.6168e+00 -1.4366e+00
32773 +6.298124926e+02 +6.298124926e+02 +8.230824926e+02 +8.230824926e+02 -4.9631e+00 +2.2468e+00 +1.1992e+00 +1.9815e+00 +3.4496e+00 -3.8210e+00 -1.0474e+00 -2.7230e+00 -1.6135e+00 -1.4383e+00
73254 +3.907739498e+02 +3.907739498e+02 +5.840439498e+02 +5.840439498e+02 -4.8953e+00 +2.2900e+00 +1.3854e+00 +2.7305e+00 +3.4001e+00 -3.8675e+00 -1.0136e+00 -2.7168e+00 -1.6141e+00 -1.4385e+00
102598 +2.510433472e+02 +2.510433472e+02 +4.443133472e+02 +4.443133472e+02 -4.7924e+00 +2.1795e+00 +1.5211e+00 +3.1761e+00 +3.4752e+00 -3.8512e+00 -1.0292e+00 -2.7176e+00 -1.6144e+00 -1.4392e+00
% function evaluation | noise-free fitness - Fopt (-4.190100000000e+02) | best noise-free fitness - Fopt | measured fitness | best measured fitness | x1 | x2...
1 +3.478024056e+06 +3.478024056e+06 +3.477605046e+06 +3.477605046e+06 +3.8251e+00 +4.9789e-01 -3.4648e+00 -4.1667e+00 -4.2148e+00 +7.6187e-01 -3.2844e+00 -2.2103e+00 +1.9975e+00 -2.1093e+00
6 +2.383040373e+06 +2.383040373e+06 +2.382621363e+06 +2.382621363e+06 +4.2169e+00 -3.3083e+00 +3.0552e+00 -4.0884e+00 +3.9444e+00 -2.1343e+00 +8.2945e-01 +3.1014e+00 -1.8245e+00 -3.2233e+00
17 +7.367738538e+05 +7.367738538e+05 +7.363548438e+05 +7.363548438e+05 -3.7486e+00 -1.1001e+00 -4.5779e+00 +4.2532e+00 +4.3309e+00 -3.4952e+00 -4.6081e+00 +3.5073e+00 +1.5299e+00 -4.0968e+00
61 +3.750650456e+05 +3.750650456e+05 +3.746460356e+05 +3.746460356e+05 -2.2817e+00 +2.6273e+00 +4.0593e+00 +3.8733e+00 +3.8456e+00 +3.3416e+00 -4.2330e+00 -8.0344e-01 +6.5060e-01 -4.3063e+00
244 +1.428231821e+05 +1.428231821e+05 +1.424041721e+05 +1.424041721e+05 -4.3751e+00 +5.6743e-01 -4.2085e+00 +3.7639e+00 +4.9626e+00 -4.0258e+00 -1.6071e+00 +8.4187e-01 +1.7338e-01 -3.9690e+00
428 +9.909507202e+04 +9.909507202e+04 +9.867606202e+04 +9.867606202e+04 -4.4055e+00 +5.6493e-01 -3.8514e+00 +3.7228e+00 +4.7036e+00 -3.8462e+00 -1.5159e+00 +8.6301e-01 +4.2312e-01 -3.8551e+00
524 +6.111274069e+04 +6.111274069e+04 +6.069373069e+04 +6.069373069e+04 -4.8511e+00 +4.4006e-01 -3.8958e+00 +5.0000e+00 +3.0245e+00 -4.7244e+00 -2.7908e+00 +4.9038e-01 +8.6882e-01 -3.9821e+00
925 +3.952677479e+04 +3.952677479e+04 +3.910776479e+04 +3.910776479e+04 -4.6330e+00 +1.5124e-01 -3.5356e+00 +4.5353e+00 +2.9095e+00 -4.7386e+00 -2.2536e+00 +2.2965e-01 +9.0025e-01 -3.8779e+00
1899 +2.451173729e+04 +2.451173729e+04 +2.409272729e+04 +2.409272729e+04 -4.5349e+00 -5.0677e-02 -3.0840e+00 +4.4483e+00 +2.3291e+00 -4.0489e+00 -1.5663e+00 +2.7614e-01 +8.0719e-01 -3.9041e+00
4329 +1.578643515e+04 +1.578643515e+04 +1.536742515e+04 +1.536742515e+04 -4.7221e+00 +5.1934e-02 -2.6939e+00 +4.1483e+00 +1.8421e+00 -3.0180e+00 -1.7088e+00 +1.2353e-01 +8.3067e-01 -3.9088e+00
8195 +9.997660647e+03 +9.997660647e+03 +9.578650647e+03 +9.578650647e+03 -4.5906e+00 +2.8436e-01 -2.9001e+00 +3.7946e+00 +1.2695e+00 -2.4272e+00 -1.4424e+00 +2.4137e-01 +8.4192e-01 -3.9041e+00
14027 +6.300330449e+03 +6.300330449e+03 +5.881320449e+03 +5.881320449e+03 -4.7929e+00 +7.3713e-01 -2.7566e+00 +2.8071e+00 +5.3801e-01 -1.7632e+00 -1.5582e+00 +2.3469e-01 +8.4043e-01 -3.9070e+00
19071 +3.978537293e+03 +3.978537293e+03 +3.559527293e+03 +3.559527293e+03 -4.9815e+00 +2.9744e-01 -2.7552e+00 +2.4158e+00 -2.0944e-01 -1.9035e+00 -1.5316e+00 +2.3123e-01 +8.4081e-01 -3.9068e+00
34669 +2.508448263e+03 +2.508448263e+03 +2.089438263e+03 +2.089438263e+03 -4.8313e+00 +4.0629e-01 -2.7776e+00 +1.5343e+00 -8.4918e-01 -1.8165e+00 -1.5534e+00 +2.4680e-01 +8.4313e-01 -3.9086e+00
47090 +1.567875181e+03 +1.567875181e+03 +1.148865181e+03 +1.148865181e+03 -4.8491e+00 +3.6632e-01 -2.9103e+00 +6.4751e-01 -1.2494e+00 -1.8350e+00 -1.5179e+00 +2.0839e-01 +8.3861e-01 -3.9005e+00
62400 +9.999906200e+02 +9.999906200e+02 +5.809806200e+02 +5.809806200e+02 -4.7517e+00 +4.8418e-01 -3.0241e+00 +8.7129e-02 -1.5496e+00 -1.8724e+00 -1.5274e+00 +2.3207e-01 +8.4176e-01 -3.9074e+00
93423 +6.307922299e+02 +6.307922299e+02 +2.117822299e+02 +2.117822299e+02 -4.8611e+00 +5.3581e-01 -3.2181e+00 -7.7466e-01 -1.7488e+00 -1.8630e+00 -1.5117e+00 +2.3000e-01 +8.4456e-01 -3.9091e+00
100192 +3.944830677e+02 +3.944830677e+02 -2.452693231e+01 -2.452693231e+01 -4.8565e+00 +6.0833e-01 -3.2615e+00 -1.1412e+00 -1.7298e+00 -1.8592e+00 -1.4985e+00 +2.2873e-01 +8.3527e-01 -3.9082e+00
121021 +2.511415385e+02 +2.511415385e+02 -1.678684615e+02 -1.678684615e+02 -4.8387e+00 +5.8976e-01 -3.2792e+00 -1.5052e+00 -1.7307e+00 -1.8256e+00 -1.5195e+00 +2.3344e-01 +8.4088e-01 -3.9070e+00
% function evaluation | noise-free fitness - Fopt (4.076100000000e+02) | best noise-free fitness - Fopt | measured fitness | best measured fitness | x1 | x2...
1 +2.672303956e+06 +2.672303956e+06 +2.672711566e+06 +2.672711566e+06 +3.2112e+00 -2.2313e-01 +3.6416e+00 -4.7395e+00 -4.4647e+00 -3.8294e+00 +3.2388e+00 -1.8753e+00 +4.5310e+00 +1.6638e+00
2 +2.196620300e+06 +2.196620300e+06 +2.197027910e+06 +2.197027910e+06 -4.8327e+00 +1.9918e+00 -1.7443e+00 -3.9106e+00 +2.6458e+00 -2.3484e+00 +4.1134e+00 -4.7558e-01 +1.0355e+00 +3.5805e+00
40 +6.838225550e+05 +6.838225550e+05 +6.842301650e+05 +6.842301650e+05 -2.4179e+00 -3.6202e+00 -2.6731e+00 +3.4754e+00 +4.5491e+00 -2.1945e-01 +4.3833e+00 -3.4132e+00 +4.3224e+00 +3.1637e+00
128 +6.152185484e+05 +6.152185484e+05 +6.156261584e+05 +6.156261584e+05 -2.5294e+00 -3.5785e+00 -2.6405e+00 +3.5795e+00 +4.6865e+00 +3.9963e-02 +4.2255e+00 -3.2304e+00 +4.2133e+00 +3.1554e+00
280 +2.937200117e+05 +2.937200117e+05 +2.941276217e+05 +2.941276217e+05 -4.6168e+00 -5.0000e+00 +1.1350e+00 +3.2774e+00 -5.0000e+00 +5.0000e+00 +7.1813e-01 -1.3333e+00 +3.1168e+00 +3.3215e+00
330 +2.124447809e+05 +2.124447809e+05 +2.128523909e+05 +2.128523909e+05 -4.5907e+00 -5.0000e+00 +1.0628e+00 +3.2451e+00 -5.0000e+00 +4.9153e+00 +6.9623e-01 -1.4900e+00 +3.0276e+00 +3.1616e+00
397 +1.284709443e+05 +1.284709443e+05 +1.288785543e+05 +1.288785543e+05 -4.6014e+00 -4.8797e+00 +1.1094e+00 +3.2604e+00 -5.0000e+00 +4.9087e+00 +4.2245e-01 -1.5398e+00 +3.3048e+00 +2.9890e+00
597 +9.375940234e+04 +9.375940234e+04 +9.416701234e+04 +9.416701234e+04 -4.5240e+00 -5.0000e+00 +1.1376e+00 +3.2355e+00 -4.9208e+00 +4.5587e+00 +8.9764e-02 -1.6172e+00 +3.4278e+00 +2.9548e+00
934 +6.121677197e+04 +6.121677197e+04 +6.162438197e+04 +6.162438197e+04 -4.2634e+00 -4.7495e+00 +7.1026e-01 +3.5849e+00 -4.5401e+00 +4.6258e+00 -3.5571e-01 -2.0003e+00 +3.4752e+00 +3.0249e+00
1839 +3.759529428e+04 +3.759529428e+04 +3.800290428e+04 +3.800290428e+04 -4.2416e+00 -4.8892e+00 +6.1952e-01 +3.8806e+00 -4.2691e+00 +3.8925e+00 -1.0013e+00 -2.0558e+00 +3.6349e+00 +2.9914e+00
2928 +2.500990802e+04 +2.500990802e+04 +2.541751802e+04 +2.541751802e+04 -3.8654e+00 -4.7563e+00 +6.8643e-01 +4.0846e+00 -4.2354e+00 +3.4334e+00 -1.6960e+00 -2.1113e+00 +3.5495e+00 +2.9830e+00
7968 +1.582592370e+04 +1.582592370e+04 +1.623353370e+04 +1.623353370e+04 -3.1692e+00 -4.9988e+00 +7.7316e-01 +4.1252e+00 -2.8256e+00 +2.9472e+00 -1.7821e+00 -2.0412e+00 +3.5300e+00 +2.9988e+00
12182 +9.989795929e+03 +9.989795929e+03 +1.039740593e+04 +1.039740593e+04 -2.9641e+00 -4.8995e+00 +5.3824e-01 +4.2755e+00 -1.9850e+00 +2.2699e+00 -1.9471e+00 -1.9859e+00 +3.5479e+00 +3.0039e+00
17044 +6.276057197e+03 +6.276057197e+03 +6.683667197e+03 +6.683667197e+03 -2.9696e+00 -4.7776e+00 +6.3711e-01 +4.3601e+00 -1.0420e+00 +1.7039e+00 -1.9342e+00 -1.9759e+00 +3.5566e+00 +2.9995e+00
20747 +3.948478010e+03 +3.948478010e+03 +4.356088010e+03 +4.356088010e+03 -2.8309e+00 -4.5570e+00 +9.7323e-01 +4.2315e+00 -3.3758e-01 +1.8012e+00 -2.0416e+00 -1.9903e+00 +3.5512e+00 +2.9957e+00
26148 +2.408403959e+03 +2.408403959e+03 +2.816013959e+03 +2.816013959e+03 -2.6629e+00 -4.5825e+00 +1.1878e+00 +3.9223e+00 +4.3384e-01 +1.7896e+00 -1.8834e+00 -1.9690e+00 +3.5641e+00 +3.0034e+00
31382 +1.575006729e+03 +1.575006729e+03 +1.982616729e+03 +1.982616729e+03 -2.6199e+00 -4.4467e+00 +1.2243e+00 +3.8605e+00 +9.4512e-01 +1.9510e+00 -1.9328e+00 -1.9851e+00 +3.5535e+00 +3.0003e+00
35863 +9.991464797e+02 +9.991464797e+02 +1.406756480e+03 +1.406756480e+03 -2.6615e+00 -4.4705e+00 +1.2349e+00 +3.7246e+00 +1.3091e+00 +1.9599e+00 -1.9321e+00 -2.0067e+00 +3.5614e+00 +2.9934e+00
38149 +6.223189782e+02 +6.223189782e+02 +1.029928978e+03 +1.029928978e+03 -2.7115e+00 -4.4907e+00 +1.2697e+00 +3.7231e+00 +1.7563e+00 +2.0147e+00 -1.9035e+00 -2.0577e+00 +3.5527e+00 +2.9974e+00
39463 +3.859957534e+02 +3.859957534e+02 +7.936057534e+02 +7.936057534e+02 -2.6963e+00 -4.4987e+00 +1.3347e+00 +3.6862e+00 +1.8124e+00 +1.9642e+00 -1.9418e+00 -2.0011e+00 +3.5520e+00 +2.9984e+00
60739 +2.495729112e+02 +2.495729112e+02 +6.571829112e+02 +6.571829112e+02 -2.6042e+00 -4.4535e+00 +1.4254e+00 +3.6170e+00 +2.1172e+00 +1.9026e+00 -1.9492e+00 -2.0038e+00 +3.5512e+00 +2.9978e+00
104010 +1.584725062e+02 +1.584725062e+02 +5.660825062e+02 +5.660825062e+02 -2.5565e+00 -4.3867e+00 +1.7357e+00 +3.6371e+00 +2.4649e+00 +1.8829e+00 -1.9515e+00 -2.0010e+00 +3.5521e+00 +2.9984e+00
% function evaluation | noise-free fitness - Fopt (2.872000000000e+01) | best noise-free fitness - Fopt | measured fitness | best measured fitness | x1 | x2...
1 +2.556056424e+06 +2.556056424e+06 +2.556085144e+06 +2.556085144e+06 -3.0743e+00 -1.4999e-01 +2.3354e+00 -3.0996e+00 +6.9998e-01 +3.0509e+00 -3.0991e+00 +3.0425e+00 +2.5434e+00 -2.0485e+00
3 +6.509922569e+05 +6.509922569e+05 +6.510209769e+05 +6.510209769e+05 -4.1926e+00 -3.3807e+00 -4.4875e+00 -1.4143e+00 +1.6804e+00 +2.4315e+00 -1.5851e+00 +2.4055e+00 +1.3258e+00 -3.0244e+00
135 +6.085708631e+05 +6.085708631e+05 +6.085995831e+05 +6.085995831e+05 -4.1352e+00 -3.4703e+00 -4.4471e+00 -1.5927e+00 +1.7024e+00 +2.5147e+00 -1.4691e+00 +2.4428e+00 +1.4170e+00 -3.0553e+00
155 +3.152350108e+05 +3.152350108e+05 +3.152637308e+05 +3.152637308e+05 -4.2011e+00 -3.3969e+00 -4.3210e+00 -1.4059e+00 +1.7243e+00 +2.1741e+00 -1.4219e+00 +2.2865e+00 +1.3092e+00 -3.2579e+00
170 +1.572463350e+05 +1.572463350e+05 +1.572750550e+05 +1.572750550e+05 -5.0000e+00 -5.0000e+00 -4.4640e+00 -2.7402e+00 +2.1736e+00 +2.7254e+00 -3.0516e+00 +1.5439e+00 +1.7317e+00 -3.6133e+00
885 +9.971469419e+04 +9.971469419e+04 +9.974341419e+04 +9.974341419e+04 -4.6781e+00 -4.8467e+00 -4.9437e+00 -2.9973e+00 +1.9815e+00 +2.4176e+00 -2.1875e+00 +1.6674e+00 +1.9349e+00 -3.7545e+00
993 +6.300548967e+04 +6.300548967e+04 +6.303420967e+04 +6.303420967e+04 -3.3046e+00 -4.9978e+00 -4.8292e+00 -3.6751e+00 -2.4769e-01 +1.3547e+00 -1.4828e+00 +1.8342e+00 +2.0348e+00 -3.7974e+00
1436 +3.882530188e+04 +3.882530188e+04 +3.885402188e+04 +3.885402188e+04 -3.3960e+00 -4.8140e+00 -4.8485e+00 -3.7072e+00 -4.7485e-01 +1.3077e+00 -1.0818e+00 +1.5353e+00 +2.0351e+00 -3.6501e+00
1945 +2.483916646e+04 +2.483916646e+04 +2.486788646e+04 +2.486788646e+04 -3.1037e+00 -4.6406e+00 -4.7774e+00 -3.7614e+00 -4.1246e-01 +9.0156e-01 -6.5413e-01 +1.7940e+00 +1.9608e+00 -3.6869e+00
2991 +1.480853040e+04 +1.480853040e+04 +1.483725040e+04 +1.483725040e+04 -2.8965e+00 -5.0000e+00 -4.6626e+00 -3.9837e+00 -6.0008e-01 +3.5713e-02 -3.1003e-01 +1.7886e+00 +2.0220e+00 -3.6605e+00
3997 +9.991155822e+03 +9.991155822e+03 +1.001987582e+04 +1.001987582e+04 -2.8696e+00 -4.9541e+00 -4.4749e+00 -4.0329e+00 -7.1817e-01 -2.8336e-01 -2.9116e-01 +1.8720e+00 +1.9824e+00 -3.6723e+00
7608 +6.039832741e+03 +6.039832741e+03 +6.068552741e+03 +6.068552741e+03 -2.8531e+00 -4.7049e+00 -4.6817e+00 -4.1172e+00 -9.5694e-01 -1.2523e+00 -2.7129e-01 +1.9494e+00 +1.9277e+00 -3.6884e+00
8257 +3.971698082e+03 +3.971698082e+03 +4.000418082e+03 +4.000418082e+03 -2.8843e+00 -4.6998e+00 -4.6569e+00 -4.0715e+00 -9.8648e-01 -1.3238e+00 -2.4345e-01 +1.8701e+00 +2.0076e+00 -3.6760e+00
12834 +2.505162223e+03 +2.505162223e+03 +2.533882223e+03 +2.533882223e+03 -2.5174e+00 -4.8118e+00 -4.9898e+00 -3.8892e+00 -1.4199e+00 -1.8050e+00 -2.1892e-01 +1.8127e+00 +2.0053e+00 -3.6754e+00
25250 +1.579218081e+03 +1.579218081e+03 +1.607938081e+03 +1.607938081e+03 -2.6915e+00 -4.5723e+00 -4.7733e+00 -3.0128e+00 -1.7771e+00 -2.1917e+00 -1.5328e-01 +1.8411e+00 +2.0022e+00 -3.6704e+00
42016 +9.990980726e+02 +9.990980726e+02 +1.027818073e+03 +1.027818073e+03 -2.6923e+00 -4.6119e+00 -4.8337e+00 -2.3832e+00 -1.7225e+00 -2.1707e+00 -2.3234e-01 +1.8038e+00 +2.0004e+00 -3.6767e+00
61151 +6.306156627e+02 +6.306156627e+02 +6.593356627e+02 +6.593356627e+02 -2.7516e+00 -4.5997e+00 -4.7878e+00 -1.7197e+00 -1.6696e+00 -2.1416e+00 -2.0798e-01 +1.8115e+00 +1.9994e+00 -3.6761e+00
77018 +3.979736865e+02 +3.979736865e+02 +4.266936865e+02 +4.266936865e+02 -2.7212e+00 -4.6354e+00 -4.6311e+00 -1.0111e+00 -1.8315e+00 -2.1149e+00 -2.1048e-01 +1.7993e+00 +1.9974e+00 -3.6778e+00
108263 +2.511356913e+02 +2.511356913e+02 +2.798556913e+02 +2.798556913e+02 -2.6538e+00 -4.6345e+00 -4.5599e+00 -5.7121e-01 -1.7729e+00 -2.1503e+00 -2.0329e-01 +1.8056e+00 +1.9950e+00 -3.6773e+00
124636 +1.582233335e+02 +1.582233335e+02 +1.869433335e+02 +1.869433335e+02 -2.6872e+00 -4.6624e+00 -4.5468e+00 -3.1116e-01 -1.7535e+00 -2.1571e+00 -2.1272e-01 +1.8081e+00 +1.9988e+00 -3.6772e+00
142106 +9.833714147e+01 +9.833714147e+01 +1.270571415e+02 +1.270571415e+02 -2.7350e+00 -4.6310e+00 -4.4890e+00 -5.0852e-02 -1.7552e+00 -2.1541e+00 -2.1415e-01 +1.8084e+00 +1.9967e+00 -3.6760e+00
