% function evaluation | noise-free fitness - Fopt (-1.694000000000e+01) | best noise-free fitness - Fopt | measured fitness | best measured fitness | x1 | x2...
1 +1.879718412e+01 +1.879718412e+01 +1.857184117e+00 +1.857184117e+00 +2.2543e+00 -3.1618e+00 +3.5182e+00 -2.8743e+00 +1.5376e+00
2 +1.161252673e+01 +1.161252673e+01 -5.327473272e+00 -5.327473272e+00 +1.0541e+00 -5.8371e-02 -4.9347e+00 +3.7998e+00 +2.0495e+00
4 +7.731181415e+00 +7.731181415e+00 -9.208818585e+00 -9.208818585e+00 +3.4670e-01 -1.3467e-01 -1.3717e+00 -4.2793e+00 -2.3188e+00
24 +4.969831578e+00 +4.969831578e+00 -1.197016842e+01 -1.197016842e+01 +3.5569e+00 +4.8210e+00 +7.1356e-01 -1.8759e+00 +2.7785e+00
359 +2.860413408e+00 +2.860413408e+00 -1.407958659e+01 -1.407958659e+01 +2.4190e+00 +1.1222e+00 -1.8346e+00 +1.8856e+00 +1.0026e-01
577 +1.671199289e+00 +1.671199289e+00 -1.526880071e+01 -1.526880071e+01 +3.3694e+00 +2.1783e+00 -1.4680e+00 +9.3155e-01 +2.0444e+00
1049 +1.397885900e+00 +1.397885900e+00 -1.554211410e+01 -1.554211410e+01 +4.2755e+00 +2.1539e+00 -1.0921e+00 +1.2202e+00 +1.1539e+00
1504 +9.434428494e-01 +9.434428494e-01 -1.599655715e+01 -1.599655715e+01 +4.3403e+00 +3.2866e+00 -1.2359e+00 +6.4902e-01 +1.9284e+00
2424 +5.917019696e-01 +5.917019696e-01 -1.634829803e+01 -1.634829803e+01 +3.5524e+00 +2.4494e+00 -1.4574e+00 +1.6010e+00 +1.5128e+00
% function evaluation | noise-free fitness - Fopt (1.881000000000e+01) | best noise-free fitness - Fopt | measured fitness | best measured fitness | x1 | x2...
1 +1.093700435e+01 +1.093700435e+01 +2.974700435e+01 +2.974700435e+01 -3.2160e+00 -7.2523e-01 -3.2451e+00 +2.6425e+00 +3.0700e+00
16 +8.198304357e+00 +8.198304357e+00 +2.700830436e+01 +2.700830436e+01 -7.0654e-01 +3.9758e+00 -4.1711e+00 +3.6657e+00 -4.8921e-01
102 +5.938750972e+00 +5.938750972e+00 +2.474875097e+01 +2.474875097e+01 -4.7842e-01 +3.8827e+00 -9.4513e-01 +6.5781e-01 -6.3187e-01
298 +3.617715691e+00 +3.617715691e+00 +2.242771569e+01 +2.242771569e+01 +1.0016e+00 +1.7517e+00 +2.1670e-01 -1.2409e-01 +4.5207e-01
560 +1.908132903e+00 +1.908132903e+00 +2.071813290e+01 +2.071813290e+01 -1.5034e+00 +3.3782e+00 -2.0797e+00 +1.8576e+00 -9.8784e-01
886 +1.331141541e+00 +1.331141541e+00 +2.014114154e+01 +2.014114154e+01 +2.9501e-02 +7.6936e-01 -7.4841e-01 -5.7721e-01 +2.5355e+00
1984 +9.489789716e-01 +9.489789716e-01 +1.975897897e+01 +1.975897897e+01 -1.9454e-01 +2.0720e+00 -1.7107e+00 -6.6284e-01 +1.5431e+00
3832 +6.183413501e-01 +6.183413501e-01 +1.942834135e+01 +1.942834135e+01 -4.3048e-01 +2.3514e+00 -9.8099e-01 +3.9701e-01 +1.4250e+00
6048 +3.702880796e-01 +3.702880796e-01 +1.918028808e+01 +1.918028808e+01 +6.2796e-02 +2.0321e+00 -7.0611e-01 -2.7486e-01 +1.8725e+00
% function evaluation | noise-free fitness - Fopt (2.731500000000e+02) | best noise-free fitness - Fopt | measured fitness | best measured fitness | x1 | x2...
1 +1.907225106e+01 +1.907225106e+01 +2.922222511e+02 +2.922222511e+02 -3.4358e+00 -1.6963e+00 -1.5093e+00 +1.7408e+00 -2.5376e-01
6 +1.558437703e+01 +1.558437703e+01 +2.887343770e+02 +2.887343770e+02 +7.3840e-01 +4.3301e+00 +3.8970e+00 -2.9080e+00 +4.4843e+00
57 +8.701989955e+00 +8.701989955e+00 +2.818519900e+02 +2.818519900e+02 -2.8825e+00 -7.1829e-01 +7.7585e-01 +1.0627e+00 +3.3918e+00
163 +4.933339720e+00 +4.933339720e+00 +2.780833397e+02 +2.780833397e+02 +3.6668e+00 +4.1973e+00 +1.7637e+00 +3.2540e-02 +6.7917e-01
405 +3.761249758e+00 +3.761249758e+00 +2.769112498e+02 +2.769112498e+02 +3.7912e+00 +2.8979e+00 +1.1791e+00 +1.6220e+00 -5.3401e-01
861 +2.490569861e+00 +2.490569861e+00 +2.756405699e+02 +2.756405699e+02 +1.5279e+00 +3.9230e+00 +3.4078e-01 +2.2951e+00 +1.2886e+00
1328 +1.326974318e+00 +1.326974318e+00 +2.744769743e+02 +2.744769743e+02 -3.4758e+00 +3.8139e+00 +3.7080e-03 +2.3962e+00 +9.9802e-01
1696 +6.201342867e-01 +6.201342867e-01 +2.737701343e+02 +2.737701343e+02 -4.0609e+00 +3.7848e+00 -1.4462e-01 +2.8174e+00 +2.2444e+00
% function evaluation | noise-free fitness - Fopt (3.718000000000e+01) | best noise-free fitness - Fopt | measured fitness | best measured fitness | x1 | x2...
1 +4.012012851e+01 +4.012012851e+01 +7.730012851e+01 +7.730012851e+01 -7.0098e-01 +4.1951e+00 -1.6552e+00 +4.5442e+00 +5.4373e-02
5 +1.496493162e+01 +1.496493162e+01 +5.214493162e+01 +5.214493162e+01 +6.0338e-01 -5.5398e-01 +3.8172e+00 -9.2359e-01 -2.3014e+00
30 +9.414783454e+00 +9.414783454e+00 +4.659478345e+01 +4.659478345e+01 -1.7540e+00 -7.6128e-01 -7.8747e-01 +4.0039e+00 -3.5000e+00
150 +4.398202777e+00 +4.398202777e+00 +4.157820278e+01 +4.157820278e+01 -1.7535e+00 +3.6084e+00 +4.5490e+00 +7.4214e-01 -3.7407e+00
194 +2.135062314e+00 +2.135062314e+00 +3.931506231e+01 +3.931506231e+01 -3.6432e+00 +1.7007e+00 +3.9335e+00 +1.7173e+00 -2.6970e+00
274 +1.270251633e+00 +1.270251633e+00 +3.845025163e+01 +3.845025163e+01 -3.1982e+00 +1.9223e+00 +2.0249e+00 +1.7580e+00 -3.2273e+00
516 +8.977672587e-01 +8.977672587e-01 +3.807776726e+01 +3.807776726e+01 -3.9512e+00 +2.7297e+00 +2.2292e+00 +1.6395e+00 -3.4819e+00
5777 +5.483283973e-01 +5.483283973e-01 +3.772832840e+01 +3.772832840e+01 -3.9809e+00 +1.9284e+00 +2.1149e+00 +1.5740e+00 -3.5305e+00
% function evaluation | noise-free fitness - Fopt (-1.479000000000e+02) | best noise-free fitness - Fopt | measured fitness | best measured fitness | x1 | x2...
1 +1.333733701e+01 +1.333733701e+01 -1.345626630e+02 -1.345626630e+02 +2.0670e+00 -1.3769e+00 +1.7755e+00 -2.2860e+00 -4.8532e+00
5 +8.409896162e+00 +8.409896162e+00 -1.394901038e+02 -1.394901038e+02 -4.7113e+00 +5.9852e-01 +2.4719e+00 -2.0814e+00 -2.2405e+00
14 +4.439245419e+00 +4.439245419e+00 -1.434607546e+02 -1.434607546e+02 -3.3996e+00 +2.7776e+00 -3.6084e+00 -1.4050e+00 -3.5005e+00
257 +2.245950986e+00 +2.245950986e+00 -1.456540490e+02 -1.456540490e+02 -1.6783e+00 +9.0241e-02 +2.7426e+00 -2.3292e+00 -3.4136e+00
1206 +1.571591902e+00 +1.571591902e+00 -1.463284081e+02 -1.463284081e+02 -1.4207e+00 +1.4345e+00 -1.7980e-01 -2.9867e+00 -4.2223e+00
1364 +1.898209600e-01 +1.898209600e-01 -1.477101790e+02 -1.477101790e+02 -1.6418e+00 +1.7647e-01 +1.1675e+00 -2.0049e+00 -3.2350e+00
% function evaluation | noise-free fitness - Fopt (1.162600000000e+02) | best noise-free fitness - Fopt | measured fitness | best measured fitness | x1 | x2...
1 +9.365133987e+00 +9.365133987e+00 +1.256251340e+02 +1.256251340e+02 -3.8084e+00 -4.0501e+00 -1.2603e+00 -1.0596e-01 +2.2062e+00
49 +4.239133411e+00 +4.239133411e+00 +1.204991334e+02 +1.204991334e+02 -2.5471e+00 -2.0787e+00 +1.1486e+00 -1.7004e+00 -9.8619e-01
169 +1.955485966e+00 +1.955485966e+00 +1.182154860e+02 +1.182154860e+02 -3.5974e+00 -4.5944e+00 -5.0000e+00 +3.4300e+00 -3.8956e-01
677 +1.567627810e+00 +1.567627810e+00 +1.178276278e+02 +1.178276278e+02 -2.3814e+00 -3.4610e+00 -3.1148e+00 +8.1218e-01 -1.7741e+00
1055 +3.124028763e-01 +3.124028763e-01 +1.165724029e+02 +1.165724029e+02 -2.8233e+00 -3.3231e+00 -3.0073e+00 +8.9837e-01 -1.1398e+00
% function evaluation | noise-free fitness - Fopt (-1.000000000000e+03) | best noise-free fitness - Fopt | measured fitness | best measured fitness | x1 | x2...
1 +3.522165760e+01 +3.522165760e+01 -9.647783424e+02 -9.647783424e+02 -2.2283e+00 +4.9448e+00 +4.7827e+00 -1.6382e+00 +2.1651e+00
2 +5.649816927e+00 +5.649816927e+00 -9.943501831e+02 -9.943501831e+02 -4.4510e+00 +2.5773e+00 -2.1003e+00 +2.1052e+00 +2.4363e-02
96 +3.842021624e+00 +3.842021624e+00 -9.961579784e+02 -9.961579784e+02 -3.2413e+00 -8.7768e-01 -4.1515e-01 +4.5862e+00 +6.6838e-01
767 +2.125237729e+00 +2.125237729e+00 -9.978747623e+02 -9.978747623e+02 -3.0849e+00 +7.7674e-01 -2.9748e+00 +3.8904e+00 +2.1078e+00
856 +1.480397994e+00 +1.480397994e+00 -9.985196020e+02 -9.985196020e+02 -3.2362e+00 +8.6589e-02 -2.4652e+00 +2.7088e+00 +1.9835e+00
1925 +9.720488826e-01 +9.720488826e-01 -9.990279511e+02 -9.990279511e+02 -3.6686e+00 -3.5673e-01 -2.1719e+00 +2.9485e+00 +2.4366e+00
% function evaluation | noise-free fitness - Fopt (-9.193000000000e+01) | best noise-free fitness - Fopt | measured fitness | best measured fitness | x1 | x2...
1 +1.621958474e+01 +1.621958474e+01 -7.571041526e+01 -7.571041526e+01 +1.3367e+00 +1.8010e+00 -1.5985e+00 +2.0548e+00 -1.7418e+00
2 +1.072389858e+01 +1.072389858e+01 -8.120610142e+01 -8.120610142e+01 +4.9763e-01 -4.7594e+00 +1.9458e-01 +1.2072e+00 -2.9067e+00
36 +8.959878432e+00 +8.959878432e+00 -8.297012157e+01 -8.297012157e+01 -8.0787e-01 -1.6077e+00 -4.9587e+00 +1.5144e+00 +2.3974e-01
59 +4.487416438e+00 +4.487416438e+00 -8.744258356e+01 -8.744258356e+01 -1.5974e+00 -2.0154e+00 -2.5024e-01 +3.0927e+00 +1.4976e+00
128 +3.535866614e+00 +3.535866614e+00 -8.839413339e+01 -8.839413339e+01 +2.3521e+00 -2.2044e+00 -5.7634e-01 +5.0000e+00 -1.1076e+00
596 +1.816532345e+00 +1.816532345e+00 -9.011346765e+01 -9.011346765e+01 -1.1676e-01 -3.3654e+00 -7.9842e-01 +1.7039e+00 -1.0992e+00
899 +1.494481286e+00 +1.494481286e+00 -9.043551871e+01 -9.043551871e+01 +2.6139e-01 -4.1632e+00 -2.1246e+00 +1.7136e+00 -5.5432e-01
2437 +9.167202494e-01 +9.167202494e-01 -9.101327975e+01 -9.101327975e+01 +4.4857e-01 -4.3079e+00 -1.0313e+00 +2.3456e+00 -8.0164e-01
5201 +5.103475840e-01 +5.103475840e-01 -9.141965242e+01 -9.141965242e+01 +5.4321e-02 -3.4521e+00 -1.5224e+00 +1.7013e+00 -6.0480e-01
6146 +3.442114004e-01 +3.442114004e-01 -9.158578860e+01 -9.158578860e+01 +1.1512e+00 -3.3810e+00 -6.3808e-01 +2.5744e+00 -8.4846e-01
% function evaluation | noise-free fitness - Fopt (1.487500000000e+02) | best noise-free fitness - Fopt | measured fitness | best measured fitness | x1 | x2...
1 +1.171710216e+01 +1.171710216e+01 +1.604671022e+02 +1.604671022e+02 -4.7517e+00 -2.5870e-01 -3.2341e+00 +2.2006e+00 +2.2103e+00
17 +7.703707316e+00 +7.703707316e+00 +1.564537073e+02 +1.564537073e+02 +4.5740e+00 +1.3471e+00 +2.4183e+00 +1.8187e+00 -1.8117e-02
35 +4.674037294e+00 +4.674037294e+00 +1.534240373e+02 +1.534240373e+02 +2.4900e+00 -2.7135e+00 +3.8309e+00 +3.0264e+00 -3.5379e-01
292 +3.414140431e+00 +3.414140431e+00 +1.521641404e+02 +1.521641404e+02 +4.7208e+00 -3.6137e+00 +3.4794e+00 +4.3145e+00 -4.1020e-01
575 +2.355997442e+00 +2.355997442e+00 +1.511059974e+02 +1.511059974e+02 +2.8912e+00 -2.2896e+00 +6.4033e-02 +2.9318e+00 +2.2666e-01
779 +1.567613790e+00 +1.567613790e+00 +1.503176138e+02 +1.503176138e+02 +3.1981e+00 -3.6378e+00 +5.7045e-01 +2.7837e+00 -1.8137e+00
1699 +9.451110716e-01 +9.451110716e-01 +1.496951111e+02 +1.496951111e+02 +2.7342e+00 -3.2110e+00 -1.1009e-01 +2.4955e+00 -1.9760e+00
2433 +5.919500058e-01 +5.919500058e-01 +1.493419500e+02 +1.493419500e+02 +2.3719e+00 -3.3763e+00 -2.9417e-01 +2.2934e+00 -1.6076e+00
% function evaluation | noise-free fitness - Fopt (-1.483000000000e+02) | best noise-free fitness - Fopt | measured fitness | best measured fitness | x1 | x2...
1 +2.038239573e+02 +2.038239573e+02 +5.552395729e+01 +5.552395729e+01 +5.1078e-03 -3.4751e+00 -2.1164e+00 -2.0519e+00 +2.4861e+00
2 +4.594971416e+01 +4.594971416e+01 -1.023502858e+02 -1.023502858e+02 +3.0978e+00 -1.0936e+00 +2.4070e+00 -8.0389e-01 +4.9714e+00
8 +2.931295476e+01 +2.931295476e+01 -1.189870452e+02 -1.189870452e+02 -3.1792e+00 +1.4677e+00 -5.7208e-01 -2.6325e+00 +1.7321e+00
15 +1.308878532e+01 +1.308878532e+01 -1.352112147e+02 -1.352112147e+02 +1.2045e+00 -9.1816e-02 -4.3537e+00 +3.3694e+00 -3.2389e-01
17 +8.325819772e+00 +8.325819772e+00 -1.399741802e+02 -1.399741802e+02 +2.5273e+00 +4.5827e-01 -3.6653e+00 +1.7747e+00 +4.3371e+00
154 +3.967602176e+00 +3.967602176e+00 -1.443323978e+02 -1.443323978e+02 +2.0195e+00 +1.0504e+00 -1.4449e+00 +4.6956e+00 +2.7128e+00
612 +2.454064690e+00 +2.454064690e+00 -1.458459353e+02 -1.458459353e+02 +2.8496e+00 +3.5065e-01 -1.7499e+00 +4.9967e+00 +2.7537e+00
702 +1.212539216e+00 +1.212539216e+00 -1.470874608e+02 -1.470874608e+02 +1.8066e+00 +1.1819e+00 -2.6063e+00 +4.1230e+00 +3.0032e+00
2657 +6.798113931e-01 +6.798113931e-01 -1.476201886e+02 -1.476201886e+02 +2.0680e+00 +1.5359e+00 -2.9186e+00 +3.7812e+00 +3.3566e+00
% function evaluation | noise-free fitness - Fopt (1.702000000000e+01) | best noise-free fitness - Fopt | measured fitness | best measured fitness | x1 | x2...
1 +2.326831171e+01 +2.326831171e+01 +4.028831171e+01 +4.028831171e+01 -1.2101e+00 -2.8358e+00 +4.6899e+00 -3.5257e+00 -2.8054e+00
3 +1.036404019e+01 +1.036404019e+01 +2.738404019e+01 +2.738404019e+01 +1.9943e+00 +5.5323e-01 +3.8089e+00 -6.9366e-01 -2.4465e+00
29 +9.408986226e+00 +9.408986226e+00 +2.642898623e+01 +2.642898623e+01 -1.8665e-01 -4.4703e+00 +2.3820e+00 -3.0514e+00 -8.2106e-01
183 +5.237269176e+00 +5.237269176e+00 +2.225726918e+01 +2.225726918e+01 +1.4614e+00 -1.3147e+00 +4.8022e+00 -1.4925e+00 -2.0481e+00
451 +3.783406176e+00 +3.783406176e+00 +2.080340618e+01 +2.080340618e+01 +5.0000e+00 -3.4643e+00 +2.1011e+00 -3.6941e+00 -6.4909e-01
631 +7.908476505e-01 +7.908476505e-01 +1.781084765e+01 +1.781084765e+01 +2.8304e+00 -8.8772e-01 +2.0105e+00 -2.9988e+00 +1.3524e-01
4933 +5.634026489e-01 +5.634026489e-01 +1.758340265e+01 +1.758340265e+01 +2.6675e+00 -9.5440e-01 +2.0332e+00 -3.6215e+00 -1.6070e-01
% function evaluation | noise-free fitness - Fopt (-2.202000000000e+02) | best noise-free fitness - Fopt | measured fitness | best measured fitness | x1 | x2...
1 +4.251325762e+01 +4.251325762e+01 -1.776867424e+02 -1.776867424e+02 +2.6298e+00 -1.8797e+00 +7.4887e-01 -1.8385e+00 +4.3860e+00
2 +2.720301981e+01 +2.720301981e+01 -1.929969802e+02 -1.929969802e+02 +4.6129e+00 +1.6070e+00 -2.6039e+00 +1.6890e+00 +2.0290e+00
3 +8.142701140e+00 +8.142701140e+00 -2.120572989e+02 -2.120572989e+02 -2.5638e+00 +2.8284e+00 +1.8809e+00 -1.6013e+00 -1.0414e+00
51 +5.930992589e+00 +5.930992589e+00 -2.142690074e+02 -2.142690074e+02 -3.5744e+00 -1.2753e+00 +2.8687e-01 +1.7708e+00 -2.0555e+00
120 +3.661195088e+00 +3.661195088e+00 -2.165388049e+02 -2.165388049e+02 -3.0706e+00 +1.4066e-01 +5.6655e-01 +3.0395e+00 -1.1467e+00
180 +2.275661431e+00 +2.275661431e+00 -2.179243386e+02 -2.179243386e+02 -3.4709e+00 +1.2487e-01 +1.4883e+00 +1.9635e+00 -8.0258e-01
517 +1.015988751e+00 +1.015988751e+00 -2.191840112e+02 -2.191840112e+02 -4.1473e+00 -1.7109e+00 -5.9177e-01 +3.0660e+00 -7.2690e-01
1334 +9.840702299e-01 +9.840702299e-01 -2.192159298e+02 -2.192159298e+02 -3.3735e+00 -1.3150e+00 -2.9213e-01 +3.1028e+00 +2.5174e-01
% function evaluation | noise-free fitness - Fopt (-2.041000000000e+01) | best noise-free fitness - Fopt | measured fitness | best measured fitness | x1 | x2...
1 +1.301979243e+01 +1.301979243e+01 -7.390207569e+00 -7.390207569e+00 +1.8507e+00 -2.2973e+00 +3.4243e+00 +4.1901e+00 +3.8927e+00
11 +6.910715621e+00 +6.910715621e+00 -1.349928438e+01 -1.349928438e+01 -2.2560e+00 -3.7161e+00 -4.3726e+00 +1.3719e+00 +1.3360e+00
48 +2.814039781e+00 +2.814039781e+00 -1.759596022e+01 -1.759596022e+01 -2.4946e+00 -1.2681e+00 -4.2406e+00 +2.4028e+00 +2.7367e+00
432 +2.229077987e+00 +2.229077987e+00 -1.818092201e+01 -1.818092201e+01 -3.6064e+00 -1.2499e+00 -5.0000e+00 +1.7283e+00 +3.1712e+00
820 +1.123008700e+00 +1.123008700e+00 -1.928699130e+01 -1.928699130e+01 -3.4002e+00 -2.7921e+00 -3.5131e+00 +1.6884e+00 +2.9464e+00
944 +9.332240465e-01 +9.332240465e-01 -1.947677595e+01 -1.947677595e+01 -2.9019e+00 -2.2044e+00 -3.9166e+00 +2.2516e+00 +2.6195e+00
5346 +4.947036307e-01 +4.947036307e-01 -1.991529637e+01 -1.991529637e+01 -3.2257e+00 -1.9285e+00 -3.7273e+00 +2.2596e+00 +2.3937e+00
6728 +3.659847357e-01 +3.659847357e-01 -2.004401526e+01 -2.004401526e+01 -3.2332e+00 -1.7076e+00 -3.9255e+00 +2.1349e+00 +2.7440e+00
% function evaluation | noise-free fitness - Fopt (6.081000000000e+01) | best noise-free fitness - Fopt | measured fitness | best measured fitness | x1 | x2...
1 +2.515853067e+01 +2.515853067e+01 +8.596853067e+01 +8.596853067e+01 +1.5834e+00 -3.1244e+00 -8.1377e-01 +4.8054e+00 -4.9946e+00
3 +2.341939160e+01 +2.341939160e+01 +8.422939160e+01 +8.422939160e+01 -2.8809e+00 +6.1160e-02 +1.7827e+00 -4.7104e+00 +4.0951e+00
9 +1.095159556e+01 +1.095159556e+01 +7.176159556e+01 +7.176159556e+01 +4.1761e+00 +2.4675e+00 +2.9390e+00 +4.4480e+00 -1.0467e+00
53 +9.574184582e+00 +9.574184582e+00 +7.038418458e+01 +7.038418458e+01 -9.3028e-01 +5.8928e-01 +2.1738e+00 +7.0936e-01 +3.3801e+00
77 +4.113796043e+00 +4.113796043e+00 +6.492379604e+01 +6.492379604e+01 +1.2027e+00 +1.8345e+00 +1.7397e+00 +7.1627e-01 +1.4501e+00
200 +3.172567115e+00 +3.172567115e+00 +6.398256711e+01 +6.398256711e+01 +1.3998e+00 +3.6710e+00 +2.9728e+00 -4.0587e-01 +1.2978e+00
321 +2.240566361e+00 +2.240566361e+00 +6.305056636e+01 +6.305056636e+01 +1.4581e+00 +3.8865e+00 +2.0140e+00 -5.5815e-01 +2.3041e-01
491 +1.532473208e+00 +1.532473208e+00 +6.234247321e+01 +6.234247321e+01 +9.6867e-01 +3.6119e+00 +2.7537e+00 -4.0751e-01 +8.0481e-01
1197 +8.704391240e-01 +8.704391240e-01 +6.168043912e+01 +6.168043912e+01 +1.2133e+00 +2.6741e+00 +3.3190e+00 -1.3829e-01 +7.0566e-01
1776 +5.177132944e-01 +5.177132944e-01 +6.132771329e+01 +6.132771329e+01 +9.2118e-01 +2.7480e+00 +3.3392e+00 +4.9022e-01 +5.4744e-01
% function evaluation | noise-free fitness - Fopt (-6.176300000000e+02) | best noise-free fitness - Fopt | measured fitness | best measured fitness | x1 | x2...
1 +1.298119255e+01 +1.298119255e+01 -6.046488074e+02 -6.046488074e+02 -2.4080e+00 -2.5925e+00 -3.1170e+00 +5.9273e-02 -1.0351e+00
4 +5.540702632e+00 +5.540702632e+00 -6.120892974e+02 -6.120892974e+02 -6.3746e-01 -3.2783e+00 -3.5171e+00 -3.4724e+00 -1.6936e+00
283 +3.886822148e+00 +3.886822148e+00 -6.137431779e+02 -6.137431779e+02 -1.4664e+00 -3.5352e+00 -3.7812e+00 -3.4683e+00 -3.1717e+00
560 +2.011029899e+00 +2.011029899e+00 -6.156189701e+02 -6.156189701e+02 -2.6640e+00 -8.8186e-01 -4.0294e+00 -3.5798e+00 -1.9775e+00
913 +1.263051300e+00 +1.263051300e+00 -6.163669487e+02 -6.163669487e+02 -1.6717e+00 -2.8764e+00 -3.8110e+00 -3.6841e+00 -4.0578e+00
1853 +8.006973146e-01 +8.006973146e-01 -6.168293027e+02 -6.168293027e+02 -7.7466e-01 -1.9955e+00 -3.1019e+00 -2.6607e+00 -3.9319e+00
