% function evaluation | noise-free fitness - Fopt (7.135000000000e+01) | best noise-free fitness - Fopt | measured fitness | best measured fitness | x1 | x2...
1 +1.641918385e+02 +1.641918385e+02 +2.355418385e+02 +2.355418385e+02 +4.2720e+00 -4.5082e+00
3 +4.151907258e+01 +4.151907258e+01 +1.128690726e+02 +1.128690726e+02 -1.1335e+00 +3.0725e+00
6 +3.639916386e+01 +3.639916386e+01 +1.077491639e+02 +1.077491639e+02 +4.6604e+00 +4.3885e+00
14 +2.434642605e+01 +2.434642605e+01 +9.569642605e+01 +9.569642605e+01 +2.5826e+00 -4.3071e+00
31 +1.292285243e+01 +1.292285243e+01 +8.427285243e+01 +8.427285243e+01 +2.0941e+00 -4.8603e+00
53 +8.159643476e+00 +8.159643476e+00 +7.950964348e+01 +7.950964348e+01 +9.0177e-01 +1.9395e+00
175 +5.031972206e+00 +5.031972206e+00 +7.638197221e+01 +7.638197221e+01 +1.3752e+00 +4.3344e+00
181 +3.222044514e+00 +3.222044514e+00 +7.457204451e+01 +7.457204451e+01 +2.0677e+00 +4.2258e+00
191 +2.751229686e-01 +2.751229686e-01 +7.162512297e+01 +7.162512297e+01 +1.5946e+00 -2.0815e-01
563 +9.715673016e-02 +9.715673016e-02 +7.144715673e+01 +7.144715673e+01 +1.7305e+00 -1.7416e-01
1672 +4.830207936e-02 +4.830207936e-02 +7.139830208e+01 +7.139830208e+01 +1.7945e+00 -2.1477e+00
1939 +2.180468389e-02 +2.180468389e-02 +7.137180468e+01 +7.137180468e+01 +1.6322e+00 -1.7519e-01
2247 +8.918188861e-03 +8.918188861e-03 +7.135891819e+01 +7.135891819e+01 +1.7993e+00 -2.1435e+00
2960 +6.256723039e-03 +6.256723039e-03 +7.135625672e+01 +7.135625672e+01 +1.5702e+00 -1.7893e-01
3403 +1.180614931e-03 +1.180614931e-03 +7.135118061e+01 +7.135118061e+01 +1.5887e+00 -1.7851e-01
3441 +4.561106390e-05 +4.561106390e-05 +7.135004561e+01 +7.135004561e+01 +1.8311e+00 -2.1425e+00
3934 +1.477566656e-05 +1.477566656e-05 +7.135001478e+01 +7.135001478e+01 +1.5957e+00 -1.7851e-01
4702 +6.237916111e-06 +6.237916111e-06 +7.135000624e+01 +7.135000624e+01 +1.5958e+00 -1.7848e-01
9777 +3.804003200e-06 +3.804003200e-06 +7.135000380e+01 +7.135000380e+01 +1.5949e+00 -1.7853e-01
9906 +1.140670861e-06 +1.140670861e-06 +7.135000114e+01 +7.135000114e+01 +1.5949e+00 -1.7851e-01
10415 +9.273751687e-07 +9.273751687e-07 +7.135000093e+01 +7.135000093e+01 +1.5948e+00 -1.7852e-01
10548 +3.242711841e-07 +3.242711841e-07 +7.135000032e+01 +7.135000032e+01 +1.5946e+00 -1.7852e-01
11412 +1.705564188e-07 +1.705564188e-07 +7.135000017e+01 +7.135000017e+01 +1.5945e+00 -1.7855e-01
11688 +1.976999897e-08 +1.976999897e-08 +7.135000002e+01 +7.135000002e+01 +1.5945e+00 -1.7853e-01
12685 +1.401917871e-08 +1.401917871e-08 +7.135000001e+01 +7.135000001e+01 +1.5945e+00 -1.7851e-01
13117 +8.835570497e-09 +8.835570497e-09 +7.135000001e+01 +7.135000001e+01 +1.5945e+00 -1.7852e-01
% function evaluation | noise-free fitness - Fopt (-3.552200000000e+02) | best noise-free fitness - Fopt | measured fitness | best measured fitness | x1 | x2...
1 +9.212190836e+01 +9.212190836e+01 -2.630980916e+02 -2.630980916e+02 -4.2065e+00 -3.1636e-01
2 +1.796102073e+01 +1.796102073e+01 -3.372589793e+02 -3.372589793e+02 +1.9125e+00 -2.9383e+00
18 +7.411782751e+00 +7.411782751e+00 -3.478082172e+02 -3.478082172e+02 +1.4504e+00 -2.9436e+00
34 +4.932006053e+00 +4.932006053e+00 -3.502879939e+02 -3.502879939e+02 +1.2713e-01 -2.4113e+00
123 +3.452700764e+00 +3.452700764e+00 -3.517672992e+02 -3.517672992e+02 -4.8818e+00 +3.2872e+00
224 +2.094400642e-01 +2.094400642e-01 -3.550105599e+02 -3.550105599e+02 -2.2332e+00 -2.1921e+00
525 +1.283094606e-01 +1.283094606e-01 -3.550916905e+02 -3.550916905e+02 -2.2331e+00 -2.2058e+00
552 +9.492416953e-03 +9.492416953e-03 -3.552105076e+02 -3.552105076e+02 -2.6972e+00 +3.1220e+00
1002 +1.678762345e-04 +1.678762345e-04 -3.552198321e+02 -3.552198321e+02 +3.5220e+00 -3.0145e+00
1724 +3.484265653e-05 +3.484265653e-05 -3.552199652e+02 -3.552199652e+02 +3.5251e+00 -3.0134e+00
2033 +1.882615902e-05 +1.882615902e-05 -3.552199812e+02 -3.552199812e+02 +3.5251e+00 -3.0134e+00
2374 +9.587919124e-06 +9.587919124e-06 -3.552199904e+02 -3.552199904e+02 +3.5251e+00 -3.0133e+00
2998 +2.837445550e-06 +2.837445550e-06 -3.552199972e+02 -3.552199972e+02 +3.5249e+00 -3.0134e+00
3707 +2.452304614e-06 +2.452304614e-06 -3.552199975e+02 -3.552199975e+02 +3.5249e+00 -3.0134e+00
4273 +1.523434776e-06 +1.523434776e-06 -3.552199985e+02 -3.552199985e+02 +3.5247e+00 -3.0134e+00
4954 +6.157866892e-07 +6.157866892e-07 -3.552199994e+02 -3.552199994e+02 +3.5246e+00 -3.0135e+00
5041 +2.469022320e-07 +2.469022320e-07 -3.552199998e+02 -3.552199998e+02 +3.5245e+00 -3.0135e+00
5325 +1.533377940e-07 +1.533377940e-07 -3.552199998e+02 -3.552199998e+02 +3.5243e+00 -3.0136e+00
6153 +9.160032732e-08 +9.160032732e-08 -3.552199999e+02 -3.552199999e+02 +3.5245e+00 -3.0135e+00
6285 +8.605240964e-09 +8.605240964e-09 -3.552200000e+02 -3.552200000e+02 +3.5244e+00 -3.0136e+00
6456 +4.159801392e-10 +4.159801392e-10 -3.552200000e+02 -3.552200000e+02 +3.5244e+00 -3.0136e+00
% function evaluation | noise-free fitness - Fopt (9.917000000000e+01) | best noise-free fitness - Fopt | measured fitness | best measured fitness | x1 | x2...
1 +1.329576507e+02 +1.329576507e+02 +2.321276507e+02 +2.321276507e+02 +3.4200e-01 -3.3757e+00
2 +1.038326101e+01 +1.038326101e+01 +1.095532610e+02 +1.095532610e+02 +1.0580e+00 +6.9256e-01
37 +7.513793575e+00 +7.513793575e+00 +1.066837936e+02 +1.066837936e+02 -2.1125e+00 -3.9414e+00
52 +5.031105394e+00 +5.031105394e+00 +1.042011054e+02 +1.042011054e+02 -3.3041e+00 +3.4580e+00
123 +2.092582655e+00 +2.092582655e+00 +1.012625827e+02 +1.012625827e+02 -4.6692e+00 +3.8767e+00
170 +2.653929311e-01 +2.653929311e-01 +9.943539293e+01 +9.943539293e+01 -4.2973e+00 +3.3868e+00
517 +2.466592407e-01 +2.466592407e-01 +9.941665924e+01 +9.941665924e+01 -4.2974e+00 +3.3867e+00
882 +1.377955098e-01 +1.377955098e-01 +9.930779551e+01 +9.930779551e+01 -2.5056e+00 -3.6840e+00
931 +4.090066371e-02 +4.090066371e-02 +9.921090066e+01 +9.921090066e+01 -1.2022e+00 +2.0659e+00
1866 +3.239627846e-02 +3.239627846e-02 +9.920239628e+01 +9.920239628e+01 -4.5221e+00 +3.6690e+00
2059 +1.884190572e-04 +1.884190572e-04 +9.917018842e+01 +9.917018842e+01 -1.2038e+00 +2.0581e+00
3000 +7.577213785e-05 +7.577213785e-05 +9.917007577e+01 +9.917007577e+01 -1.2041e+00 +2.0589e+00
3770 +6.229073743e-05 +6.229073743e-05 +9.917006229e+01 +9.917006229e+01 -1.2040e+00 +2.0588e+00
4712 +8.526392193e-06 +8.526392193e-06 +9.917000853e+01 +9.917000853e+01 -1.2038e+00 +2.0591e+00
5101 +2.881568136e-06 +2.881568136e-06 +9.917000288e+01 +9.917000288e+01 -1.2037e+00 +2.0590e+00
5682 +1.465484146e-06 +1.465484146e-06 +9.917000147e+01 +9.917000147e+01 -1.2036e+00 +2.0588e+00
5765 +7.026686148e-07 +7.026686148e-07 +9.917000070e+01 +9.917000070e+01 -1.2038e+00 +2.0590e+00
6590 +4.215878988e-07 +4.215878988e-07 +9.917000042e+01 +9.917000042e+01 -1.2036e+00 +2.0587e+00
7418 +3.343922828e-07 +3.343922828e-07 +9.917000033e+01 +9.917000033e+01 -1.2036e+00 +2.0587e+00
7839 +1.195471526e-07 +1.195471526e-07 +9.917000012e+01 +9.917000012e+01 -1.2035e+00 +2.0586e+00
8116 +9.988406191e-08 +9.988406191e-08 +9.917000010e+01 +9.917000010e+01 -1.2035e+00 +2.0586e+00
8423 +1.257465954e-08 +1.257465954e-08 +9.917000001e+01 +9.917000001e+01 -1.2035e+00 +2.0586e+00
9475 +8.363372217e-09 +8.363372217e-09 +9.917000001e+01 +9.917000001e+01 -1.2035e+00 +2.0585e+00
% function evaluation | noise-free fitness - Fopt (-5.179100000000e+02) | best noise-free fitness - Fopt | measured fitness | best measured fitness | x1 | x2...
1 +1.371366843e+02 +1.371366843e+02 -3.807733157e+02 -3.807733157e+02 -1.1238e+00 +1.2501e+00
2 +2.264152941e+00 +2.264152941e+00 -5.156458471e+02 -5.156458471e+02 +1.8794e-01 -4.9023e+00
104 +3.414276466e-01 +3.414276466e-01 -5.175685724e+02 -5.175685724e+02 +5.5128e-01 +3.6269e+00
539 +2.052787891e-01 +2.052787891e-01 -5.177047212e+02 -5.177047212e+02 +7.4687e-01 +3.7330e+00
973 +6.922925463e-02 +6.922925463e-02 -5.178407707e+02 -5.178407707e+02 +7.4281e-01 +3.7253e+00
1403 +5.943264996e-02 +5.943264996e-02 -5.178505674e+02 -5.178505674e+02 +7.4516e-01 +3.7272e+00
1467 +1.891722428e-03 +1.891722428e-03 -5.179081083e+02 -5.179081083e+02 +6.3792e-01 +3.6282e+00
1826 +1.508651190e-03 +1.508651190e-03 -5.179084913e+02 -5.179084913e+02 +6.3788e-01 +3.6283e+00
2127 +8.484651515e-04 +8.484651515e-04 -5.179091515e+02 -5.179091515e+02 +6.3436e-01 +3.6289e+00
2314 +1.326576941e-04 +1.326576941e-04 -5.179098673e+02 -5.179098673e+02 +6.3281e-01 +3.6271e+00
3260 +6.444650774e-05 +6.444650774e-05 -5.179099356e+02 -5.179099356e+02 +6.2935e-01 +3.6243e+00
3933 +4.781215603e-05 +4.781215603e-05 -5.179099522e+02 -5.179099522e+02 +6.3179e-01 +3.6261e+00
4708 +1.149941477e-05 +1.149941477e-05 -5.179099885e+02 -5.179099885e+02 +6.2924e-01 +3.6244e+00
5052 +8.136967608e-06 +8.136967608e-06 -5.179099919e+02 -5.179099919e+02 +6.2942e-01 +3.6245e+00
6274 +5.405911907e-06 +5.405911907e-06 -5.179099946e+02 -5.179099946e+02 +6.2933e-01 +3.6245e+00
11051 +3.948264521e-06 +3.948264521e-06 -5.179099961e+02 -5.179099961e+02 +6.2938e-01 +3.6245e+00
39893 +2.499120910e-06 +2.499120910e-06 -5.179099975e+02 -5.179099975e+02 +6.3003e-01 +3.6250e+00
40162 +9.845002751e-07 +9.845002751e-07 -5.179099990e+02 -5.179099990e+02 +6.3014e-01 +3.6250e+00
41546 +4.240527005e-07 +4.240527005e-07 -5.179099996e+02 -5.179099996e+02 +6.3034e-01 +3.6252e+00
41782 +3.254216381e-07 +3.254216381e-07 -5.179099997e+02 -5.179099997e+02 +6.3034e-01 +3.6252e+00
42324 +1.955771722e-07 +1.955771722e-07 -5.179099998e+02 -5.179099998e+02 +6.3044e-01 +3.6253e+00
42525 +8.288873232e-08 +8.288873232e-08 -5.179099999e+02 -5.179099999e+02 +6.3040e-01 +3.6252e+00
42594 +7.312110029e-09 +7.312110029e-09 -5.179100000e+02 -5.179100000e+02 +6.3044e-01 +3.6253e+00
% function evaluation | noise-free fitness - Fopt (-5.721000000000e+01) | best noise-free fitness - Fopt | measured fitness | best measured fitness | x1 | x2...
1 +3.705055032e+01 +3.705055032e+01 -2.015944968e+01 -2.015944968e+01 -1.8779e+00 +1.8967e+00
4 +1.373184259e+01 +1.373184259e+01 -4.347815741e+01 -4.347815741e+01 +1.0926e+00 +1.9729e-01
8 +2.421216205e+00 +2.421216205e+00 -5.478878380e+01 -5.478878380e+01 -2.6797e+00 -3.4588e+00
16 +5.512523611e-01 +5.512523611e-01 -5.665874764e+01 -5.665874764e+01 -3.7881e+00 -4.0626e-01
659 +3.021603589e-01 +3.021603589e-01 -5.690783964e+01 -5.690783964e+01 -2.8222e+00 -4.5783e+00
1049 +5.534959921e-02 +5.534959921e-02 -5.715465040e+01 -5.715465040e+01 -2.8594e+00 -4.5692e+00
1167 +3.504149352e-02 +3.504149352e-02 -5.717495851e+01 -5.717495851e+01 -2.8304e+00 -4.5932e+00
1179 +4.643480899e-03 +4.643480899e-03 -5.720535652e+01 -5.720535652e+01 -3.8127e+00 -4.0141e-01
1875 +3.797237254e-03 +3.797237254e-03 -5.720620276e+01 -5.720620276e+01 -3.8128e+00 -4.0141e-01
2121 +1.113177835e-03 +1.113177835e-03 -5.720888682e+01 -5.720888682e+01 -2.8079e+00 -4.6248e+00
2410 +6.503492132e-05 +6.503492132e-05 -5.720993497e+01 -5.720993497e+01 -3.8056e+00 -4.1659e-01
2755 +6.177996602e-05 +6.177996602e-05 -5.720993822e+01 -5.720993822e+01 -3.8056e+00 -4.1659e-01
3590 +1.937376777e-05 +1.937376777e-05 -5.720998063e+01 -5.720998063e+01 -3.8033e+00 -4.2075e-01
4257 +6.452874253e-06 +6.452874253e-06 -5.720999355e+01 -5.720999355e+01 -3.8032e+00 -4.2080e-01
4693 +4.776504575e-06 +4.776504575e-06 -5.720999522e+01 -5.720999522e+01 -3.8032e+00 -4.2077e-01
4764 +2.906609666e-06 +2.906609666e-06 -5.720999709e+01 -5.720999709e+01 -3.8032e+00 -4.2068e-01
4896 +1.597951844e-06 +1.597951844e-06 -5.720999840e+01 -5.720999840e+01 -3.8032e+00 -4.2058e-01
4981 +1.405841914e-06 +1.405841914e-06 -5.720999859e+01 -5.720999859e+01 -3.8032e+00 -4.2065e-01
5699 +7.876745229e-07 +7.876745229e-07 -5.720999921e+01 -5.720999921e+01 -3.8032e+00 -4.2064e-01
24341 +1.841113999e-07 +1.841113999e-07 -5.720999982e+01 -5.720999982e+01 -3.8036e+00 -4.1997e-01
24535 +9.173130167e-08 +9.173130167e-08 -5.720999991e+01 -5.720999991e+01 -3.8036e+00 -4.1997e-01
24746 +4.222631134e-08 +4.222631134e-08 -5.720999996e+01 -5.720999996e+01 -3.8036e+00 -4.1994e-01
25137 +7.850772477e-09 +7.850772477e-09 -5.720999999e+01 -5.720999999e+01 -3.8036e+00 -4.1994e-01
% function evaluation | noise-free fitness - Fopt (-2.778000000000e+01) | best noise-free fitness - Fopt | measured fitness | best measured fitness | x1 | x2...
1 +4.343846960e+01 +4.343846960e+01 +1.565846960e+01 +1.565846960e+01 +3.8405e+00 +3.3634e+00
4 +1.812627027e+01 +1.812627027e+01 -9.653729734e+00 -9.653729734e+00 +1.6279e+00 -1.5187e+00
34 +1.513312377e+01 +1.513312377e+01 -1.264687623e+01 -1.264687623e+01 +1.3291e+00 -3.3371e+00
36 +1.606775653e+00 +1.606775653e+00 -2.617322435e+01 -2.617322435e+01 -3.1558e+00 +2.1079e+00
122 +1.500563269e-01 +1.500563269e-01 -2.762994367e+01 -2.762994367e+01 +4.0694e+00 +4.1750e+00
583 +8.469283819e-02 +8.469283819e-02 -2.769530716e+01 -2.769530716e+01 +4.0683e+00 +4.1753e+00
829 +6.067951040e-02 +6.067951040e-02 -2.771932049e+01 -2.771932049e+01 -4.1852e+00 +2.8616e+00
947 +3.704412914e-02 +3.704412914e-02 -2.774295587e+01 -2.774295587e+01 -4.1830e+00 +2.8697e+00
1038 +8.829584515e-03 +8.829584515e-03 -2.777117042e+01 -2.777117042e+01 +4.0654e+00 +4.1899e+00
1107 +1.601904766e-03 +1.601904766e-03 -2.777839810e+01 -2.777839810e+01 -4.1755e+00 +2.9348e+00
1645 +1.252169746e-03 +1.252169746e-03 -2.777874783e+01 -2.777874783e+01 -4.1751e+00 +2.9310e+00
1898 +5.054629107e-04 +5.054629107e-04 -2.777949454e+01 -2.777949454e+01 -4.1765e+00 +2.9361e+00
1997 +1.847928463e-04 +1.847928463e-04 -2.777981521e+01 -2.777981521e+01 -4.1770e+00 +2.9335e+00
2039 +9.406829969e-05 +9.406829969e-05 -2.777990593e+01 -2.777990593e+01 -4.1770e+00 +2.9334e+00
3733 +4.735871574e-05 +4.735871574e-05 -2.777995264e+01 -2.777995264e+01 -4.1766e+00 +2.9335e+00
3923 +2.281050230e-05 +2.281050230e-05 -2.777997719e+01 -2.777997719e+01 -4.1765e+00 +2.9335e+00
4113 +1.411311692e-05 +1.411311692e-05 -2.777998589e+01 -2.777998589e+01 -4.1765e+00 +2.9335e+00
4219 +4.195767197e-06 +4.195767197e-06 -2.777999580e+01 -2.777999580e+01 -4.1765e+00 +2.9334e+00
5375 +3.808776068e-06 +3.808776068e-06 -2.777999619e+01 -2.777999619e+01 -4.1765e+00 +2.9334e+00
37770 +1.843479861e-06 +1.843479861e-06 -2.777999816e+01 -2.777999816e+01 -4.1766e+00 +2.9328e+00
37946 +3.776841240e-07 +3.776841240e-07 -2.777999962e+01 -2.777999962e+01 -4.1766e+00 +2.9326e+00
38002 +7.010704905e-09 +7.010704905e-09 -2.777999999e+01 -2.777999999e+01 -4.1766e+00 +2.9325e+00
% function evaluation | noise-free fitness - Fopt (-4.871000000000e+01) | best noise-free fitness - Fopt | measured fitness | best measured fitness | x1 | x2...
1 +7.788308441e+01 +7.788308441e+01 +2.917308441e+01 +2.917308441e+01 -4.4890e+00 +1.5589e-01
4 +4.309738371e+01 +4.309738371e+01 -5.612616288e+00 -5.612616288e+00 -4.3789e+00 -4.4855e+00
10 +3.313164258e+01 +3.313164258e+01 -1.557835742e+01 -1.557835742e+01 -8.8716e-01 -4.8684e+00
11 +1.770517748e+00 +1.770517748e+00 -4.693948225e+01 -4.693948225e+01 +2.8866e+00 -1.5231e+00
288 +4.480591737e-01 +4.480591737e-01 -4.826194083e+01 -4.826194083e+01 +2.3847e+00 -2.7793e+00
502 +2.159702876e-01 +2.159702876e-01 -4.849402971e+01 -4.849402971e+01 +1.9979e-02 -4.5939e+00
716 +1.357162870e-01 +1.357162870e-01 -4.857428371e+01 -4.857428371e+01 +2.3766e+00 -2.7761e+00
1258 +8.711765109e-02 +8.711765109e-02 -4.862288235e+01 -4.862288235e+01 +3.1522e+00 -1.9190e+00
1284 +3.436007246e-02 +3.436007246e-02 -4.867563993e+01 -4.867563993e+01 +2.3282e+00 -2.6765e+00
1905 +1.117155219e-02 +1.117155219e-02 -4.869882845e+01 -4.869882845e+01 +2.3149e+00 -2.6515e+00
2076 +4.979734586e-03 +4.979734586e-03 -4.870502027e+01 -4.870502027e+01 +2.3116e+00 -2.6437e+00
2761 +3.573124843e-03 +3.573124843e-03 -4.870642688e+01 -4.870642688e+01 +2.3114e+00 -2.6437e+00
2843 +1.540886039e-03 +1.540886039e-03 -4.870845911e+01 -4.870845911e+01 +2.3074e+00 -2.6365e+00
3158 +5.542051648e-04 +5.542051648e-04 -4.870944579e+01 -4.870944579e+01 +2.3066e+00 -2.6367e+00
3623 +1.351047714e-04 +1.351047714e-04 -4.870986490e+01 -4.870986490e+01 +2.3076e+00 -2.6384e+00
4046 +6.925752167e-05 +6.925752167e-05 -4.870993074e+01 -4.870993074e+01 +2.3075e+00 -2.6385e+00
4277 +3.790490837e-05 +3.790490837e-05 -4.870996210e+01 -4.870996210e+01 +2.3076e+00 -2.6386e+00
4457 +2.112824031e-05 +2.112824031e-05 -4.870997887e+01 -4.870997887e+01 +2.3083e+00 -2.6403e+00
6236 +1.147828616e-05 +1.147828616e-05 -4.870998852e+01 -4.870998852e+01 +2.3083e+00 -2.6404e+00
6534 +9.974989517e-06 +9.974989517e-06 -4.870999003e+01 -4.870999003e+01 +2.3082e+00 -2.6403e+00
9895 +6.114876953e-06 +6.114876953e-06 -4.870999389e+01 -4.870999389e+01 +2.3084e+00 -2.6407e+00
12216 +3.850485683e-06 +3.850485683e-06 -4.870999615e+01 -4.870999615e+01 +2.3084e+00 -2.6407e+00
41545 +1.684807067e-06 +1.684807067e-06 -4.870999832e+01 -4.870999832e+01 +2.3089e+00 -2.6419e+00
43284 +1.546358163e-06 +1.546358163e-06 -4.870999845e+01 -4.870999845e+01 +2.3089e+00 -2.6419e+00
43939 +9.090906659e-07 +9.090906659e-07 -4.870999909e+01 -4.870999909e+01 +2.3090e+00 -2.6419e+00
44211 +4.847443975e-07 +4.847443975e-07 -4.870999952e+01 -4.870999952e+01 +2.3089e+00 -2.6419e+00
44828 +2.599992470e-07 +2.599992470e-07 -4.870999974e+01 -4.870999974e+01 +2.3089e+00 -2.6418e+00
45698 +1.400971996e-07 +1.400971996e-07 -4.870999986e+01 -4.870999986e+01 +2.3089e+00 -2.6418e+00
46415 +4.150230382e-09 +4.150230382e-09 -4.871000000e+01 -4.871000000e+01 +2.3088e+00 -2.6416e+00
% function evaluation | noise-free fitness - Fopt (-1.667900000000e+02) | best noise-free fitness - Fopt | measured fitness | best measured fitness | x1 | x2...
1 +1.501307459e+02 +1.501307459e+02 -1.665925411e+01 -1.665925411e+01 -1.4208e+00 +3.6092e+00
2 +7.147192980e+01 +7.147192980e+01 -9.531807020e+01 -9.531807020e+01 -3.1869e-01 -1.1050e+00
3 +1.793337175e+01 +1.793337175e+01 -1.488566283e+02 -1.488566283e+02 +3.1457e+00 -3.8716e+00
34 +1.338602437e+01 +1.338602437e+01 -1.534039756e+02 -1.534039756e+02 -4.4176e+00 -3.0235e+00
60 +7.221323439e-01 +7.221323439e-01 -1.660678677e+02 -1.660678677e+02 +2.3748e+00 -1.7858e+00
353 +3.397964155e-01 +3.397964155e-01 -1.664502036e+02 -1.664502036e+02 -1.5988e+00 +1.9815e+00
896 +2.206191945e-01 +2.206191945e-01 -1.665693808e+02 -1.665693808e+02 +2.3762e+00 -1.7152e+00
1222 +1.289055587e-01 +1.289055587e-01 -1.666610944e+02 -1.666610944e+02 +4.2638e+00 +4.5121e+00
1303 +2.291241937e-02 +2.291241937e-02 -1.667670876e+02 -1.667670876e+02 +4.2628e+00 +4.5336e+00
1542 +3.621563623e-03 +3.621563623e-03 -1.667863784e+02 -1.667863784e+02 +2.4369e+00 -1.8666e+00
1997 +1.885689069e-03 +1.885689069e-03 -1.667881143e+02 -1.667881143e+02 +4.2745e+00 +4.5082e+00
2258 +4.266186317e-04 +4.266186317e-04 -1.667895734e+02 -1.667895734e+02 +4.2754e+00 +4.5079e+00
2902 +2.502999313e-04 +2.502999313e-04 -1.667897497e+02 -1.667897497e+02 +4.2780e+00 +4.5001e+00
3165 +1.434382093e-04 +1.434382093e-04 -1.667898566e+02 -1.667898566e+02 +2.4386e+00 -1.8657e+00
3599 +9.472543778e-05 +9.472543778e-05 -1.667899053e+02 -1.667899053e+02 +4.2781e+00 +4.5001e+00
4176 +5.113510383e-05 +5.113510383e-05 -1.667899489e+02 -1.667899489e+02 +4.2782e+00 +4.5003e+00
5353 +3.870597169e-05 +3.870597169e-05 -1.667899613e+02 -1.667899613e+02 +4.2782e+00 +4.5004e+00
10913 +2.309028702e-05 +2.309028702e-05 -1.667899769e+02 -1.667899769e+02 +4.2780e+00 +4.5007e+00
11976 +1.357240509e-05 +1.357240509e-05 -1.667899864e+02 -1.667899864e+02 +4.2779e+00 +4.5008e+00
12444 +8.966608164e-06 +8.966608164e-06 -1.667899910e+02 -1.667899910e+02 +4.2779e+00 +4.5009e+00
13304 +5.963797463e-06 +5.963797463e-06 -1.667899940e+02 -1.667899940e+02 +4.2779e+00 +4.5009e+00
22046 +3.903065988e-06 +3.903065988e-06 -1.667899961e+02 -1.667899961e+02 +4.2778e+00 +4.5012e+00
22669 +1.731486662e-06 +1.731486662e-06 -1.667899983e+02 -1.667899983e+02 +4.2776e+00 +4.5018e+00
23132 +1.464512906e-06 +1.464512906e-06 -1.667899985e+02 -1.667899985e+02 +4.2776e+00 +4.5018e+00
23644 +8.744146669e-07 +8.744146669e-07 -1.667899991e+02 -1.667899991e+02 +4.2776e+00 +4.5018e+00
23827 +5.649422405e-07 +5.649422405e-07 -1.667899994e+02 -1.667899994e+02 +4.2776e+00 +4.5018e+00
24267 +1.709543369e-07 +1.709543369e-07 -1.667899998e+02 -1.667899998e+02 +4.2776e+00 +4.5018e+00
24456 +1.341339555e-07 +1.341339555e-07 -1.667899999e+02 -1.667899999e+02 +4.2776e+00 +4.5018e+00
24660 +7.107490774e-08 +7.107490774e-08 -1.667899999e+02 -1.667899999e+02 +4.2776e+00 +4.5018e+00
24832 +3.838181328e-08 +3.838181328e-08 -1.667900000e+02 -1.667900000e+02 +4.2775e+00 +4.5019e+00
25490 +1.720039222e-08 +1.720039222e-08 -1.667900000e+02 -1.667900000e+02 +4.2775e+00 +4.5019e+00
25644 +4.489294270e-09 +4.489294270e-09 -1.667900000e+02 -1.667900000e+02 +4.2775e+00 +4.5019e+00
25724 +2.538740773e-09 +2.538740773e-09 -1.667900000e+02 -1.667900000e+02 +4.2775e+00 +4.5019e+00
% function evaluation | noise-free fitness - Fopt (1.000000000000e+03) | best noise-free fitness - Fopt | measured fitness | best measured fitness | x1 | x2...
1 +1.867220407e+02 +1.867220407e+02 +1.186722041e+03 +1.186722041e+03 -1.9443e+00 +1.8104e+00
2 +3.971955596e+01 +3.971955596e+01 +1.039719556e+03 +1.039719556e+03 -4.8755e+00 +2.3811e-01
30 +9.166170538e+00 +9.166170538e+00 +1.009166171e+03 +1.009166171e+03 -3.6315e+00 -3.6771e+00
89 +5.568018156e+00 +5.568018156e+00 +1.005568018e+03 +1.005568018e+03 +1.6046e+00 -4.1263e+00
140 +3.284560743e+00 +3.284560743e+00 +1.003284561e+03 +1.003284561e+03 -8.7663e-01 -3.9328e+00
190 +5.775947019e-02 +5.775947019e-02 +1.000057759e+03 +1.000057759e+03 -2.9781e+00 +6.5788e-01
1085 +1.765617813e-02 +1.765617813e-02 +1.000017656e+03 +1.000017656e+03 +3.5965e+00 -4.0659e+00
1326 +1.549726648e-02 +1.549726648e-02 +1.000015497e+03 +1.000015497e+03 +3.5966e+00 -4.0658e+00
1629 +4.449077517e-03 +4.449077517e-03 +1.000004449e+03 +1.000004449e+03 +3.6148e+00 -4.0674e+00
1892 +2.379372027e-04 +2.379372027e-04 +1.000000238e+03 +1.000000238e+03 +3.6058e+00 -4.0675e+00
2870 +1.073693228e-04 +1.073693228e-04 +1.000000107e+03 +1.000000107e+03 +3.6105e+00 -4.0693e+00
3208 +7.021637600e-05 +7.021637600e-05 +1.000000070e+03 +1.000000070e+03 +3.6056e+00 -4.0669e+00
3587 +5.722834180e-05 +5.722834180e-05 +1.000000057e+03 +1.000000057e+03 +3.6108e+00 -4.0696e+00
4492 +3.886217632e-05 +3.886217632e-05 +1.000000039e+03 +1.000000039e+03 +3.6056e+00 -4.0670e+00
7800 +1.723345986e-05 +1.723345986e-05 +1.000000017e+03 +1.000000017e+03 +3.6080e+00 -4.0683e+00
7834 +4.204119705e-06 +4.204119705e-06 +1.000000004e+03 +1.000000004e+03 +3.6082e+00 -4.0683e+00
8088 +1.462549676e-06 +1.462549676e-06 +1.000000001e+03 +1.000000001e+03 +3.6083e+00 -4.0683e+00
8492 +2.017987981e-07 +2.017987981e-07 +1.000000000e+03 +1.000000000e+03 +3.6080e+00 -4.0682e+00
8665 +2.262993348e-08 +2.262993348e-08 +1.000000000e+03 +1.000000000e+03 +3.6080e+00 -4.0682e+00
8752 +8.326651368e-09 +8.326651368e-09 +1.000000000e+03 +1.000000000e+03 +3.6080e+00 -4.0682e+00
% function evaluation | noise-free fitness - Fopt (-1.847000000000e+01) | best noise-free fitness - Fopt | measured fitness | best measured fitness | x1 | x2...
1 +7.008908118e+01 +7.008908118e+01 +5.161908118e+01 +5.161908118e+01 +2.2673e+00 +2.6827e+00
2 +9.744515818e+00 +9.744515818e+00 -8.725484182e+00 -8.725484182e+00 +1.5545e+00 +1.2162e+00
8 +2.222898753e-01 +2.222898753e-01 -1.824771012e+01 -1.824771012e+01 -2.0494e-01 -2.4503e-01
1003 +9.110256786e-02 +9.110256786e-02 -1.837889743e+01 -1.837889743e+01 -4.1947e+00 +1.7164e+00
1284 +1.205393842e-02 +1.205393842e-02 -1.845794606e+01 -1.845794606e+01 +1.9308e+00 +1.4943e+00
1525 +8.264988225e-03 +8.264988225e-03 -1.846173501e+01 -1.846173501e+01 -1.7219e-01 -2.1992e-01
2039 +5.701121017e-03 +5.701121017e-03 -1.846429888e+01 -1.846429888e+01 -1.7205e-01 -2.1999e-01
2673 +9.067250791e-04 +9.067250791e-04 -1.846909327e+01 -1.846909327e+01 +1.9365e+00 +1.5027e+00
2974 +2.127281792e-04 +2.127281792e-04 -1.846978727e+01 -1.846978727e+01 +1.9431e+00 +1.5107e+00
3670 +1.258141264e-04 +1.258141264e-04 -1.846987419e+01 -1.846987419e+01 +1.9432e+00 +1.5104e+00
3960 +9.718434758e-05 +9.718434758e-05 -1.846990282e+01 -1.846990282e+01 +1.9432e+00 +1.5105e+00
3976 +2.069131337e-06 +2.069131337e-06 -1.846999793e+01 -1.846999793e+01 +1.9453e+00 +1.5129e+00
4654 +1.268853762e-06 +1.268853762e-06 -1.846999873e+01 -1.846999873e+01 +1.9453e+00 +1.5129e+00
5212 +7.781117155e-07 +7.781117155e-07 -1.846999922e+01 -1.846999922e+01 +1.9452e+00 +1.5127e+00
5392 +4.119604959e-07 +4.119604959e-07 -1.846999959e+01 -1.846999959e+01 +1.9452e+00 +1.5127e+00
5604 +1.360411908e-07 +1.360411908e-07 -1.846999986e+01 -1.846999986e+01 +1.9452e+00 +1.5127e+00
5880 +8.194757584e-08 +8.194757584e-08 -1.846999992e+01 -1.846999992e+01 +1.9452e+00 +1.5126e+00
6185 +5.613334153e-08 +5.613334153e-08 -1.846999994e+01 -1.846999994e+01 +1.9451e+00 +1.5126e+00
7092 +2.873776594e-08 +2.873776594e-08 -1.846999997e+01 -1.846999997e+01 +1.9451e+00 +1.5126e+00
7252 +2.457990078e-08 +2.457990078e-08 -1.846999998e+01 -1.846999998e+01 +1.9451e+00 +1.5126e+00
7348 +5.243563805e-09 +5.243563805e-09 -1.846999999e+01 -1.846999999e+01 +1.9451e+00 +1.5126e+00
% function evaluation | noise-free fitness - Fopt (-5.971000000000e+01) | best noise-free fitness - Fopt | measured fitness | best measured fitness | x1 | x2...
1 +2.265792395e+02 +2.265792395e+02 +1.668692395e+02 +1.668692395e+02 +3.7026e+00 -2.5950e+00
2 +2.693442776e+01 +2.693442776e+01 -3.277557224e+01 -3.277557224e+01 -4.4328e-01 +3.3039e+00
25 +1.832759264e+01 +1.832759264e+01 -4.138240736e+01 -4.138240736e+01 +2.4870e-01 +3.5920e+00
35 +1.442805750e+01 +1.442805750e+01 -4.528194250e+01 -4.528194250e+01 -4.6013e-02 +1.8752e-01
53 +6.784988261e+00 +6.784988261e+00 -5.292501174e+01 -5.292501174e+01 -4.5747e+00 -2.9933e-01
54 +5.796480284e+00 +5.796480284e+00 -5.391351972e+01 -5.391351972e+01 -1.7638e+00 -1.8250e+00
137 +3.114640981e+00 +3.114640981e+00 -5.659535902e+01 -5.659535902e+01 +3.1162e+00 +2.4327e+00
168 +2.260241487e+00 +2.260241487e+00 -5.744975851e+01 -5.744975851e+01 +3.7811e+00 +4.6827e+00
351 +1.172864776e+00 +1.172864776e+00 -5.853713522e+01 -5.853713522e+01 +9.2008e-01 -3.4413e+00
703 +2.322190151e-01 +2.322190151e-01 -5.947778098e+01 -5.947778098e+01 +3.0332e+00 +2.4019e+00
1625 +1.293697479e-01 +1.293697479e-01 -5.958063025e+01 -5.958063025e+01 +2.9368e+00 +2.2707e+00
1696 +7.922505222e-02 +7.922505222e-02 -5.963077495e+01 -5.963077495e+01 +2.9812e+00 +2.3212e+00
2275 +4.696715755e-02 +4.696715755e-02 -5.966303284e+01 -5.966303284e+01 +2.9498e+00 +2.2652e+00
2571 +3.731597399e-02 +3.731597399e-02 -5.967268403e+01 -5.967268403e+01 +2.9282e+00 +2.2336e+00
3142 +1.299994898e-02 +1.299994898e-02 -5.969700005e+01 -5.969700005e+01 +2.9286e+00 +2.2384e+00
3363 +6.127464444e-03 +6.127464444e-03 -5.970387254e+01 -5.970387254e+01 +2.9267e+00 +2.2350e+00
3729 +2.587858621e-05 +2.587858621e-05 -5.970997412e+01 -5.970997412e+01 +2.9020e+00 +2.2080e+00
4461 +2.198781662e-05 +2.198781662e-05 -5.970997801e+01 -5.970997801e+01 +2.9020e+00 +2.2080e+00
4655 +9.848532123e-06 +9.848532123e-06 -5.970999015e+01 -5.970999015e+01 +2.9022e+00 +2.2081e+00
5497 +6.106006232e-06 +6.106006232e-06 -5.970999389e+01 -5.970999389e+01 +2.9019e+00 +2.2079e+00
6829 +3.948135578e-06 +3.948135578e-06 -5.970999605e+01 -5.970999605e+01 +2.9022e+00 +2.2082e+00
7761 +1.053257733e-06 +1.053257733e-06 -5.970999895e+01 -5.970999895e+01 +2.9027e+00 +2.2087e+00
8684 +9.942130035e-07 +9.942130035e-07 -5.970999901e+01 -5.970999901e+01 +2.9027e+00 +2.2087e+00
8791 +3.538335847e-08 +3.538335847e-08 -5.970999996e+01 -5.970999996e+01 +2.9028e+00 +2.2088e+00
9745 +1.375158121e-08 +1.375158121e-08 -5.970999999e+01 -5.970999999e+01 +2.9028e+00 +2.2088e+00
10241 +9.295654024e-09 +9.295654024e-09 -5.970999999e+01 -5.970999999e+01 +2.9028e+00 +2.2088e+00
% function evaluation | noise-free fitness - Fopt (-9.684000000000e+01) | best noise-free fitness - Fopt | measured fitness | best measured fitness | x1 | x2...
1 +2.252443443e+01 +2.252443443e+01 -7.431556557e+01 -7.431556557e+01 +4.5899e+00 -3.1132e+00
4 +1.385207274e+01 +1.385207274e+01 -8.298792726e+01 -8.298792726e+01 +3.4302e+00 -2.3620e+00
27 +9.787939901e+00 +9.787939901e+00 -8.705206010e+01 -8.705206010e+01 -4.6408e+00 -3.6871e+00
60 +5.183664393e+00 +5.183664393e+00 -9.165633561e+01 -9.165633561e+01 -4.0779e+00 +1.3491e+00
95 +6.386326293e-01 +6.386326293e-01 -9.620136737e+01 -9.620136737e+01 +1.9853e+00 +1.7570e+00
535 +3.317975006e-01 +3.317975006e-01 -9.650820250e+01 -9.650820250e+01 +1.9772e+00 +1.7577e+00
688 +2.502692537e-01 +2.502692537e-01 -9.658973075e+01 -9.658973075e+01 +2.0420e+00 +1.9147e+00
1266 +1.269497183e-02 +1.269497183e-02 -9.682730503e+01 -9.682730503e+01 +2.0292e+00 +1.8981e+00
1966 +1.307328814e-03 +1.307328814e-03 -9.683869267e+01 -9.683869267e+01 +2.0308e+00 +1.9089e+00
2448 +9.036112643e-04 +9.036112643e-04 -9.683909639e+01 -9.683909639e+01 +2.0282e+00 +1.9044e+00
2511 +3.140672023e-04 +3.140672023e-04 -9.683968593e+01 -9.683968593e+01 +2.0292e+00 +1.9061e+00
2852 +7.176911679e-05 +7.176911679e-05 -9.683992823e+01 -9.683992823e+01 +2.0281e+00 +1.9020e+00
2899 +1.765561234e-05 +1.765561234e-05 -9.683998234e+01 -9.683998234e+01 +2.0285e+00 +1.9037e+00
3232 +7.115635825e-06 +7.115635825e-06 -9.683999288e+01 -9.683999288e+01 +2.0285e+00 +1.9036e+00
3278 +5.334279308e-06 +5.334279308e-06 -9.683999467e+01 -9.683999467e+01 +2.0285e+00 +1.9036e+00
3996 +1.326662428e-06 +1.326662428e-06 -9.683999867e+01 -9.683999867e+01 +2.0284e+00 +1.9035e+00
4808 +7.784933018e-07 +7.784933018e-07 -9.683999922e+01 -9.683999922e+01 +2.0284e+00 +1.9034e+00
5385 +4.992014055e-07 +4.992014055e-07 -9.683999950e+01 -9.683999950e+01 +2.0284e+00 +1.9034e+00
5559 +1.114838710e-07 +1.114838710e-07 -9.683999989e+01 -9.683999989e+01 +2.0284e+00 +1.9033e+00
5573 +8.183718592e-09 +8.183718592e-09 -9.683999999e+01 -9.683999999e+01 +2.0284e+00 +1.9032e+00
% function evaluation | noise-free fitness - Fopt (3.207000000000e+01) | best noise-free fitness - Fopt | measured fitness | best measured fitness | x1 | x2...
1 +1.635492917e+01 +1.635492917e+01 +4.842492917e+01 +4.842492917e+01 +8.9501e-02 -6.9986e-01
2 +8.349760139e+00 +8.349760139e+00 +4.041976014e+01 +4.041976014e+01 +9.5596e-01 -1.0022e+00
217 +2.609357220e+00 +2.609357220e+00 +3.467935722e+01 +3.467935722e+01 -1.5407e+00 -3.4504e+00
296 +1.992538035e+00 +1.992538035e+00 +3.406253803e+01 +3.406253803e+01 -2.8341e+00 +4.0527e+00
392 +1.485436022e+00 +1.485436022e+00 +3.355543602e+01 +3.355543602e+01 -3.2383e+00 -6.9362e-01
481 +3.197466089e-01 +3.197466089e-01 +3.238974661e+01 +3.238974661e+01 -4.6455e+00 +1.7840e+00
685 +2.217870606e-01 +2.217870606e-01 +3.229178706e+01 +3.229178706e+01 -4.6528e+00 +1.7789e+00
875 +1.107542976e-01 +1.107542976e-01 +3.218075430e+01 +3.218075430e+01 -4.6489e+00 +1.8005e+00
915 +5.598554512e-02 +5.598554512e-02 +3.212598555e+01 +3.212598555e+01 -4.6439e+00 +1.7982e+00
1526 +3.191790548e-02 +3.191790548e-02 +3.210191791e+01 +3.210191791e+01 -4.6625e+00 +1.8082e+00
1588 +2.167456072e-02 +2.167456072e-02 +3.209167456e+01 +3.209167456e+01 -4.6700e+00 +1.8121e+00
1687 +7.692156135e-03 +7.692156135e-03 +3.207769216e+01 +3.207769216e+01 -4.6800e+00 +1.8200e+00
2331 +5.752508047e-03 +5.752508047e-03 +3.207575251e+01 +3.207575251e+01 -4.6799e+00 +1.8200e+00
2664 +3.687292878e-03 +3.687292878e-03 +3.207368729e+01 +3.207368729e+01 -4.6741e+00 +1.8173e+00
2779 +1.760150967e-03 +1.760150967e-03 +3.207176015e+01 +3.207176015e+01 -4.6892e+00 +1.8260e+00
3223 +2.155516963e-04 +2.155516963e-04 +3.207021555e+01 +3.207021555e+01 -4.6920e+00 +1.8273e+00
3947 +8.780093061e-05 +8.780093061e-05 +3.207008780e+01 +3.207008780e+01 -4.6921e+00 +1.8272e+00
4036 +5.716763773e-05 +5.716763773e-05 +3.207005717e+01 +3.207005717e+01 -4.6918e+00 +1.8271e+00
4802 +7.219518309e-06 +7.219518309e-06 +3.207000722e+01 +3.207000722e+01 -4.6945e+00 +1.8285e+00
6146 +5.949644027e-06 +5.949644027e-06 +3.207000595e+01 +3.207000595e+01 -4.6945e+00 +1.8285e+00
7525 +2.703381938e-06 +2.703381938e-06 +3.207000270e+01 +3.207000270e+01 -4.6941e+00 +1.8283e+00
9538 +2.402143309e-06 +2.402143309e-06 +3.207000240e+01 +3.207000240e+01 -4.6941e+00 +1.8283e+00
9878 +1.075634948e-06 +1.075634948e-06 +3.207000108e+01 +3.207000108e+01 -4.6941e+00 +1.8284e+00
10834 +7.014099310e-07 +7.014099310e-07 +3.207000070e+01 +3.207000070e+01 -4.6941e+00 +1.8284e+00
11040 +4.794523178e-07 +4.794523178e-07 +3.207000048e+01 +3.207000048e+01 -4.6938e+00 +1.8282e+00
11237 +1.660943383e-09 +1.660943383e-09 +3.207000000e+01 +3.207000000e+01 -4.6938e+00 +1.8282e+00
% function evaluation | noise-free fitness - Fopt (2.624000000000e+01) | best noise-free fitness - Fopt | measured fitness | best measured fitness | x1 | x2...
1 +7.109205151e+01 +7.109205151e+01 +9.733205151e+01 +9.733205151e+01 -1.9574e+00 -4.1745e+00
4 +5.144714218e+01 +5.144714218e+01 +7.768714218e+01 +7.768714218e+01 -2.9585e+00 -2.7570e+00
8 +3.264363076e+01 +3.264363076e+01 +5.888363076e+01 +5.888363076e+01 -2.6856e+00 +5.0041e-01
14 +2.403517500e+01 +2.403517500e+01 +5.027517500e+01 +5.027517500e+01 +4.6148e+00 +3.4079e+00
16 +1.574346055e+01 +1.574346055e+01 +4.198346055e+01 +4.198346055e+01 -4.6474e+00 -2.4735e+00
17 +8.456558391e+00 +8.456558391e+00 +3.469655839e+01 +3.469655839e+01 -3.0546e+00 -1.6095e+00
34 +3.039219702e+00 +3.039219702e+00 +2.927921970e+01 +2.927921970e+01 +2.8255e+00 -9.5853e-01
51 +1.845387367e+00 +1.845387367e+00 +2.808538737e+01 +2.808538737e+01 +3.9992e+00 +2.9335e+00
175 +4.439614117e-01 +4.439614117e-01 +2.668396141e+01 +2.668396141e+01 +3.7333e+00 +1.3154e+00
536 +3.522901063e-01 +3.522901063e-01 +2.659229011e+01 +2.659229011e+01 -2.8820e+00 -1.5927e+00
1031 +1.951487643e-02 +1.951487643e-02 +2.625951488e+01 +2.625951488e+01 +3.4394e+00 +2.6288e+00
1633 +1.332156642e-02 +1.332156642e-02 +2.625332157e+01 +2.625332157e+01 -2.7379e+00 -1.5162e+00
1653 +9.688420818e-03 +9.688420818e-03 +2.624968842e+01 +2.624968842e+01 +3.4468e+00 +2.6315e+00
1802 +3.255954953e-03 +3.255954953e-03 +2.624325595e+01 +2.624325595e+01 +3.4357e+00 +2.6243e+00
2775 +6.819245073e-04 +6.819245073e-04 +2.624068192e+01 +2.624068192e+01 +3.4208e+00 +2.6149e+00
3493 +4.676692209e-04 +4.676692209e-04 +2.624046767e+01 +2.624046767e+01 +3.4189e+00 +2.6139e+00
3925 +3.973213686e-04 +3.973213686e-04 +2.624039732e+01 +2.624039732e+01 +3.4218e+00 +2.6162e+00
4051 +2.361668488e-05 +2.361668488e-05 +2.624002362e+01 +2.624002362e+01 +3.4138e+00 +2.6117e+00
5134 +8.654016682e-06 +8.654016682e-06 +2.624000865e+01 +2.624000865e+01 +3.4139e+00 +2.6115e+00
6879 +6.165038698e-06 +6.165038698e-06 +2.624000617e+01 +2.624000617e+01 +3.4138e+00 +2.6115e+00
12896 +2.284700393e-06 +2.284700393e-06 +2.624000228e+01 +2.624000228e+01 +3.4145e+00 +2.6120e+00
14898 +7.875172265e-07 +7.875172265e-07 +2.624000079e+01 +2.624000079e+01 +3.4146e+00 +2.6120e+00
15757 +2.923721460e-07 +2.923721460e-07 +2.624000029e+01 +2.624000029e+01 +3.4148e+00 +2.6121e+00
15943 +1.608878364e-09 +1.608878364e-09 +2.624000000e+01 +2.624000000e+01 +3.4149e+00 +2.6121e+00
% function evaluation | noise-free fitness - Fopt (-1.610000000000e+01) | best noise-free fitness - Fopt | measured fitness | best measured fitness | x1 | x2...
1 +3.037185812e+02 +3.037185812e+02 +2.876185812e+02 +2.876185812e+02 -3.2385e+00 +1.7873e+00
2 +1.676245967e+01 +1.676245967e+01 +6.624596746e-01 +6.624596746e-01 +2.1995e+00 -2.6424e-01
21 +1.272184720e+01 +1.272184720e+01 -3.378152797e+00 -3.378152797e+00 -2.8318e+00 +1.8478e+00
60 +7.157194921e+00 +7.157194921e+00 -8.942805079e+00 -8.942805079e+00 -7.5605e-01 -4.4944e+00
61 +2.527674104e+00 +2.527674104e+00 -1.357232590e+01 -1.357232590e+01 -4.5348e-01 -4.7081e+00
152 +5.012508544e-01 +5.012508544e-01 -1.559874915e+01 -1.559874915e+01 -5.3157e-01 +8.8793e-01
373 +1.020427670e-01 +1.020427670e-01 -1.599795723e+01 -1.599795723e+01 -5.1582e-01 +8.8472e-01
506 +4.064795788e-02 +4.064795788e-02 -1.605935204e+01 -1.605935204e+01 -5.0799e-01 +8.7896e-01
623 +3.232130023e-02 +3.232130023e-02 -1.606767870e+01 -1.606767870e+01 -8.5553e-02 +3.4530e+00
890 +1.796628715e-02 +1.796628715e-02 -1.608203371e+01 -1.608203371e+01 -4.1051e-01 +8.1514e-01
1489 +8.227027410e-03 +8.227027410e-03 -1.609177297e+01 -1.609177297e+01 -3.9502e-01 +8.0087e-01
1660 +3.937603401e-03 +3.937603401e-03 -1.609606240e+01 -1.609606240e+01 -4.0069e-01 +8.0687e-01
1921 +1.833454338e-03 +1.833454338e-03 -1.609816655e+01 -1.609816655e+01 -3.9331e-01 +8.0466e-01
2031 +1.232498436e-03 +1.232498436e-03 -1.609876750e+01 -1.609876750e+01 -3.9315e-01 +8.0255e-01
2329 +4.430567069e-04 +4.430567069e-04 -1.609955694e+01 -1.609955694e+01 -3.9035e-01 +8.0335e-01
2758 +3.880876293e-04 +3.880876293e-04 -1.609961191e+01 -1.609961191e+01 -3.8957e-01 +8.0292e-01
3200 +2.242941945e-04 +2.242941945e-04 -1.609977571e+01 -1.609977571e+01 -3.8884e-01 +8.0197e-01
3586 +1.483425561e-04 +1.483425561e-04 -1.609985166e+01 -1.609985166e+01 -3.8896e-01 +8.0184e-01
3962 +6.171553439e-05 +6.171553439e-05 -1.609993828e+01 -1.609993828e+01 -3.8896e-01 +8.0157e-01
4359 +3.875665396e-05 +3.875665396e-05 -1.609996124e+01 -1.609996124e+01 -3.8920e-01 +8.0171e-01
4446 +2.263021704e-05 +2.263021704e-05 -1.609997737e+01 -1.609997737e+01 -3.8907e-01 +8.0155e-01
4684 +9.551071667e-06 +9.551071667e-06 -1.609999045e+01 -1.609999045e+01 -3.8903e-01 +8.0148e-01
6187 +6.299895141e-06 +6.299895141e-06 -1.609999370e+01 -1.609999370e+01 -3.8935e-01 +8.0166e-01
10359 +3.980941745e-06 +3.980941745e-06 -1.609999602e+01 -1.609999602e+01 -3.8918e-01 +8.0157e-01
