% function evaluation | noise-free fitness - Fopt (-5.494000000000e+01) | best noise-free fitness - Fopt | measured fitness | best measured fitness | x1 | x2...
1 +1.026068837e+07 +1.026068837e+07 +1.026063343e+07 +1.026063343e+07 -4.3346e+00 -4.3425e+00 +1.5948e+00 +4.2566e+00 +3.6734e-02 -1.2167e+00 +2.2341e+00 +1.5765e+00 -1.8462e+00 +3.9671e+00
2 +7.903909628e+06 +7.903909628e+06 +7.903854688e+06 +7.903854688e+06 -4.4623e+00 +4.7234e+00 +4.7147e+00 -3.1156e+00 -3.0390e-01 -1.2888e+00 -2.5308e+00 +2.9449e+00 +3.6093e+00 -1.2662e+00
3 +9.356244400e+05 +9.356244400e+05 +9.355695000e+05 +9.355695000e+05 +3.3647e+00 +1.6391e+00 -1.3716e-01 +3.7848e+00 +1.9714e+00 +2.5449e+00 -9.8912e-01 +2.3377e+00 -3.4208e+00 +3.4980e+00
157 +1.547816324e+05 +1.547816324e+05 +1.547266924e+05 +1.547266924e+05 -4.0657e+00 -3.6488e-02 +1.7164e+00 -7.4208e-01 +2.3032e+00 +1.8528e+00 -3.5337e+00 -6.8715e-01 -4.0904e+00 +3.6807e+00
536 +3.904719024e+04 +3.904719024e+04 +3.899225024e+04 +3.899225024e+04 -3.1487e+00 +4.1799e-02 +7.2501e-01 +4.1311e-01 +3.1375e+00 +1.4234e+00 -3.3571e+00 -2.1756e+00 -4.8751e+00 +4.1365e+00
1328 +1.564283467e+04 +1.564283467e+04 +1.558789467e+04 +1.558789467e+04 +2.4744e+00 -1.3921e+00 +2.8914e+00 +2.0166e+00 +5.0000e+00 +3.8977e-01 +9.1693e-01 -2.5357e+00 -2.4323e+00 +4.8385e+00
2586 +9.806501028e+03 +9.806501028e+03 +9.751561028e+03 +9.751561028e+03 +2.6106e+00 -1.4199e+00 +2.7158e+00 +2.2286e+00 +5.0000e+00 +6.9897e-01 +9.1114e-01 -2.5102e+00 -2.4642e+00 +4.9426e+00
3453 +6.092268826e+03 +6.092268826e+03 +6.037328826e+03 +6.037328826e+03 +2.5964e+00 -1.2240e+00 +2.4328e+00 +2.0710e+00 +5.0000e+00 +7.5887e-01 +7.0744e-01 -2.2391e+00 -2.2861e+00 +4.8189e+00
4803 +3.821276279e+03 +3.821276279e+03 +3.766336279e+03 +3.766336279e+03 +2.6593e+00 -1.3960e+00 +2.3478e+00 +1.9439e+00 +5.0000e+00 +1.0818e+00 +6.5517e-01 -2.2160e+00 -1.9502e+00 +4.5870e+00
25669 +2.508889032e+03 +2.508889032e+03 +2.453949032e+03 +2.453949032e+03 +2.7865e+00 -1.8410e+00 +1.9444e+00 +2.2954e+00 +4.7519e+00 +1.5967e+00 +7.6522e-01 -1.9473e+00 -2.3169e+00 +4.8145e+00
34025 +1.559993505e+03 +1.559993505e+03 +1.505053505e+03 +1.505053505e+03 +2.7423e+00 -1.8930e+00 +1.5622e+00 +2.4465e+00 +4.5788e+00 +1.7891e+00 +5.5284e-01 -1.5989e+00 -2.2534e+00 +4.9841e+00
69461 +9.989923888e+02 +9.989923888e+02 +9.440523888e+02 +9.440523888e+02 +2.5625e+00 -1.9006e+00 +1.0881e+00 +2.8892e+00 +4.4067e+00 +1.9324e+00 +4.1441e-01 -1.1172e+00 -2.2791e+00 +4.9733e+00
120965 +6.307916004e+02 +6.307916004e+02 +5.758516004e+02 +5.758516004e+02 +2.2403e+00 -2.0012e+00 +5.8448e-01 +2.9841e+00 +4.0343e+00 +2.3944e+00 +4.4689e-02 -6.4560e-01 -2.3546e+00 +4.9943e+00
146651 +3.974777298e+02 +3.974777298e+02 +3.425377298e+02 +3.425377298e+02 +1.9880e+00 -1.9607e+00 +4.0913e-01 +3.0285e+00 +3.9743e+00 +2.5038e+00 -1.6733e-02 -4.6679e-01 -2.6002e+00 +5.0000e+00
% function evaluation | noise-free fitness - Fopt (5.913000000000e+01) | best noise-free fitness - Fopt | measured fitness | best measured fitness | x1 | x2...
1 +4.078051764e+07 +4.078051764e+07 +4.078057677e+07 +4.078057677e+07 +1.2122e+00 +1.1293e+00 -2.1205e-01 -3.0147e-02 -1.2182e+00 +3.5157e+00 -7.0972e-01 -3.6937e+00 -1.9494e-01 -3.8439e+00
2 +2.349627311e+07 +2.349627311e+07 +2.349633224e+07 +2.349633224e+07 -2.5016e+00 -1.2640e+00 +4.9878e+00 +4.7321e+00 -4.4683e+00 -1.4710e+00 +3.8712e-01 +9.7167e-01 +2.3727e+00 -2.8861e+00
4 +6.131702516e+06 +6.131702516e+06 +6.131761646e+06 +6.131761646e+06 +4.2533e+00 -4.2455e+00 +2.2263e+00 +4.2075e+00 -4.2186e+00 +4.9509e+00 +3.1023e+00 +4.5082e-01 +2.9870e+00 +4.5381e+00
8 +3.642865001e+06 +3.642865001e+06 +3.642924131e+06 +3.642924131e+06 +1.8643e+00 +2.4006e+00 -3.3088e+00 -2.5599e+00 -4.0784e+00 -4.1308e+00 -4.7253e+00 +4.8254e+00 -4.9485e+00 +6.6113e-01
9 +1.907034866e+06 +1.907034866e+06 +1.907093996e+06 +1.907093996e+06 +1.4047e+00 +1.5506e+00 -3.1962e+00 +1.7915e+00 -4.3652e+00 -1.3672e+00 -1.2354e+00 +2.6030e+00 -2.4548e+00 +3.4422e-01
10 +9.536735311e+05 +9.536735311e+05 +9.537326611e+05 +9.537326611e+05 -5.3774e-01 +4.1699e+00 +4.8816e+00 -2.0045e+00 -1.4245e+00 +4.2606e+00 +3.0124e-01 +3.6979e+00 -7.6892e-01 +3.9650e+00
253 +5.055214742e+05 +5.055214742e+05 +5.055806042e+05 +5.055806042e+05 -1.9996e+00 -2.1893e-01 +5.0000e+00 +3.9418e+00 -4.0014e+00 -2.6715e-01 -4.1016e+00 +4.5974e+00 -4.5749e+00 +3.6473e+00
350 +1.872103569e+05 +1.872103569e+05 +1.872694869e+05 +1.872694869e+05 -2.0649e+00 +1.8721e+00 -4.8980e+00 +2.7120e+00 -5.0000e+00 +2.6682e+00 -1.6571e-01 +2.0915e-01 -3.9022e+00 +9.2978e-01
487 +1.105536512e+05 +1.105536512e+05 +1.106127812e+05 +1.106127812e+05 -1.1048e+00 +3.1677e+00 -4.4241e+00 +1.7963e+00 -4.4942e+00 +4.1376e+00 +7.7772e-01 -5.2945e-01 -4.7747e+00 +5.5831e-01
505 +9.254491700e+04 +9.254491700e+04 +9.260404700e+04 +9.260404700e+04 -1.8478e+00 +1.9084e+00 -4.7717e+00 +2.7304e+00 -4.8692e+00 +2.5659e+00 -6.7768e-02 +4.1304e-01 -3.9212e+00 +8.6241e-01
802 +6.204176635e+04 +6.204176635e+04 +6.210089635e+04 +6.210089635e+04 -1.8645e+00 +2.0871e+00 -4.8420e+00 +2.9258e+00 -4.9169e+00 +2.6467e+00 -1.9200e-01 +5.4541e-01 -4.0127e+00 +8.0543e-01
2870 +3.846519801e+04 +3.846519801e+04 +3.852432801e+04 +3.852432801e+04 -2.1913e+00 +2.1035e+00 -4.4028e+00 +2.4679e+00 -4.4716e+00 +1.7703e+00 -2.5692e-01 +8.0388e-01 -3.7292e+00 +9.8991e-01
6020 +2.499376331e+04 +2.499376331e+04 +2.505289331e+04 +2.505289331e+04 -2.1939e+00 +2.2014e+00 -3.8738e+00 +1.9100e+00 -4.3974e+00 +1.4768e+00 +6.6750e-03 +9.6611e-01 -3.9059e+00 +1.0286e+00
9201 +1.546807573e+04 +1.546807573e+04 +1.552720573e+04 +1.552720573e+04 -2.3285e+00 +2.5317e+00 -3.1493e+00 +1.2912e+00 -4.3689e+00 +1.3478e+00 -2.6121e-02 +1.0383e+00 -4.0378e+00 +1.3070e+00
11087 +9.765705591e+03 +9.765705591e+03 +9.824835591e+03 +9.824835591e+03 -2.5387e+00 +2.5587e+00 -3.0806e+00 +9.9519e-01 -4.1085e+00 +1.0817e+00 -2.3548e-01 +1.4541e+00 -3.9840e+00 +1.3494e+00
12599 +6.055853506e+03 +6.055853506e+03 +6.114983506e+03 +6.114983506e+03 -2.5389e+00 +2.4307e+00 -3.0178e+00 +9.0027e-01 -3.9698e+00 +8.3707e-01 -4.0863e-01 +1.6444e+00 -3.8640e+00 +1.3524e+00
16282 +3.775465022e+03 +3.775465022e+03 +3.834595022e+03 +3.834595022e+03 -2.6698e+00 +2.7274e+00 -2.2947e+00 +6.0831e-01 -4.2552e+00 +6.3128e-01 -1.8567e-02 +1.2781e+00 -3.7853e+00 +1.6146e+00
17005 +2.374620751e+03 +2.374620751e+03 +2.433750751e+03 +2.433750751e+03 -2.6561e+00 +2.7526e+00 -2.2635e+00 +4.3169e-01 -4.2183e+00 +6.1395e-01 -1.5733e-01 +1.3763e+00 -3.8184e+00 +1.6278e+00
21231 +1.516671497e+03 +1.516671497e+03 +1.575801497e+03 +1.575801497e+03 -2.8183e+00 +2.8804e+00 -2.1173e+00 +2.2753e-01 -4.1869e+00 +7.6695e-01 -3.6458e-01 +1.5887e+00 -3.5136e+00 +1.8783e+00
22856 +9.786445052e+02 +9.786445052e+02 +1.037774505e+03 +1.037774505e+03 -2.9223e+00 +2.9001e+00 -2.0668e+00 +1.6334e-01 -4.1668e+00 +7.4540e-01 -4.6551e-01 +1.6435e+00 -3.3835e+00 +1.9944e+00
27720 +6.185987148e+02 +6.185987148e+02 +6.777287148e+02 +6.777287148e+02 -2.9849e+00 +2.9549e+00 -1.7861e+00 +2.0082e-02 -4.0926e+00 +7.7526e-01 -5.3449e-01 +1.8340e+00 -3.3292e+00 +2.0913e+00
38092 +3.969056769e+02 +3.969056769e+02 +4.560356769e+02 +4.560356769e+02 -3.0822e+00 +2.9639e+00 -1.8470e+00 -3.3368e-02 -4.1271e+00 +6.8585e-01 -6.5419e-01 +1.9676e+00 -3.3402e+00 +2.0381e+00
56562 +2.448640893e+02 +2.448640893e+02 +3.039940893e+02 +3.039940893e+02 -3.1849e+00 +3.0149e+00 -1.8694e+00 -2.5594e-02 -4.2741e+00 +7.3566e-01 -8.5103e-01 +2.1583e+00 -3.2718e+00 +1.9762e+00
% function evaluation | noise-free fitness - Fopt (-4.915300000000e+02) | best noise-free fitness - Fopt | measured fitness | best measured fitness | x1 | x2...
1 +2.605555872e+07 +2.605555872e+07 +2.605506719e+07 +2.605506719e+07 -4.2040e-01 +2.2745e+00 +9.1098e-02 -4.7369e+00 -8.6328e-01 +4.4055e+00 +2.0605e+00 +4.2100e-01 +2.9292e+00 +3.8289e+00
2 +2.388454148e+07 +2.388454148e+07 +2.388404995e+07 +2.388404995e+07 -4.4387e+00 +8.7601e-01 +4.3019e+00 +1.6584e+00 -2.5452e+00 +4.5231e+00 +7.0557e-01 +2.4863e+00 +4.4277e+00 +4.9573e-01
3 +1.431219109e+07 +1.431219109e+07 +1.431169956e+07 +1.431169956e+07 -3.3363e+00 -3.7714e+00 +3.1229e+00 +6.8639e-01 +1.4300e+00 +4.9661e+00 +9.7599e-01 -4.3860e+00 -1.1408e+00 +9.1800e-01
4 +1.495351197e+06 +1.495351197e+06 +1.494859667e+06 +1.494859667e+06 -2.1835e+00 -3.4404e+00 +5.3595e-02 -3.0058e+00 +3.0243e+00 +1.7484e+00 -8.9807e-01 -1.6465e+00 -3.7441e+00 +3.1516e+00
18 +7.544088893e+05 +7.544088893e+05 +7.539173593e+05 +7.539173593e+05 +2.3580e+00 +3.2355e-01 +3.6600e+00 +4.7119e+00 -2.8026e+00 -4.1077e+00 -3.1552e+00 +1.1901e+00 -2.8351e+00 +4.4157e+00
23 +4.952032376e+05 +4.952032376e+05 +4.947117076e+05 +4.947117076e+05 -4.1590e+00 +1.6041e+00 +3.2164e+00 -4.1945e+00 -1.6696e+00 -4.5239e+00 +2.2868e+00 +6.1728e-01 -3.5279e+00 +4.4663e+00
463 +3.828552621e+05 +3.828552621e+05 +3.823637321e+05 +3.823637321e+05 -1.8338e+00 -2.8534e-01 -2.3776e+00 -4.2083e+00 +2.3345e+00 -4.2111e+00 -2.4103e+00 +5.0000e+00 +5.0000e+00 +3.7532e+00
585 +5.418032743e+04 +5.418032743e+04 +5.368879743e+04 +5.368879743e+04 +7.4077e-02 +5.6171e-01 -2.2105e+00 -3.6995e+00 +2.4600e+00 -4.5670e+00 -1.3606e+00 +4.0072e+00 +3.1966e+00 +3.4759e+00
1205 +3.466982264e+04 +3.466982264e+04 +3.417829264e+04 +3.417829264e+04 +1.4888e-01 +3.5158e-01 -2.3608e+00 -3.0909e+00 +2.8313e+00 -4.2067e+00 -1.3782e+00 +2.8159e+00 +3.0919e+00 +2.7305e+00
1409 +2.493799539e+04 +2.493799539e+04 +2.444646539e+04 +2.444646539e+04 -7.4772e-01 +1.7561e+00 -2.3774e+00 -3.3249e+00 +3.2495e+00 -4.4128e+00 -1.1382e+00 +3.1382e+00 +1.7344e+00 +4.0798e+00
1934 +1.528659665e+04 +1.528659665e+04 +1.479506665e+04 +1.479506665e+04 -8.0775e-01 +1.4562e+00 -2.4478e+00 -3.1431e+00 +3.3791e+00 -4.6063e+00 -1.1615e+00 +3.1320e+00 +1.5381e+00 +4.0641e+00
4307 +9.968856204e+03 +9.968856204e+03 +9.477326204e+03 +9.477326204e+03 -8.0687e-01 +1.1262e+00 -2.0606e+00 -2.9829e+00 +3.0441e+00 -4.7195e+00 -1.0832e+00 +3.2247e+00 +1.4075e+00 +4.3276e+00
8056 +6.049954390e+03 +6.049954390e+03 +5.558424390e+03 +5.558424390e+03 -1.2968e+00 +9.6034e-01 -1.7894e+00 -3.0425e+00 +2.7751e+00 -4.8688e+00 -1.0942e+00 +3.2460e+00 +1.3922e+00 +4.5561e+00
12878 +3.979422133e+03 +3.979422133e+03 +3.487892133e+03 +3.487892133e+03 -1.2724e+00 +8.0772e-01 -1.4545e+00 -2.7846e+00 +2.1505e+00 -4.7311e+00 -1.3441e+00 +3.2044e+00 +1.2209e+00 +4.7430e+00
55521 +2.507672766e+03 +2.507672766e+03 +2.016142766e+03 +2.016142766e+03 -8.6438e-01 +7.8514e-01 -1.5649e+00 -2.3377e+00 +1.6946e+00 -4.5982e+00 -1.1092e+00 +3.0967e+00 +3.6156e-01 +3.9122e+00
100596 +1.583591976e+03 +1.583591976e+03 +1.092061976e+03 +1.092061976e+03 -6.1345e-01 +9.5987e-01 -2.0188e+00 -1.9855e+00 +1.4592e+00 -4.3809e+00 -1.2162e+00 +3.1429e+00 -4.4046e-01 +3.4661e+00
136227 +9.912987492e+02 +9.912987492e+02 +4.997687492e+02 +4.997687492e+02 -4.5258e-01 +1.0956e+00 -2.2364e+00 -1.7123e+00 +1.3249e+00 -4.3273e+00 -1.1395e+00 +3.1251e+00 -1.0805e+00 +3.1225e+00
% function evaluation | noise-free fitness - Fopt (-1.702000000000e+02) | best noise-free fitness - Fopt | measured fitness | best measured fitness | x1 | x2...
1 +9.381300930e+06 +9.381300930e+06 +9.381130730e+06 +9.381130730e+06 +1.7355e+00 +3.6016e+00 -3.7130e+00 -2.4680e+00 +4.4730e+00 +3.1185e+00 +1.6958e+00 +1.7312e+00 +4.8096e+00 -4.0670e+00
12 +1.286961088e+06 +1.286961088e+06 +1.286790888e+06 +1.286790888e+06 +3.5984e+00 -1.0274e+00 +8.9745e-01 -1.3596e+00 +4.5520e+00 +1.6130e+00 -1.3655e+00 +1.9575e-01 +7.0759e-03 +8.9348e-01
42 +9.290389288e+05 +9.290389288e+05 +9.288687288e+05 +9.288687288e+05 -7.3412e-01 -1.9919e+00 -2.5888e+00 +1.3514e+00 +3.7212e+00 +4.9224e+00 +7.9361e-01 -1.0329e+00 +3.2010e+00 +4.2133e+00
49 +2.243129195e+05 +2.243129195e+05 +2.241427195e+05 +2.241427195e+05 -7.1843e-01 +4.4459e-01 +4.1427e+00 +1.6442e+00 +9.4723e-01 +2.1561e+00 -8.0491e-01 +1.9219e+00 +3.2424e+00 +4.0895e+00
452 +1.119512794e+05 +1.119512794e+05 +1.117810794e+05 +1.117810794e+05 -3.7709e+00 +3.9378e+00 -2.8167e+00 +4.6295e+00 +3.2101e+00 +9.6685e-01 -4.1616e+00 +2.8972e+00 +3.3895e+00 +4.0642e+00
749 +9.987148103e+04 +9.987148103e+04 +9.970128103e+04 +9.970128103e+04 -3.6333e+00 +3.7486e+00 -2.6958e+00 +4.6829e+00 +3.4938e+00 +6.6707e-01 -4.6280e+00 +3.0067e+00 +3.2827e+00 +4.0332e+00
1079 +5.578951988e+04 +5.578951988e+04 +5.561931988e+04 +5.561931988e+04 -3.7523e+00 +3.7435e+00 -2.6253e+00 +4.4720e+00 +3.3862e+00 +6.4932e-01 -4.5516e+00 +3.0491e+00 +3.3418e+00 +3.8945e+00
3617 +3.660221926e+04 +3.660221926e+04 +3.643201926e+04 +3.643201926e+04 -3.7127e+00 +3.7156e+00 -2.8576e+00 +4.9485e+00 +3.5485e+00 +1.8341e-01 -4.5339e+00 +2.9055e+00 +2.8809e+00 +3.7004e+00
7353 +2.466986262e+04 +2.466986262e+04 +2.449966262e+04 +2.449966262e+04 -3.9948e+00 +3.3960e+00 -3.1126e+00 +5.0000e+00 +3.3457e+00 -2.6450e-01 -4.3850e+00 +3.3912e+00 +2.2542e+00 +3.9931e+00
8376 +1.533529021e+04 +1.533529021e+04 +1.516509021e+04 +1.516509021e+04 -5.0000e+00 +2.6748e+00 -3.3366e+00 +4.4322e+00 +3.2451e+00 -1.3945e+00 -4.6218e+00 +4.5404e+00 +7.1977e-01 +5.0000e+00
10735 +9.959066422e+03 +9.959066422e+03 +9.788866422e+03 +9.788866422e+03 -4.8751e+00 +2.8020e+00 -3.6797e+00 +4.9462e+00 +2.9774e+00 -1.3490e+00 -4.4345e+00 +4.3882e+00 +9.6794e-01 +5.0000e+00
13683 +6.137107277e+03 +6.137107277e+03 +5.966907277e+03 +5.966907277e+03 -4.6939e+00 +2.5926e+00 -3.9844e+00 +4.8803e+00 +2.8290e+00 -1.3535e+00 -4.2505e+00 +4.6671e+00 +6.1493e-01 +5.0000e+00
16463 +3.901808862e+03 +3.901808862e+03 +3.731608862e+03 +3.731608862e+03 -4.6347e+00 +2.4529e+00 -4.4297e+00 +5.0000e+00 +2.8955e+00 -1.3392e+00 -4.0215e+00 +4.6214e+00 +4.1820e-01 +5.0000e+00
24154 +2.482797133e+03 +2.482797133e+03 +2.312597133e+03 +2.312597133e+03 -4.4930e+00 +2.2426e+00 -4.6961e+00 +4.8981e+00 +2.9325e+00 -1.3703e+00 -4.1080e+00 +4.7562e+00 -8.6665e-02 +5.0000e+00
27486 +1.578087234e+03 +1.578087234e+03 +1.407887234e+03 +1.407887234e+03 -4.3710e+00 +2.1342e+00 -4.8211e+00 +4.9228e+00 +2.8343e+00 -1.3802e+00 -3.9923e+00 +4.9460e+00 -4.5010e-01 +4.9130e+00
34921 +9.433846019e+02 +9.433846019e+02 +7.731846019e+02 +7.731846019e+02 -4.3354e+00 +1.8647e+00 -4.8872e+00 +5.0000e+00 +2.8078e+00 -1.4975e+00 -4.1869e+00 +5.0000e+00 -8.5545e-01 +5.0000e+00
36933 +6.166002701e+02 +6.166002701e+02 +4.464002701e+02 +4.464002701e+02 -4.1848e+00 +1.7355e+00 -4.9502e+00 +4.8694e+00 +2.8418e+00 -1.2843e+00 -4.3657e+00 +4.9976e+00 -9.2990e-01 +4.9937e+00
38105 +3.837050402e+02 +3.837050402e+02 +2.135050402e+02 +2.135050402e+02 -4.1032e+00 +1.7655e+00 -4.8782e+00 +4.9724e+00 +2.8676e+00 -1.2990e+00 -4.4262e+00 +4.9974e+00 -1.1353e+00 +4.8049e+00
55658 +2.460549324e+02 +2.460549324e+02 +7.585493239e+01 +7.585493239e+01 -4.0676e+00 +1.6734e+00 -4.8688e+00 +4.9766e+00 +2.9522e+00 -1.3101e+00 -4.5440e+00 +4.9828e+00 -1.3947e+00 +4.7343e+00
73179 +1.552626347e+02 +1.552626347e+02 -1.493736532e+01 -1.493736532e+01 -3.9925e+00 +1.5975e+00 -4.9536e+00 +4.9656e+00 +3.0061e+00 -1.2852e+00 -4.6286e+00 +5.0000e+00 -1.6064e+00 +4.6769e+00
% function evaluation | noise-free fitness - Fopt (-4.697500000000e+02) | best noise-free fitness - Fopt | measured fitness | best measured fitness | x1 | x2...
1 +3.180990319e+07 +3.180990319e+07 +3.180943344e+07 +3.180943344e+07 -3.4057e+00 -4.9809e+00 +4.3210e+00 -1.2530e+00 +1.9546e+00 -3.3694e+00 +3.3816e+00 -2.7753e+00 -2.5509e+00 +4.6746e+00
2 +6.635259745e+06 +6.635259745e+06 +6.634789995e+06 +6.634789995e+06 +3.6346e+00 +1.7765e+00 -1.8801e+00 +1.1418e-01 -4.8632e+00 -4.4803e+00 -4.4676e-01 +4.7920e+00 +4.9949e+00 -2.6842e-01
5 +3.634889572e+06 +3.634889572e+06 +3.634419822e+06 +3.634419822e+06 +2.1743e+00 +3.3522e-01 +1.8324e+00 +2.5767e+00 -4.5714e+00 +3.9365e+00 +8.8495e-01 -4.1740e+00 +3.1387e+00 +4.6796e+00
28 +1.518753580e+06 +1.518753580e+06 +1.518283830e+06 +1.518283830e+06 +2.8252e+00 +9.1481e-01 +3.9387e+00 +4.3574e-01 +1.8856e+00 +4.5298e+00 +4.7844e+00 +3.8900e-01 -7.9663e-01 -2.0292e-01
35 +6.907901700e+05 +6.907901700e+05 +6.903204200e+05 +6.903204200e+05 +4.1003e+00 -3.1434e+00 -3.9980e+00 -3.4573e-01 -2.9379e+00 -2.4844e+00 -3.4178e+00 +2.9905e+00 +4.9998e+00 +1.7628e+00
57 +5.708127356e+05 +5.708127356e+05 +5.703429856e+05 +5.703429856e+05 +2.1381e+00 -3.7342e+00 +2.8241e+00 +9.8831e-01 -3.0431e+00 +4.8481e+00 +2.0344e+00 -3.9717e+00 -4.2432e+00 -1.3864e+00
198 +3.741842379e+05 +3.741842379e+05 +3.737144879e+05 +3.737144879e+05 +3.2321e-01 +3.8518e-02 -2.5644e+00 +3.9556e+00 +3.4904e+00 +4.4411e+00 -9.4338e-01 -1.0090e+00 -1.8647e+00 +1.2817e-01
298 +2.185237358e+05 +2.185237358e+05 +2.180539858e+05 +2.180539858e+05 -1.4777e+00 -5.0000e+00 +1.3924e+00 -1.4995e+00 -7.2099e-02 +1.9218e+00 -3.6273e+00 -2.5146e+00 +8.6989e-01 +2.8194e+00
572 +1.174464544e+05 +1.174464544e+05 +1.169767044e+05 +1.169767044e+05 -1.4754e+00 -5.0000e+00 +1.3784e+00 -1.1247e+00 +1.6271e-01 +1.7627e+00 -3.5882e+00 -2.5696e+00 +6.3804e-01 +2.9299e+00
589 +5.557738723e+04 +5.557738723e+04 +5.510763723e+04 +5.510763723e+04 +2.2259e+00 -3.8652e+00 +2.4484e+00 +6.2937e-01 -3.4536e+00 +5.0000e+00 +2.0716e+00 -1.2420e+00 -2.6174e+00 -1.2045e+00
2510 +3.935290601e+04 +3.935290601e+04 +3.888315601e+04 +3.888315601e+04 +1.9415e+00 -4.0129e+00 +3.1946e+00 -4.7818e-01 -3.0941e+00 +4.9025e+00 +1.3441e+00 -1.9934e+00 -1.2650e+00 +8.0125e-01
3205 +2.486245524e+04 +2.486245524e+04 +2.439270524e+04 +2.439270524e+04 +1.9608e+00 -3.6896e+00 +3.3740e+00 -6.0117e-01 -2.8185e+00 +5.0000e+00 +1.3247e+00 -1.9096e+00 -1.2520e+00 +8.6789e-01
5496 +1.242836388e+04 +1.242836388e+04 +1.195861388e+04 +1.195861388e+04 -1.2108e-01 -3.4686e+00 +4.4202e+00 -1.7822e-02 -9.4803e-01 +5.0000e+00 +8.9977e-01 -2.0352e+00 -1.3088e+00 +2.1554e+00
6260 +8.698934999e+03 +8.698934999e+03 +8.229184999e+03 +8.229184999e+03 -4.8302e-02 -3.5442e+00 +4.6424e+00 -2.7594e-01 -1.0179e+00 +4.6785e+00 +9.1208e-01 -1.8504e+00 -1.0341e+00 +2.2668e+00
7728 +5.520734819e+03 +5.520734819e+03 +5.050984819e+03 +5.050984819e+03 -6.5733e-02 -3.5434e+00 +5.0000e+00 -2.2549e-01 -1.1988e+00 +4.3775e+00 +1.0223e+00 -1.5675e+00 -1.0418e+00 +2.4216e+00
7988 +3.841308398e+03 +3.841308398e+03 +3.371558398e+03 +3.371558398e+03 +4.9301e-02 -3.4098e+00 +4.7812e+00 -1.1216e-01 -1.3068e+00 +4.5731e+00 +1.0126e+00 -1.5955e+00 -1.1511e+00 +2.3770e+00
8222 +2.238223723e+03 +2.238223723e+03 +1.768473723e+03 +1.768473723e+03 -5.4845e-04 -3.3782e+00 +4.8308e+00 +1.2481e-02 -1.3890e+00 +4.4575e+00 +9.7051e-01 -1.6347e+00 -1.3459e+00 +2.4556e+00
9823 +1.483517215e+03 +1.483517215e+03 +1.013767215e+03 +1.013767215e+03 +3.4239e-02 -3.2729e+00 +5.0000e+00 +9.3376e-02 -1.3862e+00 +4.3415e+00 +1.0381e+00 -1.4883e+00 -1.3631e+00 +2.5983e+00
10608 +9.964190694e+02 +9.964190694e+02 +5.266690694e+02 +5.266690694e+02 +3.9770e-02 -3.2445e+00 +4.9708e+00 +1.1342e-01 -1.4072e+00 +4.3594e+00 +1.0138e+00 -1.4990e+00 -1.3645e+00 +2.6129e+00
13147 +6.291571814e+02 +6.291571814e+02 +1.594071814e+02 +1.594071814e+02 +3.5396e-02 -3.2956e+00 +5.0000e+00 +1.0734e-01 -1.4554e+00 +4.3445e+00 +1.0349e+00 -1.3786e+00 -1.3662e+00 +2.6178e+00
14127 +3.878200544e+02 +3.878200544e+02 -8.192994559e+01 -8.192994559e+01 +6.1742e-02 -3.2235e+00 +5.0000e+00 +1.8925e-01 -1.4714e+00 +4.2415e+00 +1.1017e+00 -1.0980e+00 -1.3577e+00 +2.6118e+00
21898 +2.488130390e+02 +2.488130390e+02 -2.209369610e+02 -2.209369610e+02 -1.0690e-02 -3.2383e+00 +4.9977e+00 +2.4766e-01 -1.3830e+00 +4.1732e+00 +1.0751e+00 -9.5198e-01 -1.3238e+00 +2.6639e+00
61518 +1.574083732e+02 +1.574083732e+02 -3.123416268e+02 -3.123416268e+02 -1.9157e-02 -3.2952e+00 +5.0000e+00 +1.9157e-01 -1.3684e+00 +3.9981e+00 +1.0431e+00 -8.0046e-01 -1.1834e+00 +2.6924e+00
90646 +9.980691925e+01 +9.980691925e+01 -3.699430808e+02 -3.699430808e+02 -6.7693e-02 -3.3936e+00 +5.0000e+00 +1.9622e-01 -1.4024e+00 +3.8155e+00 +1.0100e+00 -7.1483e-01 -1.1171e+00 +2.6956e+00
% function evaluation | noise-free fitness - Fopt (-1.280000000000e+01) | best noise-free fitness - Fopt | measured fitness | best measured fitness | x1 | x2...
1 +6.496393935e+07 +6.496393935e+07 +6.496392655e+07 +6.496392655e+07 +4.6015e-01 +9.5330e-02 +2.3020e+00 +2.1283e+00 -2.6192e-01 -4.6539e+00 -4.6201e+00 +3.1148e+00 -2.0335e+00 -2.5143e+00
2 +7.232178824e+06 +7.232178824e+06 +7.232166024e+06 +7.232166024e+06 +1.9706e+00 -2.2959e+00 -1.1429e+00 -3.2359e-01 -2.2077e-02 -1.4486e+00 +4.2135e+00 -1.2782e+00 -2.7602e+00 +5.7065e-01
9 +2.976679282e+06 +2.976679282e+06 +2.976666482e+06 +2.976666482e+06 +4.1014e+00 -2.8413e+00 -4.6107e+00 -4.6245e+00 +1.2937e+00 +1.2370e+00 -2.0379e+00 -2.6553e+00 +2.6751e+00 +1.4032e+00
63 +1.956097601e+06 +1.956097601e+06 +1.956084801e+06 +1.956084801e+06 -4.7814e+00 -4.9693e+00 +3.8888e+00 -4.2446e+00 +2.5505e+00 +2.3705e+00 +2.5000e+00 -5.2017e-01 +4.0722e+00 -4.2061e+00
69 +1.493146850e+06 +1.493146850e+06 +1.493134050e+06 +1.493134050e+06 +2.5906e+00 -3.3029e+00 -3.9611e+00 -8.8891e-02 +4.9978e+00 -1.1285e+00 +4.5051e+00 -3.4657e+00 -1.2116e+00 +1.0168e+00
180 +8.277755973e+05 +8.277755973e+05 +8.277627973e+05 +8.277627973e+05 +8.0802e-01 -3.6743e+00 -5.4664e-01 -3.2963e+00 +2.9528e+00 +1.2604e-01 +3.2196e+00 -1.3091e+00 -4.0283e-02 -2.6760e+00
394 +4.260271568e+05 +4.260271568e+05 +4.260143568e+05 +4.260143568e+05 +1.5274e+00 -2.3738e+00 -1.1687e+00 -3.2266e+00 +3.6106e+00 +1.5067e+00 +2.7303e+00 -6.1722e-01 -5.2132e-01 -1.7649e+00
611 +1.088217848e+05 +1.088217848e+05 +1.088089848e+05 +1.088089848e+05 -4.9049e-01 -3.0019e+00 +1.0473e+00 -3.0525e+00 +4.2103e+00 +1.2215e+00 +2.7772e+00 -1.1177e+00 -4.9908e-01 -3.0906e+00
779 +7.885491671e+04 +7.885491671e+04 +7.884211671e+04 +7.884211671e+04 -5.5337e-01 -3.0337e+00 +1.1009e+00 -2.9110e+00 +4.1732e+00 +1.0656e+00 +2.6733e+00 -9.5196e-01 -5.5490e-01 -3.0512e+00
786 +6.247670726e+04 +6.247670726e+04 +6.246390726e+04 +6.246390726e+04 +1.7811e+00 -2.6742e+00 -7.0180e-02 -2.5437e+00 +3.0107e+00 +1.1312e+00 +1.3980e+00 -1.7285e+00 -8.9413e-01 -2.0807e+00
1293 +3.497309603e+04 +3.497309603e+04 +3.496029603e+04 +3.496029603e+04 +1.7000e+00 -2.9272e+00 +7.0674e-02 -2.5050e+00 +3.5373e+00 +3.4752e-01 +1.2275e+00 -1.3117e+00 -1.7778e+00 -1.6402e+00
1429 +2.366230478e+04 +2.366230478e+04 +2.364950478e+04 +2.364950478e+04 +1.8809e+00 -3.0577e+00 +1.1248e-01 -2.5020e+00 +3.5379e+00 +4.9903e-01 +1.3280e+00 -1.3584e+00 -1.8585e+00 -1.4972e+00
2735 +1.484530153e+04 +1.484530153e+04 +1.483250153e+04 +1.483250153e+04 +1.7243e+00 -3.2038e+00 +2.4849e-01 -2.5703e+00 +3.4186e+00 +3.5469e-01 +1.2757e+00 -1.3881e+00 -1.6259e+00 -1.4449e+00
3935 +8.583460671e+03 +8.583460671e+03 +8.570660671e+03 +8.570660671e+03 +1.5025e+00 -3.5696e+00 +3.9129e-01 -2.4933e+00 +3.2917e+00 +8.5863e-02 +1.4320e+00 -1.4039e+00 -1.4200e+00 -1.2137e+00
6049 +6.221930028e+03 +6.221930028e+03 +6.209130028e+03 +6.209130028e+03 +1.3660e+00 -3.7936e+00 +4.2393e-01 -2.3107e+00 +3.3361e+00 -5.0125e-02 +1.1200e+00 -1.4009e+00 -1.4137e+00 -9.0629e-01
7184 +3.626155144e+03 +3.626155144e+03 +3.613355144e+03 +3.613355144e+03 +1.3156e+00 -3.8634e+00 +7.2847e-01 -2.4622e+00 +3.4012e+00 -1.4163e-01 +1.0871e+00 -1.3052e+00 -1.2258e+00 -8.8412e-01
9139 +2.421527731e+03 +2.421527731e+03 +2.408727731e+03 +2.408727731e+03 +1.0747e+00 -3.8764e+00 +6.7152e-01 -2.4075e+00 +3.3651e+00 -5.8380e-01 +1.0183e+00 -1.4049e+00 -1.1492e+00 -7.1113e-01
16291 +1.582828549e+03 +1.582828549e+03 +1.570028549e+03 +1.570028549e+03 +9.7449e-01 -3.8789e+00 +7.8873e-01 -2.4651e+00 +3.4327e+00 -6.8946e-01 +8.0927e-01 -1.3800e+00 -1.0734e+00 -6.6427e-01
31112 +9.827996384e+02 +9.827996384e+02 +9.699996384e+02 +9.699996384e+02 +7.2706e-01 -3.8061e+00 +8.5909e-01 -2.3072e+00 +3.4462e+00 -8.6499e-01 +5.5432e-01 -1.5021e+00 -9.2900e-01 -7.9137e-01
40595 +6.290347666e+02 +6.290347666e+02 +6.162347666e+02 +6.162347666e+02 +6.2697e-01 -3.5676e+00 +1.1023e+00 -2.2000e+00 +3.4693e+00 -9.5358e-01 +5.6508e-01 -1.6319e+00 -7.5203e-01 -1.1533e+00
49318 +3.918446450e+02 +3.918446450e+02 +3.790446450e+02 +3.790446450e+02 +4.9610e-01 -3.3311e+00 +9.7672e-01 -2.0129e+00 +3.4869e+00 -1.1639e+00 +6.4831e-01 -1.8155e+00 -7.0573e-01 -1.3290e+00
81258 +2.511442231e+02 +2.511442231e+02 +2.383442231e+02 +2.383442231e+02 +5.0643e-01 -3.1861e+00 +1.0453e+00 -1.9067e+00 +3.5132e+00 -1.2891e+00 +5.3904e-01 -1.9120e+00 -5.5182e-01 -1.4503e+00
% function evaluation | noise-free fitness - Fopt (-3.856900000000e+02) | best noise-free fitness - Fopt | measured fitness | best measured fitness | x1 | x2...
1 +2.698766907e+07 +2.698766907e+07 +2.698728338e+07 +2.698728338e+07 -3.6128e+00 +2.3110e-01 +4.3278e+00 -2.4235e+00 -1.5040e+00 +2.6098e+00 +1.1308e+00 -1.2323e+00 -4.2555e+00 -3.7716e-01
2 +2.120435657e+07 +2.120435657e+07 +2.120397088e+07 +2.120397088e+07 +3.3460e+00 +4.0317e+00 -4.7426e-01 -1.5790e+00 -3.0263e+00 -3.4585e+00 -7.8133e-01 -1.3661e+00 -4.4408e+00 -4.4167e+00
3 +4.900463812e+06 +4.900463812e+06 +4.900078122e+06 +4.900078122e+06 +8.0281e-01 -3.8373e+00 -2.1005e+00 +1.4340e+00 +1.5745e+00 +1.7954e+00 +3.0522e+00 -2.9491e-01 +2.5387e+00 +8.3750e-01
4 +3.031365219e+06 +3.031365219e+06 +3.030979529e+06 +3.030979529e+06 -9.0044e-01 -3.3951e+00 -8.1046e-01 -5.3396e-01 +3.9939e+00 -1.0223e+00 -1.3110e+00 -2.3736e+00 +3.9224e+00 -4.0805e+00
10 +1.517512507e+06 +1.517512507e+06 +1.517126817e+06 +1.517126817e+06 -3.9379e+00 +3.6386e+00 +2.9032e+00 +7.5917e-02 +4.2180e+00 -1.2815e+00 -1.5499e+00 -7.0286e-01 -4.1764e+00 +5.9022e-01
87 +7.319353990e+05 +7.319353990e+05 +7.315497090e+05 +7.315497090e+05 +3.7638e-01 -1.7656e+00 -3.4994e+00 -4.9163e+00 +4.0597e+00 +2.5784e+00 -1.9979e+00 +2.3043e+00 -1.5431e+00 -1.4475e+00
108 +5.637982528e+05 +5.637982528e+05 +5.634125628e+05 +5.634125628e+05 +1.4163e+00 -4.5547e+00 +2.7147e+00 -4.8594e+00 -9.7891e-01 +2.6555e+00 -2.5446e+00 +1.0856e+00 -9.0605e-01 +4.6626e+00
383 +3.085041213e+05 +3.085041213e+05 +3.081184313e+05 +3.081184313e+05 +1.8159e+00 -4.4049e+00 +3.0546e+00 -2.6364e+00 +1.0147e+00 +3.9059e+00 -1.8343e+00 +2.6083e+00 -1.5184e-01 +4.0129e+00
540 +1.226426641e+05 +1.226426641e+05 +1.222569741e+05 +1.222569741e+05 +6.0756e-01 -4.1275e+00 +2.5749e+00 -3.3965e+00 +3.6340e-01 +2.9688e+00 -2.9709e+00 -1.3899e-01 -5.8900e-01 +5.0000e+00
862 +6.398284670e+04 +6.398284670e+04 +6.359715670e+04 +6.359715670e+04 -1.6932e-02 -3.2918e+00 +2.6733e+00 -5.0000e+00 -4.0968e-01 +2.4739e+00 -3.1405e+00 +5.3678e-01 -9.3236e-01 +4.6664e+00
971 +5.754280245e+04 +5.754280245e+04 +5.715711245e+04 +5.715711245e+04 -8.5328e-02 -3.2607e+00 +2.6079e+00 -4.9134e+00 -4.3760e-01 +2.5290e+00 -3.1350e+00 +5.3757e-01 -1.0103e+00 +4.6563e+00
1890 +2.695425394e+04 +2.695425394e+04 +2.656856394e+04 +2.656856394e+04 -1.4357e+00 -2.7827e+00 +1.2057e+00 -4.9114e+00 -1.0424e+00 +2.8990e+00 -3.5907e+00 +3.8528e-01 -1.3022e+00 +4.9006e+00
2036 +1.666032760e+04 +1.666032760e+04 +1.627463760e+04 +1.627463760e+04 -1.1733e+00 -2.7682e+00 +1.3583e+00 -4.9478e+00 -1.1302e+00 +2.8218e+00 -3.4085e+00 +4.1479e-01 -1.3461e+00 +4.9079e+00
2084 +1.496716171e+04 +1.496716171e+04 +1.458147171e+04 +1.458147171e+04 -1.1716e+00 -2.7572e+00 +1.3498e+00 -4.9381e+00 -1.1406e+00 +2.8121e+00 -3.4160e+00 +4.0564e-01 -1.3335e+00 +4.9091e+00
2729 +6.791585457e+03 +6.791585457e+03 +6.405895457e+03 +6.405895457e+03 -1.3678e+00 -2.8165e+00 +1.0201e+00 -4.7551e+00 -1.0598e+00 +2.7235e+00 -3.4244e+00 +1.7725e-01 -1.4545e+00 +5.0000e+00
3416 +6.242839638e+03 +6.242839638e+03 +5.857149638e+03 +5.857149638e+03 -1.3560e+00 -2.8225e+00 +9.7517e-01 -4.7543e+00 -1.0661e+00 +2.7105e+00 -3.4312e+00 +1.5289e-01 -1.4415e+00 +5.0000e+00
10392 +3.974185278e+03 +3.974185278e+03 +3.588495278e+03 +3.588495278e+03 -1.7521e+00 -2.9119e+00 +7.2533e-01 -4.2817e+00 -1.0395e+00 +2.6146e+00 -3.5324e+00 +1.6985e-01 -1.3009e+00 +4.6864e+00
41764 +2.475107611e+03 +2.475107611e+03 +2.089417611e+03 +2.089417611e+03 -2.0147e+00 -2.6736e+00 +3.8913e-01 -3.4482e+00 -4.0064e-02 +2.2785e+00 -3.4683e+00 +2.7891e-01 -1.6636e+00 +4.1665e+00
73182 +1.578102555e+03 +1.578102555e+03 +1.192412555e+03 +1.192412555e+03 -2.2383e+00 -2.3394e+00 +8.9359e-02 -3.0162e+00 +4.5746e-01 +2.0338e+00 -3.3363e+00 +4.0661e-01 -1.9926e+00 +3.8591e+00
99595 +9.860023652e+02 +9.860023652e+02 +6.003123652e+02 +6.003123652e+02 -2.2733e+00 -2.2864e+00 -1.6930e-01 -2.6042e+00 +9.8155e-01 +1.9585e+00 -3.3123e+00 +4.1689e-01 -2.1262e+00 +3.5926e+00
127409 +6.308948909e+02 +6.308948909e+02 +2.452048909e+02 +2.452048909e+02 -2.2399e+00 -2.1592e+00 -4.8656e-01 -2.3835e+00 +1.4072e+00 +1.8705e+00 -3.2076e+00 +4.7100e-01 -2.2936e+00 +3.2931e+00
% function evaluation | noise-free fitness - Fopt (4.000000000000e+01) | best noise-free fitness - Fopt | measured fitness | best measured fitness | x1 | x2...
1 +1.402134094e+07 +1.402134094e+07 +1.402138094e+07 +1.402138094e+07 +7.2997e-02 -3.0309e+00 +4.5420e+00 -1.3239e+00 +1.6881e+00 +2.1468e+00 +4.8234e+00 +2.9275e+00 -1.3613e+00 -3.5092e+00
2 +5.969243771e+06 +5.969243771e+06 +5.969283771e+06 +5.969283771e+06 +6.3041e-01 +1.7803e+00 -1.6378e+00 +4.2426e+00 +3.0575e-01 +1.5459e+00 -9.8333e-01 +4.4647e+00 -2.7708e+00 -1.9905e+00
12 +3.609342433e+06 +3.609342433e+06 +3.609382433e+06 +3.609382433e+06 -5.4262e-01 -4.4754e+00 +5.3786e-01 -1.6638e+00 +4.0981e+00 -4.4889e+00 +1.1986e-01 +2.7247e+00 -2.5438e+00 +3.2909e+00
19 +1.884746057e+06 +1.884746057e+06 +1.884786057e+06 +1.884786057e+06 +1.2012e+00 -4.3418e+00 -9.8413e-01 +6.7531e-01 +4.5141e-02 -4.5073e+00 -5.6014e-01 -4.2608e-01 -1.6826e+00 -4.4711e+00
89 +1.164151233e+06 +1.164151233e+06 +1.164191233e+06 +1.164191233e+06 +4.7680e+00 +2.3174e+00 +5.3279e-01 -4.7732e+00 +3.2163e+00 +8.3111e-01 -3.9581e+00 +1.0605e+00 -4.5262e+00 +4.9831e+00
107 +6.494710817e+05 +6.494710817e+05 +6.495110817e+05 +6.495110817e+05 +1.4928e+00 +1.3494e+00 -2.9227e+00 -3.8341e+00 -1.5323e+00 -1.7454e+00 -2.7773e+00 +4.0781e+00 -6.3265e-01 -1.2364e+00
207 +5.323626516e+05 +5.323626516e+05 +5.324026516e+05 +5.324026516e+05 +5.8904e-01 +4.9089e+00 -4.6750e+00 -4.1516e+00 +1.2716e+00 -2.2423e-01 -3.7071e+00 -4.2366e+00 -3.1810e+00 -2.2507e-01
373 +2.340484369e+05 +2.340484369e+05 +2.340884369e+05 +2.340884369e+05 -1.9318e+00 -2.4086e+00 +1.6327e+00 -4.8594e+00 -3.4012e+00 -1.3721e+00 -1.4179e+00 +1.8182e+00 +1.2248e+00 -4.2917e+00
578 +1.173232847e+05 +1.173232847e+05 +1.173632847e+05 +1.173632847e+05 +5.0000e+00 -2.8555e+00 -4.7308e+00 -1.0993e+00 +2.9242e+00 -2.1140e+00 -2.9953e+00 +8.4609e-01 -1.3155e+00 -4.2626e+00
762 +8.901975718e+04 +8.901975718e+04 +8.905975718e+04 +8.905975718e+04 -9.0345e-01 -1.5288e+00 +1.2476e+00 -5.0000e+00 -2.7363e+00 -1.9546e+00 -3.0429e+00 +1.7422e+00 +6.1110e-01 -3.8484e+00
1072 +5.825605863e+04 +5.825605863e+04 +5.829605863e+04 +5.829605863e+04 -8.2299e-01 -1.7488e+00 +1.6865e+00 -5.0000e+00 -2.5469e+00 -2.2028e+00 -1.6727e+00 +3.4094e+00 +1.5173e+00 -3.7462e+00
1751 +3.366454294e+04 +3.366454294e+04 +3.370454294e+04 +3.370454294e+04 +7.7345e-01 -1.0466e+00 +1.0095e+00 -4.8384e+00 -1.7330e+00 -3.0790e+00 -2.5397e+00 +2.8796e+00 +9.5307e-01 -3.8952e+00
2080 +2.300756104e+04 +2.300756104e+04 +2.304756104e+04 +2.304756104e+04 +7.3290e-01 -1.0433e+00 +9.3421e-01 -4.8153e+00 -1.6004e+00 -3.2202e+00 -2.5298e+00 +2.8476e+00 +1.1474e+00 -4.0581e+00
2541 +1.423075988e+04 +1.423075988e+04 +1.427075988e+04 +1.427075988e+04 +1.0883e+00 -9.4281e-01 +1.2697e+00 -4.8853e+00 -1.4555e+00 -3.1974e+00 -2.4847e+00 +2.8373e+00 +1.0297e+00 -3.7058e+00
5109 +9.941411321e+03 +9.941411321e+03 +9.981411321e+03 +9.981411321e+03 +7.3771e-01 -1.2339e+00 +9.0269e-01 -4.7250e+00 -1.0858e+00 -3.2724e+00 -2.1311e+00 +2.6993e+00 +1.1198e+00 -3.9983e+00
7700 +6.165416523e+03 +6.165416523e+03 +6.205416523e+03 +6.205416523e+03 +5.4756e-01 -1.5803e+00 +1.1797e+00 -4.6904e+00 -7.3335e-01 -3.5388e+00 -2.1769e+00 +2.5993e+00 +1.1641e+00 -4.1189e+00
14254 +3.930082039e+03 +3.930082039e+03 +3.970082039e+03 +3.970082039e+03 +6.8920e-01 -1.9327e+00 +1.4822e+00 -4.9584e+00 -4.3825e-01 -3.7049e+00 -2.2112e+00 +2.3968e+00 +1.3160e+00 -4.4273e+00
18052 +2.485580350e+03 +2.485580350e+03 +2.525580350e+03 +2.525580350e+03 +3.2624e-01 -2.2549e+00 +1.7106e+00 -5.0000e+00 -1.8732e-01 -3.7136e+00 -2.2871e+00 +2.4494e+00 +1.3830e+00 -4.5367e+00
25040 +1.578075788e+03 +1.578075788e+03 +1.618075788e+03 +1.618075788e+03 +1.4570e-01 -2.5071e+00 +1.8006e+00 -4.9675e+00 -1.0324e-01 -3.6274e+00 -2.2034e+00 +2.5587e+00 +1.4541e+00 -4.5658e+00
56348 +9.970850744e+02 +9.970850744e+02 +1.037085074e+03 +1.037085074e+03 -1.5794e-01 -2.8035e+00 +1.9400e+00 -4.9884e+00 +1.9399e-01 -3.3865e+00 -2.1456e+00 +2.7533e+00 +1.5436e+00 -4.5818e+00
84577 +6.180113894e+02 +6.180113894e+02 +6.580113894e+02 +6.580113894e+02 -2.5206e-01 -2.9476e+00 +1.9045e+00 -5.0000e+00 +5.8166e-01 -3.0551e+00 -2.0226e+00 +2.9085e+00 +1.5786e+00 -4.5414e+00
% function evaluation | noise-free fitness - Fopt (1.142600000000e+02) | best noise-free fitness - Fopt | measured fitness | best measured fitness | x1 | x2...
1 +2.590172549e+07 +2.590172549e+07 +2.590183975e+07 +2.590183975e+07 +4.1924e+00 -2.2108e+00 -4.2201e+00 +3.7730e+00 +9.0857e-01 +2.6421e+00 -2.6704e+00 +2.4156e+00 -1.6469e-01 -3.2295e+00
2 +1.955403602e+07 +1.955403602e+07 +1.955415028e+07 +1.955415028e+07 -4.0428e+00 +3.0803e+00 -4.9620e+00 -4.0020e+00 -2.8167e+00 +1.7748e+00 -1.7337e+00 +4.0310e+00 +4.4513e+00 -3.8935e-01
3 +5.509002481e+06 +5.509002481e+06 +5.509116741e+06 +5.509116741e+06 +2.6288e+00 +1.2598e+00 +1.7956e+00 -4.6479e+00 +1.5175e-01 +1.8423e+00 +8.3513e-01 +4.3912e-01 -4.1659e+00 -3.7464e+00
17 +2.936235078e+06 +2.936235078e+06 +2.936349338e+06 +2.936349338e+06 +2.0549e+00 -2.9446e+00 +1.5540e+00 +1.4212e-02 +4.7287e+00 -3.4603e+00 -2.4162e+00 +3.8132e+00 +4.7961e+00 +3.3494e+00
36 +1.179454062e+06 +1.179454062e+06 +1.179568322e+06 +1.179568322e+06 -2.1009e+00 -4.6386e+00 +3.0813e+00 -3.4302e+00 -9.3990e-01 -1.4295e+00 +3.1327e+00 -3.2877e+00 +1.6183e+00 +3.4015e+00
52 +4.593072163e+05 +4.593072163e+05 +4.594214763e+05 +4.594214763e+05 +3.6607e-02 +5.1972e-01 +1.3879e+00 +2.3149e+00 +4.7525e+00 -3.4459e+00 +8.4000e-01 +1.9093e+00 +3.7597e+00 +3.2254e+00
122 +3.479843069e+05 +3.479843069e+05 +3.480985669e+05 +3.480985669e+05 -3.6916e+00 +6.9285e-01 +1.6182e+00 -2.7425e+00 -3.9923e+00 -1.2718e+00 -1.2747e+00 -5.9758e-01 +6.0919e-01 -4.5343e+00
243 +1.743613849e+05 +1.743613849e+05 +1.744756449e+05 +1.744756449e+05 +4.2928e+00 -2.8542e+00 +2.2103e+00 -3.5611e+00 +1.5614e+00 +3.1381e+00 +2.8792e+00 +3.6440e+00 -4.3303e+00 -4.7040e+00
334 +1.140205884e+05 +1.140205884e+05 +1.141348484e+05 +1.141348484e+05 +3.0611e+00 -4.1038e+00 +2.3786e+00 -3.9472e+00 +1.2592e+00 +3.7216e+00 +4.0964e+00 +3.6580e+00 -4.0343e+00 -3.3899e+00
502 +5.955912754e+04 +5.955912754e+04 +5.967338754e+04 +5.967338754e+04 +5.0000e+00 -2.7846e+00 +2.8855e+00 -4.4036e+00 +1.4433e+00 +4.0758e+00 +3.2940e+00 +5.0000e+00 -4.2826e+00 -4.7578e+00
966 +3.123203554e+04 +3.123203554e+04 +3.134629554e+04 +3.134629554e+04 +4.9252e+00 -2.7638e+00 +1.8862e+00 -4.0802e+00 +1.9674e+00 +3.1549e+00 +3.5885e+00 +4.3875e+00 -3.9553e+00 -4.0630e+00
1487 +2.202033981e+04 +2.202033981e+04 +2.213459981e+04 +2.213459981e+04 +4.1974e+00 -2.7020e+00 +2.3981e+00 -4.1529e+00 +2.7122e+00 +3.2417e+00 +2.9907e+00 +5.0000e+00 -3.9945e+00 -3.6393e+00
1518 +1.505457460e+04 +1.505457460e+04 +1.516883460e+04 +1.516883460e+04 +4.9854e+00 -2.7905e+00 +1.9219e+00 -4.2872e+00 +1.8933e+00 +3.1784e+00 +3.6902e+00 +4.5022e+00 -3.7960e+00 -4.0509e+00
5511 +9.981607799e+03 +9.981607799e+03 +1.009586780e+04 +1.009586780e+04 +4.9649e+00 -2.6149e+00 +2.2361e+00 -3.9129e+00 +2.0491e+00 +3.0663e+00 +3.3518e+00 +4.3485e+00 -3.5912e+00 -4.2117e+00
6015 +5.444857725e+03 +5.444857725e+03 +5.559117725e+03 +5.559117725e+03 +3.4590e+00 -2.7013e+00 +2.4974e+00 -2.0283e+00 +7.7943e-01 +3.1886e+00 +2.0627e+00 +3.9777e+00 -2.4865e+00 -5.0000e+00
6362 +3.849738695e+03 +3.849738695e+03 +3.963998695e+03 +3.963998695e+03 +3.7371e+00 -2.7905e+00 +2.3379e+00 -2.0576e+00 +8.9341e-01 +3.0389e+00 +2.1852e+00 +3.9378e+00 -2.4010e+00 -4.8504e+00
19865 +2.431320652e+03 +2.431320652e+03 +2.545580652e+03 +2.545580652e+03 +3.6220e+00 -2.7306e+00 +2.5604e+00 -1.7069e+00 +7.4176e-01 +2.6815e+00 +1.5533e+00 +3.6889e+00 -2.2730e+00 -4.9012e+00
29690 +1.584559726e+03 +1.584559726e+03 +1.698819726e+03 +1.698819726e+03 +3.6917e+00 -2.6438e+00 +2.6071e+00 -1.5943e+00 +9.0168e-01 +2.3958e+00 +1.2065e+00 +3.5901e+00 -2.1225e+00 -4.9259e+00
84649 +9.999285171e+02 +9.999285171e+02 +1.114188517e+03 +1.114188517e+03 +3.2315e+00 -2.3707e+00 +2.8094e+00 -1.3623e+00 +7.5431e-01 +1.9986e+00 +7.4658e-01 +3.3261e+00 -1.9629e+00 -4.6612e+00
% function evaluation | noise-free fitness - Fopt (1.393000000000e+01) | best noise-free fitness - Fopt | measured fitness | best measured fitness | x1 | x2...
1 +1.214037645e+06 +1.214037645e+06 +1.214051575e+06 +1.214051575e+06 -7.3748e-01 +3.7572e+00 +8.5767e-01 -1.6675e+00 -8.2237e-01 -4.8421e+00 -2.6727e+00 +6.8579e-01 -1.4015e+00 -1.5187e+00
46 +5.402721177e+05 +5.402721177e+05 +5.402860477e+05 +5.402860477e+05 -3.1335e+00 +4.2234e+00 +4.4281e+00 -4.5339e+00 +4.6663e+00 -3.5709e+00 -3.3109e+00 +3.2356e+00 -2.3406e+00 -4.6601e+00
50 +3.815389587e+05 +3.815389587e+05 +3.815528887e+05 +3.815528887e+05 -1.0297e-01 -2.4354e+00 +4.2350e+00 -3.2769e+00 +2.6039e+00 -1.8116e-01 -4.6372e+00 +8.8036e-01 -3.7374e+00 +2.0434e+00
639 +1.261452269e+05 +1.261452269e+05 +1.261591569e+05 +1.261591569e+05 -4.1470e-01 -3.0904e+00 +5.0000e+00 -2.6381e+00 +3.1231e+00 -9.2458e-01 -4.1470e+00 -4.9034e-01 -3.5582e+00 +6.3750e-01
754 +7.023051275e+04 +7.023051275e+04 +7.024444275e+04 +7.024444275e+04 +1.4809e+00 -4.4121e+00 +5.0000e+00 -1.0701e+00 +3.4777e+00 +4.8092e+00 +4.3780e-03 +3.3649e+00 +3.4305e-01 -1.3909e+00
880 +6.152938271e+04 +6.152938271e+04 +6.154331271e+04 +6.154331271e+04 +1.5420e-01 -5.0000e+00 +4.0167e+00 -1.3329e+00 +3.8448e+00 +3.0925e+00 -8.3236e-01 +3.9778e+00 -7.4876e-01 -2.1994e+00
1109 +2.899567505e+04 +2.899567505e+04 +2.900960505e+04 +2.900960505e+04 +9.0010e-02 -5.0000e+00 +4.1139e+00 -1.3310e+00 +3.9154e+00 +2.9247e+00 -9.8522e-01 +3.9707e+00 -6.4741e-01 -2.0666e+00
1382 +2.482022759e+04 +2.482022759e+04 +2.483415759e+04 +2.483415759e+04 +1.5876e-01 -4.9787e+00 +4.0816e+00 -1.2164e+00 +4.0444e+00 +2.8392e+00 -9.9583e-01 +3.9818e+00 -7.0329e-01 -1.9772e+00
1861 +1.488827558e+04 +1.488827558e+04 +1.490220558e+04 +1.490220558e+04 +1.0397e+00 -4.5831e+00 +2.3287e+00 -1.5312e+00 +4.4067e+00 +3.2592e+00 -1.2483e+00 +5.0000e+00 -1.1274e-01 -2.1364e+00
4596 +9.998731689e+03 +9.998731689e+03 +1.001266169e+04 +1.001266169e+04 +9.5965e-01 -4.3336e+00 +2.5800e+00 -1.2107e+00 +4.6700e+00 +3.1543e+00 -1.5513e+00 +4.7460e+00 -1.5614e-01 -1.8444e+00
22501 +6.291607779e+03 +6.291607779e+03 +6.305537779e+03 +6.305537779e+03 +1.0797e+00 -3.4211e+00 +2.7142e+00 -9.7503e-01 +4.5052e+00 +2.6251e+00 -2.1114e+00 +3.9235e+00 -1.9507e-01 -1.3351e+00
55333 +3.955668813e+03 +3.955668813e+03 +3.969598813e+03 +3.969598813e+03 +1.2589e+00 -2.1580e+00 +3.1949e+00 -5.6079e-01 +4.5069e+00 +2.3859e+00 -2.7435e+00 +3.0530e+00 -1.1547e-01 -7.2859e-01
110323 +2.506477922e+03 +2.506477922e+03 +2.520407922e+03 +2.520407922e+03 +1.5382e+00 -1.3083e+00 +3.3427e+00 -3.7226e-01 +4.6094e+00 +2.1765e+00 -3.5733e+00 +2.4677e+00 -1.5611e-01 -1.7439e-01
% function evaluation | noise-free fitness - Fopt (-3.175000000000e+01) | best noise-free fitness - Fopt | measured fitness | best measured fitness | x1 | x2...
1 +6.607656555e+06 +6.607656555e+06 +6.607624805e+06 +6.607624805e+06 -2.6628e+00 +1.7403e+00 +4.2439e+00 -2.0150e+00 -3.8919e+00 -3.7066e-02 -6.4985e-01 +4.2253e+00 -4.7309e+00 +2.5268e-01
19 +5.542803372e+06 +5.542803372e+06 +5.542771622e+06 +5.542771622e+06 +1.0750e+00 +8.0283e-01 +4.3499e+00 -1.0853e-01 +2.7827e+00 +4.6165e+00 +2.1053e-01 +3.4672e+00 +3.6661e+00 -2.9107e+00
31 +2.850776179e+06 +2.850776179e+06 +2.850744429e+06 +2.850744429e+06 -3.4399e-01 -4.4105e+00 +1.0089e+00 +3.0062e-01 +4.7492e+00 +2.4654e+00 -2.4126e+00 +2.4825e+00 +4.0479e+00 +7.5064e-02
35 +1.631595616e+06 +1.631595616e+06 +1.631563866e+06 +1.631563866e+06 +2.0898e+00 -1.0191e+00 +4.9961e+00 +1.8563e+00 +3.8714e+00 -8.3259e-02 +2.2258e+00 +1.9015e+00 +1.3962e+00 -1.0897e+00
41 +1.204783588e+06 +1.204783588e+06 +1.204751838e+06 +1.204751838e+06 -7.4028e-01 -3.2906e+00 +3.8376e+00 +3.4909e+00 +4.6409e+00 +2.1434e+00 -4.5498e+00 +2.4951e+00 -1.2084e+00 -2.3390e+00
167 +4.985330819e+05 +4.985330819e+05 +4.985013319e+05 +4.985013319e+05 -4.7692e+00 -2.8604e+00 +3.4781e+00 -1.4207e+00 +8.8984e-01 -3.0003e+00 +2.0256e+00 +1.6977e+00 +3.4821e+00 -2.1763e+00
340 +3.858458597e+05 +3.858458597e+05 +3.858141097e+05 +3.858141097e+05 -4.2967e+00 -3.3228e+00 -8.0648e-01 -3.4909e+00 -2.1618e+00 -1.2734e+00 +5.0000e+00 +4.9359e+00 -1.3011e+00 -2.6749e+00
530 +1.796870508e+05 +1.796870508e+05 +1.796553008e+05 +1.796553008e+05 -4.3414e+00 -2.0778e+00 -6.9874e-01 -5.0000e+00 +8.3010e-01 -2.7523e-01 +5.0000e+00 +5.0000e+00 -2.8682e-01 -3.0064e+00
720 +1.258107406e+05 +1.258107406e+05 +1.257789906e+05 +1.257789906e+05 -5.0000e+00 -3.6657e+00 -1.7141e+00 -2.3332e+00 -2.1566e+00 +7.7295e-01 +2.5991e+00 +5.0000e+00 -4.0427e+00 -9.5392e-01
1251 +9.520856091e+04 +9.520856091e+04 +9.517681091e+04 +9.517681091e+04 -5.0000e+00 -5.0000e+00 -3.3033e+00 -4.2698e-01 -2.4983e+00 +2.5347e-04 +2.7681e+00 +4.4636e+00 -4.1520e+00 -1.9681e+00
1894 +6.057609289e+04 +6.057609289e+04 +6.054434289e+04 +6.054434289e+04 -4.7704e+00 -4.9595e+00 -2.7452e+00 +4.6827e-01 -1.6343e+00 +5.2912e-01 +3.4625e+00 +3.8180e+00 -4.0883e+00 -1.0383e+00
4729 +3.913709182e+04 +3.913709182e+04 +3.910534182e+04 +3.910534182e+04 -5.0000e+00 -5.0000e+00 -7.5066e-01 +1.8870e+00 -2.8789e+00 -2.9540e-01 +3.0884e+00 +2.8017e+00 -4.3738e+00 -2.6804e+00
6166 +2.472438679e+04 +2.472438679e+04 +2.469263679e+04 +2.469263679e+04 -5.0000e+00 -4.9223e+00 -4.4555e-01 +2.0621e+00 -2.7525e+00 -4.9052e-01 +2.9722e+00 +2.8970e+00 -4.2475e+00 -2.8478e+00
8277 +1.545315185e+04 +1.545315185e+04 +1.542140185e+04 +1.542140185e+04 -4.9664e+00 -4.5598e+00 -2.5659e-01 +2.7698e+00 -2.7217e+00 -3.7742e-01 +2.7441e+00 +2.7983e+00 -4.2141e+00 -3.1263e+00
12383 +9.449622214e+03 +9.449622214e+03 +9.417872214e+03 +9.417872214e+03 -5.0000e+00 -4.9659e+00 +3.0360e-01 +3.4147e+00 -2.5304e+00 -4.5670e-01 +2.7422e+00 +2.2384e+00 -4.3120e+00 -3.0463e+00
22957 +6.079615948e+03 +6.079615948e+03 +6.047865948e+03 +6.047865948e+03 -5.0000e+00 -4.4999e+00 +7.3239e-01 +4.2004e+00 -2.4865e+00 -3.7509e-01 +2.3142e+00 +2.0748e+00 -4.0264e+00 -2.7382e+00
25677 +3.977580777e+03 +3.977580777e+03 +3.945830777e+03 +3.945830777e+03 -5.0000e+00 -4.3537e+00 +8.5270e-01 +4.1823e+00 -2.7214e+00 -2.5997e-01 +2.0127e+00 +2.1568e+00 -4.1970e+00 -2.8025e+00
32884 +2.454062103e+03 +2.454062103e+03 +2.422312103e+03 +2.422312103e+03 -4.9956e+00 -3.7950e+00 +9.1714e-01 +4.6609e+00 -2.7205e+00 -8.9951e-02 +1.8655e+00 +2.1919e+00 -4.0706e+00 -2.7717e+00
50500 +1.584513377e+03 +1.584513377e+03 +1.552763377e+03 +1.552763377e+03 -4.9971e+00 -3.3313e+00 +8.9002e-01 +5.0000e+00 -2.5032e+00 +8.0389e-03 +1.9352e+00 +2.2228e+00 -3.7875e+00 -2.7432e+00
% function evaluation | noise-free fitness - Fopt (5.432000000000e+01) | best noise-free fitness - Fopt | measured fitness | best measured fitness | x1 | x2...
1 +1.049484282e+08 +1.049484282e+08 +1.049484825e+08 +1.049484825e+08 -4.8548e+00 +1.1014e+00 +1.0766e+00 -2.1408e+00 +1.7794e+00 +4.7953e+00 +2.9198e+00 +3.5881e+00 -2.1828e+00 +2.2865e+00
2 +9.582976199e+07 +9.582976199e+07 +9.582981631e+07 +9.582981631e+07 -3.9625e+00 +1.7657e-01 -3.2313e+00 -1.3069e+00 +1.6213e+00 -1.2454e+00 +2.0624e+00 +3.4421e+00 -1.7088e+00 +4.6261e-01
3 +5.850261532e+07 +5.850261532e+07 +5.850266964e+07 +5.850266964e+07 +2.4315e+00 +3.1081e+00 -2.3124e+00 -4.9332e-01 +1.1992e+00 +2.4819e+00 +3.4816e+00 +1.5221e+00 -3.1349e+00 -3.7070e+00
4 +1.007719790e+07 +1.007719790e+07 +1.007725222e+07 +1.007725222e+07 -4.5758e+00 +4.2435e-01 -1.7034e+00 -2.1663e+00 -1.5650e+00 +1.5065e+00 -2.9105e+00 -2.8792e+00 -1.9397e-01 +3.6080e+00
5 +6.811725126e+06 +6.811725126e+06 +6.811779446e+06 +6.811779446e+06 -1.3947e+00 +3.1304e-01 +2.1813e+00 -2.5066e+00 -1.1050e+00 +4.9800e+00 +4.7230e-01 -2.8427e+00 +7.2483e-01 -2.4750e+00
8 +2.314238008e+06 +2.314238008e+06 +2.314292328e+06 +2.314292328e+06 +3.6677e+00 -2.6209e+00 -9.5964e-01 -4.4417e+00 +2.4388e+00 +7.9805e-02 -1.8139e+00 -1.3938e+00 +7.0088e-01 +6.6588e-01
12 +3.413526379e+05 +3.413526379e+05 +3.414069579e+05 +3.414069579e+05 +5.2619e-01 +4.9999e+00 +9.2577e-01 +1.7123e+00 -4.6416e+00 +4.9967e+00 -2.6879e+00 -2.9812e+00 +1.6112e+00 +4.5627e-01
366 +7.895041057e+04 +7.895041057e+04 +7.900473057e+04 +7.900473057e+04 +8.7571e-01 +5.0000e+00 -5.1337e-01 +2.1377e+00 -4.7356e+00 +5.0000e+00 -3.2269e+00 -3.2390e+00 +9.2830e-01 +1.2100e+00
506 +6.119642880e+04 +6.119642880e+04 +6.125074880e+04 +6.125074880e+04 -3.6965e-01 +5.0000e+00 +5.2813e-02 +2.8927e+00 -5.0000e+00 +5.0000e+00 -3.1310e+00 -3.5287e+00 +2.1541e+00 -4.1136e-01
1829 +3.689252761e+04 +3.689252761e+04 +3.694684761e+04 +3.694684761e+04 -9.7708e-01 +4.9611e+00 +6.0765e-01 +3.1462e+00 -4.5487e+00 +5.0000e+00 -3.4111e+00 -4.2047e+00 +1.6679e+00 -1.1336e+00
2276 +2.482144762e+04 +2.482144762e+04 +2.487576762e+04 +2.487576762e+04 -1.3759e+00 +4.1864e+00 -1.1382e-01 +4.1829e+00 -4.8581e+00 +4.6702e+00 -3.4835e+00 -3.8615e+00 +2.9735e+00 +3.0812e-01
4201 +1.524898946e+04 +1.524898946e+04 +1.530330946e+04 +1.530330946e+04 -1.7240e+00 +4.0338e+00 -6.9808e-03 +4.1693e+00 -4.8635e+00 +4.4754e+00 -3.8231e+00 -3.8549e+00 +3.2171e+00 +7.7946e-01
9355 +9.312493848e+03 +9.312493848e+03 +9.366813848e+03 +9.366813848e+03 -2.3631e+00 +4.0836e+00 -2.4868e-02 +3.8769e+00 -4.7524e+00 +4.4830e+00 -3.9635e+00 -3.9396e+00 +3.4608e+00 +1.3494e+00
11961 +6.268958368e+03 +6.268958368e+03 +6.323278368e+03 +6.323278368e+03 -2.5881e+00 +4.0858e+00 -6.6601e-02 +3.7656e+00 -4.4584e+00 +4.4116e+00 -4.1602e+00 -4.0543e+00 +3.4653e+00 +1.7912e+00
13314 +3.948218626e+03 +3.948218626e+03 +4.002538626e+03 +4.002538626e+03 -2.6904e+00 +4.0374e+00 -3.3815e-02 +3.5204e+00 -4.4695e+00 +4.5081e+00 -3.9853e+00 -4.0769e+00 +3.6060e+00 +1.8559e+00
15479 +2.427290112e+03 +2.427290112e+03 +2.481610112e+03 +2.481610112e+03 -2.8576e+00 +4.0017e+00 -2.3533e-01 +3.6304e+00 -4.6527e+00 +4.4523e+00 -4.2986e+00 -3.8325e+00 +4.0174e+00 +2.1017e+00
19473 +1.406294168e+03 +1.406294168e+03 +1.460614168e+03 +1.460614168e+03 -2.9421e+00 +3.7458e+00 -2.8419e-01 +3.2771e+00 -4.4768e+00 +4.4235e+00 -4.5823e+00 -3.6208e+00 +4.2618e+00 +2.4421e+00
84055 +9.999520756e+02 +9.999520756e+02 +1.054272076e+03 +1.054272076e+03 -2.6688e+00 +3.5977e+00 -2.3554e-01 +2.7641e+00 -4.3516e+00 +4.4530e+00 -4.3730e+00 -3.6002e+00 +3.9275e+00 +2.7744e+00
% function evaluation | noise-free fitness - Fopt (4.052000000000e+01) | best noise-free fitness - Fopt | measured fitness | best measured fitness | x1 | x2...
1 +2.401399742e+07 +2.401399742e+07 +2.401403794e+07 +2.401403794e+07 +9.0285e-01 +4.8252e+00 -8.0076e-02 -1.0534e+00 -2.1175e+00 +6.5433e-01 -2.8288e+00 -2.7263e+00 -3.4640e+00 -4.8377e+00
2 +1.552140860e+07 +1.552140860e+07 +1.552144912e+07 +1.552144912e+07 -7.5206e-01 -4.8796e+00 -1.1129e+00 -4.2573e+00 +2.3422e+00 +4.2096e+00 +2.9332e+00 -3.1055e+00 -1.4556e+00 -2.0325e+00
3 +3.489083409e+06 +3.489083409e+06 +3.489123929e+06 +3.489123929e+06 -1.7287e+00 -3.0075e+00 +4.8104e+00 +4.3448e+00 -2.5804e-01 +1.9223e+00 -2.3768e+00 +1.5780e+00 -2.3921e+00 +3.0290e+00
6 +1.713420561e+06 +1.713420561e+06 +1.713461081e+06 +1.713461081e+06 +4.2734e+00 +4.3658e+00 +2.3736e+00 +3.0430e+00 -2.2597e+00 -4.4986e+00 -2.6404e+00 -1.3530e+00 -2.3987e+00 +4.8106e+00
29 +4.822330656e+05 +4.822330656e+05 +4.822735856e+05 +4.822735856e+05 +2.8880e+00 -5.3644e-01 +5.6941e-01 +3.6404e+00 +7.4117e-01 -1.6616e+00 +2.1528e+00 +2.3804e+00 -2.6086e+00 -1.9242e-01
375 +2.834861038e+05 +2.834861038e+05 +2.835266238e+05 +2.835266238e+05 +3.4622e+00 +3.1240e+00 -2.8094e+00 +1.8196e+00 -1.1751e+00 -2.1774e+00 +2.7465e+00 -3.7745e+00 -4.6452e+00 +1.4686e+00
456 +1.789693914e+05 +1.789693914e+05 +1.790099114e+05 +1.790099114e+05 +2.8716e+00 +1.7679e+00 -2.5719e+00 +2.2906e+00 -1.6958e+00 -1.1085e+00 +3.5272e+00 -5.0000e+00 -1.6574e+00 +4.2849e+00
710 +1.560397903e+05 +1.560397903e+05 +1.560803103e+05 +1.560803103e+05 +1.6946e+00 -8.0469e-01 +3.9858e-01 +1.3623e+00 +6.3028e-01 -2.4745e+00 +1.1546e+00 +1.6744e+00 -3.8241e+00 +9.3054e-01
1100 +6.023795591e+04 +6.023795591e+04 +6.027847591e+04 +6.027847591e+04 +1.2964e+00 -1.3442e+00 +2.9801e-01 +1.5068e+00 +1.7902e+00 -1.2106e+00 +2.5876e+00 +1.5883e+00 -5.0000e+00 +3.0291e+00
1659 +3.902298712e+04 +3.902298712e+04 +3.906350712e+04 +3.906350712e+04 +1.2550e+00 -1.1427e+00 +2.5648e-01 +1.4933e+00 +1.5434e+00 -1.5695e+00 +2.4321e+00 +1.6847e+00 -4.8811e+00 +2.9130e+00
3500 +2.501571133e+04 +2.501571133e+04 +2.505623133e+04 +2.505623133e+04 +1.9101e+00 -1.0209e+00 +3.0723e-01 +9.6907e-01 +1.5262e+00 -1.5554e+00 +2.0624e+00 +1.8142e+00 -4.8402e+00 +2.8167e+00
5273 +1.167950886e+04 +1.167950886e+04 +1.172002886e+04 +1.172002886e+04 +3.0985e+00 +3.7700e-01 +1.6358e+00 +1.1576e+00 +2.0138e+00 -2.2722e+00 +2.1588e+00 +2.1634e+00 -4.7633e+00 +3.3277e+00
5931 +9.538514942e+03 +9.538514942e+03 +9.579034942e+03 +9.579034942e+03 +3.2082e+00 +3.7303e-01 +1.4432e+00 +1.2664e+00 +1.8421e+00 -1.9034e+00 +2.2284e+00 +2.2457e+00 -4.9110e+00 +3.4610e+00
7247 +6.188328257e+03 +6.188328257e+03 +6.228848257e+03 +6.228848257e+03 +3.2924e+00 +6.0340e-01 +1.3198e+00 +1.3198e+00 +1.7325e+00 -2.0063e+00 +2.1989e+00 +2.4791e+00 -4.8970e+00 +3.5885e+00
8441 +3.824861772e+03 +3.824861772e+03 +3.865381772e+03 +3.865381772e+03 +3.0825e+00 +8.0475e-01 +1.0694e+00 +1.3291e+00 +1.4456e+00 -2.2175e+00 +1.9170e+00 +2.4356e+00 -5.0000e+00 +3.9305e+00
8885 +2.355201102e+03 +2.355201102e+03 +2.395721102e+03 +2.395721102e+03 +3.1822e+00 +8.7437e-01 +1.2579e+00 +1.3900e+00 +1.5969e+00 -2.1968e+00 +1.9983e+00 +2.3701e+00 -4.9447e+00 +4.0075e+00
9715 +1.580288762e+03 +1.580288762e+03 +1.620808762e+03 +1.620808762e+03 +3.1937e+00 +9.7953e-01 +1.2984e+00 +1.5160e+00 +1.5558e+00 -2.1614e+00 +1.9987e+00 +2.4794e+00 -4.9469e+00 +4.2504e+00
11855 +9.754604766e+02 +9.754604766e+02 +1.015980477e+03 +1.015980477e+03 +3.3322e+00 +1.2236e+00 +1.4095e+00 +1.5681e+00 +1.5241e+00 -2.2990e+00 +2.0340e+00 +2.4340e+00 -4.8937e+00 +4.2262e+00
15825 +6.216819659e+02 +6.216819659e+02 +6.622019659e+02 +6.622019659e+02 +3.3912e+00 +1.3348e+00 +1.3653e+00 +1.5607e+00 +1.4717e+00 -2.3506e+00 +1.9632e+00 +2.4282e+00 -4.8842e+00 +4.3264e+00
22887 +3.960837821e+02 +3.960837821e+02 +4.366037821e+02 +4.366037821e+02 +3.4867e+00 +1.4493e+00 +1.3672e+00 +1.5709e+00 +1.4310e+00 -2.4128e+00 +1.9400e+00 +2.3848e+00 -4.8208e+00 +4.4103e+00
45455 +2.503630664e+02 +2.503630664e+02 +2.908830664e+02 +2.908830664e+02 +3.5692e+00 +1.5436e+00 +1.2856e+00 +1.5943e+00 +1.3409e+00 -2.4884e+00 +1.8714e+00 +2.3004e+00 -4.6792e+00 +4.5828e+00
% function evaluation | noise-free fitness - Fopt (-1.184900000000e+02) | best noise-free fitness - Fopt | measured fitness | best measured fitness | x1 | x2...
1 +1.067910009e+07 +1.067910009e+07 +1.067898160e+07 +1.067898160e+07 -9.0156e-01 -4.6170e+00 -1.1259e+00 +3.4629e+00 +1.2340e+00 -2.2975e+00 -3.9595e+00 +1.9928e+00 -3.2573e+00 -4.2109e+00
4 +4.214349452e+06 +4.214349452e+06 +4.214230962e+06 +4.214230962e+06 -4.4769e+00 -3.8931e+00 -4.5375e+00 +1.9767e+00 -3.4810e+00 +2.0468e+00 +3.5358e+00 +2.5753e+00 +2.1460e-01 +2.2289e+00
92 +1.711572695e+06 +1.711572695e+06 +1.711454205e+06 +1.711454205e+06 -4.1503e+00 +3.8762e+00 +3.3065e+00 +1.4178e+00 -4.4631e+00 -9.8787e-01 +1.9898e+00 +3.9358e+00 +9.4536e-01 -4.2657e+00
113 +1.143189314e+06 +1.143189314e+06 +1.143070824e+06 +1.143070824e+06 -4.8089e+00 -5.6092e-03 -4.3851e+00 -1.5210e+00 -4.8520e+00 +2.5916e+00 -3.8597e+00 +1.7769e+00 -3.6286e+00 +1.9912e+00
122 +5.016266003e+05 +5.016266003e+05 +5.015081103e+05 +5.015081103e+05 -4.5688e+00 -1.7951e+00 -4.8083e+00 +3.1729e+00 -1.7860e+00 +4.5890e+00 -4.8942e-01 +4.4827e+00 +3.8501e+00 -4.4236e+00
166 +3.298079527e+05 +3.298079527e+05 +3.296894627e+05 +3.296894627e+05 -9.0383e-01 +1.1761e+00 +8.7394e-01 +4.2498e-01 -3.8060e+00 +1.4530e+00 -4.9302e+00 +2.9457e+00 +1.3015e+00 -4.8738e+00
318 +2.453305661e+05 +2.453305661e+05 +2.452120761e+05 +2.452120761e+05 -5.0000e+00 -1.5055e-01 -4.5522e+00 +2.1740e+00 -1.3523e+00 +5.0000e+00 -9.4807e-01 +3.9104e+00 +3.7964e+00 -4.7596e+00
948 +1.564052924e+05 +1.564052924e+05 +1.562868024e+05 +1.562868024e+05 -5.0000e+00 +2.2530e+00 -3.3526e+00 -4.8754e+00 -4.9893e+00 +2.2351e+00 +1.4189e+00 +4.8698e+00 +9.8544e-01 +2.7201e-02
1018 +9.381778583e+04 +9.381778583e+04 +9.369929583e+04 +9.369929583e+04 -5.0000e+00 +1.5061e+00 -3.1096e+00 -5.0000e+00 -5.0000e+00 +2.1309e+00 +1.9512e+00 +5.0000e+00 +9.1701e-01 -6.8032e-01
1151 +4.983269600e+04 +4.983269600e+04 +4.971420600e+04 +4.971420600e+04 -5.0000e+00 +2.2455e+00 -3.2353e+00 -4.9379e+00 -4.8936e+00 +2.1557e+00 +1.4694e+00 +4.6602e+00 +7.5881e-01 -3.7328e-01
1412 +3.845431449e+04 +3.845431449e+04 +3.833582449e+04 +3.833582449e+04 -4.8612e+00 +2.0682e+00 -3.3271e+00 -4.9927e+00 -4.9416e+00 +2.1531e+00 +1.5941e+00 +4.6369e+00 +6.3441e-01 -2.9800e-01
3755 +2.442131733e+04 +2.442131733e+04 +2.430282733e+04 +2.430282733e+04 -4.0650e+00 +1.9939e+00 -3.5166e+00 -4.8156e+00 -4.9807e+00 +1.8621e+00 +1.4156e+00 +4.4827e+00 +1.2558e+00 -4.8942e-01
10540 +1.576792396e+04 +1.576792396e+04 +1.564943396e+04 +1.564943396e+04 -3.6650e+00 +1.4197e+00 -3.3670e+00 -4.4113e+00 -4.7535e+00 +2.2437e+00 +1.0363e+00 +3.8777e+00 +1.7847e+00 -1.2142e+00
28199 +9.603752620e+03 +9.603752620e+03 +9.485262620e+03 +9.485262620e+03 -3.5683e+00 +6.5595e-01 -3.3245e+00 -3.3416e+00 -4.2295e+00 +2.0572e+00 +5.9275e-01 +3.1786e+00 +2.3742e+00 -2.1076e+00
42688 +6.296634194e+03 +6.296634194e+03 +6.178144194e+03 +6.178144194e+03 -3.3651e+00 +4.3761e-01 -3.2599e+00 -2.7316e+00 -3.9951e+00 +1.1173e+00 +5.4766e-02 +2.5760e+00 +2.5554e+00 -2.5390e+00
78934 +3.974239115e+03 +3.974239115e+03 +3.855749115e+03 +3.855749115e+03 -3.1344e+00 +6.3151e-02 -3.1634e+00 -1.8616e+00 -3.7040e+00 +3.9142e-01 -3.9588e-01 +2.0629e+00 +2.8761e+00 -3.1041e+00
136827 +2.498541951e+03 +2.498541951e+03 +2.380051951e+03 +2.380051951e+03 -3.0158e+00 -3.3211e-01 -2.9417e+00 -8.4817e-01 -3.4130e+00 -1.5421e-01 -1.0122e+00 +1.4381e+00 +2.9930e+00 -3.7077e+00
% function evaluation | noise-free fitness - Fopt (2.810000000000e+01) | best noise-free fitness - Fopt | measured fitness | best measured fitness | x1 | x2...
1 +3.576040670e+07 +3.576040670e+07 +3.576043480e+07 +3.576043480e+07 -1.7402e+00 -3.9481e+00 +4.9395e+00 -3.7895e+00 +3.9018e+00 -3.3623e+00 -1.9768e+00 +5.3559e-01 -4.1849e+00 +2.6479e+00
3 +2.009055993e+06 +2.009055993e+06 +2.009084093e+06 +2.009084093e+06 -2.9428e-01 -1.1146e+00 +1.0137e+00 -6.5235e-01 -3.7048e+00 -4.7810e+00 -4.2970e+00 +1.1553e+00 +2.7908e+00 +2.3253e+00
8 +5.843794795e+05 +5.843794795e+05 +5.844075795e+05 +5.844075795e+05 +3.3926e+00 +1.0673e+00 -6.5624e-01 +2.8943e+00 -8.3389e-01 -4.4013e+00 -7.3098e-01 +2.3968e+00 -4.5982e+00 +1.3444e+00
131 +3.952621866e+05 +3.952621866e+05 +3.952902866e+05 +3.952902866e+05 +3.5679e+00 +1.6615e+00 +3.1801e+00 -2.5264e+00 -2.0824e+00 -3.8533e+00 +3.7086e+00 -1.0106e+00 -4.1002e+00 -2.3624e+00
351 +1.482935813e+05 +1.482935813e+05 +1.483216813e+05 +1.483216813e+05 +2.7504e+00 -8.1311e-01 +3.2190e+00 -3.8399e-01 -3.3603e-01 -5.0000e+00 -2.0718e+00 +2.7340e+00 -2.0367e+00 -3.3273e-01
749 +8.440817766e+04 +8.440817766e+04 +8.443627766e+04 +8.443627766e+04 +2.4015e+00 -2.9605e-02 +1.3737e+00 -2.8235e-01 -1.8575e+00 -3.9920e+00 -2.3836e+00 +9.2797e-01 -1.4011e+00 -1.4302e-01
1232 +5.460924245e+04 +5.460924245e+04 +5.463734245e+04 +5.463734245e+04 +2.2559e+00 -7.4643e-01 +1.0167e+00 +7.2970e-01 -1.3571e+00 -4.1978e+00 -2.7384e+00 +7.3785e-01 -2.4593e+00 +6.0077e-01
1418 +3.874245258e+04 +3.874245258e+04 +3.877055258e+04 +3.877055258e+04 +2.3819e+00 -7.8017e-01 +9.6401e-01 +7.8719e-01 -1.4441e+00 -4.2050e+00 -2.8183e+00 +5.6018e-01 -2.5830e+00 +5.9777e-01
2489 +2.451009776e+04 +2.451009776e+04 +2.453819776e+04 +2.453819776e+04 +2.9033e+00 -6.9060e-01 +2.4730e+00 +1.9085e+00 -9.4230e-01 -5.0000e+00 -1.8932e+00 +3.0078e+00 -3.9027e+00 +7.9090e-01
2842 +1.456714916e+04 +1.456714916e+04 +1.459524916e+04 +1.459524916e+04 +2.7710e+00 -6.3861e-01 +2.3664e+00 +1.9012e+00 -8.6986e-01 -4.9368e+00 -1.9327e+00 +3.0017e+00 -3.9002e+00 +8.3909e-01
4614 +9.171849477e+03 +9.171849477e+03 +9.199949477e+03 +9.199949477e+03 +2.9072e+00 -4.3568e-01 +2.1619e+00 +1.8945e+00 -1.1366e+00 -4.5609e+00 -1.6300e+00 +3.1966e+00 -4.0874e+00 +6.6470e-01
6261 +6.279897711e+03 +6.279897711e+03 +6.307997711e+03 +6.307997711e+03 +2.9345e+00 -3.8618e-01 +1.8660e+00 +1.9979e+00 -1.2391e+00 -4.4897e+00 -1.6744e+00 +3.5796e+00 -3.8909e+00 +8.3514e-01
8106 +3.388509406e+03 +3.388509406e+03 +3.416609406e+03 +3.416609406e+03 +2.5256e+00 -7.5076e-01 +1.1876e+00 +2.6437e+00 -8.8856e-01 -5.0000e+00 -1.3238e+00 +5.0000e+00 -4.1455e+00 +1.0469e+00
10880 +2.448103131e+03 +2.448103131e+03 +2.476203131e+03 +2.476203131e+03 +2.5615e+00 -7.7633e-01 +8.8896e-01 +2.5753e+00 -9.7903e-01 -4.8864e+00 -1.3339e+00 +4.8893e+00 -4.1528e+00 +9.1772e-01
39471 +1.553995456e+03 +1.553995456e+03 +1.582095456e+03 +1.582095456e+03 +2.0774e+00 -8.7980e-01 +2.7319e-01 +2.5517e+00 -1.1288e+00 -4.9599e+00 -1.5124e+00 +4.8157e+00 -4.0928e+00 +8.6808e-01
49972 +9.999798213e+02 +9.999798213e+02 +1.028079821e+03 +1.028079821e+03 +1.7821e+00 -9.8224e-01 -4.3467e-02 +2.5542e+00 -1.2667e+00 -5.0000e+00 -1.6862e+00 +4.6922e+00 -4.2545e+00 +7.2772e-01
90721 +6.294959256e+02 +6.294959256e+02 +6.575959256e+02 +6.575959256e+02 +1.4116e+00 -9.6009e-01 -5.8920e-01 +2.5479e+00 -1.3790e+00 -4.9869e+00 -1.6803e+00 +4.3680e+00 -4.2978e+00 +6.6848e-01
141171 +3.893760833e+02 +3.893760833e+02 +4.174760833e+02 +4.174760833e+02 +1.0748e+00 -9.9130e-01 -7.8169e-01 +2.3854e+00 -1.6550e+00 -4.9699e+00 -2.0520e+00 +4.1547e+00 -4.3712e+00 +4.3917e-01
