% function evaluation | noise-free fitness - Fopt (-5.235000000000e+01) | best noise-free fitness - Fopt | measured fitness | best measured fitness | x1 | x2...
1 +1.558112037e+02 +1.558112037e+02 +1.034612037e+02 +1.034612037e+02 +5.5762e-01 +4.7167e+00
3 +8.994792322e+00 +8.994792322e+00 -4.335520768e+01 -4.335520768e+01 -2.5733e+00 +4.4270e-01
5 +3.074655228e-02 +3.074655228e-02 -5.231925345e+01 -5.231925345e+01 -7.7800e-01 -1.5114e+00
276 +2.042030134e-02 +2.042030134e-02 -5.232957970e+01 -5.232957970e+01 -8.8429e-01 -1.1216e+00
667 +1.328431970e-02 +1.328431970e-02 -5.233671568e+01 -5.233671568e+01 -8.4177e-01 -1.4046e+00
768 +4.844641191e-03 +4.844641191e-03 -5.234515536e+01 -5.234515536e+01 -8.3548e-01 -1.3626e+00
1008 +1.723668474e-03 +1.723668474e-03 -5.234827633e+01 -5.234827633e+01 -8.5198e-01 -1.3123e+00
1401 +1.500557383e-03 +1.500557383e-03 -5.234849944e+01 -5.234849944e+01 -8.5218e-01 -1.3124e+00
1410 +6.411504059e-04 +6.411504059e-04 -5.234935885e+01 -5.234935885e+01 -8.5084e-01 -1.3214e+00
1581 +5.890004534e-04 +5.890004534e-04 -5.234941100e+01 -5.234941100e+01 -8.5091e-01 -1.3215e+00
1702 +2.577484232e-04 +2.577484232e-04 -5.234974225e+01 -5.234974225e+01 -8.5548e-01 -1.3060e+00
3639 +2.500018734e-04 +2.500018734e-04 -5.234975000e+01 -5.234975000e+01 -8.5556e-01 -1.3056e+00
6321 +1.090021102e-04 +1.090021102e-04 -5.234989100e+01 -5.234989100e+01 -8.6042e-01 -1.2873e+00
6477 +9.388852737e-05 +9.388852737e-05 -5.234990611e+01 -5.234990611e+01 -8.6054e-01 -1.2873e+00
9541 +4.583020481e-05 +4.583020481e-05 -5.234995417e+01 -5.234995417e+01 -8.7081e-01 -1.2490e+00
9901 +7.244239633e-06 +7.244239633e-06 -5.234999276e+01 -5.234999276e+01 -8.7084e-01 -1.2490e+00
10417 +2.548950036e-06 +2.548950036e-06 -5.234999745e+01 -5.234999745e+01 -8.7086e-01 -1.2490e+00
10611 +2.171011197e-06 +2.171011197e-06 -5.234999783e+01 -5.234999783e+01 -8.7088e-01 -1.2489e+00
10769 +1.367304783e-06 +1.367304783e-06 -5.234999863e+01 -5.234999863e+01 -8.7086e-01 -1.2490e+00
10789 +5.530439182e-07 +5.530439182e-07 -5.234999945e+01 -5.234999945e+01 -8.7077e-01 -1.2493e+00
11078 +1.457313274e-07 +1.457313274e-07 -5.234999985e+01 -5.234999985e+01 -8.7085e-01 -1.2490e+00
11175 +8.607393909e-08 +8.607393909e-08 -5.234999991e+01 -5.234999991e+01 -8.7085e-01 -1.2490e+00
% function evaluation | noise-free fitness - Fopt (-1.795400000000e+02) | best noise-free fitness - Fopt | measured fitness | best measured fitness | x1 | x2...
1 +2.678200028e+00 +2.678200028e+00 -1.768618000e+02 -1.768618000e+02 +3.2404e+00 +5.6381e-01
4 +2.176462055e+00 +2.176462055e+00 -1.773635379e+02 -1.773635379e+02 +2.6902e+00 -5.5702e-01
8 +1.446044059e+00 +1.446044059e+00 -1.780939559e+02 -1.780939559e+02 +1.1452e+00 -8.3279e-01
44 +8.209590115e-01 +8.209590115e-01 -1.787190410e+02 -1.787190410e+02 +1.6189e+00 +3.2242e-01
223 +5.732356809e-01 +5.732356809e-01 -1.789667643e+02 -1.789667643e+02 +1.5152e+00 +6.8575e-01
246 +1.774082081e-01 +1.774082081e-01 -1.793625918e+02 -1.793625918e+02 +6.8804e-01 +6.9566e-01
531 +7.728522932e-03 +7.728522932e-03 -1.795322715e+02 -1.795322715e+02 +7.0326e-01 +3.3788e-01
1029 +5.681572217e-03 +5.681572217e-03 -1.795343184e+02 -1.795343184e+02 +7.1892e-01 +3.6255e-01
1645 +3.784655795e-03 +3.784655795e-03 -1.795362153e+02 -1.795362153e+02 +7.2178e-01 +3.7562e-01
1839 +1.582465307e-03 +1.582465307e-03 -1.795384175e+02 -1.795384175e+02 +7.7320e-01 +4.7761e-01
2078 +7.553020554e-04 +7.553020554e-04 -1.795392447e+02 -1.795392447e+02 +7.8112e-01 +4.9112e-01
2194 +2.253724887e-04 +2.253724887e-04 -1.795397746e+02 -1.795397746e+02 +7.8628e-01 +4.9895e-01
2390 +1.184056074e-04 +1.184056074e-04 -1.795398816e+02 -1.795398816e+02 +7.8074e-01 +4.8848e-01
2532 +3.067661277e-05 +3.067661277e-05 -1.795399693e+02 -1.795399693e+02 +7.8066e-01 +4.8853e-01
2542 +2.285052190e-05 +2.285052190e-05 -1.795399771e+02 -1.795399771e+02 +7.8062e-01 +4.8851e-01
13001 +1.073656583e-05 +1.073656583e-05 -1.795399893e+02 -1.795399893e+02 +7.8364e-01 +4.9434e-01
19307 +9.990153217e-06 +9.990153217e-06 -1.795399900e+02 -1.795399900e+02 +7.8370e-01 +4.9447e-01
26517 +5.070051600e-06 +5.070051600e-06 -1.795399949e+02 -1.795399949e+02 +7.8727e-01 +5.0136e-01
26603 +3.603251685e-06 +3.603251685e-06 -1.795399964e+02 -1.795399964e+02 +7.8727e-01 +5.0136e-01
39026 +2.473904090e-06 +2.473904090e-06 -1.795399975e+02 -1.795399975e+02 +7.8739e-01 +5.0159e-01
60691 +1.285721908e-06 +1.285721908e-06 -1.795399987e+02 -1.795399987e+02 +7.9859e-01 +5.2325e-01
69909 +1.158557552e-07 +1.158557552e-07 -1.795399999e+02 -1.795399999e+02 +7.9579e-01 +5.1783e-01
% function evaluation | noise-free fitness - Fopt (7.731000000000e+01) | best noise-free fitness - Fopt | measured fitness | best measured fitness | x1 | x2...
1 +5.387306725e+00 +5.387306725e+00 +8.269730673e+01 +8.269730673e+01 +1.0119e+00 +1.1413e+00
7 +1.562181128e-01 +1.562181128e-01 +7.746621811e+01 +7.746621811e+01 +7.2982e-01 -7.7133e-01
465 +1.802375235e-02 +1.802375235e-02 +7.732802375e+01 +7.732802375e+01 +8.9959e-01 -8.1463e-01
663 +1.447684654e-02 +1.447684654e-02 +7.732447685e+01 +7.732447685e+01 +8.7239e-01 -8.1412e-01
822 +8.037858998e-03 +8.037858998e-03 +7.731803786e+01 +7.731803786e+01 +8.8530e-01 -8.0745e-01
908 +5.909176373e-04 +5.909176373e-04 +7.731059092e+01 +7.731059092e+01 +8.9671e-01 -5.9143e-01
1296 +2.787709647e-04 +2.787709647e-04 +7.731027877e+01 +7.731027877e+01 +8.9171e-01 -6.7252e-01
1836 +1.272644228e-04 +1.272644228e-04 +7.731012726e+01 +7.731012726e+01 +8.9624e-01 -5.9146e-01
1957 +5.789777849e-05 +5.789777849e-05 +7.731005790e+01 +7.731005790e+01 +8.9618e-01 -5.9124e-01
1964 +2.564781497e-05 +2.564781497e-05 +7.731002565e+01 +7.731002565e+01 +8.9615e-01 -5.9124e-01
2167 +5.941277294e-06 +5.941277294e-06 +7.731000594e+01 +7.731000594e+01 +8.9611e-01 -5.9136e-01
5572 +2.093831071e-06 +2.093831071e-06 +7.731000209e+01 +7.731000209e+01 +8.9465e-01 -6.1803e-01
5927 +1.400054600e-06 +1.400054600e-06 +7.731000140e+01 +7.731000140e+01 +8.9465e-01 -6.1791e-01
6273 +9.817348285e-07 +9.817348285e-07 +7.731000098e+01 +7.731000098e+01 +8.9465e-01 -6.1792e-01
92150 +1.887889880e-07 +1.887889880e-07 +7.731000019e+01 +7.731000019e+01 +8.9544e-01 -6.0362e-01
92343 +1.390985602e-07 +1.390985602e-07 +7.731000014e+01 +7.731000014e+01 +8.9544e-01 -6.0362e-01
92457 +8.703854348e-08 +8.703854348e-08 +7.731000009e+01 +7.731000009e+01 +8.9544e-01 -6.0362e-01
105949 +6.202263592e-08 +6.202263592e-08 +7.731000006e+01 +7.731000006e+01 +8.9542e-01 -6.0406e-01
% function evaluation | noise-free fitness - Fopt (3.992000000000e+01) | best noise-free fitness - Fopt | measured fitness | best measured fitness | x1 | x2...
1 +2.926839424e+02 +2.926839424e+02 +3.326039424e+02 +3.326039424e+02 +4.0241e-01 +4.8340e+00
2 +1.663018572e+01 +1.663018572e+01 +5.655018572e+01 +5.655018572e+01 +3.3880e+00 +1.4234e+00
7 +6.318316347e+00 +6.318316347e+00 +4.623831635e+01 +4.623831635e+01 -2.1144e+00 -2.8433e+00
15 +6.176107813e+00 +6.176107813e+00 +4.609610781e+01 +4.609610781e+01 +2.1273e+00 +3.1061e-01
16 +3.210679217e+00 +3.210679217e+00 +4.313067922e+01 +4.313067922e+01 +6.8699e-01 -1.0932e+00
20 +5.393020895e-01 +5.393020895e-01 +4.045930209e+01 +4.045930209e+01 +3.7890e+00 -2.7126e-01
101 +1.663338389e-01 +1.663338389e-01 +4.008633384e+01 +4.008633384e+01 +3.6945e+00 -7.1514e-01
253 +6.822227079e-02 +6.822227079e-02 +3.998822227e+01 +3.998822227e+01 +3.8132e+00 -7.0305e-01
304 +5.922583513e-02 +5.922583513e-02 +3.997922584e+01 +3.997922584e+01 +3.9385e+00 -8.1391e-01
442 +2.074494296e-02 +2.074494296e-02 +3.994074494e+01 +3.994074494e+01 +3.8699e+00 -8.2483e-01
767 +6.565925216e-03 +6.565925216e-03 +3.992656593e+01 +3.992656593e+01 +3.9107e+00 -9.0924e-01
923 +4.568768228e-03 +4.568768228e-03 +3.992456877e+01 +3.992456877e+01 +3.9054e+00 -9.1048e-01
1391 +3.259131862e-03 +3.259131862e-03 +3.992325913e+01 +3.992325913e+01 +3.9137e+00 -9.3225e-01
1482 +1.839926588e-03 +1.839926588e-03 +3.992183993e+01 +3.992183993e+01 +3.9189e+00 -9.6096e-01
1598 +7.845112610e-04 +7.845112610e-04 +3.992078451e+01 +3.992078451e+01 +3.9676e+00 -1.1284e+00
1882 +6.064307262e-04 +6.064307262e-04 +3.992060643e+01 +3.992060643e+01 +3.9279e+00 -9.8966e-01
2076 +2.760125695e-04 +2.760125695e-04 +3.992027601e+01 +3.992027601e+01 +3.9639e+00 -1.1188e+00
2355 +2.309954173e-04 +2.309954173e-04 +3.992023100e+01 +3.992023100e+01 +3.9639e+00 -1.1189e+00
2535 +1.445250234e-04 +1.445250234e-04 +3.992014453e+01 +3.992014453e+01 +3.9640e+00 -1.1186e+00
3354 +9.448296831e-05 +9.448296831e-05 +3.992009448e+01 +3.992009448e+01 +3.9626e+00 -1.1134e+00
4183 +6.278650945e-05 +6.278650945e-05 +3.992006279e+01 +3.992006279e+01 +3.9606e+00 -1.1062e+00
10367 +1.910606714e-05 +1.910606714e-05 +3.992001911e+01 +3.992001911e+01 +3.9570e+00 -1.0932e+00
10829 +1.536002704e-05 +1.536002704e-05 +3.992001536e+01 +3.992001536e+01 +3.9570e+00 -1.0932e+00
12499 +3.798477756e-06 +3.798477756e-06 +3.992000380e+01 +3.992000380e+01 +3.9543e+00 -1.0837e+00
41455 +9.464491200e-07 +9.464491200e-07 +3.992000095e+01 +3.992000095e+01 +3.9480e+00 -1.0608e+00
42159 +5.437194517e-07 +5.437194517e-07 +3.992000054e+01 +3.992000054e+01 +3.9519e+00 -1.0749e+00
42343 +2.920734872e-07 +2.920734872e-07 +3.992000029e+01 +3.992000029e+01 +3.9519e+00 -1.0749e+00
42466 +1.762875428e-07 +1.762875428e-07 +3.992000018e+01 +3.992000018e+01 +3.9519e+00 -1.0749e+00
77528 +1.567633348e-07 +1.567633348e-07 +3.992000016e+01 +3.992000016e+01 +3.9518e+00 -1.0748e+00
% function evaluation | noise-free fitness - Fopt (-5.661000000000e+01) | best noise-free fitness - Fopt | measured fitness | best measured fitness | x1 | x2...
1 +5.611496680e+00 +5.611496680e+00 -5.099850332e+01 -5.099850332e+01 +4.3656e+00 +1.0163e+00
4 +3.240484586e+00 +3.240484586e+00 -5.336951541e+01 -5.336951541e+01 +3.7311e+00 +1.4932e-01
11 +2.501670984e-01 +2.501670984e-01 -5.635983290e+01 -5.635983290e+01 +2.5322e+00 +3.1586e+00
43 +1.023562073e-02 +1.023562073e-02 -5.659976438e+01 -5.659976438e+01 +1.8372e+00 +2.8955e+00
518 +8.274684921e-04 +8.274684921e-04 -5.660917253e+01 -5.660917253e+01 +1.9112e+00 +2.9097e+00
811 +4.575418239e-04 +4.575418239e-04 -5.660954246e+01 -5.660954246e+01 +1.9662e+00 +2.9272e+00
829 +2.645916384e-04 +2.645916384e-04 -5.660973541e+01 -5.660973541e+01 +1.9018e+00 +2.9061e+00
896 +1.102698465e-04 +1.102698465e-04 -5.660988973e+01 -5.660988973e+01 +1.9609e+00 +2.9251e+00
1269 +7.307125846e-05 +7.307125846e-05 -5.660992693e+01 -5.660992693e+01 +1.9609e+00 +2.9251e+00
1345 +5.883388844e-05 +5.883388844e-05 -5.660994117e+01 -5.660994117e+01 +1.9611e+00 +2.9251e+00
1359 +2.390739768e-05 +2.390739768e-05 -5.660997609e+01 -5.660997609e+01 +1.9608e+00 +2.9250e+00
1440 +7.487659374e-06 +7.487659374e-06 -5.660999251e+01 -5.660999251e+01 +1.9611e+00 +2.9251e+00
1589 +5.895384156e-06 +5.895384156e-06 -5.660999410e+01 -5.660999410e+01 +1.9610e+00 +2.9250e+00
1777 +2.792743835e-06 +2.792743835e-06 -5.660999721e+01 -5.660999721e+01 +1.9609e+00 +2.9250e+00
2150 +1.778043725e-06 +1.778043725e-06 -5.660999822e+01 -5.660999822e+01 +1.9610e+00 +2.9250e+00
2432 +1.552918555e-06 +1.552918555e-06 -5.660999845e+01 -5.660999845e+01 +1.9610e+00 +2.9250e+00
78106 +9.990229444e-07 +9.990229444e-07 -5.660999900e+01 -5.660999900e+01 +1.9599e+00 +2.9247e+00
% function evaluation | noise-free fitness - Fopt (5.134000000000e+01) | best noise-free fitness - Fopt | measured fitness | best measured fitness | x1 | x2...
1 +1.953132791e+00 +1.953132791e+00 +5.329313279e+01 +5.329313279e+01 -1.6629e+00 -4.0016e+00
29 +1.229983653e-01 +1.229983653e-01 +5.146299837e+01 +5.146299837e+01 -2.3898e+00 -2.0091e+00
291 +2.830560380e-02 +2.830560380e-02 +5.136830560e+01 +5.136830560e+01 -2.3037e+00 -2.0880e+00
515 +6.469493077e-03 +6.469493077e-03 +5.134646949e+01 +5.134646949e+01 -2.4228e+00 -2.1796e+00
641 +3.290089306e-03 +3.290089306e-03 +5.134329009e+01 +5.134329009e+01 -2.4284e+00 -2.1756e+00
1202 +1.306845029e-03 +1.306845029e-03 +5.134130685e+01 +5.134130685e+01 -2.5156e+00 -2.2296e+00
1578 +8.120352104e-04 +8.120352104e-04 +5.134081204e+01 +5.134081204e+01 -2.5128e+00 -2.2303e+00
1580 +1.231398384e-04 +1.231398384e-04 +5.134012314e+01 +5.134012314e+01 -2.5160e+00 -2.2315e+00
2008 +9.010531802e-05 +9.010531802e-05 +5.134009011e+01 +5.134009011e+01 -2.5160e+00 -2.2314e+00
2775 +5.531563222e-05 +5.531563222e-05 +5.134005532e+01 +5.134005532e+01 -2.5222e+00 -2.2352e+00
5115 +3.395176488e-05 +3.395176488e-05 +5.134003395e+01 +5.134003395e+01 -2.5343e+00 -2.2428e+00
5146 +1.370245830e-05 +1.370245830e-05 +5.134001370e+01 +5.134001370e+01 -2.5343e+00 -2.2428e+00
8288 +9.382423123e-06 +9.382423123e-06 +5.134000938e+01 +5.134000938e+01 -2.5357e+00 -2.2437e+00
29421 +6.283008446e-06 +6.283008446e-06 +5.134000628e+01 +5.134000628e+01 -2.5372e+00 -2.2446e+00
70787 +3.976252472e-06 +3.976252472e-06 +5.134000398e+01 +5.134000398e+01 -2.5394e+00 -2.2460e+00
78839 +1.576736452e-06 +1.576736452e-06 +5.134000158e+01 +5.134000158e+01 -2.5450e+00 -2.2495e+00
79213 +8.326270162e-07 +8.326270162e-07 +5.134000083e+01 +5.134000083e+01 -2.5450e+00 -2.2495e+00
99035 +6.231525873e-07 +6.231525873e-07 +5.134000062e+01 +5.134000062e+01 -2.5456e+00 -2.2499e+00
% function evaluation | noise-free fitness - Fopt (-1.244000000000e+02) | best noise-free fitness - Fopt | measured fitness | best measured fitness | x1 | x2...
1 +5.348260995e+01 +5.348260995e+01 -7.091739005e+01 -7.091739005e+01 -4.5548e+00 -4.5899e+00
2 +2.046307408e+00 +2.046307408e+00 -1.223536926e+02 -1.223536926e+02 +2.0873e+00 +1.8682e+00
7 +7.149048146e-01 +7.149048146e-01 -1.236850952e+02 -1.236850952e+02 -5.6335e-01 +1.1202e+00
135 +2.486771749e-01 +2.486771749e-01 -1.241513228e+02 -1.241513228e+02 +4.6807e-01 +1.0309e+00
280 +1.368029355e-01 +1.368029355e-01 -1.242631971e+02 -1.242631971e+02 +3.5062e-01 +1.0311e+00
456 +1.021991256e-02 +1.021991256e-02 -1.243897801e+02 -1.243897801e+02 +2.3151e-01 +9.2053e-01
728 +8.574652895e-03 +8.574652895e-03 -1.243914253e+02 -1.243914253e+02 +2.3576e-01 +9.1260e-01
818 +2.687682877e-03 +2.687682877e-03 -1.243973123e+02 -1.243973123e+02 +2.3977e-01 +9.3713e-01
837 +1.014334217e-03 +1.014334217e-03 -1.243989857e+02 -1.243989857e+02 +2.3449e-01 +9.4158e-01
1248 +6.277407142e-04 +6.277407142e-04 -1.243993723e+02 -1.243993723e+02 +2.3992e-01 +9.2982e-01
1464 +3.927726838e-04 +3.927726838e-04 -1.243996072e+02 -1.243996072e+02 +2.3969e-01 +9.2976e-01
1766 +1.801953605e-04 +1.801953605e-04 -1.243998198e+02 -1.243998198e+02 +2.4618e-01 +9.0753e-01
1789 +1.519771982e-04 +1.519771982e-04 -1.243998480e+02 -1.243998480e+02 +2.4625e-01 +9.0741e-01
1846 +7.717132469e-05 +7.717132469e-05 -1.243999228e+02 -1.243999228e+02 +2.4639e-01 +9.0722e-01
1962 +3.067156592e-05 +3.067156592e-05 -1.243999693e+02 -1.243999693e+02 +2.4642e-01 +9.0727e-01
2075 +1.563817729e-05 +1.563817729e-05 -1.243999844e+02 -1.243999844e+02 +2.4643e-01 +9.0737e-01
4255 +4.775264557e-06 +4.775264557e-06 -1.243999952e+02 -1.243999952e+02 +2.4974e-01 +8.9695e-01
4549 +3.917143090e-06 +3.917143090e-06 -1.243999961e+02 -1.243999961e+02 +2.4974e-01 +8.9695e-01
4953 +2.122605778e-06 +2.122605778e-06 -1.243999979e+02 -1.243999979e+02 +2.4971e-01 +8.9704e-01
11904 +5.386320225e-07 +5.386320225e-07 -1.243999995e+02 -1.243999995e+02 +2.5349e-01 +8.8514e-01
12346 +1.318609861e-07 +1.318609861e-07 -1.243999999e+02 -1.243999999e+02 +2.5349e-01 +8.8515e-01
12616 +6.544809139e-08 +6.544809139e-08 -1.243999999e+02 -1.243999999e+02 +2.5349e-01 +8.8515e-01
12738 +2.775287555e-08 +2.775287555e-08 -1.244000000e+02 -1.244000000e+02 +2.5349e-01 +8.8515e-01
12761 +1.334072408e-09 +1.334072408e-09 -1.244000000e+02 -1.244000000e+02 +2.5349e-01 +8.8515e-01
% function evaluation | noise-free fitness - Fopt (6.000000000000e-01) | best noise-free fitness - Fopt | measured fitness | best measured fitness | x1 | x2...
1 +1.266919247e+00 +1.266919247e+00 +1.866919247e+00 +1.866919247e+00 +2.1548e+00 -7.7877e-01
9 +4.356156012e-01 +4.356156012e-01 +1.035615601e+00 +1.035615601e+00 +1.9731e+00 -1.7063e+00
12 +9.351477346e-02 +9.351477346e-02 +6.935147735e-01 +6.935147735e-01 +2.5543e+00 -1.8927e+00
255 +4.099799267e-02 +4.099799267e-02 +6.409979927e-01 +6.409979927e-01 +2.6645e+00 -1.9225e+00
346 +2.050433088e-02 +2.050433088e-02 +6.205043309e-01 +6.205043309e-01 +2.4398e+00 -1.9928e+00
348 +3.223668959e-03 +3.223668959e-03 +6.032236690e-01 +6.032236690e-01 +2.4652e+00 -2.0062e+00
889 +1.990528776e-03 +1.990528776e-03 +6.019905288e-01 +6.019905288e-01 +2.4820e+00 -2.0037e+00
1453 +1.529849656e-03 +1.529849656e-03 +6.015298497e-01 +6.015298497e-01 +2.5119e+00 -1.9989e+00
1694 +9.185152242e-04 +9.185152242e-04 +6.009185152e-01 +6.009185152e-01 +2.5138e+00 -1.9977e+00
2361 +5.440776031e-04 +5.440776031e-04 +6.005440776e-01 +6.005440776e-01 +2.5332e+00 -1.9926e+00
2373 +3.915539406e-04 +3.915539406e-04 +6.003915539e-01 +6.003915539e-01 +2.5358e+00 -1.9922e+00
2453 +1.141791684e-04 +1.141791684e-04 +6.001141792e-01 +6.001141792e-01 +2.5594e+00 -1.9874e+00
2533 +9.844120163e-05 +9.844120163e-05 +6.000984412e-01 +6.000984412e-01 +2.5593e+00 -1.9873e+00
6468 +6.177323087e-05 +6.177323087e-05 +6.000617732e-01 +6.000617732e-01 +2.5658e+00 -1.9859e+00
7045 +3.680650669e-05 +3.680650669e-05 +6.000368065e-01 +6.000368065e-01 +2.5715e+00 -1.9847e+00
10632 +1.082387455e-05 +1.082387455e-05 +6.000108239e-01 +6.000108239e-01 +2.5826e+00 -1.9822e+00
12334 +9.991937608e-06 +9.991937608e-06 +6.000099919e-01 +6.000099919e-01 +2.5830e+00 -1.9822e+00
18333 +3.104381891e-06 +3.104381891e-06 +6.000031044e-01 +6.000031044e-01 +2.5898e+00 -1.9807e+00
26079 +1.462939448e-06 +1.462939448e-06 +6.000014629e-01 +6.000014629e-01 +2.6112e+00 -1.9760e+00
26307 +4.969137692e-07 +4.969137692e-07 +6.000004969e-01 +6.000004969e-01 +2.6112e+00 -1.9760e+00
26835 +3.977643369e-07 +3.977643369e-07 +6.000003978e-01 +6.000003978e-01 +2.6112e+00 -1.9760e+00
% function evaluation | noise-free fitness - Fopt (-4.071000000000e+01) | best noise-free fitness - Fopt | measured fitness | best measured fitness | x1 | x2...
1 +7.063880119e+00 +7.063880119e+00 -3.364611988e+01 -3.364611988e+01 -4.8247e+00 -3.7179e+00
14 +1.422070740e+00 +1.422070740e+00 -3.928792926e+01 -3.928792926e+01 -2.8264e-01 -1.9793e+00
59 +5.881831723e-01 +5.881831723e-01 -4.012181683e+01 -4.012181683e+01 +1.0495e+00 -2.2058e+00
153 +3.813983210e-01 +3.813983210e-01 -4.032860168e+01 -4.032860168e+01 +1.2602e-01 -2.2715e+00
429 +1.569473140e-01 +1.569473140e-01 -4.055305269e+01 -4.055305269e+01 +8.0210e-01 -3.2137e+00
494 +4.948254102e-02 +4.948254102e-02 -4.066051746e+01 -4.066051746e+01 +6.8035e-01 -2.6610e+00
684 +2.863733291e-02 +2.863733291e-02 -4.068136267e+01 -4.068136267e+01 +8.0147e-01 -3.0000e+00
842 +1.590842846e-02 +1.590842846e-02 -4.069409157e+01 -4.069409157e+01 +7.7874e-01 -2.9400e+00
866 +2.242283846e-03 +2.242283846e-03 -4.070775772e+01 -4.070775772e+01 +6.6995e-01 -2.7526e+00
1482 +1.564061948e-03 +1.564061948e-03 -4.070843594e+01 -4.070843594e+01 +6.7575e-01 -2.7555e+00
1642 +1.404619868e-04 +1.404619868e-04 -4.070985954e+01 -4.070985954e+01 +6.8282e-01 -2.7722e+00
1751 +7.718878192e-05 +7.718878192e-05 -4.070992281e+01 -4.070992281e+01 +6.7153e-01 -2.7510e+00
2105 +2.574645721e-05 +2.574645721e-05 -4.070997425e+01 -4.070997425e+01 +6.7164e-01 -2.7510e+00
2131 +1.566335148e-05 +1.566335148e-05 -4.070998434e+01 -4.070998434e+01 +6.7161e-01 -2.7510e+00
9146 +9.860648838e-06 +9.860648838e-06 -4.070999014e+01 -4.070999014e+01 +6.6973e-01 -2.7474e+00
21188 +6.268935202e-06 +6.268935202e-06 -4.070999373e+01 -4.070999373e+01 +6.6835e-01 -2.7447e+00
34500 +1.548966694e-06 +1.548966694e-06 -4.070999845e+01 -4.070999845e+01 +6.6312e-01 -2.7348e+00
35030 +7.523538486e-07 +7.523538486e-07 -4.070999925e+01 -4.070999925e+01 +6.6312e-01 -2.7348e+00
35035 +3.287020718e-07 +3.287020718e-07 -4.070999967e+01 -4.070999967e+01 +6.6312e-01 -2.7348e+00
109592 +2.496786138e-07 +2.496786138e-07 -4.070999975e+01 -4.070999975e+01 +6.6292e-01 -2.7344e+00
% function evaluation | noise-free fitness - Fopt (8.143200000000e+02) | best noise-free fitness - Fopt | measured fitness | best measured fitness | x1 | x2...
1 +4.155098621e+00 +4.155098621e+00 +8.184750986e+02 +8.184750986e+02 +5.1350e-01 -1.6456e+00
13 +6.415850935e-01 +6.415850935e-01 +8.149615851e+02 +8.149615851e+02 -2.2119e+00 -3.5643e+00
25 +5.956511521e-01 +5.956511521e-01 +8.149156512e+02 +8.149156512e+02 -2.3273e+00 -3.3412e+00
312 +1.903361108e-01 +1.903361108e-01 +8.145103361e+02 +8.145103361e+02 -3.0815e+00 -3.4933e+00
317 +6.250594890e-02 +6.250594890e-02 +8.143825059e+02 +8.143825059e+02 -2.9368e+00 -3.5471e+00
511 +2.064431815e-02 +2.064431815e-02 +8.143406443e+02 +8.143406443e+02 -2.8779e+00 -3.6090e+00
1063 +1.392901654e-02 +1.392901654e-02 +8.143339290e+02 +8.143339290e+02 -2.8620e+00 -3.6267e+00
1187 +7.674821475e-03 +7.674821475e-03 +8.143276748e+02 +8.143276748e+02 -2.8456e+00 -3.6725e+00
1276 +3.165481389e-03 +3.165481389e-03 +8.143231655e+02 +8.143231655e+02 -2.8326e+00 -3.7221e+00
1741 +1.640450449e-03 +1.640450449e-03 +8.143216405e+02 +8.143216405e+02 -2.8277e+00 -3.7452e+00
1763 +1.570863962e-03 +1.570863962e-03 +8.143215709e+02 +8.143215709e+02 -2.8261e+00 -3.7478e+00
2164 +9.938291487e-04 +9.938291487e-04 +8.143209938e+02 +8.143209938e+02 -2.8215e+00 -3.7673e+00
2518 +4.931434607e-04 +4.931434607e-04 +8.143204931e+02 +8.143204931e+02 -2.8167e+00 -3.7818e+00
3459 +3.940790210e-04 +3.940790210e-04 +8.143203941e+02 +8.143203941e+02 -2.8142e+00 -3.7908e+00
4550 +1.525007156e-04 +1.525007156e-04 +8.143201525e+02 +8.143201525e+02 -2.8094e+00 -3.8064e+00
10688 +8.677760184e-05 +8.677760184e-05 +8.143200868e+02 +8.143200868e+02 -2.8061e+00 -3.8179e+00
16249 +4.774900549e-05 +4.774900549e-05 +8.143200477e+02 +8.143200477e+02 -2.8041e+00 -3.8246e+00
17859 +3.951763290e-05 +3.951763290e-05 +8.143200395e+02 +8.143200395e+02 -2.8040e+00 -3.8249e+00
18868 +2.492964177e-05 +2.492964177e-05 +8.143200249e+02 +8.143200249e+02 -2.7998e+00 -3.8391e+00
19065 +9.469572319e-06 +9.469572319e-06 +8.143200095e+02 +8.143200095e+02 -2.7998e+00 -3.8392e+00
28426 +6.281055448e-06 +6.281055448e-06 +8.143200063e+02 +8.143200063e+02 -2.7996e+00 -3.8399e+00
43083 +2.323572517e-06 +2.323572517e-06 +8.143200023e+02 +8.143200023e+02 -2.7967e+00 -3.8498e+00
43140 +1.249196771e-06 +1.249196771e-06 +8.143200012e+02 +8.143200012e+02 -2.7967e+00 -3.8498e+00
43450 +7.045005077e-07 +7.045005077e-07 +8.143200007e+02 +8.143200007e+02 -2.7967e+00 -3.8498e+00
43477 +5.896727089e-07 +5.896727089e-07 +8.143200006e+02 +8.143200006e+02 -2.7967e+00 -3.8498e+00
109234 +3.730593789e-07 +3.730593789e-07 +8.143200004e+02 +8.143200004e+02 -2.7964e+00 -3.8507e+00
% function evaluation | noise-free fitness - Fopt (-6.205000000000e+01) | best noise-free fitness - Fopt | measured fitness | best measured fitness | x1 | x2...
1 +2.157448346e+01 +2.157448346e+01 -4.047551654e+01 -4.047551654e+01 -2.4042e+00 -2.2811e-02
4 +5.430245338e+00 +5.430245338e+00 -5.661975466e+01 -5.661975466e+01 +3.5338e+00 -4.2238e+00
9 +3.146377482e+00 +3.146377482e+00 -5.890362252e+01 -5.890362252e+01 -7.9586e-01 +8.2566e-01
12 +2.433050629e+00 +2.433050629e+00 -5.961694937e+01 -5.961694937e+01 +1.4705e+00 +1.6554e+00
16 +7.686354530e-01 +7.686354530e-01 -6.128136455e+01 -6.128136455e+01 +1.8216e+00 +3.7172e-01
18 +4.166472315e-01 +4.166472315e-01 -6.163335277e+01 -6.163335277e+01 +1.3805e+00 -8.7149e-01
76 +2.109799070e-01 +2.109799070e-01 -6.183902009e+01 -6.183902009e+01 +2.1540e+00 -6.7422e-01
280 +1.440472696e-01 +1.440472696e-01 -6.190595273e+01 -6.190595273e+01 +1.6625e+00 -6.8251e-01
312 +8.078317779e-02 +8.078317779e-02 -6.196921682e+01 -6.196921682e+01 +2.0701e+00 -5.7385e-01
452 +4.352852726e-02 +4.352852726e-02 -6.200647147e+01 -6.200647147e+01 +2.0916e+00 -3.7541e-01
692 +1.544204165e-02 +1.544204165e-02 -6.203455796e+01 -6.203455796e+01 +2.0132e+00 -5.3850e-01
768 +2.700518890e-03 +2.700518890e-03 -6.204729948e+01 -6.204729948e+01 +1.9648e+00 -5.6921e-01
851 +2.389007786e-03 +2.389007786e-03 -6.204761099e+01 -6.204761099e+01 +1.9689e+00 -5.6470e-01
854 +9.368572831e-04 +9.368572831e-04 -6.204906314e+01 -6.204906314e+01 +1.9585e+00 -5.7131e-01
2130 +6.189046129e-04 +6.189046129e-04 -6.204938110e+01 -6.204938110e+01 +1.9716e+00 -5.5804e-01
2957 +3.954332292e-04 +3.954332292e-04 -6.204960457e+01 -6.204960457e+01 +1.9741e+00 -5.5616e-01
3405 +2.493925383e-04 +2.493925383e-04 -6.204975061e+01 -6.204975061e+01 +1.9831e+00 -5.4721e-01
5130 +8.335585850e-05 +8.335585850e-05 -6.204991664e+01 -6.204991664e+01 +1.9991e+00 -5.3070e-01
5181 +5.613369074e-05 +5.613369074e-05 -6.204994387e+01 -6.204994387e+01 +1.9991e+00 -5.3075e-01
7629 +2.243248750e-05 +2.243248750e-05 -6.204997757e+01 -6.204997757e+01 +2.0083e+00 -5.2155e-01
7785 +1.500575576e-05 +1.500575576e-05 -6.204998499e+01 -6.204998499e+01 +2.0084e+00 -5.2140e-01
32026 +2.065861224e-06 +2.065861224e-06 -6.204999793e+01 -6.204999793e+01 +2.0209e+00 -5.0873e-01
32255 +1.373145899e-06 +1.373145899e-06 -6.204999863e+01 -6.204999863e+01 +2.0209e+00 -5.0873e-01
32277 +9.104949399e-07 +9.104949399e-07 -6.204999909e+01 -6.204999909e+01 +2.0209e+00 -5.0877e-01
32399 +4.829816405e-07 +4.829816405e-07 -6.204999952e+01 -6.204999952e+01 +2.0209e+00 -5.0873e-01
32642 +3.187375484e-07 +3.187375484e-07 -6.204999968e+01 -6.204999968e+01 +2.0209e+00 -5.0873e-01
78400 +2.437955473e-07 +2.437955473e-07 -6.204999976e+01 -6.204999976e+01 +2.0212e+00 -5.0842e-01
% function evaluation | noise-free fitness - Fopt (-4.328000000000e+01) | best noise-free fitness - Fopt | measured fitness | best measured fitness | x1 | x2...
1 +5.986739508e+01 +5.986739508e+01 +1.658739508e+01 +1.658739508e+01 +2.0437e+00 -3.7325e+00
2 +6.187845772e-01 +6.187845772e-01 -4.266121542e+01 -4.266121542e+01 -9.6215e-01 +2.1185e+00
25 +6.826482931e-02 +6.826482931e-02 -4.321173517e+01 -4.321173517e+01 -6.2426e-01 +2.7440e+00
416 +6.251953199e-02 +6.251953199e-02 -4.321748047e+01 -4.321748047e+01 -1.9269e-01 +2.6330e+00
446 +3.085929769e-02 +3.085929769e-02 -4.324914070e+01 -4.324914070e+01 -2.7466e-01 +2.5635e+00
502 +1.614172486e-02 +1.614172486e-02 -4.326385828e+01 -4.326385828e+01 -2.9981e-01 +2.6138e+00
510 +8.630274235e-03 +8.630274235e-03 -4.327136973e+01 -4.327136973e+01 -2.9406e-01 +2.6013e+00
543 +6.233595263e-03 +6.233595263e-03 -4.327376640e+01 -4.327376640e+01 -6.5385e-01 +2.6847e+00
647 +2.711852607e-03 +2.711852607e-03 -4.327728815e+01 -4.327728815e+01 -5.1953e-01 +2.6525e+00
893 +4.489057209e-04 +4.489057209e-04 -4.327955109e+01 -4.327955109e+01 -5.1467e-01 +2.6481e+00
1047 +1.216852405e-04 +1.216852405e-04 -4.327987831e+01 -4.327987831e+01 -5.0076e-01 +2.6455e+00
1379 +9.091582643e-05 +9.091582643e-05 -4.327990908e+01 -4.327990908e+01 -5.0100e-01 +2.6455e+00
1392 +1.922311211e-05 +1.922311211e-05 -4.327998078e+01 -4.327998078e+01 -5.0073e-01 +2.6454e+00
1536 +1.511681953e-05 +1.511681953e-05 -4.327998488e+01 -4.327998488e+01 -5.0061e-01 +2.6453e+00
1544 +4.578237629e-06 +4.578237629e-06 -4.327999542e+01 -4.327999542e+01 -5.0072e-01 +2.6454e+00
1963 +3.915598356e-06 +3.915598356e-06 -4.327999608e+01 -4.327999608e+01 -5.0078e-01 +2.6454e+00
2197 +2.299133705e-06 +2.299133705e-06 -4.327999770e+01 -4.327999770e+01 -5.0072e-01 +2.6453e+00
54663 +1.533940662e-06 +1.533940662e-06 -4.327999847e+01 -4.327999847e+01 -4.9923e-01 +2.6450e+00
% function evaluation | noise-free fitness - Fopt (-3.916000000000e+01) | best noise-free fitness - Fopt | measured fitness | best measured fitness | x1 | x2...
1 +1.198524175e+01 +1.198524175e+01 -2.717475825e+01 -2.717475825e+01 -6.2159e-01 -8.0984e-01
2 +4.708254194e+00 +4.708254194e+00 -3.445174581e+01 -3.445174581e+01 -2.7232e+00 -2.7480e+00
3 +8.354658919e-01 +8.354658919e-01 -3.832453411e+01 -3.832453411e+01 -3.6720e+00 +1.0069e+00
11 +5.310931769e-01 +5.310931769e-01 -3.862890682e+01 -3.862890682e+01 -3.9819e+00 +2.3380e+00
52 +1.815328439e-01 +1.815328439e-01 -3.897846716e+01 -3.897846716e+01 -3.4105e+00 +1.7493e+00
339 +7.029582504e-02 +7.029582504e-02 -3.908970417e+01 -3.908970417e+01 -3.7726e+00 +1.9161e+00
476 +3.815182458e-02 +3.815182458e-02 -3.912184818e+01 -3.912184818e+01 -3.7381e+00 +1.8130e+00
800 +2.128485283e-02 +2.128485283e-02 -3.913871515e+01 -3.913871515e+01 -3.6343e+00 +1.9011e+00
875 +6.280056646e-03 +6.280056646e-03 -3.915371994e+01 -3.915371994e+01 -3.6877e+00 +1.8589e+00
1229 +1.933634712e-03 +1.933634712e-03 -3.915806637e+01 -3.915806637e+01 -3.7261e+00 +1.8536e+00
1634 +1.020766862e-03 +1.020766862e-03 -3.915897923e+01 -3.915897923e+01 -3.7383e+00 +1.8520e+00
1729 +2.987987516e-04 +2.987987516e-04 -3.915970120e+01 -3.915970120e+01 -3.6690e+00 +1.8699e+00
2401 +2.089082695e-04 +2.089082695e-04 -3.915979109e+01 -3.915979109e+01 -3.6690e+00 +1.8700e+00
2515 +1.554057554e-04 +1.554057554e-04 -3.915984459e+01 -3.915984459e+01 -3.6690e+00 +1.8700e+00
2663 +4.625278369e-05 +4.625278369e-05 -3.915995375e+01 -3.915995375e+01 -3.6690e+00 +1.8701e+00
2744 +2.445397147e-05 +2.445397147e-05 -3.915997555e+01 -3.915997555e+01 -3.6692e+00 +1.8701e+00
5148 +4.500756994e-06 +4.500756994e-06 -3.915999550e+01 -3.915999550e+01 -3.6529e+00 +1.8743e+00
5481 +3.947767418e-06 +3.947767418e-06 -3.915999605e+01 -3.915999605e+01 -3.6529e+00 +1.8743e+00
5638 +2.330687281e-06 +2.330687281e-06 -3.915999767e+01 -3.915999767e+01 -3.6529e+00 +1.8743e+00
5953 +1.029276419e-06 +1.029276419e-06 -3.915999897e+01 -3.915999897e+01 -3.6529e+00 +1.8743e+00
13254 +9.804138301e-07 +9.804138301e-07 -3.915999902e+01 -3.915999902e+01 -3.6528e+00 +1.8743e+00
109161 +6.215003339e-07 +6.215003339e-07 -3.915999938e+01 -3.915999938e+01 -3.6514e+00 +1.8747e+00
% function evaluation | noise-free fitness - Fopt (-1.732800000000e+02) | best noise-free fitness - Fopt | measured fitness | best measured fitness | x1 | x2...
1 +6.008743591e+00 +6.008743591e+00 -1.672712564e+02 -1.672712564e+02 -2.2500e+00 -2.5968e+00
6 +3.884643286e+00 +3.884643286e+00 -1.693953567e+02 -1.693953567e+02 +9.3847e-01 -2.6500e-01
10 +2.153582461e+00 +2.153582461e+00 -1.711264175e+02 -1.711264175e+02 -4.1042e+00 -4.0446e-02
21 +1.295182215e+00 +1.295182215e+00 -1.719848178e+02 -1.719848178e+02 -2.4531e+00 -1.8914e+00
43 +5.893610039e-01 +5.893610039e-01 -1.726906390e+02 -1.726906390e+02 -2.2842e+00 -1.4789e+00
85 +1.027619759e-01 +1.027619759e-01 -1.731772380e+02 -1.731772380e+02 -3.1367e+00 -5.0498e-01
168 +5.954490237e-02 +5.954490237e-02 -1.732204551e+02 -1.732204551e+02 -2.8776e+00 -1.1439e+00
414 +4.521547708e-03 +4.521547708e-03 -1.732754785e+02 -1.732754785e+02 -2.8581e+00 -1.0487e+00
638 +3.164605036e-03 +3.164605036e-03 -1.732768354e+02 -1.732768354e+02 -2.8593e+00 -1.0396e+00
890 +1.772398684e-03 +1.772398684e-03 -1.732782276e+02 -1.732782276e+02 -2.9172e+00 -9.1021e-01
994 +1.515055166e-03 +1.515055166e-03 -1.732784849e+02 -1.732784849e+02 -2.8837e+00 -9.8663e-01
1157 +4.067929603e-04 +4.067929603e-04 -1.732795932e+02 -1.732795932e+02 -2.9117e+00 -9.1939e-01
1213 +3.308609658e-04 +3.308609658e-04 -1.732796691e+02 -1.732796691e+02 -2.9117e+00 -9.1936e-01
1251 +2.339422082e-04 +2.339422082e-04 -1.732797661e+02 -1.732797661e+02 -2.9115e+00 -9.1943e-01
1298 +3.248560091e-05 +3.248560091e-05 -1.732799675e+02 -1.732799675e+02 -2.9236e+00 -8.9110e-01
1597 +2.118450746e-05 +2.118450746e-05 -1.732799788e+02 -1.732799788e+02 -2.9069e+00 -9.2947e-01
1857 +6.016252087e-06 +6.016252087e-06 -1.732799940e+02 -1.732799940e+02 -2.9236e+00 -8.9092e-01
2332 +3.883273962e-06 +3.883273962e-06 -1.732799961e+02 -1.732799961e+02 -2.9236e+00 -8.9099e-01
39853 +2.479881971e-06 +2.479881971e-06 -1.732799975e+02 -1.732799975e+02 -2.9229e+00 -8.9244e-01
90773 +1.183820075e-06 +1.183820075e-06 -1.732799988e+02 -1.732799988e+02 -2.9207e+00 -8.9760e-01
91027 +5.477783702e-07 +5.477783702e-07 -1.732799995e+02 -1.732799995e+02 -2.9207e+00 -8.9760e-01
% function evaluation | noise-free fitness - Fopt (-1.017000000000e+01) | best noise-free fitness - Fopt | measured fitness | best measured fitness | x1 | x2...
1 +8.918745839e+00 +8.918745839e+00 -1.251254161e+00 -1.251254161e+00 +4.9358e+00 -1.3902e+00
7 +2.541094428e+00 +2.541094428e+00 -7.628905572e+00 -7.628905572e+00 +4.0359e+00 +1.8874e+00
12 +4.374687954e-01 +4.374687954e-01 -9.732531205e+00 -9.732531205e+00 +1.7211e+00 +2.4302e+00
48 +3.701910565e-01 +3.701910565e-01 -9.799808944e+00 -9.799808944e+00 +9.7352e-01 +1.2749e+00
193 +1.666585764e-01 +1.666585764e-01 -1.000334142e+01 -1.000334142e+01 +1.1844e+00 +1.3170e+00
453 +1.413188733e-01 +1.413188733e-01 -1.002868113e+01 -1.002868113e+01 +1.6255e+00 +1.8351e+00
456 +7.719975558e-02 +7.719975558e-02 -1.009280024e+01 -1.009280024e+01 +1.5530e+00 +1.8162e+00
649 +2.528649165e-02 +2.528649165e-02 -1.014471351e+01 -1.014471351e+01 +1.4035e+00 +1.5044e+00
892 +2.301648654e-02 +2.301648654e-02 -1.014698351e+01 -1.014698351e+01 +1.3959e+00 +1.4924e+00
947 +1.100182500e-02 +1.100182500e-02 -1.015899817e+01 -1.015899817e+01 +1.3809e+00 +1.5359e+00
1210 +9.480480201e-03 +9.480480201e-03 -1.016051952e+01 -1.016051952e+01 +1.3847e+00 +1.5449e+00
1334 +5.910689334e-03 +5.910689334e-03 -1.016408931e+01 -1.016408931e+01 +1.3926e+00 +1.5507e+00
1405 +1.822665698e-03 +1.822665698e-03 -1.016817733e+01 -1.016817733e+01 +1.4244e+00 +1.6610e+00
1597 +1.431725503e-03 +1.431725503e-03 -1.016856827e+01 -1.016856827e+01 +1.4131e+00 +1.6158e+00
1688 +9.683042955e-04 +9.683042955e-04 -1.016903170e+01 -1.016903170e+01 +1.4185e+00 +1.6370e+00
1823 +6.264650057e-04 +6.264650057e-04 -1.016937353e+01 -1.016937353e+01 +1.4206e+00 +1.6425e+00
3089 +3.976355367e-04 +3.976355367e-04 -1.016960236e+01 -1.016960236e+01 +1.4241e+00 +1.6541e+00
3482 +1.825528514e-04 +1.825528514e-04 -1.016981745e+01 -1.016981745e+01 +1.4398e+00 +1.7059e+00
3914 +1.970375712e-05 +1.970375712e-05 -1.016998030e+01 -1.016998030e+01 +1.4397e+00 +1.7062e+00
4302 +1.382001399e-05 +1.382001399e-05 -1.016998618e+01 -1.016998618e+01 +1.4396e+00 +1.7058e+00
4347 +6.022921189e-06 +6.022921189e-06 -1.016999398e+01 -1.016999398e+01 +1.4396e+00 +1.7058e+00
10288 +3.887743281e-06 +3.887743281e-06 -1.016999611e+01 -1.016999611e+01 +1.4404e+00 +1.7083e+00
27812 +2.509649523e-06 +2.509649523e-06 -1.016999749e+01 -1.016999749e+01 +1.4409e+00 +1.7102e+00
70639 +1.370714928e-06 +1.370714928e-06 -1.016999863e+01 -1.016999863e+01 +1.4447e+00 +1.7230e+00
71023 +2.953211862e-07 +2.953211862e-07 -1.016999970e+01 -1.016999970e+01 +1.4447e+00 +1.7230e+00
71131 +2.409696567e-07 +2.409696567e-07 -1.016999976e+01 -1.016999976e+01 +1.4447e+00 +1.7230e+00
71324 +2.222154549e-08 +2.222154549e-08 -1.016999998e+01 -1.016999998e+01 +1.4447e+00 +1.7230e+00
71873 +1.576574782e-08 +1.576574782e-08 -1.016999998e+01 -1.016999998e+01 +1.4447e+00 +1.7230e+00
72386 +3.975568319e-09 +3.975568319e-09 -1.017000000e+01 -1.017000000e+01 +1.4447e+00 +1.7230e+00
