% function evaluation | noise-free fitness - Fopt (-4.620900000000e+02) | best noise-free fitness - Fopt | measured fitness | best measured fitness | x1 | x2...
1 +3.822615257e+02 +3.822615257e+02 -7.982847427e+01 -7.982847427e+01 +3.9004e+00 -1.3897e+00
2 +4.417882366e+01 +4.417882366e+01 -4.179111763e+02 -4.179111763e+02 -2.8018e+00 +3.4202e+00
10 +2.106793080e+01 +2.106793080e+01 -4.410220692e+02 -4.410220692e+02 -7.6500e-01 +2.7190e+00
44 +9.566212233e+00 +9.566212233e+00 -4.525237878e+02 -4.525237878e+02 +2.2935e-01 +2.6477e+00
358 +6.102234283e+00 +6.102234283e+00 -4.559877657e+02 -4.559877657e+02 +3.8471e-01 +2.6334e+00
438 +1.211196005e+00 +1.211196005e+00 -4.608788040e+02 -4.608788040e+02 +2.3238e+00 +1.9824e+00
605 +9.989748112e-01 +9.989748112e-01 -4.610910252e+02 -4.610910252e+02 +2.3410e+00 +1.9890e+00
% function evaluation | noise-free fitness - Fopt (7.766000000000e+01) | best noise-free fitness - Fopt | measured fitness | best measured fitness | x1 | x2...
1 +4.138241769e+01 +4.138241769e+01 +1.190424177e+02 +1.190424177e+02 +1.9281e+00 +3.3559e-01
2 +3.637244979e+01 +3.637244979e+01 +1.140324498e+02 +1.140324498e+02 -7.4904e-01 -1.7210e+00
15 +2.241549217e+01 +2.241549217e+01 +1.000754922e+02 +1.000754922e+02 +2.2642e+00 +3.2174e-01
20 +3.238069410e+00 +3.238069410e+00 +8.089806941e+01 +8.089806941e+01 +2.3074e+00 -1.1475e+00
324 +2.496989437e+00 +2.496989437e+00 +8.015698944e+01 +8.015698944e+01 +2.3159e+00 -1.1533e+00
638 +1.541115029e+00 +1.541115029e+00 +7.920111503e+01 +7.920111503e+01 +2.3468e+00 -1.1643e+00
1145 +9.972118104e-01 +9.972118104e-01 +7.865721181e+01 +7.865721181e+01 +2.3952e+00 -1.1660e+00
1681 +4.395795981e-01 +4.395795981e-01 +7.809957960e+01 +7.809957960e+01 +2.3585e+00 -8.6251e-01
1736 +2.387796103e-01 +2.387796103e-01 +7.789877961e+01 +7.789877961e+01 +2.3657e+00 -8.5425e-01
1782 +7.042160824e-02 +7.042160824e-02 +7.773042161e+01 +7.773042161e+01 +2.3995e+00 -8.5166e-01
1856 +5.770795394e-02 +5.770795394e-02 +7.771770795e+01 +7.771770795e+01 +2.3992e+00 -8.5166e-01
1890 +1.308687401e-02 +1.308687401e-02 +7.767308687e+01 +7.767308687e+01 +2.3896e+00 -8.5592e-01
2067 +4.781225828e-04 +4.781225828e-04 +7.766047812e+01 +7.766047812e+01 +2.3975e+00 -8.5559e-01
2350 +2.969595244e-04 +2.969595244e-04 +7.766029696e+01 +7.766029696e+01 +2.3976e+00 -8.5570e-01
2373 +2.200637196e-04 +2.200637196e-04 +7.766022006e+01 +7.766022006e+01 +2.3976e+00 -8.5575e-01
2475 +1.535889006e-04 +1.535889006e-04 +7.766015359e+01 +7.766015359e+01 +2.3975e+00 -8.5593e-01
2538 +7.635169996e-05 +7.635169996e-05 +7.766007635e+01 +7.766007635e+01 +2.3979e+00 -8.5592e-01
2668 +5.491687016e-05 +5.491687016e-05 +7.766005492e+01 +7.766005492e+01 +2.3980e+00 -8.5593e-01
2785 +2.899275897e-05 +2.899275897e-05 +7.766002899e+01 +7.766002899e+01 +2.3980e+00 -8.5600e-01
2819 +1.571712799e-05 +1.571712799e-05 +7.766001572e+01 +7.766001572e+01 +2.3981e+00 -8.5596e-01
3004 +6.294259137e-06 +6.294259137e-06 +7.766000629e+01 +7.766000629e+01 +2.3984e+00 -8.5595e-01
3231 +3.329639668e-06 +3.329639668e-06 +7.766000333e+01 +7.766000333e+01 +2.3983e+00 -8.5596e-01
3323 +9.580976723e-08 +9.580976723e-08 +7.766000010e+01 +7.766000010e+01 +2.3984e+00 -8.5600e-01
3529 +5.875621412e-08 +5.875621412e-08 +7.766000006e+01 +7.766000006e+01 +2.3984e+00 -8.5600e-01
3647 +1.380708170e-08 +1.380708170e-08 +7.766000001e+01 +7.766000001e+01 +2.3984e+00 -8.5600e-01
3840 +9.371589726e-09 +9.371589726e-09 +7.766000001e+01 +7.766000001e+01 +2.3984e+00 -8.5600e-01
% function evaluation | noise-free fitness - Fopt (1.156800000000e+02) | best noise-free fitness - Fopt | measured fitness | best measured fitness | x1 | x2...
1 +1.532859550e+02 +1.532859550e+02 +2.689659550e+02 +2.689659550e+02 -2.0241e+00 +2.4833e+00
5 +9.140414068e+01 +9.140414068e+01 +2.070841407e+02 +2.070841407e+02 -8.0096e-01 +1.8555e+00
7 +4.526544911e+01 +4.526544911e+01 +1.609454491e+02 +1.609454491e+02 +2.7245e+00 -1.0325e+00
12 +3.626367249e+01 +3.626367249e+01 +1.519436725e+02 +1.519436725e+02 -1.6378e+00 +1.5879e-01
43 +7.161333557e+00 +7.161333557e+00 +1.228413336e+02 +1.228413336e+02 +8.6181e-02 -1.3041e+00
317 +8.610345102e-01 +8.610345102e-01 +1.165410345e+02 +1.165410345e+02 +2.1376e+00 -9.9854e-01
375 +6.222590910e-01 +6.222590910e-01 +1.163022591e+02 +1.163022591e+02 +2.1266e+00 -9.8970e-01
451 +2.639615080e-01 +2.639615080e-01 +1.159439615e+02 +1.159439615e+02 +2.1534e+00 -9.9230e-01
603 +1.924491274e-01 +1.924491274e-01 +1.158724491e+02 +1.158724491e+02 +2.1627e+00 -9.7497e-01
675 +1.455351607e-01 +1.455351607e-01 +1.158255352e+02 +1.158255352e+02 +2.1541e+00 -9.8683e-01
682 +9.869222012e-02 +9.869222012e-02 +1.157786922e+02 +1.157786922e+02 +2.1736e+00 -9.9055e-01
789 +4.751234218e-02 +4.751234218e-02 +1.157275123e+02 +1.157275123e+02 +2.1655e+00 -9.8034e-01
808 +3.820012607e-02 +3.820012607e-02 +1.157182001e+02 +1.157182001e+02 +2.1687e+00 -9.7975e-01
867 +1.714774535e-02 +1.714774535e-02 +1.156971477e+02 +1.156971477e+02 +2.1718e+00 -9.8121e-01
969 +1.435674864e-02 +1.435674864e-02 +1.156943567e+02 +1.156943567e+02 +2.1718e+00 -9.8140e-01
1064 +6.915412838e-03 +6.915412838e-03 +1.156869154e+02 +1.156869154e+02 +2.1728e+00 -9.8280e-01
1426 +6.261565823e-03 +6.261565823e-03 +1.156862616e+02 +1.156862616e+02 +2.1733e+00 -9.8275e-01
2186 +3.220203214e-03 +3.220203214e-03 +1.156832202e+02 +1.156832202e+02 +2.1776e+00 -9.8446e-01
2253 +1.594628958e-03 +1.594628958e-03 +1.156815946e+02 +1.156815946e+02 +2.1758e+00 -9.8282e-01
2360 +1.348264104e-03 +1.348264104e-03 +1.156813483e+02 +1.156813483e+02 +2.1758e+00 -9.8293e-01
2632 +9.984312904e-04 +9.984312904e-04 +1.156809984e+02 +1.156809984e+02 +2.1762e+00 -9.8300e-01
2900 +6.217932891e-04 +6.217932891e-04 +1.156806218e+02 +1.156806218e+02 +2.1766e+00 -9.8323e-01
3102 +2.677780458e-05 +2.677780458e-05 +1.156800268e+02 +1.156800268e+02 +2.1781e+00 -9.8312e-01
3267 +1.366608352e-05 +1.366608352e-05 +1.156800137e+02 +1.156800137e+02 +2.1781e+00 -9.8316e-01
3310 +3.073915863e-06 +3.073915863e-06 +1.156800031e+02 +1.156800031e+02 +2.1783e+00 -9.8317e-01
3334 +2.385117597e-06 +2.385117597e-06 +1.156800024e+02 +1.156800024e+02 +2.1783e+00 -9.8321e-01
3561 +1.048275237e-06 +1.048275237e-06 +1.156800010e+02 +1.156800010e+02 +2.1783e+00 -9.8319e-01
3611 +6.644184083e-07 +6.644184083e-07 +1.156800007e+02 +1.156800007e+02 +2.1783e+00 -9.8319e-01
3796 +5.051836212e-07 +5.051836212e-07 +1.156800005e+02 +1.156800005e+02 +2.1784e+00 -9.8321e-01
4008 +3.939568103e-07 +3.939568103e-07 +1.156800004e+02 +1.156800004e+02 +2.1784e+00 -9.8320e-01
4351 +4.793922415e-08 +4.793922415e-08 +1.156800000e+02 +1.156800000e+02 +2.1784e+00 -9.8320e-01
4515 +3.388640835e-08 +3.388640835e-08 +1.156800000e+02 +1.156800000e+02 +2.1784e+00 -9.8320e-01
4787 +2.415202971e-08 +2.415202971e-08 +1.156800000e+02 +1.156800000e+02 +2.1784e+00 -9.8320e-01
5015 +1.581346964e-08 +1.581346964e-08 +1.156800000e+02 +1.156800000e+02 +2.1784e+00 -9.8320e-01
5119 +9.091323250e-09 +9.091323250e-09 +1.156800000e+02 +1.156800000e+02 +2.1784e+00 -9.8320e-01
% function evaluation | noise-free fitness - Fopt (-3.710000000000e+00) | best noise-free fitness - Fopt | measured fitness | best measured fitness | x1 | x2...
1 +2.015695843e+02 +2.015695843e+02 +1.978595843e+02 +1.978595843e+02 -1.2626e-01 +1.8843e+00
2 +7.442857300e+01 +7.442857300e+01 +7.071857300e+01 +7.071857300e+01 -3.6607e+00 -3.4667e+00
3 +4.070677898e+01 +4.070677898e+01 +3.699677898e+01 +3.699677898e+01 +2.5576e+00 -2.8111e+00
42 +2.771272997e+01 +2.771272997e+01 +2.400272997e+01 +2.400272997e+01 +1.3946e+00 -2.8324e+00
49 +8.554906206e+00 +8.554906206e+00 +4.844906206e+00 +4.844906206e+00 +2.2673e+00 -2.6125e+00
325 +4.372700225e+00 +4.372700225e+00 +6.627002253e-01 +6.627002253e-01 +2.1405e+00 -2.6350e+00
336 +3.204805963e+00 +3.204805963e+00 -5.051940372e-01 -5.051940372e-01 +2.1799e+00 -2.6025e+00
465 +2.398441422e+00 +2.398441422e+00 -1.311558578e+00 -1.311558578e+00 +2.1499e+00 -2.6123e+00
882 +1.291805419e+00 +1.291805419e+00 -2.418194581e+00 -2.418194581e+00 +3.0927e+00 -1.9807e+00
1359 +9.966453912e-01 +9.966453912e-01 -2.713354609e+00 -2.713354609e+00 +3.1172e+00 -1.9898e+00
5338 +4.417354072e-01 +4.417354072e-01 -3.268264593e+00 -3.268264593e+00 +3.1027e+00 -2.2815e+00
5453 +3.524631267e-01 +3.524631267e-01 -3.357536873e+00 -3.357536873e+00 +3.0960e+00 -2.2842e+00
5486 +6.789434543e-02 +6.789434543e-02 -3.642105655e+00 -3.642105655e+00 +3.1037e+00 -2.2925e+00
5544 +1.709041424e-02 +1.709041424e-02 -3.692909586e+00 -3.692909586e+00 +3.1106e+00 -2.2962e+00
5671 +1.404213380e-02 +1.404213380e-02 -3.695957866e+00 -3.695957866e+00 +3.1110e+00 -2.2948e+00
5786 +1.736520412e-03 +1.736520412e-03 -3.708263480e+00 -3.708263480e+00 +3.1184e+00 -2.2944e+00
5851 +1.412140806e-03 +1.412140806e-03 -3.708587859e+00 -3.708587859e+00 +3.1184e+00 -2.2945e+00
6213 +9.434845581e-04 +9.434845581e-04 -3.709056515e+00 -3.709056515e+00 +3.1185e+00 -2.2947e+00
6373 +6.010322176e-04 +6.010322176e-04 -3.709398968e+00 -3.709398968e+00 +3.1187e+00 -2.2948e+00
6376 +2.558447158e-04 +2.558447158e-04 -3.709744155e+00 -3.709744155e+00 +3.1189e+00 -2.2953e+00
6432 +2.362373943e-04 +2.362373943e-04 -3.709763763e+00 -3.709763763e+00 +3.1189e+00 -2.2952e+00
6636 +1.452431804e-04 +1.452431804e-04 -3.709854757e+00 -3.709854757e+00 +3.1191e+00 -2.2952e+00
6783 +9.045447045e-05 +9.045447045e-05 -3.709909546e+00 -3.709909546e+00 +3.1193e+00 -2.2952e+00
6827 +5.047731777e-05 +5.047731777e-05 -3.709949523e+00 -3.709949523e+00 +3.1195e+00 -2.2952e+00
6988 +2.555745585e-05 +2.555745585e-05 -3.709974443e+00 -3.709974443e+00 +3.1197e+00 -2.2951e+00
6989 +2.483793464e-05 +2.483793464e-05 -3.709975162e+00 -3.709975162e+00 +3.1198e+00 -2.2953e+00
7009 +7.146704956e-06 +7.146704956e-06 -3.709992853e+00 -3.709992853e+00 +3.1199e+00 -2.2952e+00
7137 +2.595894704e-06 +2.595894704e-06 -3.709997404e+00 -3.709997404e+00 +3.1199e+00 -2.2952e+00
7231 +9.808994927e-07 +9.808994927e-07 -3.709999019e+00 -3.709999019e+00 +3.1199e+00 -2.2952e+00
7651 +3.286570927e-07 +3.286570927e-07 -3.709999671e+00 -3.709999671e+00 +3.1200e+00 -2.2952e+00
7681 +1.246514825e-07 +1.246514825e-07 -3.709999875e+00 -3.709999875e+00 +3.1200e+00 -2.2952e+00
7832 +9.975954995e-08 +9.975954995e-08 -3.709999900e+00 -3.709999900e+00 +3.1200e+00 -2.2952e+00
8382 +4.738154846e-08 +4.738154846e-08 -3.709999953e+00 -3.709999953e+00 +3.1200e+00 -2.2952e+00
8564 +3.910206958e-08 +3.910206958e-08 -3.709999961e+00 -3.709999961e+00 +3.1200e+00 -2.2952e+00
8612 +2.057736115e-08 +2.057736115e-08 -3.709999979e+00 -3.709999979e+00 +3.1200e+00 -2.2952e+00
8684 +1.343392420e-08 +1.343392420e-08 -3.709999987e+00 -3.709999987e+00 +3.1200e+00 -2.2952e+00
8735 +9.791273570e-09 +9.791273570e-09 -3.709999990e+00 -3.709999990e+00 +3.1200e+00 -2.2952e+00
8748 +5.047683160e-09 +5.047683160e-09 -3.709999995e+00 -3.709999995e+00 +3.1200e+00 -2.2952e+00
% function evaluation | noise-free fitness - Fopt (1.321800000000e+02) | best noise-free fitness - Fopt | measured fitness | best measured fitness | x1 | x2...
1 +2.223275345e+01 +2.223275345e+01 +1.544127535e+02 +1.544127535e+02 +3.0377e+00 +7.5369e-01
117 +6.893284535e+00 +6.893284535e+00 +1.390732845e+02 +1.390732845e+02 +3.7474e+00 +2.0994e+00
321 +5.954517246e+00 +5.954517246e+00 +1.381345172e+02 +1.381345172e+02 +3.7368e+00 +2.0903e+00
363 +1.692925488e+00 +1.692925488e+00 +1.338729255e+02 +1.338729255e+02 +3.7026e+00 +1.7920e+00
508 +1.565409251e+00 +1.565409251e+00 +1.337454093e+02 +1.337454093e+02 +3.7117e+00 +1.7913e+00
1651 +9.962730078e-01 +9.962730078e-01 +1.331762730e+02 +1.331762730e+02 +3.7633e+00 +1.7888e+00
11066 +3.986783015e-01 +3.986783015e-01 +1.325786783e+02 +1.325786783e+02 +3.7385e+00 +1.4941e+00
11086 +1.714625157e-01 +1.714625157e-01 +1.323514625e+02 +1.323514625e+02 +3.7613e+00 +1.4915e+00
11152 +1.057798610e-01 +1.057798610e-01 +1.322857799e+02 +1.322857799e+02 +3.7478e+00 +1.4874e+00
11162 +8.685980753e-03 +8.685980753e-03 +1.321886860e+02 +1.321886860e+02 +3.7604e+00 +1.4841e+00
11407 +5.930911310e-03 +5.930911310e-03 +1.321859309e+02 +1.321859309e+02 +3.7606e+00 +1.4838e+00
11473 +2.870729719e-03 +2.870729719e-03 +1.321828707e+02 +1.321828707e+02 +3.7643e+00 +1.4833e+00
11598 +1.848811199e-03 +1.848811199e-03 +1.321818488e+02 +1.321818488e+02 +3.7642e+00 +1.4833e+00
11609 +1.555939367e-03 +1.555939367e-03 +1.321815559e+02 +1.321815559e+02 +3.7640e+00 +1.4833e+00
11782 +9.499874060e-04 +9.499874060e-04 +1.321809500e+02 +1.321809500e+02 +3.7640e+00 +1.4831e+00
11901 +5.767746073e-04 +5.767746073e-04 +1.321805768e+02 +1.321805768e+02 +3.7639e+00 +1.4829e+00
11960 +3.199463027e-04 +3.199463027e-04 +1.321803199e+02 +1.321803199e+02 +3.7640e+00 +1.4828e+00
12004 +1.023252816e-04 +1.023252816e-04 +1.321801023e+02 +1.321801023e+02 +3.7640e+00 +1.4826e+00
12039 +9.923895141e-05 +9.923895141e-05 +1.321800992e+02 +1.321800992e+02 +3.7639e+00 +1.4826e+00
12073 +4.479013535e-05 +4.479013535e-05 +1.321800448e+02 +1.321800448e+02 +3.7639e+00 +1.4826e+00
12124 +2.585092980e-05 +2.585092980e-05 +1.321800259e+02 +1.321800259e+02 +3.7640e+00 +1.4825e+00
12214 +3.117686987e-06 +3.117686987e-06 +1.321800031e+02 +1.321800031e+02 +3.7640e+00 +1.4824e+00
12292 +1.140544725e-06 +1.140544725e-06 +1.321800011e+02 +1.321800011e+02 +3.7639e+00 +1.4824e+00
12520 +3.503678272e-07 +3.503678272e-07 +1.321800004e+02 +1.321800004e+02 +3.7640e+00 +1.4824e+00
12563 +1.884749281e-07 +1.884749281e-07 +1.321800002e+02 +1.321800002e+02 +3.7640e+00 +1.4824e+00
12627 +1.360645285e-07 +1.360645285e-07 +1.321800001e+02 +1.321800001e+02 +3.7640e+00 +1.4824e+00
12859 +9.307274240e-08 +9.307274240e-08 +1.321800001e+02 +1.321800001e+02 +3.7640e+00 +1.4824e+00
12959 +5.805523529e-08 +5.805523529e-08 +1.321800001e+02 +1.321800001e+02 +3.7640e+00 +1.4824e+00
13042 +3.557332207e-08 +3.557332207e-08 +1.321800000e+02 +1.321800000e+02 +3.7640e+00 +1.4824e+00
13232 +2.035554303e-08 +2.035554303e-08 +1.321800000e+02 +1.321800000e+02 +3.7640e+00 +1.4824e+00
13253 +1.366879587e-08 +1.366879587e-08 +1.321800000e+02 +1.321800000e+02 +3.7640e+00 +1.4824e+00
13280 +8.146940900e-09 +8.146940900e-09 +1.321800000e+02 +1.321800000e+02 +3.7640e+00 +1.4824e+00
% function evaluation | noise-free fitness - Fopt (-5.847300000000e+02) | best noise-free fitness - Fopt | measured fitness | best measured fitness | x1 | x2...
1 +6.458583705e+02 +6.458583705e+02 +6.112837051e+01 +6.112837051e+01 +9.8708e-01 +4.6966e+00
2 +9.115602265e+01 +9.115602265e+01 -4.935739773e+02 -4.935739773e+02 -4.7419e-01 -2.5119e-01
15 +3.006839299e+01 +3.006839299e+01 -5.546616070e+02 -5.546616070e+02 +1.2935e+00 -2.9549e+00
18 +1.116141007e+01 +1.116141007e+01 -5.735685899e+02 -5.735685899e+02 +8.4037e-01 -3.3802e+00
208 +9.235976520e+00 +9.235976520e+00 -5.754940235e+02 -5.754940235e+02 +1.5095e+00 -3.3483e+00
339 +3.596167893e+00 +3.596167893e+00 -5.811338321e+02 -5.811338321e+02 +1.5942e+00 -3.3270e+00
499 +2.488285698e+00 +2.488285698e+00 -5.822417143e+02 -5.822417143e+02 +1.6159e+00 -3.3349e+00
1678 +1.525088805e+00 +1.525088805e+00 -5.832049112e+02 -5.832049112e+02 +1.6148e+00 -3.0241e+00
2221 +9.966903223e-01 +9.966903223e-01 -5.837333097e+02 -5.837333097e+02 +1.6510e+00 -3.0300e+00
% function evaluation | noise-free fitness - Fopt (-3.654000000000e+01) | best noise-free fitness - Fopt | measured fitness | best measured fitness | x1 | x2...
1 +4.240666189e+02 +4.240666189e+02 +3.875266189e+02 +3.875266189e+02 -3.9719e+00 +3.9023e+00
4 +2.205901480e+02 +2.205901480e+02 +1.840501480e+02 +1.840501480e+02 +1.2000e+00 +1.2890e+00
7 +1.067687658e+02 +1.067687658e+02 +7.022876580e+01 +7.022876580e+01 -2.3149e+00 +2.5133e-01
12 +6.350723433e+01 +6.350723433e+01 +2.696723433e+01 +2.696723433e+01 -3.8572e+00 -3.9274e+00
13 +2.599954771e+01 +2.599954771e+01 -1.054045229e+01 -1.054045229e+01 -1.8148e+00 -3.2565e+00
32 +1.886505663e+01 +1.886505663e+01 -1.767494337e+01 -1.767494337e+01 -1.4699e+00 -2.9696e+00
127 +1.483239436e+01 +1.483239436e+01 -2.170760564e+01 -2.170760564e+01 -6.0806e-01 -1.9651e+00
299 +6.185128643e+00 +6.185128643e+00 -3.035487136e+01 -3.035487136e+01 -1.7806e+00 -1.9000e+00
360 +2.606594420e+00 +2.606594420e+00 -3.393340558e+01 -3.393340558e+01 +1.9764e-01 -2.5180e+00
451 +2.401876580e+00 +2.401876580e+00 -3.413812342e+01 -3.413812342e+01 +2.0850e-01 -2.5292e+00
461 +1.503637292e+00 +1.503637292e+00 -3.503636271e+01 -3.503636271e+01 +1.9930e-01 -2.5294e+00
747 +9.996198703e-01 +9.996198703e-01 -3.554038013e+01 -3.554038013e+01 +1.9864e-01 -2.5424e+00
% function evaluation | noise-free fitness - Fopt (1.000000000000e+03) | best noise-free fitness - Fopt | measured fitness | best measured fitness | x1 | x2...
1 +1.699426346e+02 +1.699426346e+02 +1.169942635e+03 +1.169942635e+03 -3.5662e+00 +3.0134e+00
3 +1.085996971e+02 +1.085996971e+02 +1.108599697e+03 +1.108599697e+03 -3.0548e+00 +1.4958e+00
4 +6.167297097e+01 +6.167297097e+01 +1.061672971e+03 +1.061672971e+03 -4.5871e+00 -1.3026e+00
9 +3.977363113e+01 +3.977363113e+01 +1.039773631e+03 +1.039773631e+03 -2.6091e+00 +3.2794e-01
76 +2.181938436e+01 +2.181938436e+01 +1.021819384e+03 +1.021819384e+03 +1.5454e+00 -3.4819e-01
181 +1.257523873e+01 +1.257523873e+01 +1.012575239e+03 +1.012575239e+03 -5.4837e-01 -1.4693e+00
270 +6.675807400e+00 +6.675807400e+00 +1.006675807e+03 +1.006675807e+03 +1.4925e+00 -2.1448e-01
321 +5.879595702e+00 +5.879595702e+00 +1.005879596e+03 +1.005879596e+03 +1.4899e+00 -2.2360e-01
774 +3.851576855e+00 +3.851576855e+00 +1.003851577e+03 +1.003851577e+03 +1.4647e+00 -5.3227e-01
787 +1.278160318e+00 +1.278160318e+00 +1.001278160e+03 +1.001278160e+03 +1.5411e+00 -5.2084e-01
1008 +9.999960942e-01 +9.999960942e-01 +1.000999996e+03 +1.000999996e+03 +1.5706e+00 -5.1375e-01
1637 +2.185126987e-01 +2.185126987e-01 +1.000218513e+03 +1.000218513e+03 +1.5455e+00 -8.1456e-01
1792 +8.829872978e-02 +8.829872978e-02 +1.000088299e+03 +1.000088299e+03 +1.5520e+00 -8.1955e-01
1803 +1.400915003e-02 +1.400915003e-02 +1.000014009e+03 +1.000014009e+03 +1.5640e+00 -8.2006e-01
1979 +7.861377529e-03 +7.861377529e-03 +1.000007861e+03 +1.000007861e+03 +1.5698e+00 -8.2259e-01
2004 +2.406127648e-03 +2.406127648e-03 +1.000002406e+03 +1.000002406e+03 +1.5695e+00 -8.2067e-01
2341 +1.265275446e-03 +1.265275446e-03 +1.000001265e+03 +1.000001265e+03 +1.5731e+00 -8.2094e-01
2357 +7.274548966e-05 +7.274548966e-05 +1.000000073e+03 +1.000000073e+03 +1.5728e+00 -8.2093e-01
2398 +2.501147753e-05 +2.501147753e-05 +1.000000025e+03 +1.000000025e+03 +1.5727e+00 -8.2090e-01
2421 +4.584926501e-07 +4.584926501e-07 +1.000000000e+03 +1.000000000e+03 +1.5728e+00 -8.2081e-01
2589 +3.762622782e-07 +3.762622782e-07 +1.000000000e+03 +1.000000000e+03 +1.5728e+00 -8.2081e-01
2869 +1.566070296e-07 +1.566070296e-07 +1.000000000e+03 +1.000000000e+03 +1.5728e+00 -8.2079e-01
3029 +5.783249435e-09 +5.783249435e-09 +1.000000000e+03 +1.000000000e+03 +1.5728e+00 -8.2080e-01
% function evaluation | noise-free fitness - Fopt (4.661000000000e+01) | best noise-free fitness - Fopt | measured fitness | best measured fitness | x1 | x2...
1 +1.681745426e+03 +1.681745426e+03 +1.728355426e+03 +1.728355426e+03 +4.6408e+00 -1.0051e+00
2 +8.227514706e+02 +8.227514706e+02 +8.693614706e+02 +8.693614706e+02 -1.7344e+00 -4.9944e+00
4 +1.142394455e+02 +1.142394455e+02 +1.608494455e+02 +1.608494455e+02 -1.2930e+00 +6.6497e-01
9 +3.189274649e+01 +3.189274649e+01 +7.850274649e+01 +7.850274649e+01 -2.5118e+00 +3.9910e+00
25 +1.413292013e+01 +1.413292013e+01 +6.074292013e+01 +6.074292013e+01 +6.8610e-01 +3.1739e+00
276 +9.820384214e+00 +9.820384214e+00 +5.643038421e+01 +5.643038421e+01 -1.1998e+00 +4.2931e+00
332 +5.799601153e+00 +5.799601153e+00 +5.240960115e+01 +5.240960115e+01 -1.1647e+00 +4.2461e+00
827 +3.260195899e+00 +3.260195899e+00 +4.987019590e+01 +4.987019590e+01 -2.0121e-01 +4.2100e+00
1024 +2.321292205e+00 +2.321292205e+00 +4.893129221e+01 +4.893129221e+01 -1.3715e-01 +4.2338e+00
1767 +1.036843420e+00 +1.036843420e+00 +4.764684342e+01 +4.764684342e+01 +7.8565e-01 +3.9048e+00
1846 +8.361883907e-01 +8.361883907e-01 +4.744618839e+01 +4.744618839e+01 +7.8135e-01 +3.9090e+00
1896 +5.116708199e-01 +5.116708199e-01 +4.712167082e+01 +4.712167082e+01 +7.9064e-01 +3.9148e+00
1901 +1.907523330e-01 +1.907523330e-01 +4.680075233e+01 +4.680075233e+01 +8.1620e-01 +3.9124e+00
1994 +1.041146268e-01 +1.041146268e-01 +4.671411463e+01 +4.671411463e+01 +8.1365e-01 +3.9181e+00
2101 +8.835572321e-02 +8.835572321e-02 +4.669835572e+01 +4.669835572e+01 +8.1432e-01 +3.9220e+00
2114 +3.935122796e-02 +3.935122796e-02 +4.664935123e+01 +4.664935123e+01 +8.2789e-01 +3.9172e+00
2135 +1.064951412e-02 +1.064951412e-02 +4.662064951e+01 +4.662064951e+01 +8.2903e-01 +3.9221e+00
2407 +9.927020020e-03 +9.927020020e-03 +4.661992702e+01 +4.661992702e+01 +8.2921e-01 +3.9219e+00
2657 +3.596670180e-03 +3.596670180e-03 +4.661359667e+01 +4.661359667e+01 +8.3384e-01 +3.9195e+00
2836 +2.304761832e-03 +2.304761832e-03 +4.661230476e+01 +4.661230476e+01 +8.3382e-01 +3.9198e+00
2973 +1.578743119e-03 +1.578743119e-03 +4.661157874e+01 +4.661157874e+01 +8.3407e-01 +3.9199e+00
3243 +9.256467847e-04 +9.256467847e-04 +4.661092565e+01 +4.661092565e+01 +8.3415e-01 +3.9202e+00
3373 +4.635704665e-04 +4.635704665e-04 +4.661046357e+01 +4.661046357e+01 +8.3436e-01 +3.9204e+00
3408 +3.137398757e-04 +3.137398757e-04 +4.661031374e+01 +4.661031374e+01 +8.3451e-01 +3.9205e+00
3463 +1.630966909e-04 +1.630966909e-04 +4.661016310e+01 +4.661016310e+01 +8.3460e-01 +3.9206e+00
3489 +1.286980836e-04 +1.286980836e-04 +4.661012870e+01 +4.661012870e+01 +8.3443e-01 +3.9207e+00
3506 +7.120620728e-05 +7.120620728e-05 +4.661007121e+01 +4.661007121e+01 +8.3468e-01 +3.9207e+00
3706 +4.367768948e-05 +4.367768948e-05 +4.661004368e+01 +4.661004368e+01 +8.3477e-01 +3.9208e+00
3869 +3.883285550e-05 +3.883285550e-05 +4.661003883e+01 +4.661003883e+01 +8.3483e-01 +3.9209e+00
4030 +2.327875080e-05 +2.327875080e-05 +4.661002328e+01 +4.661002328e+01 +8.3490e-01 +3.9209e+00
4048 +1.087875363e-05 +1.087875363e-05 +4.661001088e+01 +4.661001088e+01 +8.3505e-01 +3.9209e+00
4096 +7.218017998e-06 +7.218017998e-06 +4.661000722e+01 +4.661000722e+01 +8.3503e-01 +3.9208e+00
4122 +5.290375434e-06 +5.290375434e-06 +4.661000529e+01 +4.661000529e+01 +8.3515e-01 +3.9208e+00
4137 +3.235682009e-06 +3.235682009e-06 +4.661000324e+01 +4.661000324e+01 +8.3513e-01 +3.9208e+00
4194 +6.384087143e-07 +6.384087143e-07 +4.661000064e+01 +4.661000064e+01 +8.3515e-01 +3.9208e+00
4382 +5.725645238e-07 +5.725645238e-07 +4.661000057e+01 +4.661000057e+01 +8.3515e-01 +3.9208e+00
4734 +1.908526883e-07 +1.908526883e-07 +4.661000019e+01 +4.661000019e+01 +8.3517e-01 +3.9208e+00
4985 +1.536456509e-07 +1.536456509e-07 +4.661000015e+01 +4.661000015e+01 +8.3517e-01 +3.9208e+00
5002 +5.679408588e-08 +5.679408588e-08 +4.661000006e+01 +4.661000006e+01 +8.3518e-01 +3.9208e+00
5466 +3.841812912e-08 +3.841812912e-08 +4.661000004e+01 +4.661000004e+01 +8.3519e-01 +3.9208e+00
5841 +2.127763565e-08 +2.127763565e-08 +4.661000002e+01 +4.661000002e+01 +8.3519e-01 +3.9208e+00
5900 +1.255924786e-08 +1.255924786e-08 +4.661000001e+01 +4.661000001e+01 +8.3519e-01 +3.9208e+00
6019 +7.469417085e-09 +7.469417085e-09 +4.661000001e+01 +4.661000001e+01 +8.3519e-01 +3.9208e+00
% function evaluation | noise-free fitness - Fopt (-2.643100000000e+02) | best noise-free fitness - Fopt | measured fitness | best measured fitness | x1 | x2...
1 +2.879415735e+02 +2.879415735e+02 +2.363157349e+01 +2.363157349e+01 +4.3541e-01 +3.7308e+00
4 +3.581617194e+01 +3.581617194e+01 -2.284938281e+02 -2.284938281e+02 -4.8268e-01 -1.3731e+00
20 +2.476920410e+01 +2.476920410e+01 -2.395407959e+02 -2.395407959e+02 -8.9381e-01 -1.1819e+00
25 +1.527428133e+01 +1.527428133e+01 -2.490357187e+02 -2.490357187e+02 +1.0835e+00 -1.2019e+00
93 +9.635097652e+00 +9.635097652e+00 -2.546749023e+02 -2.546749023e+02 +2.1032e+00 -1.4740e+00
158 +3.368160878e+00 +3.368160878e+00 -2.609418391e+02 -2.609418391e+02 +2.3175e+00 -1.4362e+00
181 +2.190069082e+00 +2.190069082e+00 -2.621199309e+02 -2.621199309e+02 +3.1714e+00 -1.1608e+00
423 +1.551535416e+00 +1.551535416e+00 -2.627584646e+02 -2.627584646e+02 +3.1984e+00 -1.1523e+00
784 +9.956904923e-01 +9.956904923e-01 -2.633143095e+02 -2.633143095e+02 +3.2492e+00 -1.1519e+00
% function evaluation | noise-free fitness - Fopt (7.273000000000e+01) | best noise-free fitness - Fopt | measured fitness | best measured fitness | x1 | x2...
1 +4.946226586e+00 +4.946226586e+00 +7.767622659e+01 +7.767622659e+01 +2.4287e+00 -2.2687e+00
335 +3.917278217e+00 +3.917278217e+00 +7.664727822e+01 +7.664727822e+01 +2.4448e+00 -2.2767e+00
359 +7.574733765e-01 +7.574733765e-01 +7.348747338e+01 +7.348747338e+01 +2.5179e+00 -2.2716e+00
474 +6.087181208e-01 +6.087181208e-01 +7.333871812e+01 +7.333871812e+01 +2.5271e+00 -2.2791e+00
711 +3.103211880e-01 +3.103211880e-01 +7.304032119e+01 +7.304032119e+01 +2.5457e+00 -2.2779e+00
745 +2.368138860e-01 +2.368138860e-01 +7.296681389e+01 +7.296681389e+01 +2.5495e+00 -2.2770e+00
790 +8.428360396e-02 +8.428360396e-02 +7.281428360e+01 +7.281428360e+01 +2.5645e+00 -2.2727e+00
868 +2.828416870e-02 +2.828416870e-02 +7.275828417e+01 +7.275828417e+01 +2.5710e+00 -2.2745e+00
909 +8.824088747e-03 +8.824088747e-03 +7.273882409e+01 +7.273882409e+01 +2.5804e+00 -2.2781e+00
1153 +3.102963157e-03 +3.102963157e-03 +7.273310296e+01 +7.273310296e+01 +2.5793e+00 -2.2752e+00
1218 +1.197486114e-03 +1.197486114e-03 +7.273119749e+01 +7.273119749e+01 +2.5812e+00 -2.2767e+00
1304 +8.959089115e-04 +8.959089115e-04 +7.273089591e+01 +7.273089591e+01 +2.5814e+00 -2.2766e+00
1337 +6.087483003e-04 +6.087483003e-04 +7.273060875e+01 +7.273060875e+01 +2.5815e+00 -2.2764e+00
1409 +3.642424118e-04 +3.642424118e-04 +7.273036424e+01 +7.273036424e+01 +2.5814e+00 -2.2763e+00
1497 +1.761222848e-04 +1.761222848e-04 +7.273017612e+01 +7.273017612e+01 +2.5817e+00 -2.2762e+00
1603 +1.489684423e-04 +1.489684423e-04 +7.273014897e+01 +7.273014897e+01 +2.5818e+00 -2.2762e+00
1696 +9.727396699e-05 +9.727396699e-05 +7.273009727e+01 +7.273009727e+01 +2.5818e+00 -2.2761e+00
1866 +3.497761568e-05 +3.497761568e-05 +7.273003498e+01 +7.273003498e+01 +2.5820e+00 -2.2760e+00
2002 +1.894998272e-05 +1.894998272e-05 +7.273001895e+01 +7.273001895e+01 +2.5821e+00 -2.2760e+00
2055 +1.382558882e-05 +1.382558882e-05 +7.273001383e+01 +7.273001383e+01 +2.5821e+00 -2.2760e+00
2102 +9.079983911e-06 +9.079983911e-06 +7.273000908e+01 +7.273000908e+01 +2.5822e+00 -2.2760e+00
2126 +1.561944742e-07 +1.561944742e-07 +7.273000016e+01 +7.273000016e+01 +2.5824e+00 -2.2760e+00
2408 +8.428573040e-08 +8.428573040e-08 +7.273000008e+01 +7.273000008e+01 +2.5824e+00 -2.2760e+00
2539 +2.073073802e-08 +2.073073802e-08 +7.273000002e+01 +7.273000002e+01 +2.5824e+00 -2.2760e+00
2651 +1.557344831e-08 +1.557344831e-08 +7.273000002e+01 +7.273000002e+01 +2.5824e+00 -2.2760e+00
2750 +8.231836546e-09 +8.231836546e-09 +7.273000001e+01 +7.273000001e+01 +2.5824e+00 -2.2760e+00
% function evaluation | noise-free fitness - Fopt (1.368700000000e+02) | best noise-free fitness - Fopt | measured fitness | best measured fitness | x1 | x2...
1 +1.260268310e+01 +1.260268310e+01 +1.494726831e+02 +1.494726831e+02 +1.8330e+00 +3.6470e+00
66 +8.316692434e+00 +8.316692434e+00 +1.451866924e+02 +1.451866924e+02 +1.5507e+00 +3.9743e+00
417 +6.093076458e+00 +6.093076458e+00 +1.429630765e+02 +1.429630765e+02 +1.5976e+00 +3.9431e+00
563 +3.134092738e+00 +3.134092738e+00 +1.400040927e+02 +1.400040927e+02 +2.4785e+00 +3.6375e+00
670 +2.155117481e+00 +2.155117481e+00 +1.390251175e+02 +1.390251175e+02 +2.4839e+00 +3.6310e+00
754 +1.335430454e+00 +1.335430454e+00 +1.382054305e+02 +1.382054305e+02 +2.4912e+00 +3.6152e+00
1244 +9.950630525e-01 +9.950630525e-01 +1.378650631e+02 +1.378650631e+02 +2.5191e+00 +3.6121e+00
% function evaluation | noise-free fitness - Fopt (2.196000000000e+01) | best noise-free fitness - Fopt | measured fitness | best measured fitness | x1 | x2...
1 +1.877088219e+02 +1.877088219e+02 +2.096688219e+02 +2.096688219e+02 +4.4512e+00 +3.0328e-01
5 +4.202890278e+01 +4.202890278e+01 +6.398890278e+01 +6.398890278e+01 +3.4188e+00 +1.0003e+00
9 +1.858692411e-01 +1.858692411e-01 +2.214586924e+01 +2.214586924e+01 +3.2644e+00 -6.3830e-01
356 +1.740283469e-02 +1.740283469e-02 +2.197740283e+01 +2.197740283e+01 +3.2937e+00 -6.3278e-01
398 +1.516405578e-02 +1.516405578e-02 +2.197516406e+01 +2.197516406e+01 +3.2936e+00 -6.3296e-01
399 +6.256955383e-03 +6.256955383e-03 +2.196625696e+01 +2.196625696e+01 +3.2900e+00 -6.3731e-01
492 +2.342614705e-03 +2.342614705e-03 +2.196234261e+01 +2.196234261e+01 +3.2903e+00 -6.3598e-01
593 +1.333353659e-03 +1.333353659e-03 +2.196133335e+01 +2.196133335e+01 +3.2929e+00 -6.3519e-01
753 +5.801103189e-04 +5.801103189e-04 +2.196058011e+01 +2.196058011e+01 +3.2929e+00 -6.3550e-01
865 +3.772682996e-04 +3.772682996e-04 +2.196037727e+01 +2.196037727e+01 +3.2930e+00 -6.3563e-01
925 +2.307646202e-04 +2.307646202e-04 +2.196023076e+01 +2.196023076e+01 +3.2928e+00 -6.3575e-01
1078 +1.580285740e-04 +1.580285740e-04 +2.196015803e+01 +2.196015803e+01 +3.2931e+00 -6.3578e-01
1088 +7.996805106e-05 +7.996805106e-05 +2.196007997e+01 +2.196007997e+01 +3.2933e+00 -6.3583e-01
1147 +2.083633508e-05 +2.083633508e-05 +2.196002084e+01 +2.196002084e+01 +3.2933e+00 -6.3596e-01
1301 +9.985159007e-06 +9.985159007e-06 +2.196000999e+01 +2.196000999e+01 +3.2934e+00 -6.3597e-01
1430 +3.125635931e-06 +3.125635931e-06 +2.196000313e+01 +2.196000313e+01 +3.2935e+00 -6.3599e-01
1518 +8.178265354e-07 +8.178265354e-07 +2.196000082e+01 +2.196000082e+01 +3.2935e+00 -6.3600e-01
1882 +1.061142711e-07 +1.061142711e-07 +2.196000011e+01 +2.196000011e+01 +3.2936e+00 -6.3600e-01
2016 +9.822928249e-08 +9.822928249e-08 +2.196000010e+01 +2.196000010e+01 +3.2936e+00 -6.3600e-01
2783 +6.251006468e-08 +6.251006468e-08 +2.196000006e+01 +2.196000006e+01 +3.2936e+00 -6.3600e-01
3169 +3.814661653e-08 +3.814661653e-08 +2.196000004e+01 +2.196000004e+01 +3.2936e+00 -6.3600e-01
3178 +8.512831329e-09 +8.512831329e-09 +2.196000001e+01 +2.196000001e+01 +3.2936e+00 -6.3600e-01
% function evaluation | noise-free fitness - Fopt (-2.139000000000e+01) | best noise-free fitness - Fopt | measured fitness | best measured fitness | x1 | x2...
1 +1.006600099e+02 +1.006600099e+02 +7.927000989e+01 +7.927000989e+01 -2.5631e+00 +1.1707e+00
3 +9.417780816e+01 +9.417780816e+01 +7.278780816e+01 +7.278780816e+01 -4.5519e+00 +2.9628e+00
11 +6.062666723e+01 +6.062666723e+01 +3.923666723e+01 +3.923666723e+01 +3.1767e+00 +4.8701e+00
22 +3.827020814e+01 +3.827020814e+01 +1.688020814e+01 +1.688020814e+01 -3.1444e+00 +3.1398e+00
57 +2.418104221e+01 +2.418104221e+01 +2.791042211e+00 +2.791042211e+00 +2.5274e+00 +2.1609e+00
90 +5.030286983e+00 +5.030286983e+00 -1.635971302e+01 -1.635971302e+01 +3.1240e+00 +2.1190e+00
999 +3.979943969e+00 +3.979943969e+00 -1.741005603e+01 -1.741005603e+01 +3.2033e+00 +2.1150e+00
1572 +2.271524521e+00 +2.271524521e+00 -1.911847548e+01 -1.911847548e+01 +3.1498e+00 +2.8315e+00
1609 +1.461858917e+00 +1.461858917e+00 -1.992814108e+01 -1.992814108e+01 +3.1520e+00 +2.8238e+00
1644 +8.444071456e-01 +8.444071456e-01 -2.054559285e+01 -2.054559285e+01 +3.1637e+00 +2.8183e+00
1648 +5.366256325e-01 +5.366256325e-01 -2.085337437e+01 -2.085337437e+01 +3.1636e+00 +2.8114e+00
1655 +2.988402229e-01 +2.988402229e-01 -2.109115978e+01 -2.109115978e+01 +3.1826e+00 +2.8127e+00
1669 +1.809684667e-01 +1.809684667e-01 -2.120903153e+01 -2.120903153e+01 +3.1772e+00 +2.7984e+00
1703 +1.483987305e-01 +1.483987305e-01 -2.124160127e+01 -2.124160127e+01 +3.1822e+00 +2.8079e+00
1759 +1.394779932e-02 +1.394779932e-02 -2.137605220e+01 -2.137605220e+01 +3.1989e+00 +2.8003e+00
1845 +6.098626206e-03 +6.098626206e-03 -2.138390137e+01 -2.138390137e+01 +3.1988e+00 +2.8022e+00
1909 +3.890559736e-03 +3.890559736e-03 -2.138610944e+01 -2.138610944e+01 +3.2044e+00 +2.8021e+00
2034 +1.862986348e-03 +1.862986348e-03 -2.138813701e+01 -2.138813701e+01 +3.2043e+00 +2.8022e+00
2081 +1.255960118e-03 +1.255960118e-03 -2.138874404e+01 -2.138874404e+01 +3.2042e+00 +2.8020e+00
2086 +9.734693972e-04 +9.734693972e-04 -2.138902653e+01 -2.138902653e+01 +3.2042e+00 +2.8022e+00
2097 +8.609409128e-05 +8.609409128e-05 -2.138991391e+01 -2.138991391e+01 +3.2035e+00 +2.8023e+00
2140 +5.963988225e-05 +5.963988225e-05 -2.138994036e+01 -2.138994036e+01 +3.2035e+00 +2.8024e+00
2260 +2.725986887e-05 +2.725986887e-05 -2.138997274e+01 -2.138997274e+01 +3.2038e+00 +2.8023e+00
2296 +2.333937884e-05 +2.333937884e-05 -2.138997666e+01 -2.138997666e+01 +3.2037e+00 +2.8024e+00
2368 +1.199765507e-05 +1.199765507e-05 -2.138998800e+01 -2.138998800e+01 +3.2038e+00 +2.8025e+00
2376 +6.937658352e-06 +6.937658352e-06 -2.138999306e+01 -2.138999306e+01 +3.2038e+00 +2.8024e+00
2400 +5.222797515e-06 +5.222797515e-06 -2.138999478e+01 -2.138999478e+01 +3.2038e+00 +2.8024e+00
2495 +2.960442998e-06 +2.960442998e-06 -2.138999704e+01 -2.138999704e+01 +3.2039e+00 +2.8024e+00
2630 +9.863990940e-07 +9.863990940e-07 -2.138999901e+01 -2.138999901e+01 +3.2040e+00 +2.8024e+00
2751 +3.634371168e-07 +3.634371168e-07 -2.138999964e+01 -2.138999964e+01 +3.2040e+00 +2.8024e+00
3006 +2.472543201e-07 +2.472543201e-07 -2.138999975e+01 -2.138999975e+01 +3.2040e+00 +2.8024e+00
3229 +1.145347106e-07 +1.145347106e-07 -2.138999989e+01 -2.138999989e+01 +3.2040e+00 +2.8024e+00
3573 +9.896322695e-08 +9.896322695e-08 -2.138999990e+01 -2.138999990e+01 +3.2040e+00 +2.8024e+00
4254 +5.797421565e-08 +5.797421565e-08 -2.138999994e+01 -2.138999994e+01 +3.2040e+00 +2.8024e+00
4485 +3.812906968e-08 +3.812906968e-08 -2.138999996e+01 -2.138999996e+01 +3.2040e+00 +2.8024e+00
4523 +2.173207037e-08 +2.173207037e-08 -2.138999998e+01 -2.138999998e+01 +3.2040e+00 +2.8024e+00
4668 +1.582125364e-08 +1.582125364e-08 -2.138999998e+01 -2.138999998e+01 +3.2040e+00 +2.8024e+00
4704 +6.371422501e-09 +6.371422501e-09 -2.138999999e+01 -2.138999999e+01 +3.2040e+00 +2.8024e+00
% function evaluation | noise-free fitness - Fopt (5.176600000000e+02) | best noise-free fitness - Fopt | measured fitness | best measured fitness | x1 | x2...
1 +2.944997071e+02 +2.944997071e+02 +8.121597071e+02 +8.121597071e+02 -1.2200e+00 -2.1135e+00
2 +1.574915433e+02 +1.574915433e+02 +6.751515433e+02 +6.751515433e+02 -5.0847e-01 -3.1658e-01
4 +6.140091140e+01 +6.140091140e+01 +5.790609114e+02 +5.790609114e+02 -2.4663e+00 +2.3099e+00
12 +2.946836581e+01 +2.946836581e+01 +5.471283658e+02 +5.471283658e+02 +3.7482e+00 +4.2694e+00
15 +1.188354912e+01 +1.188354912e+01 +5.295435491e+02 +5.295435491e+02 +3.6303e+00 +2.8509e+00
299 +6.495005407e+00 +6.495005407e+00 +5.241550054e+02 +5.241550054e+02 +1.9271e+00 +3.4533e+00
307 +5.655002469e+00 +5.655002469e+00 +5.233150025e+02 +5.233150025e+02 +1.9293e+00 +3.4613e+00
424 +2.863038321e+00 +2.863038321e+00 +5.205230383e+02 +5.205230383e+02 +3.8961e+00 +2.8772e+00
475 +1.099695324e+00 +1.099695324e+00 +5.187596953e+02 +5.187596953e+02 +3.8859e+00 +2.8692e+00
876 +9.952465684e-01 +9.952465684e-01 +5.186552466e+02 +5.186552466e+02 +3.8872e+00 +2.8627e+00
