% function evaluation | noise-free fitness - Fopt (1.238300000000e+02) | best noise-free fitness - Fopt | measured fitness | best measured fitness | x1 | x2...
1 +3.182903511e+04 +3.182903511e+04 +3.195286511e+04 +3.195286511e+04 -4.6010e+00 +2.5188e+00 -3.5629e+00 +4.3220e+00 -1.5420e+00
2 +2.077721805e+04 +2.077721805e+04 +2.090104805e+04 +2.090104805e+04 +3.6787e+00 +4.5443e-01 -3.6832e-01 +1.7919e+00 -1.6512e+00
20 +1.294334760e+04 +1.294334760e+04 +1.306717760e+04 +1.306717760e+04 -3.9947e+00 -5.7227e-01 +1.2145e+00 +8.4093e-01 -3.5664e+00
43 +4.626931193e+03 +4.626931193e+03 +4.750761193e+03 +4.750761193e+03 +2.4866e+00 +1.3037e+00 -4.0052e+00 -2.6527e+00 +4.1212e+00
463 +3.942249746e+03 +3.942249746e+03 +4.066079746e+03 +4.066079746e+03 +2.4697e+00 +1.2098e+00 -3.9251e+00 -2.6507e+00 +4.1779e+00
1523 +2.505517765e+03 +2.505517765e+03 +2.629347765e+03 +2.629347765e+03 +2.3873e+00 +9.0692e-01 -3.7337e+00 -2.5659e+00 +4.2467e+00
2610 +1.584847135e+03 +1.584847135e+03 +1.708677135e+03 +1.708677135e+03 +2.2660e+00 +7.5062e-01 -3.4277e+00 -2.5431e+00 +4.3063e+00
2956 +1.830114223e+02 +1.830114223e+02 +3.068414223e+02 +3.068414223e+02 -1.4712e+00 -1.5253e-01 -4.6304e-01 +8.1348e-01 -2.1075e-01
3120 +1.561898257e+02 +1.561898257e+02 +2.800198257e+02 +2.800198257e+02 -1.4122e+00 -1.2468e-01 -4.7049e-01 +8.1518e-01 -2.4580e-01
3572 +9.768100267e+01 +9.768100267e+01 +2.215110027e+02 +2.215110027e+02 -1.2514e+00 -1.1130e-01 -5.5037e-01 +7.5724e-01 -1.8993e-01
3987 +6.232224148e+01 +6.232224148e+01 +1.861522415e+02 +1.861522415e+02 -1.1266e+00 -1.4064e-01 -6.1586e-01 +7.9167e-01 -1.7290e-01
4292 +3.941600344e+01 +3.941600344e+01 +1.632460034e+02 +1.632460034e+02 -1.0348e+00 -1.5549e-01 -6.8978e-01 +8.3313e-01 -1.1151e-01
4647 +2.476113395e+01 +2.476113395e+01 +1.485911340e+02 +1.485911340e+02 -9.6674e-01 -1.5355e-01 -8.0400e-01 +9.0484e-01 -9.2660e-02
5015 +1.575349536e+01 +1.575349536e+01 +1.395834954e+02 +1.395834954e+02 -9.0022e-01 -1.6578e-01 -8.6327e-01 +8.6502e-01 -5.0912e-02
5359 +9.804794353e+00 +9.804794353e+00 +1.336347944e+02 +1.336347944e+02 -8.4752e-01 -1.6456e-01 -9.1919e-01 +8.4467e-01 +1.6525e-02
5676 +6.103283170e+00 +6.103283170e+00 +1.299332832e+02 +1.299332832e+02 -7.6769e-01 -1.6300e-01 -9.7554e-01 +8.1447e-01 +7.3379e-02
14076 +3.976816027e+00 +3.976816027e+00 +1.278068160e+02 +1.278068160e+02 -6.4728e-01 -8.3249e-01 -7.7813e-01 +6.7919e-01 +3.0442e-01
% function evaluation | noise-free fitness - Fopt (4.751000000000e+01) | best noise-free fitness - Fopt | measured fitness | best measured fitness | x1 | x2...
1 +4.471566281e+04 +4.471566281e+04 +4.476317281e+04 +4.476317281e+04 -2.0051e+00 +1.8676e+00 +4.7092e+00 -2.4950e+00 -7.9084e-01
5 +3.688275030e+03 +3.688275030e+03 +3.735785030e+03 +3.735785030e+03 +2.5423e+00 +3.2088e+00 -3.8212e-01 +1.4592e+00 -1.2972e+00
83 +2.102260370e+03 +2.102260370e+03 +2.149770370e+03 +2.149770370e+03 +2.8986e+00 +1.6359e+00 +2.5336e+00 +2.1343e+00 +4.8534e-01
657 +1.580726242e+03 +1.580726242e+03 +1.628236242e+03 +1.628236242e+03 +2.8457e+00 +1.6869e+00 +2.3590e+00 +2.2013e+00 +5.0360e-01
1626 +9.952753531e+02 +9.952753531e+02 +1.042785353e+03 +1.042785353e+03 +2.7264e+00 +1.6681e+00 +2.1278e+00 +2.3945e+00 +4.3441e-01
2655 +6.296893174e+02 +6.296893174e+02 +6.771993174e+02 +6.771993174e+02 +2.6506e+00 +1.6857e+00 +1.8103e+00 +2.4729e+00 +4.6665e-01
4252 +3.956366048e+02 +3.956366048e+02 +4.431466048e+02 +4.431466048e+02 +2.4418e+00 +1.6262e+00 +1.3264e+00 +2.6169e+00 +3.7311e-01
8517 +2.510853820e+02 +2.510853820e+02 +2.985953820e+02 +2.985953820e+02 +1.4779e+00 +1.1435e+00 +9.4150e-01 +2.2415e+00 +5.9058e-02
11594 +1.581919922e+02 +1.581919922e+02 +2.057019922e+02 +2.057019922e+02 +7.8819e-01 +6.5746e-01 +9.4355e-01 +1.7262e+00 +4.1094e-02
13464 +9.940462557e+01 +9.940462557e+01 +1.469146256e+02 +1.469146256e+02 +3.1440e-01 +3.7481e-01 +8.8046e-01 +1.4163e+00 +2.9576e-02
14740 +6.293800881e+01 +6.293800881e+01 +1.104480088e+02 +1.104480088e+02 +4.9475e-02 +1.9729e-01 +8.3308e-01 +1.1397e+00 +6.1553e-03
15710 +3.980913654e+01 +3.980913654e+01 +8.731913654e+01 +8.731913654e+01 -1.4282e-01 +5.9903e-02 +7.8443e-01 +9.5428e-01 +1.8519e-02
16323 +2.487055857e+01 +2.487055857e+01 +7.238055857e+01 +7.238055857e+01 -2.1244e-01 -6.9098e-02 +8.0508e-01 +7.9766e-01 -3.5238e-02
16781 +1.537228248e+01 +1.537228248e+01 +6.288228248e+01 +6.288228248e+01 -2.7174e-01 -1.6758e-01 +7.7012e-01 +6.8428e-01 -5.3205e-02
17096 +9.886135154e+00 +9.886135154e+00 +5.739613515e+01 +5.739613515e+01 -3.2352e-01 -2.4537e-01 +7.4259e-01 +6.2370e-01 -9.8241e-02
17429 +6.289092225e+00 +6.289092225e+00 +5.379909222e+01 +5.379909222e+01 -3.9494e-01 -2.3364e-01 +7.6573e-01 +5.2432e-01 -1.2673e-01
17789 +3.953691335e+00 +3.953691335e+00 +5.146369134e+01 +5.146369134e+01 -4.2527e-01 -3.0393e-01 +7.2453e-01 +4.4808e-01 -1.1504e-01
19792 +2.507095551e+00 +2.507095551e+00 +5.001709555e+01 +5.001709555e+01 -6.2450e-01 -3.1387e-02 +4.8291e-01 +2.8453e-01 -3.1144e-02
21537 +1.559744443e+00 +1.559744443e+00 +4.906974444e+01 +4.906974444e+01 -6.5908e-01 +1.0303e-01 +1.5393e-01 +1.6250e-01 +7.3086e-02
23291 +9.913212880e-01 +9.913212880e-01 +4.850132129e+01 +4.850132129e+01 -6.1355e-01 +1.4872e-01 -8.5350e-02 +2.3479e-02 +1.5079e-01
24531 +6.134029810e-01 +6.134029810e-01 +4.812340298e+01 +4.812340298e+01 -5.1097e-01 +1.8770e-01 -2.3563e-01 -7.5476e-02 +1.7702e-01
26703 +3.978171546e-01 +3.978171546e-01 +4.790781715e+01 +4.790781715e+01 -3.9960e-01 +2.1582e-01 -3.5224e-01 -1.6200e-01 +1.8937e-01
28147 +2.403918048e-01 +2.403918048e-01 +4.775039180e+01 +4.775039180e+01 -2.5916e-01 +2.6259e-01 -4.4910e-01 -2.4147e-01 +2.0041e-01
30779 +1.575127388e-01 +1.575127388e-01 +4.766751274e+01 +4.766751274e+01 -1.7365e-01 +2.8722e-01 -5.1252e-01 -2.8747e-01 +2.0452e-01
33745 +9.665943980e-02 +9.665943980e-02 +4.760665944e+01 +4.760665944e+01 -6.4673e-02 +3.2467e-01 -5.6844e-01 -3.3417e-01 +2.0337e-01
40106 +5.850231313e-02 +5.850231313e-02 +4.756850231e+01 +4.756850231e+01 +4.2003e-02 +3.6017e-01 -6.2006e-01 -3.7542e-01 +2.0521e-01
44856 +3.245878627e-02 +3.245878627e-02 +4.754245879e+01 +4.754245879e+01 +1.1190e-01 +3.8358e-01 -6.5702e-01 -4.0357e-01 +2.0201e-01
49383 +2.460818878e-02 +2.460818878e-02 +4.753460819e+01 +4.753460819e+01 +1.4896e-01 +3.9471e-01 -6.6922e-01 -4.1603e-01 +2.0142e-01
59131 +1.524790613e-02 +1.524790613e-02 +4.752524791e+01 +4.752524791e+01 +2.1433e-01 +4.2045e-01 -7.0094e-01 -4.3641e-01 +1.9918e-01
62409 +9.695758184e-03 +9.695758184e-03 +4.751969576e+01 +4.751969576e+01 +2.3225e-01 +4.2666e-01 -7.0429e-01 -4.4139e-01 +1.9846e-01
% function evaluation | noise-free fitness - Fopt (5.534000000000e+01) | best noise-free fitness - Fopt | measured fitness | best measured fitness | x1 | x2...
1 +2.913797302e+04 +2.913797302e+04 +2.919331302e+04 +2.919331302e+04 -2.1124e+00 -1.8034e-01 +2.0951e-01 -2.4775e+00 -4.3018e+00
6 +1.546488339e+04 +1.546488339e+04 +1.552022339e+04 +1.552022339e+04 +2.0357e+00 +1.9138e+00 +1.7649e+00 -2.9259e-01 -2.2451e+00
11 +8.820686290e+03 +8.820686290e+03 +8.876026290e+03 +8.876026290e+03 -4.2275e-01 -2.7372e+00 -2.3350e+00 -3.7127e+00 +4.3392e+00
19 +6.169457742e+03 +6.169457742e+03 +6.224797742e+03 +6.224797742e+03 -8.0037e-01 -6.0188e-01 +4.3585e+00 +3.9293e+00 -1.6832e+00
49 +3.524569649e+03 +3.524569649e+03 +3.579909649e+03 +3.579909649e+03 +2.7469e+00 -1.2325e+00 -1.4680e+00 -2.1843e+00 +3.7520e+00
510 +2.509878434e+03 +2.509878434e+03 +2.565218434e+03 +2.565218434e+03 +3.7543e+00 +6.4166e-02 +6.1126e-01 -4.6115e+00 +4.4920e+00
1421 +1.567741886e+03 +1.567741886e+03 +1.623081886e+03 +1.623081886e+03 +3.6789e+00 -2.4168e-02 +3.5131e-01 -4.6389e+00 +4.4318e+00
2438 +9.978165873e+02 +9.978165873e+02 +1.053156587e+03 +1.053156587e+03 +3.5278e+00 -1.6492e-01 +1.0625e-01 -4.6981e+00 +4.3076e+00
6280 +6.306721625e+02 +6.306721625e+02 +6.860121625e+02 +6.860121625e+02 +2.8800e+00 -5.7447e-01 +1.0896e-01 -4.6271e+00 +3.6668e+00
13472 +3.978707332e+02 +3.978707332e+02 +4.532107332e+02 +4.532107332e+02 +1.8516e+00 -6.0504e-01 +6.3705e-01 -3.0993e+00 +2.3047e+00
18308 +2.508923798e+02 +2.508923798e+02 +3.062323798e+02 +3.062323798e+02 +1.2196e+00 -6.2824e-01 +8.7264e-01 -2.0612e+00 +1.4538e+00
21470 +1.579397711e+02 +1.579397711e+02 +2.132797711e+02 +2.132797711e+02 +8.7535e-01 -4.8172e-01 +9.8406e-01 -1.3958e+00 +8.4128e-01
23488 +9.939535712e+01 +9.939535712e+01 +1.547353571e+02 +1.547353571e+02 +6.8618e-01 -3.9637e-01 +9.8158e-01 -9.3505e-01 +4.4797e-01
24848 +6.260331152e+01 +6.260331152e+01 +1.179433115e+02 +1.179433115e+02 +5.2145e-01 -3.8471e-01 +9.4200e-01 -6.3913e-01 +1.8558e-01
25760 +3.952141636e+01 +3.952141636e+01 +9.486141636e+01 +9.486141636e+01 +4.1515e-01 -4.1930e-01 +8.7929e-01 -3.9831e-01 +5.6037e-02
26410 +2.501403249e+01 +2.501403249e+01 +8.035403249e+01 +8.035403249e+01 +3.0780e-01 -3.9296e-01 +8.7014e-01 -2.5052e-01 -3.6043e-02
26958 +1.556829019e+01 +1.556829019e+01 +7.090829019e+01 +7.090829019e+01 +2.5161e-01 -3.6135e-01 +8.3890e-01 -1.3209e-01 -1.1740e-01
27386 +9.688019204e+00 +9.688019204e+00 +6.502801920e+01 +6.502801920e+01 +1.7031e-01 -3.5690e-01 +7.5049e-01 -8.4593e-02 -2.0852e-01
27618 +6.184833434e+00 +6.184833434e+00 +6.152483343e+01 +6.152483343e+01 +1.5793e-01 -3.2903e-01 +7.6150e-01 -5.3352e-04 -2.3595e-01
27898 +3.859654736e+00 +3.859654736e+00 +5.919965474e+01 +5.919965474e+01 +1.2571e-01 -3.0072e-01 +6.8756e-01 +7.0424e-02 -2.6172e-01
28602 +2.487408511e+00 +2.487408511e+00 +5.782740851e+01 +5.782740851e+01 +1.2506e-01 -2.4986e-01 +6.8690e-01 +1.3501e-01 -3.5726e-01
30409 +1.571069801e+00 +1.571069801e+00 +5.691106980e+01 +5.691106980e+01 +9.2262e-02 +1.1637e-01 +5.6188e-01 +1.1104e-01 -3.7709e-01
31732 +9.986412165e-01 +9.986412165e-01 +5.633864122e+01 +5.633864122e+01 +4.1809e-02 +3.3589e-01 +4.1507e-01 +8.9424e-02 -3.6730e-01
33217 +6.199704001e-01 +6.199704001e-01 +5.595997040e+01 +5.595997040e+01 +5.0823e-03 +4.8036e-01 +2.2626e-01 +7.0390e-02 -3.2000e-01
35148 +3.924932073e-01 +3.924932073e-01 +5.573249321e+01 +5.573249321e+01 -2.6965e-03 +5.5561e-01 +6.9789e-02 +3.6690e-02 -2.7552e-01
36950 +2.452809222e-01 +2.452809222e-01 +5.558528092e+01 +5.558528092e+01 -1.0215e-02 +6.1741e-01 -8.7288e-02 -2.3637e-03 -2.2184e-01
39643 +1.559395381e-01 +1.559395381e-01 +5.549593954e+01 +5.549593954e+01 +5.6745e-03 +6.6052e-01 -2.0479e-01 -3.6528e-02 -1.6942e-01
42665 +9.875387809e-02 +9.875387809e-02 +5.543875388e+01 +5.543875388e+01 +9.8146e-03 +6.8665e-01 -3.0545e-01 -6.8104e-02 -1.2423e-01
47149 +6.283794166e-02 +6.283794166e-02 +5.540283794e+01 +5.540283794e+01 +2.6859e-02 +7.1144e-01 -4.0014e-01 -1.0410e-01 -7.9510e-02
51288 +3.771638013e-02 +3.771638013e-02 +5.537771638e+01 +5.537771638e+01 +3.5040e-02 +7.2672e-01 -4.6917e-01 -1.3247e-01 -4.2256e-02
57880 +2.316153396e-02 +2.316153396e-02 +5.536316153e+01 +5.536316153e+01 +4.6995e-02 +7.4032e-01 -5.4286e-01 -1.6202e-01 -5.4007e-04
71497 +1.455160533e-02 +1.455160533e-02 +5.535455161e+01 +5.535455161e+01 +5.5055e-02 +7.4879e-01 -5.7186e-01 -1.7374e-01 +1.2961e-02
79298 +9.859189051e-03 +9.859189051e-03 +5.534985919e+01 +5.534985919e+01 +6.4453e-02 +7.5387e-01 -6.0656e-01 -1.9036e-01 +3.4366e-02
% function evaluation | noise-free fitness - Fopt (-9.033000000000e+01) | best noise-free fitness - Fopt | measured fitness | best measured fitness | x1 | x2...
1 +1.885019694e+05 +1.885019694e+05 +1.884116394e+05 +1.884116394e+05 +4.9289e+00 +2.4402e+00 -7.9719e-01 -2.8429e+00 +3.4725e+00
2 +3.258410233e+04 +3.258410233e+04 +3.249377233e+04 +3.249377233e+04 +1.4536e+00 -5.4158e-01 -4.0728e+00 -2.9448e+00 -4.6968e-01
4 +1.105330923e+03 +1.105330923e+03 +1.015000923e+03 +1.015000923e+03 -2.1668e-01 +2.9220e+00 -1.5279e-02 -3.6386e-01 -1.9315e+00
18 +9.248817348e+02 +9.248817348e+02 +8.345517348e+02 +8.345517348e+02 -4.4194e-01 +5.8291e-01 +3.1467e-01 -2.0370e+00 +3.2990e-01
66 +2.175282533e+02 +2.175282533e+02 +1.271982533e+02 +1.271982533e+02 -1.2900e+00 +2.0963e+00 +6.9060e-01 -1.2239e+00 -7.2944e-01
562 +1.576575382e+02 +1.576575382e+02 +6.732753818e+01 +6.732753818e+01 -1.1947e+00 +2.1603e+00 +6.1771e-01 -1.1743e+00 -6.4220e-01
3535 +9.897282366e+01 +9.897282366e+01 +8.642823664e+00 +8.642823664e+00 -7.2179e-01 +1.9053e+00 +6.9870e-01 -6.1961e-01 -6.9141e-01
4619 +6.261129976e+01 +6.261129976e+01 -2.771870024e+01 -2.771870024e+01 -7.0612e-01 +1.8809e+00 +7.8674e-01 -3.3290e-01 -8.3372e-01
5207 +3.927353165e+01 +3.927353165e+01 -5.105646835e+01 -5.105646835e+01 -7.6507e-01 +1.9534e+00 +8.6031e-01 -2.1889e-01 -9.5571e-01
5541 +2.439878531e+01 +2.439878531e+01 -6.593121469e+01 -6.593121469e+01 -7.7586e-01 +1.9515e+00 +8.9274e-01 -9.3806e-02 -1.0067e+00
5768 +1.574706564e+01 +1.574706564e+01 -7.458293436e+01 -7.458293436e+01 -8.2619e-01 +1.9851e+00 +9.2640e-01 -1.8452e-02 -1.0177e+00
6021 +9.739348184e+00 +9.739348184e+00 -8.059065182e+01 -8.059065182e+01 -8.5971e-01 +1.9788e+00 +9.3338e-01 +5.0531e-02 -1.0646e+00
6246 +6.155976849e+00 +6.155976849e+00 -8.417402315e+01 -8.417402315e+01 -8.5722e-01 +1.9834e+00 +9.3718e-01 +1.1472e-01 -1.0996e+00
80143 +3.980117538e+00 +3.980117538e+00 -8.634988246e+01 -8.634988246e+01 -7.7500e-01 +9.9665e-01 +5.4144e-01 +8.5433e-01 -6.8181e-01
% function evaluation | noise-free fitness - Fopt (6.561000000000e+01) | best noise-free fitness - Fopt | measured fitness | best measured fitness | x1 | x2...
1 +5.934132709e+04 +5.934132709e+04 +5.940693709e+04 +5.940693709e+04 -2.8864e-01 -2.6680e+00 +1.3833e+00 +3.8606e+00 -2.3662e+00
6 +2.581931675e+04 +2.581931675e+04 +2.588492675e+04 +2.588492675e+04 +1.3213e+00 -4.1298e+00 -3.5872e+00 +4.8014e+00 +8.6251e-01
8 +1.748229184e+03 +1.748229184e+03 +1.813839184e+03 +1.813839184e+03 +2.5656e+00 +4.4623e-02 +7.1986e-01 +9.8060e-01 +6.8093e-02
266 +1.579693733e+03 +1.579693733e+03 +1.645303733e+03 +1.645303733e+03 +2.5293e+00 -1.0976e-02 +7.0551e-01 +9.7484e-01 +6.8659e-02
905 +9.859934037e+02 +9.859934037e+02 +1.051603404e+03 +1.051603404e+03 +2.3551e+00 -8.1888e-02 +6.7918e-01 +8.4101e-01 +1.2872e-01
1478 +6.272417219e+02 +6.272417219e+02 +6.928517219e+02 +6.928517219e+02 +2.1656e+00 -1.3176e-01 +6.8476e-01 +8.2166e-01 +1.4953e-01
1962 +3.881709196e+02 +3.881709196e+02 +4.537809196e+02 +4.537809196e+02 +2.0008e+00 -1.4593e-01 +7.0699e-01 +7.3037e-01 +8.5914e-02
2526 +2.489204988e+02 +2.489204988e+02 +3.145304988e+02 +3.145304988e+02 +1.8875e+00 -2.2351e-01 +7.1850e-01 +6.6180e-01 +5.7571e-02
2938 +1.578734898e+02 +1.578734898e+02 +2.234834898e+02 +2.234834898e+02 +1.7618e+00 -2.6236e-01 +7.2067e-01 +6.2373e-01 +6.2572e-04
3337 +9.550940255e+01 +9.550940255e+01 +1.611194026e+02 +1.611194026e+02 +1.6559e+00 -3.4099e-01 +6.5753e-01 +5.5246e-01 -5.8637e-02
3770 +6.291937593e+01 +6.291937593e+01 +1.285293759e+02 +1.285293759e+02 +1.5419e+00 -3.3865e-01 +6.6596e-01 +5.1339e-01 -1.1402e-01
4196 +3.969421609e+01 +3.969421609e+01 +1.053042161e+02 +1.053042161e+02 +1.3984e+00 -2.9931e-01 +7.1758e-01 +4.7686e-01 -1.3001e-01
4668 +2.507325003e+01 +2.507325003e+01 +9.068325003e+01 +9.068325003e+01 +1.2489e+00 -2.2579e-01 +7.2843e-01 +4.2435e-01 -1.3970e-01
5165 +1.571404043e+01 +1.571404043e+01 +8.132404043e+01 +8.132404043e+01 +1.1754e+00 -9.1541e-02 +7.1479e-01 +3.4993e-01 -1.8354e-01
5515 +9.810619799e+00 +9.810619799e+00 +7.542061980e+01 +7.542061980e+01 +1.1477e+00 +3.6907e-03 +7.2405e-01 +3.5828e-01 -2.8014e-01
5817 +6.203879648e+00 +6.203879648e+00 +7.181387965e+01 +7.181387965e+01 +1.0563e+00 +6.4889e-02 +6.7258e-01 +4.1279e-01 -3.3899e-01
20853 +3.979148759e+00 +3.979148759e+00 +6.958914876e+01 +6.958914876e+01 +1.3258e+00 +3.1551e-01 -1.9254e-01 -1.6683e-01 -6.0387e-01
% function evaluation | noise-free fitness - Fopt (-1.536000000000e+01) | best noise-free fitness - Fopt | measured fitness | best measured fitness | x1 | x2...
1 +1.981427661e+04 +1.981427661e+04 +1.979891661e+04 +1.979891661e+04 +4.0941e+00 +2.8171e+00 +2.9853e+00 -2.9080e+00 -1.8981e+00
6 +9.800217329e+03 +9.800217329e+03 +9.784857329e+03 +9.784857329e+03 -3.1036e+00 +2.0802e+00 -1.1558e+00 -8.3585e-01 -1.3078e+00
36 +5.793277266e+03 +5.793277266e+03 +5.777917266e+03 +5.777917266e+03 -1.2610e-01 -3.2202e+00 -1.7046e+00 +1.5821e+00 -1.3813e+00
41 +2.972888788e+03 +2.972888788e+03 +2.957528788e+03 +2.957528788e+03 -3.7965e+00 -2.0745e+00 -1.2704e+00 -1.6838e+00 +3.2076e+00
89 +1.699339895e+03 +1.699339895e+03 +1.683979895e+03 +1.683979895e+03 +8.7924e-01 +1.5597e+00 +2.1228e+00 -1.3392e+00 -1.7400e+00
100 +8.444813183e+02 +8.444813183e+02 +8.291213183e+02 +8.291213183e+02 +2.5266e+00 -1.3277e-01 +1.7866e+00 +4.4701e-01 -1.2988e+00
1292 +6.279182667e+02 +6.279182667e+02 +6.125582667e+02 +6.125582667e+02 +2.3281e+00 -1.8154e-01 +1.5533e+00 +2.6051e-01 -1.1683e+00
2932 +3.922458795e+02 +3.922458795e+02 +3.768858795e+02 +3.768858795e+02 +2.0462e+00 -2.2929e-01 +1.2853e+00 +5.0816e-02 -8.9618e-01
4241 +2.488764235e+02 +2.488764235e+02 +2.335164235e+02 +2.335164235e+02 +1.7945e+00 -2.4644e-01 +1.0779e+00 -6.5503e-02 -6.6180e-01
5210 +1.569575403e+02 +1.569575403e+02 +1.415975403e+02 +1.415975403e+02 +1.5583e+00 -3.0288e-01 +8.9261e-01 -1.8870e-01 -5.8176e-01
6019 +9.693366069e+01 +9.693366069e+01 +8.157366069e+01 +8.157366069e+01 +1.3999e+00 -2.5734e-01 +7.2554e-01 -3.5237e-01 -5.0192e-01
6631 +6.131435356e+01 +6.131435356e+01 +4.595435356e+01 +4.595435356e+01 +1.2868e+00 -3.4312e-01 +6.1756e-01 -4.1351e-01 -3.6222e-01
7197 +3.932131935e+01 +3.932131935e+01 +2.396131935e+01 +2.396131935e+01 +1.1551e+00 -2.6224e-01 +5.2280e-01 -4.6344e-01 -3.2583e-01
7621 +2.474332473e+01 +2.474332473e+01 +9.383324729e+00 +9.383324729e+00 +1.0574e+00 -2.3450e-01 +4.4718e-01 -5.0663e-01 -2.6796e-01
8016 +1.555596646e+01 +1.555596646e+01 +1.959664642e-01 +1.959664642e-01 +9.9912e-01 -2.3336e-01 +4.1774e-01 -5.8267e-01 -1.8332e-01
8325 +9.417879063e+00 +9.417879063e+00 -5.942120937e+00 -5.942120937e+00 +9.0039e-01 -2.3232e-01 +3.9328e-01 -6.0475e-01 -1.3892e-01
8620 +6.301766365e+00 +6.301766365e+00 -9.058233635e+00 -9.058233635e+00 +8.3297e-01 -1.9719e-01 +3.8491e-01 -6.1124e-01 -8.4322e-02
9032 +3.969462142e+00 +3.969462142e+00 -1.139053786e+01 -1.139053786e+01 +7.8317e-01 -1.9052e-01 +2.9817e-01 -6.6119e-01 -3.4538e-02
11220 +2.473271616e+00 +2.473271616e+00 -1.288672838e+01 -1.288672838e+01 +6.0533e-01 +2.4731e-01 +1.7139e-01 -4.4133e-01 -1.4772e-01
12863 +1.583422104e+00 +1.583422104e+00 -1.377657790e+01 -1.377657790e+01 +4.8316e-01 +4.4998e-01 +1.4550e-01 -1.4772e-01 -1.4037e-01
14562 +9.861508929e-01 +9.861508929e-01 -1.437384911e+01 -1.437384911e+01 +3.3127e-01 +5.0129e-01 +1.3462e-01 +9.2982e-02 -1.4649e-01
15825 +6.246733048e-01 +6.246733048e-01 -1.473532670e+01 -1.473532670e+01 +1.7284e-01 +4.9602e-01 +1.0068e-01 +2.5027e-01 -1.4688e-01
17067 +3.885125119e-01 +3.885125119e-01 -1.497148749e+01 -1.497148749e+01 +1.9527e-02 +4.7381e-01 +5.5992e-02 +3.6669e-01 -1.4535e-01
19481 +2.492068176e-01 +2.492068176e-01 -1.511079318e+01 -1.511079318e+01 -1.0089e-01 +4.5244e-01 +6.6415e-03 +4.5186e-01 -1.3908e-01
21961 +1.567291849e-01 +1.567291849e-01 -1.520327082e+01 -1.520327082e+01 -2.5839e-01 +4.0627e-01 -5.5694e-02 +5.2935e-01 -1.2959e-01
25187 +9.715591796e-02 +9.715591796e-02 -1.526284408e+01 -1.526284408e+01 -3.2450e-01 +3.8996e-01 -8.5800e-02 +5.5885e-01 -1.1712e-01
34569 +6.264959040e-02 +6.264959040e-02 -1.529735041e+01 -1.529735041e+01 -4.0200e-01 +3.6925e-01 -1.2783e-01 +5.8948e-01 -1.0585e-01
40160 +3.590541959e-02 +3.590541959e-02 -1.532409458e+01 -1.532409458e+01 -5.1175e-01 +3.3496e-01 -1.8767e-01 +6.2459e-01 -8.9046e-02
47286 +2.326072820e-02 +2.326072820e-02 -1.533673927e+01 -1.533673927e+01 -5.4297e-01 +3.2422e-01 -1.9937e-01 +6.3602e-01 -8.4167e-02
64316 +1.398724097e-02 +1.398724097e-02 -1.534601276e+01 -1.534601276e+01 -5.8828e-01 +3.1020e-01 -2.2572e-01 +6.5137e-01 -7.7705e-02
% function evaluation | noise-free fitness - Fopt (-1.318000000000e+01) | best noise-free fitness - Fopt | measured fitness | best measured fitness | x1 | x2...
1 +2.529576591e+04 +2.529576591e+04 +2.528258591e+04 +2.528258591e+04 +3.4055e+00 -3.4841e+00 +5.2241e-01 -6.1090e-01 -3.3321e+00
2 +1.439205223e+04 +1.439205223e+04 +1.437887223e+04 +1.437887223e+04 +4.7089e+00 +9.1176e-01 +1.2391e+00 +2.4775e+00 -1.9850e+00
16 +4.064058169e+03 +4.064058169e+03 +4.050878169e+03 +4.050878169e+03 -4.6100e+00 -2.1757e+00 -4.8987e+00 -3.6992e+00 -1.7113e+00
24 +3.207030644e+03 +3.207030644e+03 +3.193850644e+03 +3.193850644e+03 -5.8269e-01 +1.5117e+00 -1.9718e+00 +1.1864e+00 +1.0954e+00
33 +1.998587877e+03 +1.998587877e+03 +1.985407877e+03 +1.985407877e+03 +2.3544e+00 -2.4353e-01 +1.1077e+00 +3.3271e+00 +1.5827e+00
95 +2.002529859e+02 +2.002529859e+02 +1.870729859e+02 +1.870729859e+02 +9.5798e-01 -2.8670e-01 -8.2527e-01 +1.0601e+00 +3.1357e-02
324 +1.574202744e+02 +1.574202744e+02 +1.442402744e+02 +1.442402744e+02 +8.8645e-01 -3.2968e-01 -8.0110e-01 +1.0753e+00 +3.9463e-02
765 +9.848926304e+01 +9.848926304e+01 +8.530926304e+01 +8.530926304e+01 +7.9974e-01 -3.5521e-01 -6.9205e-01 +1.1537e+00 -7.5811e-03
1121 +6.212354730e+01 +6.212354730e+01 +4.894354730e+01 +4.894354730e+01 +7.3302e-01 -4.0666e-01 -6.0899e-01 +1.1457e+00 -3.8921e-02
1386 +3.811259079e+01 +3.811259079e+01 +2.493259079e+01 +2.493259079e+01 +6.9908e-01 -4.9383e-01 -5.3560e-01 +1.1757e+00 -2.6241e-02
1711 +2.499509175e+01 +2.499509175e+01 +1.181509175e+01 +1.181509175e+01 +6.7172e-01 -5.3971e-01 -4.5801e-01 +1.2003e+00 -8.2519e-02
1941 +1.499219530e+01 +1.499219530e+01 +1.812195305e+00 +1.812195305e+00 +6.2229e-01 -5.8349e-01 -4.1399e-01 +1.0929e+00 -1.2770e-01
2197 +9.542972323e+00 +9.542972323e+00 -3.637027677e+00 -3.637027677e+00 +5.5633e-01 -6.5427e-01 -3.9728e-01 +1.1008e+00 -1.2027e-01
2510 +6.232464216e+00 +6.232464216e+00 -6.947535784e+00 -6.947535784e+00 +5.0675e-01 -6.6273e-01 -3.2954e-01 +1.0369e+00 -2.0412e-01
6969 +3.969976385e+00 +3.969976385e+00 -9.210023615e+00 -9.210023615e+00 +3.1604e-01 -5.1273e-01 -1.7367e-01 +8.3276e-01 +3.6625e-01
9516 +2.485700679e+00 +2.485700679e+00 -1.069429932e+01 -1.069429932e+01 +4.4478e-01 -1.9181e-01 -1.6018e-01 +3.4348e-01 +5.5068e-01
11277 +1.578531004e+00 +1.578531004e+00 -1.160146900e+01 -1.160146900e+01 +5.3247e-01 -4.8689e-02 -6.4273e-02 +1.8268e-02 +4.7014e-01
12503 +9.744107656e-01 +9.744107656e-01 -1.220558923e+01 -1.220558923e+01 +5.1608e-01 +4.0688e-02 +5.4935e-02 -1.9202e-01 +3.3525e-01
14177 +5.777127211e-01 +5.777127211e-01 -1.260228728e+01 -1.260228728e+01 +4.2072e-01 +1.4401e-01 +1.3380e-01 -3.4074e-01 +1.9974e-01
14975 +3.975064730e-01 +3.975064730e-01 -1.278249353e+01 -1.278249353e+01 +3.5739e-01 +2.0264e-01 +1.8381e-01 -4.2540e-01 +1.1801e-01
17738 +2.449870047e-01 +2.449870047e-01 -1.293501300e+01 -1.293501300e+01 +2.5724e-01 +2.6430e-01 +2.0608e-01 -5.1918e-01 +1.8427e-02
20050 +1.483037896e-01 +1.483037896e-01 -1.303169621e+01 -1.303169621e+01 +1.5480e-01 +3.1833e-01 +2.1310e-01 -5.7755e-01 -5.7921e-02
23181 +9.738836301e-02 +9.738836301e-02 -1.308261164e+01 -1.308261164e+01 +7.5170e-02 +3.5377e-01 +2.1961e-01 -6.3001e-01 -1.1689e-01
26370 +6.303160554e-02 +6.303160554e-02 -1.311696839e+01 -1.311696839e+01 +1.4551e-02 +3.8808e-01 +2.2080e-01 -6.7292e-01 -1.6737e-01
31241 +3.600823654e-02 +3.600823654e-02 -1.314399176e+01 -1.314399176e+01 -7.6372e-02 +4.2626e-01 +2.1664e-01 -7.1776e-01 -2.2513e-01
37189 +2.500596273e-02 +2.500596273e-02 -1.315499404e+01 -1.315499404e+01 -1.0404e-01 +4.3597e-01 +2.1550e-01 -7.3511e-01 -2.4384e-01
% function evaluation | noise-free fitness - Fopt (-6.052000000000e+01) | best noise-free fitness - Fopt | measured fitness | best measured fitness | x1 | x2...
1 +2.953535194e+05 +2.953535194e+05 +2.952929994e+05 +2.952929994e+05 +3.1681e+00 -2.8319e+00 +2.8977e+00 +3.1710e+00 -4.5470e+00
2 +1.345212754e+05 +1.345212754e+05 +1.344607554e+05 +1.344607554e+05 -2.2121e+00 -2.8567e+00 -2.9076e+00 +3.6219e+00 +1.4773e+00
3 +3.008335170e+04 +3.008335170e+04 +3.002283170e+04 +3.002283170e+04 +3.1927e+00 -1.8972e+00 +2.8647e+00 -2.6356e+00 -1.7303e+00
4 +9.585472288e+03 +9.585472288e+03 +9.524952288e+03 +9.524952288e+03 +2.7275e+00 +1.8654e+00 -8.4389e-01 -1.7900e+00 +2.3799e+00
26 +3.879873913e+03 +3.879873913e+03 +3.819353913e+03 +3.819353913e+03 +3.2961e+00 +1.4593e+00 +3.6453e+00 -1.1395e+00 +1.6064e+00
54 +1.009235711e+03 +1.009235711e+03 +9.487157110e+02 +9.487157110e+02 -4.0950e-01 -3.8254e-01 -8.0612e-01 +1.1212e+00 +3.3989e-01
127 +9.959130683e+02 +9.959130683e+02 +9.353930683e+02 +9.353930683e+02 +1.3680e+00 +5.7367e-01 +2.5683e+00 -2.6877e-01 -3.5856e-01
938 +6.306608803e+02 +6.306608803e+02 +5.701408803e+02 +5.701408803e+02 +1.2484e+00 +4.7417e-01 +2.4351e+00 -2.1672e-01 -1.9452e-01
1641 +3.953972602e+02 +3.953972602e+02 +3.348772602e+02 +3.348772602e+02 +1.0960e+00 +3.4920e-01 +2.3676e+00 -1.6291e-01 -7.1701e-02
2346 +2.502656963e+02 +2.502656963e+02 +1.897456963e+02 +1.897456963e+02 +9.5136e-01 +2.4164e-01 +2.3163e+00 -1.0533e-01 +4.1062e-02
3010 +1.574280773e+02 +1.574280773e+02 +9.690807730e+01 +9.690807730e+01 +8.5928e-01 +1.2428e-01 +2.1903e+00 -7.0847e-02 +1.3958e-01
3931 +9.979853465e+01 +9.979853465e+01 +3.927853465e+01 +3.927853465e+01 +7.1050e-01 -4.0893e-02 +2.0434e+00 -2.9080e-02 +2.4228e-01
7965 +6.307907707e+01 +6.307907707e+01 +2.559077068e+00 +2.559077068e+00 +7.7201e-02 +1.0532e-01 +1.2337e+00 +6.7751e-02 -1.9659e-01
10050 +3.980777831e+01 +3.980777831e+01 -2.071222169e+01 -2.071222169e+01 -1.8276e-01 +3.1933e-01 +7.8773e-01 +4.6146e-02 -4.2272e-01
11042 +2.499465636e+01 +2.499465636e+01 -3.552534364e+01 -3.552534364e+01 -3.0140e-01 +4.5516e-01 +5.3614e-01 +6.4397e-02 -4.8218e-01
11542 +1.577083142e+01 +1.577083142e+01 -4.474916858e+01 -4.474916858e+01 -3.6627e-01 +5.6316e-01 +3.9291e-01 +4.4561e-02 -5.0261e-01
11933 +9.657588110e+00 +9.657588110e+00 -5.086241189e+01 -5.086241189e+01 -3.9096e-01 +6.1513e-01 +2.8376e-01 -7.1912e-02 -5.9220e-01
12341 +6.265523043e+00 +6.265523043e+00 -5.425447696e+01 -5.425447696e+01 -3.8776e-01 +6.8547e-01 +1.9996e-01 -6.5183e-02 -5.8282e-01
12771 +3.970445357e+00 +3.970445357e+00 -5.654955464e+01 -5.654955464e+01 -4.5615e-01 +7.5566e-01 +9.2360e-02 -4.8780e-02 -5.8566e-01
15353 +2.480867371e+00 +2.480867371e+00 -5.803913263e+01 -5.803913263e+01 -4.4726e-01 +4.9547e-01 -3.0456e-01 +2.0535e-01 -3.3095e-01
17113 +1.580498928e+00 +1.580498928e+00 -5.893950107e+01 -5.893950107e+01 -3.3953e-01 +1.8546e-01 -4.7795e-01 +2.3516e-01 -2.5604e-01
18545 +9.810293349e-01 +9.810293349e-01 -5.953897067e+01 -5.953897067e+01 -2.6202e-01 -7.1713e-02 -5.0722e-01 +2.2095e-01 -1.7741e-01
19882 +6.191185355e-01 +6.191185355e-01 -5.990088146e+01 -5.990088146e+01 -1.7234e-01 -2.6191e-01 -4.9748e-01 +2.0060e-01 -9.3868e-02
21350 +3.936391347e-01 +3.936391347e-01 -6.012636087e+01 -6.012636087e+01 -9.4407e-02 -3.9219e-01 -4.4439e-01 +1.7576e-01 +6.4614e-03
22780 +2.495743327e-01 +2.495743327e-01 -6.027042567e+01 -6.027042567e+01 -1.2958e-02 -4.9372e-01 -3.9532e-01 +1.5735e-01 +9.7064e-02
25910 +1.500320084e-01 +1.500320084e-01 -6.036996799e+01 -6.036996799e+01 +6.9365e-02 -5.7317e-01 -3.4943e-01 +1.4080e-01 +1.9270e-01
31799 +9.996564518e-02 +9.996564518e-02 -6.042003435e+01 -6.042003435e+01 +1.3287e-01 -6.2619e-01 -3.0311e-01 +1.2998e-01 +2.6625e-01
34094 +6.234427334e-02 +6.234427334e-02 -6.045765573e+01 -6.045765573e+01 +2.0283e-01 -6.7571e-01 -2.5492e-01 +1.1670e-01 +3.5073e-01
40776 +3.619636543e-02 +3.619636543e-02 -6.048380363e+01 -6.048380363e+01 +2.5274e-01 -7.1850e-01 -2.2065e-01 +1.0402e-01 +4.0552e-01
49485 +2.040643087e-02 +2.040643087e-02 -6.049959357e+01 -6.049959357e+01 +2.8782e-01 -7.3613e-01 -1.9691e-01 +9.8516e-02 +4.4434e-01
% function evaluation | noise-free fitness - Fopt (1.844000000000e+02) | best noise-free fitness - Fopt | measured fitness | best measured fitness | x1 | x2...
1 +5.790829988e+04 +5.790829988e+04 +5.809269988e+04 +5.809269988e+04 +4.2180e+00 -2.3059e+00 -2.9333e-01 -3.0731e-01 +4.6463e+00
3 +1.345347368e+04 +1.345347368e+04 +1.363787368e+04 +1.363787368e+04 +2.9217e-01 -1.4747e+00 +1.8837e+00 -3.6853e+00 +3.5459e+00
9 +6.027132211e+03 +6.027132211e+03 +6.211532211e+03 +6.211532211e+03 +1.5146e+00 +3.3993e+00 +3.4073e+00 -2.3092e+00 +3.0225e+00
11 +2.342568850e+03 +2.342568850e+03 +2.526968850e+03 +2.526968850e+03 +2.8947e-01 -6.5096e-01 +3.4654e+00 -1.5646e+00 -4.6450e-01
41 +6.307730720e+02 +6.307730720e+02 +8.151730720e+02 +8.151730720e+02 -5.7848e-01 -1.0795e+00 -1.3929e+00 +1.8276e+00 +4.4551e-01
880 +3.869881914e+02 +3.869881914e+02 +5.713881914e+02 +5.713881914e+02 -6.7028e-01 -8.6792e-01 -1.3133e+00 +1.6631e+00 +4.7434e-01
1685 +2.508027040e+02 +2.508027040e+02 +4.352027040e+02 +4.352027040e+02 -7.7989e-01 -7.0695e-01 -1.2049e+00 +1.5349e+00 +4.9972e-01
2348 +1.567372188e+02 +1.567372188e+02 +3.411372188e+02 +3.411372188e+02 -7.6551e-01 -5.0352e-01 -1.0803e+00 +1.4031e+00 +4.5408e-01
3101 +9.971629068e+01 +9.971629068e+01 +2.841162907e+02 +2.841162907e+02 -7.9353e-01 -3.9337e-01 -9.3535e-01 +1.2745e+00 +4.7456e-01
3709 +6.275267513e+01 +6.275267513e+01 +2.471526751e+02 +2.471526751e+02 -8.2454e-01 -2.7521e-01 -8.0355e-01 +1.2005e+00 +5.3949e-01
4183 +3.839812339e+01 +3.839812339e+01 +2.227981234e+02 +2.227981234e+02 -7.9128e-01 -1.6059e-01 -7.2440e-01 +1.0929e+00 +5.6655e-01
4606 +2.491826166e+01 +2.491826166e+01 +2.093182617e+02 +2.093182617e+02 -7.4323e-01 -1.1452e-01 -6.1576e-01 +1.0373e+00 +5.7253e-01
4959 +1.541990758e+01 +1.541990758e+01 +1.998199076e+02 +1.998199076e+02 -7.6326e-01 -5.6086e-02 -5.3880e-01 +9.5030e-01 +6.1224e-01
5252 +9.962064668e+00 +9.962064668e+00 +1.943620647e+02 +1.943620647e+02 -7.1109e-01 -2.2181e-02 -4.4929e-01 +9.4175e-01 +6.3083e-01
5579 +6.285306711e+00 +6.285306711e+00 +1.906853067e+02 +1.906853067e+02 -6.8866e-01 -5.7742e-02 -3.9127e-01 +8.4385e-01 +6.9683e-01
11018 +3.973779104e+00 +3.973779104e+00 +1.883737791e+02 +1.883737791e+02 -6.2583e-01 -1.7841e-01 -5.3277e-01 +2.6321e-01 +6.5128e-01
13508 +2.463867203e+00 +2.463867203e+00 +1.868638672e+02 +1.868638672e+02 -3.7905e-01 +5.8291e-02 -6.8944e-01 -2.5800e-02 +2.3982e-01
15201 +1.582668085e+00 +1.582668085e+00 +1.859826681e+02 +1.859826681e+02 -2.2134e-01 +1.8690e-01 -6.4266e-01 -4.0981e-02 -7.0046e-02
16947 +9.487381958e-01 +9.487381958e-01 +1.853487382e+02 +1.853487382e+02 -8.0859e-02 +2.0843e-01 -5.1876e-01 -3.1784e-02 -3.0595e-01
18262 +6.297435344e-01 +6.297435344e-01 +1.850297435e+02 +1.850297435e+02 +3.4796e-02 +2.0304e-01 -3.7723e-01 -3.5420e-02 -4.3581e-01
19726 +3.760401813e-01 +3.760401813e-01 +1.847760402e+02 +1.847760402e+02 +1.4679e-01 +1.8863e-01 -2.5065e-01 -4.9467e-02 -5.2942e-01
21632 +2.471609468e-01 +2.471609468e-01 +1.846471609e+02 +1.846471609e+02 +2.6150e-01 +1.8034e-01 -1.0658e-01 -7.7105e-02 -5.8405e-01
22990 +1.439341754e-01 +1.439341754e-01 +1.845439342e+02 +1.845439342e+02 +3.2854e-01 +1.7442e-01 +7.6514e-03 -1.1074e-01 -6.0949e-01
26647 +9.871634829e-02 +9.871634829e-02 +1.844987163e+02 +1.844987163e+02 +3.8250e-01 +1.7112e-01 +9.2152e-02 -1.2373e-01 -6.2726e-01
31630 +6.172262037e-02 +6.172262037e-02 +1.844617226e+02 +1.844617226e+02 +4.3102e-01 +1.6777e-01 +1.7173e-01 -1.5102e-01 -6.3637e-01
37158 +3.704912293e-02 +3.704912293e-02 +1.844370491e+02 +1.844370491e+02 +4.8146e-01 +1.7013e-01 +2.5060e-01 -1.7575e-01 -6.4725e-01
50520 +2.140074786e-02 +2.140074786e-02 +1.844214007e+02 +1.844214007e+02 +5.1624e-01 +1.6837e-01 +3.0712e-01 -1.9123e-01 -6.5239e-01
% function evaluation | noise-free fitness - Fopt (2.277700000000e+02) | best noise-free fitness - Fopt | measured fitness | best measured fitness | x1 | x2...
1 +1.140742204e+05 +1.140742204e+05 +1.143019904e+05 +1.143019904e+05 +3.9692e+00 +3.3312e+00 +3.7753e+00 +1.7893e+00 -4.8731e+00
2 +7.880322154e+03 +7.880322154e+03 +8.108092154e+03 +8.108092154e+03 -2.7231e+00 -1.5087e+00 +4.5386e+00 -4.8290e-01 -3.1051e-01
11 +4.120879404e+03 +4.120879404e+03 +4.348649404e+03 +4.348649404e+03 +4.4339e+00 -1.0840e+00 -2.7452e+00 -1.7531e+00 -2.5005e+00
17 +3.835816584e+03 +3.835816584e+03 +4.063586584e+03 +4.063586584e+03 -1.3036e+00 -4.3312e-02 +4.8870e+00 -1.9881e-01 -6.2121e-01
78 +8.438816438e+02 +8.438816438e+02 +1.071651644e+03 +1.071651644e+03 -5.7670e-01 -2.0739e-01 -8.6719e-01 -2.7499e-01 -1.4361e+00
592 +6.306480234e+02 +6.306480234e+02 +8.584180234e+02 +8.584180234e+02 -4.7356e-01 -1.1283e-01 -8.0427e-01 -2.5175e-01 -1.3514e+00
1379 +3.867759617e+02 +3.867759617e+02 +6.145459617e+02 +6.145459617e+02 -2.5309e-01 -1.1716e-01 -7.5764e-01 -3.2228e-01 -1.1755e+00
2194 +2.498226925e+02 +2.498226925e+02 +4.775926925e+02 +4.775926925e+02 -7.6631e-02 -4.8494e-02 -6.5446e-01 -2.9653e-01 -1.0215e+00
2958 +1.554963333e+02 +1.554963333e+02 +3.832663333e+02 +3.832663333e+02 +2.4489e-02 -9.7350e-02 -5.0099e-01 -3.7140e-01 -8.3779e-01
3639 +9.970950508e+01 +9.970950508e+01 +3.274795051e+02 +3.274795051e+02 +9.1930e-02 -1.0613e-01 -3.3606e-01 -3.6415e-01 -6.7504e-01
4386 +6.285679634e+01 +6.285679634e+01 +2.906267963e+02 +2.906267963e+02 +1.4329e-01 -1.4704e-01 -1.8196e-01 -4.3533e-01 -4.7556e-01
5208 +3.975687254e+01 +3.975687254e+01 +2.675268725e+02 +2.675268725e+02 +5.8943e-02 -5.6477e-02 +2.0302e-02 -4.5180e-01 -3.2135e-01
5821 +2.493311652e+01 +2.493311652e+01 +2.527031165e+02 +2.527031165e+02 +2.1548e-03 +8.0239e-02 +1.6194e-01 -4.6051e-01 -2.4130e-01
6374 +1.523623703e+01 +1.523623703e+01 +2.430062370e+02 +2.430062370e+02 -7.8953e-02 +1.7816e-01 +2.7295e-01 -4.2736e-01 -2.1560e-01
6782 +9.445452189e+00 +9.445452189e+00 +2.372154522e+02 +2.372154522e+02 -1.2174e-01 +2.8630e-01 +3.4301e-01 -4.1861e-01 -2.0120e-01
7145 +6.287219027e+00 +6.287219027e+00 +2.340572190e+02 +2.340572190e+02 -1.5869e-01 +3.2364e-01 +4.0649e-01 -4.5375e-01 -1.5679e-01
7539 +3.919315742e+00 +3.919315742e+00 +2.316893157e+02 +2.316893157e+02 -2.3915e-01 +3.8777e-01 +3.9942e-01 -4.6428e-01 -1.2440e-01
8568 +2.494488733e+00 +2.494488733e+00 +2.302644887e+02 +2.302644887e+02 -3.7371e-01 +4.4837e-01 +4.0091e-01 -4.3527e-01 -5.0468e-02
10349 +1.578423422e+00 +1.578423422e+00 +2.293484234e+02 +2.293484234e+02 -4.9661e-01 +3.5564e-01 +2.5801e-01 -1.8149e-01 +1.6924e-01
11721 +9.936217298e-01 +9.936217298e-01 +2.287636217e+02 +2.287636217e+02 -5.1193e-01 +2.1047e-01 +1.6358e-01 -8.6541e-03 +2.9581e-01
13229 +6.137973190e-01 +6.137973190e-01 +2.283837973e+02 +2.283837973e+02 -4.8050e-01 +6.2888e-02 +6.8125e-02 +1.3401e-01 +3.5618e-01
14474 +3.905411039e-01 +3.905411039e-01 +2.281605411e+02 +2.281605411e+02 -4.3713e-01 -5.5180e-02 -3.5123e-02 +2.3632e-01 +3.8531e-01
16684 +2.492101032e-01 +2.492101032e-01 +2.280192101e+02 +2.280192101e+02 -3.8802e-01 -1.5544e-01 -1.3445e-01 +3.1628e-01 +3.9550e-01
17912 +1.574361311e-01 +1.574361311e-01 +2.279274361e+02 +2.279274361e+02 -3.3805e-01 -2.3206e-01 -2.1485e-01 +3.6519e-01 +3.8419e-01
20253 +9.653189536e-02 +9.653189536e-02 +2.278665319e+02 +2.278665319e+02 -2.9359e-01 -3.0433e-01 -3.0510e-01 +4.2586e-01 +3.7664e-01
22568 +6.263571611e-02 +6.263571611e-02 +2.278326357e+02 +2.278326357e+02 -2.5689e-01 -3.6089e-01 -3.7159e-01 +4.6324e-01 +3.6235e-01
28738 +3.962106313e-02 +3.962106313e-02 +2.278096211e+02 +2.278096211e+02 -2.2430e-01 -4.0791e-01 -4.4598e-01 +4.9669e-01 +3.4739e-01
30168 +2.503834388e-02 +2.503834388e-02 +2.277950383e+02 +2.277950383e+02 -2.0343e-01 -4.3176e-01 -4.7601e-01 +5.1660e-01 +3.3993e-01
% function evaluation | noise-free fitness - Fopt (9.640000000000e+01) | best noise-free fitness - Fopt | measured fitness | best measured fitness | x1 | x2...
1 +2.000762872e+05 +2.000762872e+05 +2.001726872e+05 +2.001726872e+05 +3.2877e-02 -4.7168e+00 -3.8403e+00 +1.4487e+00 +2.9729e+00
2 +1.583503704e+05 +1.583503704e+05 +1.584467704e+05 +1.584467704e+05 +4.3938e+00 +3.9524e+00 +2.1763e+00 -4.0658e+00 -1.9963e+00
4 +9.263693402e+04 +9.263693402e+04 +9.273333402e+04 +9.273333402e+04 +4.7772e+00 -6.6293e-01 -6.8439e-01 -3.6375e+00 -1.5841e+00
5 +3.114820763e+04 +3.114820763e+04 +3.124460763e+04 +3.124460763e+04 +2.8966e-01 -1.4649e-01 -1.9624e+00 +1.5683e+00 -4.5702e+00
13 +1.239284696e+04 +1.239284696e+04 +1.248924696e+04 +1.248924696e+04 +3.6107e+00 -2.7186e+00 +5.2199e-01 +3.2165e+00 +1.3924e+00
25 +8.507821823e+03 +8.507821823e+03 +8.604221823e+03 +8.604221823e+03 -4.4771e-01 -4.8519e-01 -2.2764e+00 -4.0884e+00 -1.6946e+00
35 +7.819380313e+02 +7.819380313e+02 +8.783380313e+02 +8.783380313e+02 +1.0800e+00 +2.1704e+00 -5.2661e-01 +3.2203e-01 -5.6109e-01
560 +6.146121771e+02 +6.146121771e+02 +7.110121771e+02 +7.110121771e+02 +9.8407e-01 +2.0545e+00 -4.9117e-01 +3.4873e-01 -5.9197e-01
1223 +3.939232835e+02 +3.939232835e+02 +4.903232835e+02 +4.903232835e+02 +8.9386e-01 +1.9145e+00 -4.4150e-01 +1.9881e-01 -7.0120e-01
1937 +2.492854845e+02 +2.492854845e+02 +3.456854845e+02 +3.456854845e+02 +7.6635e-01 +1.7585e+00 -3.5266e-01 +1.5896e-01 -7.5908e-01
2554 +1.569676766e+02 +1.569676766e+02 +2.533676766e+02 +2.533676766e+02 +7.0485e-01 +1.6192e+00 -2.4019e-01 +6.3602e-02 -7.8125e-01
3115 +9.998151119e+01 +9.998151119e+01 +1.963815112e+02 +1.963815112e+02 +5.7964e-01 +1.4946e+00 -1.7852e-01 +6.6110e-03 -8.0360e-01
3576 +6.187534842e+01 +6.187534842e+01 +1.582753484e+02 +1.582753484e+02 +5.7244e-01 +1.3573e+00 -7.7316e-02 -3.8828e-02 -8.7487e-01
4040 +3.908856318e+01 +3.908856318e+01 +1.354885632e+02 +1.354885632e+02 +5.3806e-01 +1.2707e+00 +1.4447e-02 -1.2638e-01 -8.8231e-01
4488 +2.456765552e+01 +2.456765552e+01 +1.209676555e+02 +1.209676555e+02 +5.2448e-01 +1.1496e+00 +7.0764e-02 -1.9963e-01 -8.5296e-01
4911 +1.560662563e+01 +1.560662563e+01 +1.120066256e+02 +1.120066256e+02 +4.6499e-01 +1.0574e+00 +7.3317e-02 -2.6099e-01 -8.5612e-01
5309 +9.952414986e+00 +9.952414986e+00 +1.063524150e+02 +1.063524150e+02 +4.1181e-01 +9.7724e-01 +9.1724e-02 -3.2036e-01 -8.7172e-01
5664 +6.168510248e+00 +6.168510248e+00 +1.025685102e+02 +1.025685102e+02 +3.2229e-01 +9.3295e-01 +1.4022e-01 -3.4463e-01 -8.5714e-01
9362 +3.952465562e+00 +3.952465562e+00 +1.003524656e+02 +1.003524656e+02 +2.5834e-01 +4.1690e-01 -7.5778e-02 -4.7741e-01 -8.5888e-01
12010 +2.499063794e+00 +2.499063794e+00 +9.889906379e+01 +9.889906379e+01 -8.2836e-02 +7.1650e-02 -3.0905e-01 -2.1612e-01 -7.3424e-01
13842 +1.584338233e+00 +1.584338233e+00 +9.798433823e+01 +9.798433823e+01 -3.3130e-01 -9.2506e-03 -3.8340e-01 -7.9361e-02 -4.9235e-01
15264 +9.769641540e-01 +9.769641540e-01 +9.737696415e+01 +9.737696415e+01 -4.3775e-01 -4.2020e-02 -4.0336e-01 -3.2943e-04 -2.3436e-01
16539 +6.284130022e-01 +6.284130022e-01 +9.702841300e+01 +9.702841300e+01 -4.6500e-01 -6.8541e-02 -3.9967e-01 +6.4439e-02 -2.5528e-02
18336 +3.971755477e-01 +3.971755477e-01 +9.679717555e+01 +9.679717555e+01 -4.5742e-01 -1.2670e-01 -3.4321e-01 +1.3214e-01 +1.6282e-01
20227 +2.494577867e-01 +2.494577867e-01 +9.664945779e+01 +9.664945779e+01 -4.4535e-01 -1.6607e-01 -3.0599e-01 +1.9593e-01 +2.9961e-01
24266 +1.547292403e-01 +1.547292403e-01 +9.655472924e+01 +9.655472924e+01 -4.2450e-01 -2.0060e-01 -2.5433e-01 +2.3803e-01 +4.0411e-01
27822 +9.985668563e-02 +9.985668563e-02 +9.649985669e+01 +9.649985669e+01 -3.9800e-01 -2.4283e-01 -1.9002e-01 +2.9143e-01 +5.1828e-01
31613 +6.137279171e-02 +6.137279171e-02 +9.646137279e+01 +9.646137279e+01 -3.7401e-01 -2.7435e-01 -1.4575e-01 +3.2312e-01 +5.8605e-01
34435 +3.949105602e-02 +3.949105602e-02 +9.643949106e+01 +9.643949106e+01 -3.5088e-01 -3.0729e-01 -1.0447e-01 +3.5397e-01 +6.5327e-01
38161 +2.462633324e-02 +2.462633324e-02 +9.642462633e+01 +9.642462633e+01 -3.4171e-01 -3.2273e-01 -8.2851e-02 +3.7482e-01 +6.8800e-01
54804 +1.492091816e-02 +1.492091816e-02 +9.641492092e+01 +9.641492092e+01 -3.2515e-01 -3.4255e-01 -5.1071e-02 +3.9572e-01 +7.2655e-01
% function evaluation | noise-free fitness - Fopt (-9.045000000000e+01) | best noise-free fitness - Fopt | measured fitness | best measured fitness | x1 | x2...
1 +1.553724196e+05 +1.553724196e+05 +1.552819696e+05 +1.552819696e+05 -4.7725e+00 +4.4458e+00 +2.4746e+00 +2.7544e+00 +4.7448e+00
2 +1.292111000e+04 +1.292111000e+04 +1.283066000e+04 +1.283066000e+04 -1.4408e+00 -4.8431e+00 -1.3271e+00 -1.0342e+00 +3.1044e+00
6 +2.964693711e+03 +2.964693711e+03 +2.874243711e+03 +2.874243711e+03 -2.6994e+00 -1.0007e-01 +2.4933e+00 -2.0730e+00 +3.8440e+00
32 +1.294209782e+03 +1.294209782e+03 +1.203759782e+03 +1.203759782e+03 -2.4731e+00 +1.1032e+00 -1.2688e+00 -1.8597e+00 +1.6818e-01
562 +9.884088483e+02 +9.884088483e+02 +8.979588483e+02 +8.979588483e+02 -2.4743e+00 +1.0327e+00 -1.1444e+00 -1.7883e+00 +1.5366e-01
1276 +6.302622353e+02 +6.302622353e+02 +5.398122353e+02 +5.398122353e+02 -2.4403e+00 +9.3828e-01 -9.6441e-01 -1.6899e+00 +2.5756e-01
1992 +3.976933222e+02 +3.976933222e+02 +3.072433222e+02 +3.072433222e+02 -2.4433e+00 +8.2820e-01 -7.5430e-01 -1.6275e+00 +3.0864e-01
2811 +2.491219223e+02 +2.491219223e+02 +1.586719223e+02 +1.586719223e+02 -2.3540e+00 +7.7173e-01 -5.3903e-01 -1.5255e+00 +3.0832e-01
3730 +1.572169573e+02 +1.572169573e+02 +6.676695730e+01 +6.676695730e+01 -2.2854e+00 +7.8138e-01 -2.4015e-01 -1.4797e+00 +3.6825e-01
7753 +9.996959702e+01 +9.996959702e+01 +9.519597018e+00 +9.519597018e+00 -1.5456e+00 +6.3904e-01 -1.6507e-01 -8.7274e-01 -1.7415e-01
10258 +6.260299164e+01 +6.260299164e+01 -2.784700836e+01 -2.784700836e+01 -9.9914e-01 +3.7082e-01 -3.0037e-01 -3.8028e-01 -4.7119e-01
11591 +3.971461218e+01 +3.971461218e+01 -5.073538782e+01 -5.073538782e+01 -7.4711e-01 +2.3967e-01 -3.3915e-01 -9.4604e-02 -6.0373e-01
12507 +2.456828697e+01 +2.456828697e+01 -6.588171303e+01 -6.588171303e+01 -5.2236e-01 +1.3394e-01 -4.0471e-01 +2.2376e-02 -7.5002e-01
13012 +1.571056624e+01 +1.571056624e+01 -7.473943376e+01 -7.473943376e+01 -4.6524e-01 +3.0982e-02 -4.4031e-01 +1.4508e-01 -7.3416e-01
13436 +9.907821815e+00 +9.907821815e+00 -8.054217818e+01 -8.054217818e+01 -3.8836e-01 -3.6231e-02 -4.5366e-01 +2.2670e-01 -7.1130e-01
13771 +6.237151617e+00 +6.237151617e+00 -8.421284838e+01 -8.421284838e+01 -3.4559e-01 -9.9646e-02 -4.5682e-01 +3.0443e-01 -6.8320e-01
14053 +3.975266022e+00 +3.975266022e+00 -8.647473398e+01 -8.647473398e+01 -2.4454e-01 -1.5732e-01 -4.2454e-01 +3.2544e-01 -7.0679e-01
15736 +2.492179686e+00 +2.492179686e+00 -8.795782031e+01 -8.795782031e+01 -1.1984e-02 -3.0190e-01 -2.1299e-01 +2.3492e-01 -6.9853e-01
17633 +1.559967828e+00 +1.559967828e+00 -8.889003217e+01 -8.889003217e+01 +2.5598e-01 -2.9708e-01 +1.2476e-02 +1.2835e-01 -5.5525e-01
19029 +9.972157537e-01 +9.972157537e-01 -8.945278425e+01 -8.945278425e+01 +4.2158e-01 -2.4029e-01 +1.3972e-01 +4.9509e-02 -3.9492e-01
20178 +6.205654747e-01 +6.205654747e-01 -8.982943453e+01 -8.982943453e+01 +5.0440e-01 -1.6058e-01 +2.1732e-01 -1.8484e-02 -2.4041e-01
22076 +3.946657100e-01 +3.946657100e-01 -9.005533429e+01 -9.005533429e+01 +5.3035e-01 -9.3053e-02 +2.7808e-01 -1.1011e-01 -1.0027e-01
23931 +2.433775404e-01 +2.433775404e-01 -9.020662246e+01 -9.020662246e+01 +5.4375e-01 -4.7185e-02 +3.3736e-01 -1.9143e-01 +4.5371e-02
25738 +1.569324048e-01 +1.569324048e-01 -9.029306760e+01 -9.029306760e+01 +5.3756e-01 -3.0006e-03 +3.7545e-01 -2.7174e-01 +1.6233e-01
27441 +9.898696041e-02 +9.898696041e-02 -9.035101304e+01 -9.035101304e+01 +5.1884e-01 +2.4636e-02 +4.0866e-01 -3.2823e-01 +2.5375e-01
30532 +5.876766632e-02 +5.876766632e-02 -9.039123233e+01 -9.039123233e+01 +4.8793e-01 +4.8437e-02 +4.3349e-01 -3.8493e-01 +3.4860e-01
40506 +3.821377238e-02 +3.821377238e-02 -9.041178623e+01 -9.041178623e+01 +4.7422e-01 +6.9847e-02 +4.5548e-01 -4.3177e-01 +4.1213e-01
45103 +2.466754503e-02 +2.466754503e-02 -9.042533245e+01 -9.042533245e+01 +4.5161e-01 +7.9751e-02 +4.7320e-01 -4.7285e-01 +4.7779e-01
46733 +1.249398209e-02 +1.249398209e-02 -9.043750602e+01 -9.043750602e+01 +4.4398e-01 +8.9567e-02 +4.8691e-01 -4.9742e-01 +5.1310e-01
54017 +8.473584769e-03 +8.473584769e-03 -9.044152642e+01 -9.044152642e+01 +4.2345e-01 +1.0352e-01 +4.9880e-01 -5.2814e-01 +5.6250e-01
59309 +5.013711266e-03 +5.013711266e-03 -9.044498629e+01 -9.044498629e+01 +4.2237e-01 +1.0361e-01 +5.0590e-01 -5.3893e-01 +5.7506e-01
% function evaluation | noise-free fitness - Fopt (3.995000000000e+01) | best noise-free fitness - Fopt | measured fitness | best measured fitness | x1 | x2...
1 +5.624084535e+04 +5.624084535e+04 +5.628079535e+04 +5.628079535e+04 +9.1396e-01 +2.0232e+00 +6.4919e-01 +4.5747e+00 -3.5562e+00
2 +1.711766088e+04 +1.711766088e+04 +1.715761088e+04 +1.715761088e+04 +1.0182e+00 -3.8680e-01 +3.8367e+00 -2.5197e+00 +1.0693e+00
6 +8.667109461e+03 +8.667109461e+03 +8.707059461e+03 +8.707059461e+03 +6.4092e-01 +7.8294e-01 -2.8170e+00 -1.2403e+00 -2.1829e-01
23 +1.422358811e+03 +1.422358811e+03 +1.462308811e+03 +1.462308811e+03 -1.2822e+00 +7.8132e-01 -5.6377e-01 -9.5299e-01 +4.6776e-01
570 +9.787463690e+02 +9.787463690e+02 +1.018696369e+03 +1.018696369e+03 -1.2289e+00 +6.7680e-01 -4.3053e-01 -9.4721e-01 +5.1399e-01
1226 +6.284160991e+02 +6.284160991e+02 +6.683660991e+02 +6.683660991e+02 -1.0860e+00 +6.0637e-01 -3.2439e-01 -9.9417e-01 +4.9107e-01
1734 +3.965180160e+02 +3.965180160e+02 +4.364680160e+02 +4.364680160e+02 -9.9059e-01 +5.3727e-01 -2.1082e-01 -1.0299e+00 +5.4530e-01
2211 +2.483607634e+02 +2.483607634e+02 +2.883107634e+02 +2.883107634e+02 -8.9229e-01 +4.6203e-01 -1.0713e-01 -9.9453e-01 +5.6732e-01
2704 +1.556805635e+02 +1.556805635e+02 +1.956305635e+02 +1.956305635e+02 -8.2877e-01 +3.5768e-01 -1.1588e-02 -1.0431e+00 +5.2969e-01
3169 +9.894315510e+01 +9.894315510e+01 +1.388931551e+02 +1.388931551e+02 -7.3703e-01 +2.7359e-01 +7.4910e-02 -1.0234e+00 +5.4457e-01
3678 +6.199010472e+01 +6.199010472e+01 +1.019401047e+02 +1.019401047e+02 -6.3191e-01 +2.1578e-01 +2.4471e-01 -9.7115e-01 +5.1209e-01
4648 +3.964483782e+01 +3.964483782e+01 +7.959483782e+01 +7.959483782e+01 -5.0164e-01 +1.3957e-01 +3.6979e-01 -7.0550e-01 +4.9533e-01
5459 +2.468044284e+01 +2.468044284e+01 +6.463044284e+01 +6.463044284e+01 -4.0142e-01 +1.8856e-01 +4.6793e-01 -4.6223e-01 +5.1325e-01
5987 +1.578651310e+01 +1.578651310e+01 +5.573651310e+01 +5.573651310e+01 -2.8715e-01 +1.5419e-01 +5.4241e-01 -3.6008e-01 +5.9340e-01
6328 +9.373211990e+00 +9.373211990e+00 +4.932321199e+01 +4.932321199e+01 -2.1202e-01 +1.9954e-01 +5.7773e-01 -2.5341e-01 +6.1296e-01
6636 +5.962859325e+00 +5.962859325e+00 +4.591285932e+01 +4.591285932e+01 -1.8674e-01 +2.1769e-01 +5.9274e-01 -1.5529e-01 +6.4277e-01
6976 +3.924828451e+00 +3.924828451e+00 +4.387482845e+01 +4.387482845e+01 -1.0578e-01 +2.5416e-01 +5.9921e-01 -9.7910e-02 +6.7541e-01
8275 +2.484747903e+00 +2.484747903e+00 +4.243474790e+01 +4.243474790e+01 +1.9536e-01 +2.9540e-01 +4.4504e-01 -4.3612e-02 +5.9617e-01
9895 +1.580311833e+00 +1.580311833e+00 +4.153031183e+01 +4.153031183e+01 +3.9456e-01 +3.4406e-01 +1.9492e-01 +4.6024e-02 +4.0714e-01
11323 +9.872628123e-01 +9.872628123e-01 +4.093726281e+01 +4.093726281e+01 +4.6353e-01 +3.4914e-01 +3.4950e-03 +1.1748e-01 +2.3787e-01
12896 +6.179507413e-01 +6.179507413e-01 +4.056795074e+01 +4.056795074e+01 +4.6037e-01 +3.2122e-01 -1.6647e-01 +1.4779e-01 +8.6684e-02
14705 +3.927603858e-01 +3.927603858e-01 +4.034276039e+01 +4.034276039e+01 +4.4211e-01 +2.7804e-01 -3.0405e-01 +1.6056e-01 -3.4019e-02
16689 +2.356913189e-01 +2.356913189e-01 +4.018569132e+01 +4.018569132e+01 +4.2297e-01 +2.1320e-01 -4.2031e-01 +1.5022e-01 -1.5404e-01
19371 +1.549416707e-01 +1.549416707e-01 +4.010494167e+01 +4.010494167e+01 +3.9132e-01 +1.4188e-01 -5.1798e-01 +1.2406e-01 -2.5323e-01
22597 +9.427348802e-02 +9.427348802e-02 +4.004427349e+01 +4.004427349e+01 +3.7258e-01 +8.9049e-02 -5.7967e-01 +1.1254e-01 -3.1773e-01
28989 +6.108610096e-02 +6.108610096e-02 +4.001108610e+01 +4.001108610e+01 +3.5579e-01 +3.9788e-02 -6.3146e-01 +9.2237e-02 -3.7251e-01
38835 +3.858522515e-02 +3.858522515e-02 +3.998858523e+01 +3.998858523e+01 +3.3946e-01 -1.1167e-02 -6.7793e-01 +7.3593e-02 -4.2556e-01
% function evaluation | noise-free fitness - Fopt (7.762000000000e+01) | best noise-free fitness - Fopt | measured fitness | best measured fitness | x1 | x2...
1 +2.019179716e+04 +2.019179716e+04 +2.026941716e+04 +2.026941716e+04 +1.8542e+00 +9.8855e-02 +2.3048e+00 -3.5084e+00 -2.7126e+00
2 +9.920332248e+03 +9.920332248e+03 +9.997952248e+03 +9.997952248e+03 -2.1647e+00 -2.1215e+00 -5.6337e-01 +3.1095e+00 +8.0313e-01
8 +1.780253155e+03 +1.780253155e+03 +1.857873155e+03 +1.857873155e+03 +2.7296e+00 -3.3479e+00 +2.3491e+00 -1.0274e+00 -8.1597e-02
356 +1.583712916e+03 +1.583712916e+03 +1.661332916e+03 +1.661332916e+03 +2.7368e+00 -3.2874e+00 +2.3192e+00 -1.0263e+00 -6.6154e-02
1052 +9.995663106e+02 +9.995663106e+02 +1.077186311e+03 +1.077186311e+03 +2.7655e+00 -3.0985e+00 +2.3300e+00 -1.1250e+00 +1.8528e-02
1784 +6.288760432e+02 +6.288760432e+02 +7.064960432e+02 +7.064960432e+02 +2.7815e+00 -2.8969e+00 +2.2652e+00 -1.2214e+00 +1.3459e-01
3583 +3.967941392e+02 +3.967941392e+02 +4.744141392e+02 +4.744141392e+02 +2.7923e+00 -2.5589e+00 +1.8902e+00 -1.0892e+00 +3.8138e-01
8211 +2.508573153e+02 +2.508573153e+02 +3.284773153e+02 +3.284773153e+02 +1.7575e+00 -2.1098e+00 +1.1715e+00 -5.6558e-01 +2.0488e-01
11230 +1.579952741e+02 +1.579952741e+02 +2.356152741e+02 +2.356152741e+02 +9.3177e-01 -1.8640e+00 +7.6716e-01 -4.7288e-01 -6.8577e-02
13209 +9.972631245e+01 +9.972631245e+01 +1.773463125e+02 +1.773463125e+02 +4.1585e-01 -1.6370e+00 +4.9364e-01 -3.8117e-01 -1.7874e-01
14534 +6.271351812e+01 +6.271351812e+01 +1.403335181e+02 +1.403335181e+02 +8.1267e-02 -1.4322e+00 +3.2842e-01 -2.7736e-01 -2.1812e-01
15513 +3.934045577e+01 +3.934045577e+01 +1.169604558e+02 +1.169604558e+02 -1.5912e-01 -1.3016e+00 +1.9235e-01 -2.5289e-01 -2.6345e-01
16123 +2.449392865e+01 +2.449392865e+01 +1.021139286e+02 +1.021139286e+02 -3.0834e-01 -1.1658e+00 +1.5517e-01 -2.3392e-01 -3.2728e-01
16666 +1.561806968e+01 +1.561806968e+01 +9.323806968e+01 +9.323806968e+01 -4.2237e-01 -1.0584e+00 +1.2848e-01 -2.1763e-01 -3.2203e-01
16987 +9.979509591e+00 +9.979509591e+00 +8.759950959e+01 +8.759950959e+01 -5.6748e-01 -1.0203e+00 +1.5469e-01 -1.7205e-01 -3.9536e-01
17350 +6.269507578e+00 +6.269507578e+00 +8.388950758e+01 +8.388950758e+01 -5.9877e-01 -9.1614e-01 +1.0198e-01 -2.1130e-01 -3.6729e-01
18745 +3.939582781e+00 +3.939582781e+00 +8.155958278e+01 +8.155958278e+01 -6.2805e-01 -7.4246e-01 +1.4093e-01 -8.0055e-02 -4.6574e-01
21191 +2.485948292e+00 +2.485948292e+00 +8.010594829e+01 +8.010594829e+01 -3.8782e-01 -4.8857e-01 +4.6189e-02 +4.0601e-01 -3.4930e-01
22875 +1.567640966e+00 +1.567640966e+00 +7.918764097e+01 +7.918764097e+01 -2.2255e-01 -2.8160e-01 -1.4806e-01 +5.6135e-01 -2.1037e-01
24272 +9.958064595e-01 +9.958064595e-01 +7.861580646e+01 +7.861580646e+01 -1.2039e-01 -8.8298e-02 -2.6129e-01 +5.7546e-01 -1.1047e-01
25509 +5.817740709e-01 +5.817740709e-01 +7.820177407e+01 +7.820177407e+01 +2.7042e-03 +1.1166e-01 -3.1544e-01 +5.2692e-01 +3.0508e-05
26878 +3.922724724e-01 +3.922724724e-01 +7.801227247e+01 +7.801227247e+01 +8.0376e-02 +2.4402e-01 -3.1998e-01 +4.6898e-01 +6.1390e-02
29013 +2.451174565e-01 +2.451174565e-01 +7.786511746e+01 +7.786511746e+01 +1.6936e-01 +3.4416e-01 -3.1072e-01 +4.1970e-01 +1.3566e-01
31063 +1.448657147e-01 +1.448657147e-01 +7.776486571e+01 +7.776486571e+01 +2.5569e-01 +4.3866e-01 -2.9680e-01 +3.5698e-01 +2.0114e-01
33626 +9.899748364e-02 +9.899748364e-02 +7.771899748e+01 +7.771899748e+01 +3.1317e-01 +4.9833e-01 -2.8033e-01 +3.1647e-01 +2.4362e-01
37206 +5.532720284e-02 +5.532720284e-02 +7.767532720e+01 +7.767532720e+01 +3.9012e-01 +5.6884e-01 -2.5270e-01 +2.6868e-01 +3.0134e-01
39521 +3.352908768e-02 +3.352908768e-02 +7.765352909e+01 +7.765352909e+01 +4.4221e-01 +6.1669e-01 -2.2969e-01 +2.2913e-01 +3.3725e-01
43695 +2.373226214e-02 +2.373226214e-02 +7.764373226e+01 +7.764373226e+01 +4.7047e-01 +6.3737e-01 -2.1877e-01 +2.0918e-01 +3.5683e-01
51780 +1.474547385e-02 +1.474547385e-02 +7.763474547e+01 +7.763474547e+01 +5.1422e-01 +6.6973e-01 -1.9631e-01 +1.8063e-01 +3.8886e-01
65691 +9.182873850e-03 +9.182873850e-03 +7.762918287e+01 +7.762918287e+01 +5.4178e-01 +6.9233e-01 -1.8754e-01 +1.5956e-01 +4.0842e-01
% function evaluation | noise-free fitness - Fopt (-1.092400000000e+02) | best noise-free fitness - Fopt | measured fitness | best measured fitness | x1 | x2...
1 +1.184712056e+04 +1.184712056e+04 +1.173788056e+04 +1.173788056e+04 +3.8083e+00 +3.5619e+00 +8.4975e-01 -1.6977e+00 +5.9124e-01
6 +2.227361888e+03 +2.227361888e+03 +2.118121888e+03 +2.118121888e+03 +7.7357e-01 -3.7891e+00 +2.4519e+00 +8.5376e-01 +1.4387e+00
1743 +1.584309470e+03 +1.584309470e+03 +1.475069470e+03 +1.475069470e+03 +7.2132e-01 -3.5227e+00 +2.4194e+00 +5.1925e-01 +1.0872e+00
4080 +9.989258434e+02 +9.989258434e+02 +8.896858434e+02 +8.896858434e+02 +6.4315e-01 -2.9553e+00 +2.0633e+00 +2.8923e-01 +8.3042e-01
6066 +6.288685289e+02 +6.288685289e+02 +5.196285289e+02 +5.196285289e+02 +6.0102e-01 -2.4111e+00 +1.7710e+00 +1.3467e-01 +6.9976e-01
6373 +3.958391270e+02 +3.958391270e+02 +2.865991270e+02 +2.865991270e+02 -2.0644e+00 +3.6718e+00 -2.3815e+00 -1.9013e+00 +5.2289e-01
7703 +2.511580804e+02 +2.511580804e+02 +1.419180804e+02 +1.419180804e+02 -2.1609e+00 +3.5755e+00 -2.2971e+00 -2.1259e+00 +8.6681e-01
15761 +1.581534638e+02 +1.581534638e+02 +4.891346378e+01 +4.891346378e+01 -1.5040e+00 +1.9927e+00 -1.0376e+00 -1.9124e+00 +8.3553e-01
21833 +9.994113338e+01 +9.994113338e+01 -9.298866615e+00 -9.298866615e+00 -8.2484e-01 +8.0989e-01 -4.3321e-02 -1.3732e+00 +6.9924e-01
24377 +6.263970772e+01 +6.263970772e+01 -4.660029228e+01 -4.660029228e+01 -4.5237e-01 +3.1346e-01 +3.5862e-01 -1.0030e+00 +5.5930e-01
25783 +3.869799754e+01 +3.869799754e+01 -7.054200246e+01 -7.054200246e+01 -2.2401e-01 +1.1228e-01 +6.0532e-01 -7.7105e-01 +5.4703e-01
26576 +2.498330501e+01 +2.498330501e+01 -8.425669499e+01 -8.425669499e+01 -9.9966e-02 +4.5493e-02 +7.3958e-01 -6.1537e-01 +5.0022e-01
27084 +1.564946740e+01 +1.564946740e+01 -9.359053260e+01 -9.359053260e+01 +1.1276e-02 +3.1566e-02 +8.4555e-01 -5.0510e-01 +4.5038e-01
27442 +9.754104153e+00 +9.754104153e+00 -9.948589585e+01 -9.948589585e+01 +3.8727e-02 -1.4447e-02 +9.3419e-01 -4.1882e-01 +3.6597e-01
27851 +6.248738199e+00 +6.248738199e+00 -1.029912618e+02 -1.029912618e+02 +1.1428e-01 -5.4903e-02 +9.6515e-01 -3.5950e-01 +3.5831e-01
28306 +3.973876151e+00 +3.973876151e+00 -1.052661238e+02 -1.052661238e+02 +2.0601e-01 -6.8113e-02 +9.8112e-01 -2.6534e-01 +3.1603e-01
31077 +2.496764646e+00 +2.496764646e+00 -1.067432354e+02 -1.067432354e+02 +3.2489e-01 -2.6230e-01 +5.3596e-01 +4.0109e-02 +4.8450e-01
32715 +1.527577320e+00 +1.527577320e+00 -1.077124227e+02 -1.077124227e+02 +3.7817e-01 -3.7002e-01 +2.0600e-01 +2.0774e-01 +3.5933e-01
33970 +9.968702667e-01 +9.968702667e-01 -1.082431297e+02 -1.082431297e+02 +3.3932e-01 -4.2203e-01 +5.0456e-03 +2.7706e-01 +2.2923e-01
35400 +6.166209909e-01 +6.166209909e-01 -1.086233790e+02 -1.086233790e+02 +2.5222e-01 -4.0568e-01 -2.0532e-01 +3.2048e-01 +7.7623e-02
37065 +3.944948520e-01 +3.944948520e-01 -1.088455051e+02 -1.088455051e+02 +1.8889e-01 -3.8967e-01 -3.1486e-01 +3.2601e-01 +1.5298e-02
38304 +2.470749928e-01 +2.470749928e-01 -1.089929250e+02 -1.089929250e+02 +1.1736e-01 -3.4199e-01 -4.4577e-01 +3.2752e-01 -5.4441e-02
41204 +1.537289873e-01 +1.537289873e-01 -1.090862710e+02 -1.090862710e+02 +4.8410e-02 -2.7128e-01 -5.5966e-01 +3.1940e-01 -1.0967e-01
45560 +9.399321232e-02 +9.399321232e-02 -1.091460068e+02 -1.091460068e+02 -6.0539e-03 -2.1676e-01 -6.5355e-01 +3.1130e-01 -1.5353e-01
52729 +6.254527449e-02 +6.254527449e-02 -1.091774547e+02 -1.091774547e+02 -4.4400e-02 -1.6869e-01 -7.2528e-01 +3.0756e-01 -1.9068e-01
60058 +3.708556889e-02 +3.708556889e-02 -1.092029144e+02 -1.092029144e+02 -8.7877e-02 -1.1625e-01 -7.9161e-01 +2.9538e-01 -2.1708e-01
66679 +2.157807937e-02 +2.157807937e-02 -1.092184219e+02 -1.092184219e+02 -1.1720e-01 -8.3153e-02 -8.4379e-01 +2.9417e-01 -2.3956e-01
