% function evaluation | noise-free fitness - Fopt (1.238300000000e+02) | best noise-free fitness - Fopt | measured fitness | best measured fitness | x1 | x2...
1 +2.855200213e+04 +2.855200213e+04 +2.867583213e+04 +2.867583213e+04 -2.8116e+00 +7.6725e-01 -4.8882e+00 +1.1259e+00 -2.7695e+00
3 +1.510176297e+04 +1.510176297e+04 +1.522559297e+04 +1.522559297e+04 -3.5195e+00 -7.9909e-01 -2.0704e+00 +3.9520e+00 -4.4564e-01
10 +5.586409500e+03 +5.586409500e+03 +5.710239500e+03 +5.710239500e+03 -3.3786e-01 -1.6739e+00 -2.3497e+00 -3.6494e+00 +1.5873e+00
11 +1.836100902e+03 +1.836100902e+03 +1.959930902e+03 +1.959930902e+03 +4.3245e+00 -3.8323e+00 -3.5596e+00 -4.1391e+00 +1.6759e+00
187 +4.548665024e+02 +4.548665024e+02 +5.786965024e+02 +5.786965024e+02 +2.1564e-01 +1.0685e+00 -3.8406e-01 +5.6108e-01 +1.5461e+00
190 +2.172736752e+02 +2.172736752e+02 +3.411036752e+02 +3.411036752e+02 +1.3557e+00 -3.3002e+00 -3.6481e-01 -4.1860e+00 +2.6644e+00
1024 +1.374679429e+02 +1.374679429e+02 +2.612979429e+02 +2.612979429e+02 +2.2774e+00 -4.4411e+00 -8.2426e-01 -2.9035e+00 +3.4364e+00
1390 +1.566047155e+01 +1.566047155e+01 +1.394904715e+02 +1.394904715e+02 -6.2036e-01 +1.3319e-01 -8.1773e-01 +6.2070e-01 -4.2902e-02
5122 +6.818054625e+00 +6.818054625e+00 +1.306480546e+02 +1.306480546e+02 +1.0332e-01 -6.7875e-02 +7.5352e-01 +3.0120e-01 -1.1247e-01
19010 +2.279629027e+00 +2.279629027e+00 +1.261096290e+02 +1.261096290e+02 +3.7658e-01 -4.3909e-01 +6.9995e-01 -4.8448e-02 +2.3071e-01
% function evaluation | noise-free fitness - Fopt (4.751000000000e+01) | best noise-free fitness - Fopt | measured fitness | best measured fitness | x1 | x2...
1 +2.403949156e+04 +2.403949156e+04 +2.408700156e+04 +2.408700156e+04 -4.6446e+00 -3.9262e+00 -2.6574e+00 -7.1245e-01 -2.2810e+00
4 +6.591910887e+03 +6.591910887e+03 +6.639420887e+03 +6.639420887e+03 +9.1375e-01 -9.2336e-01 -2.0417e+00 -3.8549e-01 -2.2758e+00
8 +5.027075954e+03 +5.027075954e+03 +5.074585954e+03 +5.074585954e+03 +4.0425e+00 +1.5175e+00 -1.4988e+00 +4.7622e+00 +3.9840e-01
13 +6.521179369e+02 +6.521179369e+02 +6.996279369e+02 +6.996279369e+02 +2.4870e+00 +9.7284e-01 +7.4545e-01 -8.1606e-01 +7.0509e-01
32 +6.073795525e+02 +6.073795525e+02 +6.548895525e+02 +6.548895525e+02 +2.7062e+00 -7.7826e-01 +1.1836e-01 +3.9627e-01 -8.3878e-01
100 +3.852411898e+02 +3.852411898e+02 +4.327511898e+02 +4.327511898e+02 +2.8778e-01 +1.4459e+00 +5.0308e-01 -1.1019e-01 -6.6985e-01
1463 +2.460116073e+02 +2.460116073e+02 +2.935216073e+02 +2.935216073e+02 +4.2020e-01 +6.3923e-01 +3.7986e-01 +1.0060e+00 -5.2806e-01
1472 +9.631364344e+01 +9.631364344e+01 +1.438236434e+02 +1.438236434e+02 -8.4929e-01 -3.4607e-01 -3.2673e-01 +3.4832e-02 +4.4598e-01
1742 +6.041538524e+01 +6.041538524e+01 +1.079253852e+02 +1.079253852e+02 +6.6566e-02 -5.6583e-01 +4.3104e-01 +5.4938e-01 -1.0424e+00
3198 +3.968068509e+01 +3.968068509e+01 +8.719068509e+01 +8.719068509e+01 -3.2358e-02 -9.2754e-01 +8.8152e-01 +4.4350e-01 +2.0786e-01
5979 +1.211279934e+01 +1.211279934e+01 +5.962279934e+01 +5.962279934e+01 -4.7689e-01 -8.1179e-01 +5.8222e-01 +8.5937e-01 -5.1450e-01
7106 +5.214707790e+00 +5.214707790e+00 +5.272470779e+01 +5.272470779e+01 +4.8177e-01 +3.9797e-01 -7.4637e-01 -4.5484e-01 +1.2912e-01
% function evaluation | noise-free fitness - Fopt (5.534000000000e+01) | best noise-free fitness - Fopt | measured fitness | best measured fitness | x1 | x2...
1 +1.217507263e+05 +1.217507263e+05 +1.218060663e+05 +1.218060663e+05 -1.0550e+00 +4.9416e+00 -3.8976e+00 -3.9647e+00 +3.7802e+00
4 +2.297355254e+04 +2.297355254e+04 +2.302889254e+04 +2.302889254e+04 +3.3436e-01 -3.8823e+00 +4.0581e+00 +4.9879e-01 +1.1742e+00
9 +7.468012140e+03 +7.468012140e+03 +7.523352140e+03 +7.523352140e+03 -3.2289e-01 +2.4727e+00 -6.3292e-01 -1.4612e+00 -1.0230e+00
15 +5.889317348e+03 +5.889317348e+03 +5.944657348e+03 +5.944657348e+03 +3.1374e+00 -7.8334e-01 -3.1596e+00 -4.2497e+00 +4.0893e+00
16 +1.271241361e+03 +1.271241361e+03 +1.326581361e+03 +1.326581361e+03 +5.3888e-01 -2.2059e+00 +5.8881e-02 -2.5172e+00 +1.3308e+00
195 +1.850262946e+02 +1.850262946e+02 +2.403662946e+02 +2.403662946e+02 +6.9650e-01 +4.5489e-01 -3.5607e-01 +2.4658e-01 -3.8717e-01
508 +6.343609570e+01 +6.343609570e+01 +1.187760957e+02 +1.187760957e+02 +1.6970e-01 +8.6264e-01 -2.2741e-01 -1.6229e-01 -3.9641e-01
2063 +5.597223496e+01 +5.597223496e+01 +1.113122350e+02 +1.113122350e+02 -4.3127e-02 -5.6304e-01 +9.5378e-01 -6.3049e-02 +7.9309e-01
2692 +3.618109153e+01 +3.618109153e+01 +9.152109153e+01 +9.152109153e+01 +4.4370e-01 -2.4936e-01 +8.5472e-01 -1.7399e-01 +5.2917e-02
5179 +2.254492081e+01 +2.254492081e+01 +7.788492081e+01 +7.788492081e+01 +5.2768e-03 -1.0438e+00 +4.4534e-01 +4.8666e-01 -8.5943e-02
6192 +1.466078141e+01 +1.466078141e+01 +7.000078141e+01 +7.000078141e+01 -6.9611e-01 -3.8318e-01 -1.2805e-01 +5.8226e-01 +1.0696e+00
13745 +9.520497900e+00 +9.520497900e+00 +6.486049790e+01 +6.486049790e+01 -8.8238e-04 +5.7072e-02 +5.6781e-01 -1.2742e-02 -2.2540e-01
38380 +4.992519792e+00 +4.992519792e+00 +6.033251979e+01 +6.033251979e+01 +3.8555e-02 +4.9752e-02 +5.1103e-01 +4.1870e-02 -3.9662e-01
% function evaluation | noise-free fitness - Fopt (-9.033000000000e+01) | best noise-free fitness - Fopt | measured fitness | best measured fitness | x1 | x2...
1 +1.826919564e+04 +1.826919564e+04 +1.817886564e+04 +1.817886564e+04 -2.2200e-02 -2.8883e+00 +1.4572e+00 +6.7730e-01 +4.0410e+00
7 +1.506873930e+04 +1.506873930e+04 +1.497840930e+04 +1.497840930e+04 -7.0206e-01 -6.7187e-01 -3.8474e+00 +2.8733e+00 -1.6321e+00
13 +7.421618597e+03 +7.421618597e+03 +7.331288597e+03 +7.331288597e+03 -1.9239e+00 +3.3391e+00 +1.1063e+00 +9.2737e-01 +9.9433e-02
26 +1.872221903e+03 +1.872221903e+03 +1.781891903e+03 +1.781891903e+03 +5.9274e-01 +2.3951e-01 +2.0189e+00 -7.5305e-01 -1.2510e+00
126 +3.027097525e+02 +3.027097525e+02 +2.123797525e+02 +2.123797525e+02 -1.5111e+00 +3.6106e+00 +1.4681e+00 -2.3577e+00 -1.2282e+00
579 +1.890313384e+02 +1.890313384e+02 +9.870133845e+01 +9.870133845e+01 -7.0326e-01 -1.5381e-01 -2.1112e-02 -2.0469e-01 +1.2037e+00
1006 +7.558863375e+01 +7.558863375e+01 -1.474136625e+01 -1.474136625e+01 +6.3026e-01 -3.3037e-01 +7.1307e-01 +3.9493e-01 +3.2258e-01
1662 +4.722957953e+01 +4.722957953e+01 -4.310042047e+01 -4.310042047e+01 -3.9719e-02 -4.6465e-01 -4.4244e-01 -3.1829e-01 +1.4274e-01
2162 +2.022863637e+01 +2.022863637e+01 -7.010136363e+01 -7.010136363e+01 +7.3324e-01 +4.9606e-01 +7.3010e-01 -2.4889e-01 -6.2356e-02
5451 +1.160824913e+01 +1.160824913e+01 -7.872175087e+01 -7.872175087e+01 -6.4037e-01 +8.1184e-02 +7.1425e-02 +1.0868e+00 -4.4689e-01
9207 +9.219470196e+00 +9.219470196e+00 -8.111052980e+01 -8.111052980e+01 -4.9648e-01 -4.7331e-01 -7.3709e-01 +8.8727e-02 +1.3528e-01
19717 +5.498993977e+00 +5.498993977e+00 -8.483100602e+01 -8.483100602e+01 -3.3492e-01 -6.3970e-01 -5.7758e-01 +1.1602e-01 -8.2297e-02
% function evaluation | noise-free fitness - Fopt (6.561000000000e+01) | best noise-free fitness - Fopt | measured fitness | best measured fitness | x1 | x2...
1 +2.808663487e+04 +2.808663487e+04 +2.815224487e+04 +2.815224487e+04 -2.7960e-01 +1.3312e+00 -4.0460e+00 +3.9868e+00 +3.6888e+00
2 +1.115355589e+04 +1.115355589e+04 +1.121916589e+04 +1.121916589e+04 +2.5228e+00 -1.2923e+00 +1.9054e+00 +5.5926e-01 +3.6276e+00
5 +2.460379042e+03 +2.460379042e+03 +2.525989042e+03 +2.525989042e+03 +6.2573e-02 +2.0870e+00 +1.5231e+00 +1.1963e+00 -2.2745e+00
74 +6.057599608e+02 +6.057599608e+02 +6.713699608e+02 +6.713699608e+02 +1.9433e+00 -9.4902e-01 -1.8219e+00 +4.2209e-01 -1.7944e-01
275 +3.624756699e+02 +3.624756699e+02 +4.280856699e+02 +4.280856699e+02 +1.6832e+00 -4.3264e-02 +1.6110e+00 +5.8985e-01 -2.5107e-01
682 +1.715936330e+02 +1.715936330e+02 +2.372036330e+02 +2.372036330e+02 -2.8088e-01 +3.3388e-01 -7.2433e-01 -7.1062e-01 +2.0441e-01
1449 +1.143406455e+02 +1.143406455e+02 +1.799506455e+02 +1.799506455e+02 +1.2906e+00 -2.2361e-02 -1.0453e+00 +5.1683e-01 +1.3585e-01
2307 +6.053626742e+01 +6.053626742e+01 +1.261462674e+02 +1.261462674e+02 +1.3299e-01 +6.7990e-03 +4.5522e-02 +4.3329e-01 +3.8983e-01
2389 +2.773292417e+01 +2.773292417e+01 +9.334292417e+01 +9.334292417e+01 -5.5026e-01 +8.7743e-02 -4.1250e-01 -6.7220e-01 -2.6675e-01
4851 +1.901014249e+01 +1.901014249e+01 +8.462014249e+01 +8.462014249e+01 +3.7287e-01 -1.4250e-01 +7.5904e-01 +3.6103e-01 +2.2603e-01
9275 +1.381494953e+01 +1.381494953e+01 +7.942494953e+01 +7.942494953e+01 +5.2786e-03 +1.6065e-01 +4.4916e-01 +1.9576e-01 -1.3006e-01
14244 +9.130586017e+00 +9.130586017e+00 +7.474058602e+01 +7.474058602e+01 +6.4582e-02 +5.0871e-02 +8.8337e-01 +2.2438e-01 -2.5775e-01
19938 +5.413041733e+00 +5.413041733e+00 +7.102304173e+01 +7.102304173e+01 +1.4855e-01 +1.5236e-01 +7.8916e-01 +3.3796e-01 -1.7899e-02
% function evaluation | noise-free fitness - Fopt (-1.536000000000e+01) | best noise-free fitness - Fopt | measured fitness | best measured fitness | x1 | x2...
1 +3.873251234e+04 +3.873251234e+04 +3.871715234e+04 +3.871715234e+04 +6.1459e-01 -1.0174e+00 -6.8527e-01 +3.7475e+00 -4.0260e+00
3 +8.343183749e+03 +8.343183749e+03 +8.327823749e+03 +8.327823749e+03 +1.8567e+00 -9.5432e-01 +2.5621e+00 -2.5675e+00 +1.7812e+00
25 +1.010997460e+03 +1.010997460e+03 +9.956374602e+02 +9.956374602e+02 -2.2725e+00 -1.5159e+00 -1.2386e+00 -2.9773e-01 +2.5272e+00
98 +4.591182302e+02 +4.591182302e+02 +4.437582302e+02 +4.437582302e+02 +1.1778e+00 +4.2602e-01 +8.6252e-01 -1.5821e-01 +1.5274e+00
144 +2.944001905e+02 +2.944001905e+02 +2.790401905e+02 +2.790401905e+02 -3.7540e+00 -1.0341e+00 -2.1471e+00 +1.1772e+00 +1.0111e+00
743 +1.458166032e+02 +1.458166032e+02 +1.304566032e+02 +1.304566032e+02 +3.5058e-01 +6.7787e-02 -8.4255e-01 -6.0573e-01 -7.8023e-02
1321 +7.351429756e+01 +7.351429756e+01 +5.815429756e+01 +5.815429756e+01 +2.4835e-01 +8.9313e-01 -2.9943e-01 -2.8498e-01 -1.0394e-01
1456 +4.207972274e+01 +4.207972274e+01 +2.671972274e+01 +2.671972274e+01 -5.0000e+00 -1.2409e+00 -3.5691e+00 +6.5862e-01 +1.2042e+00
1735 +3.290661663e+01 +3.290661663e+01 +1.754661663e+01 +1.754661663e+01 -2.2561e-01 -9.6868e-01 +7.4681e-01 +4.9752e-01 +1.2330e+00
3056 +2.326650757e+01 +2.326650757e+01 +7.906507566e+00 +7.906507566e+00 +1.0451e+00 -2.8364e-01 +6.2830e-01 -8.7771e-01 +3.6970e-01
3141 +1.481777450e+01 +1.481777450e+01 -5.422255033e-01 -5.422255033e-01 +7.0346e-01 -1.2910e-02 +3.4399e-01 -9.2549e-01 -1.6447e-01
9846 +7.884434506e+00 +7.884434506e+00 -7.475565494e+00 -7.475565494e+00 +6.6143e-01 -1.5847e-01 +2.7928e-01 -4.5544e-01 -1.5970e-01
18442 +3.403059995e+00 +3.403059995e+00 -1.195694001e+01 -1.195694001e+01 +5.8768e-01 +2.4692e-01 +2.0805e-01 -5.1494e-01 -1.2979e-01
21584 +2.184553079e+00 +2.184553079e+00 -1.317544692e+01 -1.317544692e+01 +2.8152e-01 +5.3569e-01 +1.6976e-01 +2.8261e-01 -1.4617e-01
% function evaluation | noise-free fitness - Fopt (-1.318000000000e+01) | best noise-free fitness - Fopt | measured fitness | best measured fitness | x1 | x2...
1 +9.806208790e+04 +9.806208790e+04 +9.804890790e+04 +9.804890790e+04 +3.3233e+00 +3.0654e+00 -8.2894e-01 -4.3146e+00 +3.9869e-01
2 +4.022823438e+03 +4.022823438e+03 +4.009643438e+03 +4.009643438e+03 -2.5784e+00 -1.2312e+00 -2.4618e+00 +2.0721e+00 -7.6240e-01
60 +3.131983216e+03 +3.131983216e+03 +3.118803216e+03 +3.118803216e+03 -1.4711e+00 -1.4390e+00 +2.1441e-01 +1.9215e+00 -1.4354e+00
209 +2.390858881e+03 +2.390858881e+03 +2.377678881e+03 +2.377678881e+03 -3.5037e+00 +1.0676e+00 -2.5491e+00 -1.6552e+00 -6.2609e-01
285 +4.110558635e+02 +4.110558635e+02 +3.978758635e+02 +3.978758635e+02 -9.1379e-01 +5.9212e-01 -8.1604e-01 +7.0710e-01 -1.6690e+00
302 +3.814422468e+02 +3.814422468e+02 +3.682622468e+02 +3.682622468e+02 -1.0350e+00 -7.7431e-01 -2.4504e+00 -1.5373e+00 +2.3472e-01
697 +9.431539493e+01 +9.431539493e+01 +8.113539493e+01 +8.113539493e+01 +5.1649e-01 -4.9074e-01 +9.1794e-02 +7.9724e-01 -1.5214e+00
2122 +5.706098308e+01 +5.706098308e+01 +4.388098308e+01 +4.388098308e+01 -6.6678e-01 -3.7561e-01 -4.4644e-01 +2.3302e-01 -1.8572e+00
2814 +1.950096668e+01 +1.950096668e+01 +6.320966677e+00 +6.320966677e+00 +4.7623e-01 -1.8772e-01 +1.8320e-01 +5.7555e-02 +1.6583e-01
4099 +1.066670030e+01 +1.066670030e+01 -2.513299705e+00 -2.513299705e+00 +4.8422e-01 -5.6172e-01 -1.4502e-01 +1.0171e+00 -2.5048e-01
11899 +8.522152126e+00 +8.522152126e+00 -4.657847874e+00 -4.657847874e+00 +4.3081e-01 -3.4690e-02 -9.6249e-02 -1.5124e-01 +2.4868e-01
% function evaluation | noise-free fitness - Fopt (-6.052000000000e+01) | best noise-free fitness - Fopt | measured fitness | best measured fitness | x1 | x2...
1 +4.683071963e+05 +4.683071963e+05 +4.682466763e+05 +4.682466763e+05 -3.5293e+00 -4.5583e+00 +1.6118e+00 +4.5749e+00 +4.9191e+00
2 +6.876757915e+04 +6.876757915e+04 +6.870705915e+04 +6.870705915e+04 -1.5080e-01 -3.5912e+00 -2.9315e+00 +6.8397e-01 +3.9447e+00
3 +4.399266403e+04 +4.399266403e+04 +4.393214403e+04 +4.393214403e+04 +1.4294e+00 +1.5638e+00 +3.6792e+00 -1.8668e+00 -3.0496e+00
5 +2.662635202e+04 +2.662635202e+04 +2.656583202e+04 +2.656583202e+04 +4.5021e+00 +4.2543e+00 -9.6693e-01 -2.5084e+00 +3.6758e+00
8 +1.428920261e+04 +1.428920261e+04 +1.422868261e+04 +1.422868261e+04 -2.6088e+00 -4.3610e+00 -2.3530e+00 +6.5455e-01 -2.8657e+00
15 +9.257714465e+03 +9.257714465e+03 +9.197194465e+03 +9.197194465e+03 +3.0796e+00 -1.4225e+00 -4.5560e-01 -2.1614e+00 -1.1857e+00
28 +4.474323258e+03 +4.474323258e+03 +4.413803258e+03 +4.413803258e+03 -1.9764e+00 -1.2965e+00 -2.1197e+00 +1.6628e+00 -2.7759e+00
50 +1.616563995e+03 +1.616563995e+03 +1.556043995e+03 +1.556043995e+03 -3.0397e+00 -4.3833e-01 -1.1787e+00 +1.1978e-01 -7.5933e-01
132 +5.610725534e+02 +5.610725534e+02 +5.005525534e+02 +5.005525534e+02 +1.2504e-01 +1.0147e+00 +8.7591e-02 -1.0597e+00 +1.4309e+00
838 +1.864063019e+02 +1.864063019e+02 +1.258863019e+02 +1.258863019e+02 +4.7384e-01 +3.4302e-01 -3.2277e-01 +2.7163e-01 +7.8042e-01
1055 +9.621306437e+01 +9.621306437e+01 +3.569306437e+01 +3.569306437e+01 +1.0280e-01 +2.9655e-01 +8.8647e-01 -3.8606e-01 -9.1948e-01
1350 +4.199968267e+01 +4.199968267e+01 -1.852031733e+01 -1.852031733e+01 +7.1913e-01 -6.9772e-01 +4.5091e-01 +6.1691e-02 +1.1867e+00
2158 +3.476092388e+01 +3.476092388e+01 -2.575907612e+01 -2.575907612e+01 -1.1852e-01 +3.4020e-01 +2.5811e-01 -2.2695e-02 -1.4743e-02
3317 +7.295931614e+00 +7.295931614e+00 -5.322406839e+01 -5.322406839e+01 -3.0591e-01 +8.3768e-01 +1.0593e-01 +6.5339e-02 -5.5803e-01
% function evaluation | noise-free fitness - Fopt (1.844000000000e+02) | best noise-free fitness - Fopt | measured fitness | best measured fitness | x1 | x2...
1 +1.128173055e+05 +1.128173055e+05 +1.130017055e+05 +1.130017055e+05 -1.7567e+00 -4.9722e+00 +2.4899e+00 -1.1520e+00 +4.0338e+00
2 +6.792105013e+04 +6.792105013e+04 +6.810545013e+04 +6.810545013e+04 +5.0011e-01 +3.5666e+00 -7.9094e-01 +4.9878e+00 +2.6571e+00
4 +7.712987169e+03 +7.712987169e+03 +7.897387169e+03 +7.897387169e+03 +4.0614e-02 -1.3226e+00 +1.9915e-02 -2.7955e+00 -1.0995e-01
8 +5.621456813e+03 +5.621456813e+03 +5.805856813e+03 +5.805856813e+03 +2.9573e+00 -1.6664e-01 +3.8312e+00 -3.2141e-01 +4.5839e-01
37 +2.705204759e+03 +2.705204759e+03 +2.889604759e+03 +2.889604759e+03 +5.8367e-01 +2.2665e+00 +3.3038e+00 -1.7889e+00 +2.2301e+00
67 +1.531027290e+03 +1.531027290e+03 +1.715427290e+03 +1.715427290e+03 +5.8153e-02 -6.3900e-01 +3.3901e+00 -2.1660e+00 +2.3295e-01
316 +8.403434794e+02 +8.403434794e+02 +1.024743479e+03 +1.024743479e+03 +1.1838e+00 -1.0744e+00 -9.5309e-02 +4.2660e-01 +2.2432e+00
772 +5.657066283e+02 +5.657066283e+02 +7.501066283e+02 +7.501066283e+02 +1.5078e+00 +5.1009e-01 +4.0096e+00 -1.4050e+00 +7.9681e-01
1069 +2.491885932e+02 +2.491885932e+02 +4.335885932e+02 +4.335885932e+02 +6.6902e-01 -9.2345e-01 +3.7297e+00 -1.5016e+00 +5.1919e-01
1645 +1.030875069e+02 +1.030875069e+02 +2.874875069e+02 +2.874875069e+02 -7.9367e-01 -4.8058e-01 -4.3329e-01 +1.1227e+00 +1.0087e+00
1939 +7.904946015e+01 +7.904946015e+01 +2.634494602e+02 +2.634494602e+02 +6.5173e-02 -1.3573e-01 +3.3721e-01 +1.9083e-01 +9.3787e-01
2289 +2.641082284e+01 +2.641082284e+01 +2.108108228e+02 +2.108108228e+02 -4.8616e-01 -5.6120e-02 -1.0100e+00 -1.8720e-01 +3.8083e-01
3401 +9.597815971e+00 +9.597815971e+00 +1.939978160e+02 +1.939978160e+02 -6.2866e-01 -8.1283e-02 -3.5449e-01 +6.4549e-01 +5.2630e-01
% function evaluation | noise-free fitness - Fopt (2.277700000000e+02) | best noise-free fitness - Fopt | measured fitness | best measured fitness | x1 | x2...
1 +2.972193933e+04 +2.972193933e+04 +2.994970933e+04 +2.994970933e+04 +1.5894e+00 +1.3603e-01 -2.7714e+00 -4.0398e+00 -3.6078e+00
3 +1.445912607e+04 +1.445912607e+04 +1.468689607e+04 +1.468689607e+04 -3.2945e+00 +1.5050e+00 +3.7795e+00 -3.4690e+00 +4.5913e+00
4 +9.520720308e+03 +9.520720308e+03 +9.748490308e+03 +9.748490308e+03 +2.3769e+00 +2.0198e+00 -2.3881e+00 +2.9802e+00 -4.1345e+00
18 +4.141589143e+03 +4.141589143e+03 +4.369359143e+03 +4.369359143e+03 +2.6040e+00 +1.9505e+00 -4.8172e+00 +2.4066e+00 -4.6335e+00
21 +2.989443021e+03 +2.989443021e+03 +3.217213021e+03 +3.217213021e+03 +2.6446e+00 +1.0727e+00 +6.1146e-02 -5.7306e-01 -1.3574e+00
66 +1.651556024e+03 +1.651556024e+03 +1.879326024e+03 +1.879326024e+03 -1.6186e+00 -4.8446e-01 -1.3553e-01 +1.3098e+00 +1.4334e+00
108 +9.577016374e+02 +9.577016374e+02 +1.185471637e+03 +1.185471637e+03 -7.6818e-01 -6.8762e-01 +1.7762e+00 -8.4104e-01 +5.6704e-01
607 +3.150567919e+02 +3.150567919e+02 +5.428267919e+02 +5.428267919e+02 +1.1296e+00 +1.6584e+00 -3.8279e-01 -6.9181e-01 -1.4705e+00
630 +2.124197530e+02 +2.124197530e+02 +4.401897530e+02 +4.401897530e+02 -1.8366e-03 +1.2019e+00 +1.5853e+00 -8.3600e-01 -3.1532e-01
1533 +9.874169775e+01 +9.874169775e+01 +3.265116977e+02 +3.265116977e+02 +9.0737e-01 -7.1056e-01 -3.6940e-01 +3.4368e-01 -9.1886e-01
2063 +5.965287880e+01 +5.965287880e+01 +2.874228788e+02 +2.874228788e+02 +3.0362e-01 +9.8709e-01 +1.3387e-01 -1.9034e-01 -2.0729e-01
2183 +3.616251908e+01 +3.616251908e+01 +2.639325191e+02 +2.639325191e+02 +4.9849e-01 +4.7789e-01 +2.7698e-01 -7.9269e-01 -4.7981e-01
3845 +2.407981793e+01 +2.407981793e+01 +2.518498179e+02 +2.518498179e+02 +5.9356e-01 +5.4583e-01 +8.2929e-01 -1.4163e-01 +5.8287e-03
6887 +1.070522514e+01 +1.070522514e+01 +2.384752251e+02 +2.384752251e+02 -2.7282e-01 +4.5800e-01 +1.7800e-01 -4.7537e-01 -3.8312e-02
11019 +9.405640710e+00 +9.405640710e+00 +2.371756407e+02 +2.371756407e+02 +1.0926e-01 +5.2598e-01 +7.0133e-01 -3.7599e-01 -2.6992e-01
% function evaluation | noise-free fitness - Fopt (9.640000000000e+01) | best noise-free fitness - Fopt | measured fitness | best measured fitness | x1 | x2...
1 +2.501064611e+04 +2.501064611e+04 +2.510704611e+04 +2.510704611e+04 +1.9817e+00 -1.9462e+00 +3.0941e+00 +9.2047e-01 -4.5133e+00
7 +1.451314624e+04 +1.451314624e+04 +1.460954624e+04 +1.460954624e+04 -1.8646e+00 -3.7216e+00 +3.9162e+00 +5.2149e-01 +1.6722e+00
15 +8.954529673e+03 +8.954529673e+03 +9.050929673e+03 +9.050929673e+03 +1.3963e+00 -2.4453e+00 +4.7883e+00 -6.4460e-01 +2.9690e+00
31 +6.241067662e+03 +6.241067662e+03 +6.337467662e+03 +6.337467662e+03 +3.7992e+00 +6.6367e-01 +2.9282e+00 +3.3442e-01 -5.9444e-01
36 +1.721023026e+03 +1.721023026e+03 +1.817423026e+03 +1.817423026e+03 +2.7492e-01 -4.0850e-01 +1.3177e-01 -2.2026e+00 -1.9747e+00
93 +1.229395980e+03 +1.229395980e+03 +1.325795980e+03 +1.325795980e+03 -1.8780e+00 +4.1255e-01 -2.7401e+00 -3.6397e-01 -1.9154e-01
656 +6.644824052e+02 +6.644824052e+02 +7.608824052e+02 +7.608824052e+02 +1.6664e-01 -2.0799e+00 +3.0458e+00 +1.0473e+00 -1.4897e+00
700 +5.860329222e+02 +5.860329222e+02 +6.824329222e+02 +6.824329222e+02 +5.7925e-01 -2.3954e+00 +5.0000e+00 +4.6245e-01 -1.4050e+00
791 +3.525303964e+02 +3.525303964e+02 +4.489303964e+02 +4.489303964e+02 +8.6094e-01 -2.3963e-01 +9.7993e-01 -4.3533e-01 +1.5678e+00
1275 +5.641650720e+01 +5.641650720e+01 +1.528165072e+02 +1.528165072e+02 +5.5025e-01 +8.6067e-01 -3.0789e-01 -7.1771e-01 -6.1636e-01
3499 +2.358105221e+01 +2.358105221e+01 +1.199810522e+02 +1.199810522e+02 +2.2244e-02 +1.3198e+00 +3.5659e-01 -3.8556e-01 +5.3209e-02
5143 +1.248909094e+01 +1.248909094e+01 +1.088890909e+02 +1.088890909e+02 -2.5438e-01 -2.2890e-01 -7.3132e-02 +2.3399e-01 +1.9126e-01
21387 +8.162821029e+00 +8.162821029e+00 +1.045628210e+02 +1.045628210e+02 +1.1688e-01 +4.8896e-01 +8.2076e-02 -4.2754e-01 -8.7577e-01
29538 +6.271967626e+00 +6.271967626e+00 +1.026719676e+02 +1.026719676e+02 +3.5936e-01 +5.4095e-01 -3.2665e-02 -5.2587e-01 -9.6890e-01
% function evaluation | noise-free fitness - Fopt (-9.045000000000e+01) | best noise-free fitness - Fopt | measured fitness | best measured fitness | x1 | x2...
1 +2.869223158e+04 +2.869223158e+04 +2.860178158e+04 +2.860178158e+04 -2.4676e+00 -4.7332e-01 +3.9973e+00 -2.2363e+00 -6.7903e-01
9 +8.839779378e+03 +8.839779378e+03 +8.749329378e+03 +8.749329378e+03 -1.7877e+00 +2.7736e+00 -2.0104e+00 -6.3725e-01 -6.0343e-01
11 +4.677613276e+03 +4.677613276e+03 +4.587163276e+03 +4.587163276e+03 -2.2821e+00 -3.9035e+00 -4.2447e-01 -2.2211e+00 +3.2813e+00
28 +1.294372482e+03 +1.294372482e+03 +1.203922482e+03 +1.203922482e+03 +1.6252e-02 -1.3638e+00 +1.4631e+00 -3.2094e-01 -1.0355e+00
271 +9.636139379e+02 +9.636139379e+02 +8.731639379e+02 +8.731639379e+02 -9.1884e-01 -6.0579e-02 -1.5558e+00 +5.3250e-01 -1.9473e+00
428 +5.630868415e+02 +5.630868415e+02 +4.726368415e+02 +4.726368415e+02 -6.0192e-01 +9.4285e-01 -1.0143e+00 -5.9916e-01 +4.9118e-01
451 +1.349383341e+02 +1.349383341e+02 +4.448833408e+01 +4.448833408e+01 +4.9897e-01 -2.7031e-01 -5.1500e-01 +9.9619e-01 -5.6614e-01
1994 +5.906737154e+01 +5.906737154e+01 -3.138262846e+01 -3.138262846e+01 -1.0241e+00 +3.7704e-01 -3.3849e-01 -2.6579e-01 -5.5523e-01
3638 +3.591956119e+01 +3.591956119e+01 -5.453043881e+01 -5.453043881e+01 -8.0946e-01 +7.3979e-01 +6.5666e-01 +8.0875e-01 +1.3646e+00
4220 +1.090628056e+01 +1.090628056e+01 -7.954371944e+01 -7.954371944e+01 -5.2802e-01 +8.2678e-02 -5.6856e-01 +6.7544e-01 -8.2260e-01
5300 +8.204012878e+00 +8.204012878e+00 -8.224598712e+01 -8.224598712e+01 -7.0850e-01 +9.7192e-03 -3.4024e-01 +9.1025e-01 -5.8956e-01
% function evaluation | noise-free fitness - Fopt (3.995000000000e+01) | best noise-free fitness - Fopt | measured fitness | best measured fitness | x1 | x2...
1 +3.029176579e+04 +3.029176579e+04 +3.033171579e+04 +3.033171579e+04 +4.2929e+00 +1.7851e+00 +1.4212e+00 +1.7729e+00 +2.7812e+00
4 +7.118541769e+03 +7.118541769e+03 +7.158491769e+03 +7.158491769e+03 +2.3823e+00 -3.3853e-01 +8.7473e-01 -2.9654e+00 +8.8416e-01
8 +1.280231967e+03 +1.280231967e+03 +1.320181967e+03 +1.320181967e+03 -1.1125e+00 +1.4848e+00 -2.0325e-02 -5.7385e-01 +2.0471e+00
56 +9.054633750e+02 +9.054633750e+02 +9.454133750e+02 +9.454133750e+02 -1.9114e+00 -2.3081e-01 +1.3529e+00 -2.0184e+00 -2.7581e-01
115 +3.051599065e+02 +3.051599065e+02 +3.451099065e+02 +3.451099065e+02 -6.1038e-01 -1.0156e+00 +3.8405e-02 -1.6619e+00 +1.9502e-01
631 +1.420605110e+02 +1.420605110e+02 +1.820105110e+02 +1.820105110e+02 -6.4258e-01 +1.0635e+00 +7.3464e-01 -5.5004e-01 +8.4592e-01
1787 +3.687329735e+01 +3.687329735e+01 +7.682329735e+01 +7.682329735e+01 -1.8411e-01 +4.5891e-01 +8.7769e-01 +3.2924e-01 +1.0128e+00
2356 +1.931674625e+01 +1.931674625e+01 +5.926674625e+01 +5.926674625e+01 -4.7427e-01 +2.4941e-02 +1.3101e+00 +3.3956e-02 -6.5824e-03
4005 +6.737680000e+00 +6.737680000e+00 +4.668768000e+01 +4.668768000e+01 -3.1419e-01 +1.8608e-01 +1.1517e+00 +8.7041e-02 +2.5333e-01
% function evaluation | noise-free fitness - Fopt (7.762000000000e+01) | best noise-free fitness - Fopt | measured fitness | best measured fitness | x1 | x2...
1 +4.117487308e+04 +4.117487308e+04 +4.125249308e+04 +4.125249308e+04 +2.7619e+00 +4.6291e-01 +1.0483e+00 +1.9300e-01 -4.9430e+00
2 +2.090422977e+04 +2.090422977e+04 +2.098184977e+04 +2.098184977e+04 -3.4981e+00 -1.3656e+00 +3.9985e-01 +2.1294e+00 -4.9876e+00
6 +6.577216965e+03 +6.577216965e+03 +6.654836965e+03 +6.654836965e+03 +1.5909e+00 +2.2323e+00 -2.0428e-01 -3.4426e+00 +2.2571e+00
39 +4.010047431e+03 +4.010047431e+03 +4.087667431e+03 +4.087667431e+03 -2.1052e+00 -5.7087e-01 +1.7613e+00 -1.4715e+00 -1.5239e+00
50 +2.750056272e+03 +2.750056272e+03 +2.827676272e+03 +2.827676272e+03 +2.9215e+00 -2.5610e+00 +1.8568e-01 -2.1658e+00 -7.3157e-02
55 +5.726646912e+02 +5.726646912e+02 +6.502846912e+02 +6.502846912e+02 +3.9536e+00 -2.8407e+00 +2.1729e+00 -1.6789e+00 +1.1032e+00
76 +2.791907203e+02 +2.791907203e+02 +3.568107203e+02 +3.568107203e+02 +4.9176e+00 +2.1235e+00 +2.4631e+00 -2.3752e+00 +3.4558e+00
231 +2.314129331e+02 +2.314129331e+02 +3.090329331e+02 +3.090329331e+02 +9.6705e-01 +1.0248e+00 +9.1719e-01 -6.6534e-01 -5.3779e-02
1086 +1.086558722e+02 +1.086558722e+02 +1.862758722e+02 +1.862758722e+02 -9.1778e-01 +2.9415e-02 -1.2762e-01 +7.3419e-01 -3.3671e-01
1719 +4.013555317e+01 +4.013555317e+01 +1.177555532e+02 +1.177555532e+02 -7.3998e-01 -7.8098e-01 -3.9085e-01 -4.9477e-01 -6.2010e-01
2083 +3.507007958e+01 +3.507007958e+01 +1.126900796e+02 +1.126900796e+02 -3.2032e-01 -8.7218e-01 +3.0597e-01 -3.6509e-01 -8.1783e-01
3337 +1.813292821e+01 +1.813292821e+01 +9.575292821e+01 +9.575292821e+01 -5.9157e-01 -8.6754e-01 -1.3122e-01 -2.5769e-01 -4.1952e-02
4691 +1.049661181e+01 +1.049661181e+01 +8.811661181e+01 +8.811661181e+01 -6.5571e-01 -9.7227e-01 -5.3543e-01 -6.7657e-01 +2.5306e-01
7247 +7.549687464e+00 +7.549687464e+00 +8.516968746e+01 +8.516968746e+01 -6.9526e-01 -9.6909e-01 +1.7672e-01 -2.6605e-01 -3.7840e-01
% function evaluation | noise-free fitness - Fopt (-1.092400000000e+02) | best noise-free fitness - Fopt | measured fitness | best measured fitness | x1 | x2...
1 +3.621031490e+04 +3.621031490e+04 +3.610107490e+04 +3.610107490e+04 -2.6000e+00 +7.2483e-01 -4.9095e+00 -3.3467e+00 +2.1846e+00
9 +9.996680867e+02 +9.996680867e+02 +8.904280867e+02 +8.904280867e+02 -1.8296e+00 +3.4184e+00 -3.2572e+00 -2.3491e+00 +1.8541e+00
90 +5.813699911e+02 +5.813699911e+02 +4.721299911e+02 +4.721299911e+02 -1.2887e+00 +3.0618e+00 -1.6242e+00 -1.4061e+00 -2.6635e-01
446 +1.056861999e+02 +1.056861999e+02 -3.553800075e+00 -3.553800075e+00 +2.2056e-01 +4.6033e-01 +1.5222e+00 -6.5825e-01 -7.7004e-02
2685 +1.794681709e+01 +1.794681709e+01 -9.129318291e+01 -9.129318291e+01 +6.2290e-01 +6.3955e-02 +9.3250e-01 -9.1684e-01 -3.3185e-01
9115 +1.454318727e+01 +1.454318727e+01 -9.469681273e+01 -9.469681273e+01 +2.4263e-01 -2.2768e-01 -2.8444e-01 +2.9336e-01 -1.1730e-01
15045 +8.361129936e+00 +8.361129936e+00 -1.008788701e+02 -1.008788701e+02 +4.9614e-01 -4.7770e-01 +8.5880e-02 +2.9201e-01 +4.6607e-01
23510 +4.705329325e+00 +4.705329325e+00 -1.045346707e+02 -1.045346707e+02 -4.4085e-01 +2.6783e-01 -1.2494e+00 +2.0233e-01 -3.8635e-01
