% function evaluation | noise-free fitness - Fopt (-1.000000000000e+03) | best noise-free fitness - Fopt | measured fitness | best measured fitness | x1 | x2...
1 +8.552076713e+01 +8.552076713e+01 -9.144792329e+02 -9.144792329e+02 +3.7073e+00 +3.5191e+00 +3.4500e+00 -3.2361e+00 -2.7708e-01 -1.9200e+00 -4.2965e+00 -3.8594e+00 -1.2283e+00 -1.3986e+00
115 +1.957247615e+01 +1.957247615e+01 -9.804275238e+02 -9.804275238e+02 +1.8433e+00 -2.6527e+00 +2.0886e+00 +1.3840e+00 +7.1272e-01 -1.9706e+00 -4.6066e+00 +3.6222e+00 +3.1867e+00 +2.1043e+00
127 +1.449740094e+01 +1.449740094e+01 -9.855025991e+02 -9.855025991e+02 +2.0356e+00 -2.7597e+00 +2.0490e+00 +1.6245e+00 +6.9938e-01 -1.9823e+00 -4.5765e+00 +3.4772e+00 +2.9665e+00 +2.1374e+00
194 +9.543956236e+00 +9.543956236e+00 -9.904560438e+02 -9.904560438e+02 +2.1213e+00 -2.5979e+00 +2.2389e+00 +1.7251e+00 +7.5300e-01 -1.8306e+00 -4.5466e+00 +3.1918e+00 +2.9964e+00 +2.0289e+00
555 +6.077261281e+00 +6.077261281e+00 -9.939227387e+02 -9.939227387e+02 +1.9717e+00 -2.3435e+00 +1.9411e+00 +1.9584e+00 +7.2362e-01 -1.5279e+00 -4.4803e+00 +2.6351e+00 +2.8279e+00 +1.9904e+00
670 +3.140010847e+00 +3.140010847e+00 -9.968599892e+02 -9.968599892e+02 +1.7403e+00 -2.1806e+00 +1.5802e+00 +1.6942e+00 +4.2346e-01 -1.3203e+00 -4.1775e+00 +2.7189e+00 +2.8304e+00 +2.0306e+00
814 +2.298472252e+00 +2.298472252e+00 -9.977015277e+02 -9.977015277e+02 +1.6005e+00 -2.1877e+00 +1.5699e+00 +1.8499e+00 +4.1478e-01 -1.2295e+00 -4.1945e+00 +2.6123e+00 +2.9565e+00 +2.0664e+00
1240 +1.560491198e+00 +1.560491198e+00 -9.984395088e+02 -9.984395088e+02 +1.4324e+00 -1.9744e+00 +1.7079e+00 +2.0125e+00 +3.3011e-01 -7.0775e-01 -3.9677e+00 +2.1212e+00 +3.1495e+00 +1.9512e+00
1359 +9.158659503e-01 +9.158659503e-01 -9.990841340e+02 -9.990841340e+02 +1.4823e+00 -2.1242e+00 +1.7743e+00 +1.9839e+00 +2.3829e-01 -6.8316e-01 -3.5441e+00 +2.0238e+00 +3.0331e+00 +1.9195e+00
1506 +6.269309703e-01 +6.269309703e-01 -9.993730690e+02 -9.993730690e+02 +1.4639e+00 -1.9020e+00 +1.7285e+00 +1.7931e+00 +2.8047e-01 -6.7054e-01 -3.3787e+00 +1.9361e+00 +2.9835e+00 +1.8228e+00
2524 +3.958345366e-01 +3.958345366e-01 -9.996041655e+02 -9.996041655e+02 +1.3625e+00 -1.5598e+00 +1.7527e+00 +1.7969e+00 -1.6960e-01 -9.1409e-01 -3.1270e+00 +1.4716e+00 +3.1072e+00 +1.6393e+00
3287 +2.322712494e-01 +2.322712494e-01 -9.997677288e+02 -9.997677288e+02 +1.3162e+00 -1.4807e+00 +1.4008e+00 +1.8467e+00 -4.8217e-01 -8.4248e-01 -3.0520e+00 +1.1852e+00 +3.1171e+00 +1.6280e+00
4116 +1.569493961e-01 +1.569493961e-01 -9.998430506e+02 -9.998430506e+02 +1.3077e+00 -1.4539e+00 +1.3919e+00 +1.7248e+00 -5.9701e-01 -9.0249e-01 -3.0307e+00 +1.1022e+00 +3.1256e+00 +1.6482e+00
6255 +9.943685766e-02 +9.943685766e-02 -9.999005631e+02 -9.999005631e+02 +1.3803e+00 -1.2049e+00 +1.3393e+00 +1.5076e+00 -8.9170e-01 -9.9295e-01 -2.8898e+00 +7.7060e-01 +3.0469e+00 +1.5440e+00
7030 +5.613303486e-02 +5.613303486e-02 -9.999438670e+02 -9.999438670e+02 +1.4877e+00 -9.9682e-01 +1.3262e+00 +1.3043e+00 -1.1973e+00 -1.0846e+00 -2.5643e+00 +6.0294e-01 +2.8631e+00 +1.5255e+00
7355 +3.967083494e-02 +3.967083494e-02 -9.999603292e+02 -9.999603292e+02 +1.5309e+00 -9.9878e-01 +1.2904e+00 +1.2433e+00 -1.2777e+00 -1.1550e+00 -2.4884e+00 +5.0821e-01 +2.8500e+00 +1.4986e+00
8488 +2.452516553e-02 +2.452516553e-02 -9.999754748e+02 -9.999754748e+02 +1.6253e+00 -9.1936e-01 +1.3316e+00 +1.1451e+00 -1.3884e+00 -1.2021e+00 -2.3382e+00 +3.8717e-01 +2.7283e+00 +1.4275e+00
10691 +1.578987488e-02 +1.578987488e-02 -9.999842101e+02 -9.999842101e+02 +1.6289e+00 -7.5423e-01 +1.4396e+00 +1.0274e+00 -1.4371e+00 -1.2888e+00 -2.2699e+00 +2.9019e-01 +2.7278e+00 +1.3378e+00
13748 +9.281413063e-03 +9.281413063e-03 -9.999907186e+02 -9.999907186e+02 +1.6094e+00 -5.4200e-01 +1.5470e+00 +8.6859e-01 -1.5548e+00 -1.3615e+00 -2.0738e+00 +1.1592e-01 +2.7287e+00 +1.2543e+00
14398 +6.024116579e-03 +6.024116579e-03 -9.999939759e+02 -9.999939759e+02 +1.6298e+00 -4.6802e-01 +1.5898e+00 +7.9258e-01 -1.5964e+00 -1.4137e+00 -2.0621e+00 +6.9776e-02 +2.7242e+00 +1.2075e+00
15518 +3.972130553e-03 +3.972130553e-03 -9.999960279e+02 -9.999960279e+02 +1.6096e+00 -3.9150e-01 +1.6834e+00 +7.3172e-01 -1.5865e+00 -1.4858e+00 -1.9971e+00 +5.8641e-02 +2.7318e+00 +1.1727e+00
18573 +2.341702913e-03 +2.341702913e-03 -9.999976583e+02 -9.999976583e+02 +1.6463e+00 -2.1763e-01 +1.8377e+00 +5.8168e-01 -1.6823e+00 -1.5830e+00 -1.8486e+00 -4.1747e-02 +2.6961e+00 +1.0841e+00
19632 +1.584260989e-03 +1.584260989e-03 -9.999984157e+02 -9.999984157e+02 +1.6422e+00 -1.6244e-01 +1.8662e+00 +5.1436e-01 -1.6965e+00 -1.6361e+00 -1.8207e+00 -5.5886e-02 +2.6815e+00 +1.0732e+00
20260 +9.963948424e-04 +9.963948424e-04 -9.999990036e+02 -9.999990036e+02 +1.6405e+00 -8.2518e-02 +1.9288e+00 +4.4027e-01 -1.7176e+00 -1.6768e+00 -1.7512e+00 -7.8664e-02 +2.6829e+00 +1.0475e+00
24137 +5.743773829e-04 +5.743773829e-04 -9.999994256e+02 -9.999994256e+02 +1.5597e+00 +6.4669e-02 +2.0803e+00 +3.9220e-01 -1.7087e+00 -1.7373e+00 -1.7388e+00 -1.4943e-01 +2.7853e+00 +9.5960e-01
25188 +3.967592733e-04 +3.967592733e-04 -9.999996032e+02 -9.999996032e+02 +1.5630e+00 +1.1168e-01 +2.0851e+00 +3.1298e-01 -1.7106e+00 -1.7838e+00 -1.7440e+00 -1.4758e-01 +2.7712e+00 +9.6942e-01
30235 +2.438515659e-04 +2.438515659e-04 -9.999997561e+02 -9.999997561e+02 +1.5470e+00 +1.7535e-01 +2.1770e+00 +2.9894e-01 -1.7159e+00 -1.7996e+00 -1.6992e+00 -1.8926e-01 +2.8066e+00 +9.1407e-01
31216 +1.576633381e-04 +1.576633381e-04 -9.999998423e+02 -9.999998423e+02 +1.5130e+00 +2.4388e-01 +2.1913e+00 +2.4084e-01 -1.7352e+00 -1.8334e+00 -1.7017e+00 -2.1542e-01 +2.8281e+00 +8.9082e-01
34951 +9.992896139e-05 +9.992896139e-05 -9.999999001e+02 -9.999999001e+02 +1.5051e+00 +2.9365e-01 +2.2302e+00 +1.9076e-01 -1.7243e+00 -1.8641e+00 -1.6995e+00 -2.2970e-01 +2.8399e+00 +8.7602e-01
39125 +6.115375027e-05 +6.115375027e-05 -9.999999388e+02 -9.999999388e+02 +1.4906e+00 +3.4147e-01 +2.3003e+00 +1.5752e-01 -1.7249e+00 -1.8895e+00 -1.6526e+00 -2.3817e-01 +2.8565e+00 +8.4702e-01
40358 +3.942188596e-05 +3.942188596e-05 -9.999999606e+02 -9.999999606e+02 +1.4843e+00 +3.8851e-01 +2.3259e+00 +1.1723e-01 -1.7267e+00 -1.9083e+00 -1.6179e+00 -2.4620e-01 +2.8431e+00 +8.2699e-01
47621 +2.494141700e-05 +2.494141700e-05 -9.999999751e+02 -9.999999751e+02 +1.4625e+00 +4.2523e-01 +2.3738e+00 +8.0297e-02 -1.7162e+00 -1.9177e+00 -1.6028e+00 -2.6099e-01 +2.8593e+00 +8.2702e-01
54434 +1.575924796e-05 +1.575924796e-05 -9.999999842e+02 -9.999999842e+02 +1.4454e+00 +4.5808e-01 +2.3781e+00 +5.1189e-02 -1.7184e+00 -1.9473e+00 -1.6203e+00 -2.6655e-01 +2.8812e+00 +8.2044e-01
58465 +9.977752029e-06 +9.977752029e-06 -9.999999900e+02 -9.999999900e+02 +1.4381e+00 +4.8050e-01 +2.3946e+00 +2.8726e-02 -1.7126e+00 -1.9527e+00 -1.6122e+00 -2.6606e-01 +2.8846e+00 +8.1509e-01
71714 +6.307355306e-06 +6.307355306e-06 -9.999999937e+02 -9.999999937e+02 +1.4285e+00 +5.1447e-01 +2.4399e+00 +1.5208e-02 -1.7136e+00 -1.9738e+00 -1.6075e+00 -2.8153e-01 +2.9065e+00 +7.8858e-01
75718 +3.973286994e-06 +3.973286994e-06 -9.999999960e+02 -9.999999960e+02 +1.4287e+00 +5.2856e-01 +2.4639e+00 +1.8342e-03 -1.7111e+00 -1.9883e+00 -1.5915e+00 -2.8415e-01 +2.9069e+00 +7.8338e-01
79954 +2.505682346e-06 +2.505682346e-06 -9.999999975e+02 -9.999999975e+02 +1.4258e+00 +5.3982e-01 +2.4714e+00 -5.3464e-03 -1.7106e+00 -1.9867e+00 -1.5855e+00 -2.9192e-01 +2.9089e+00 +7.7723e-01
84461 +1.584434926e-06 +1.584434926e-06 -9.999999984e+02 -9.999999984e+02 +1.4129e+00 +5.6712e-01 +2.4975e+00 -1.9470e-02 -1.7100e+00 -2.0025e+00 -1.5837e+00 -3.0082e-01 +2.9256e+00 +7.6315e-01
90366 +9.999534996e-07 +9.999534996e-07 -9.999999990e+02 -9.999999990e+02 +1.4062e+00 +5.8616e-01 +2.5048e+00 -3.9589e-02 -1.7115e+00 -2.0099e+00 -1.5767e+00 -3.0782e-01 +2.9283e+00 +7.6091e-01
97279 +6.300091400e-07 +6.300091400e-07 -9.999999994e+02 -9.999999994e+02 +1.4007e+00 +5.9676e-01 +2.5145e+00 -4.8826e-02 -1.7096e+00 -2.0142e+00 -1.5713e+00 -3.0855e-01 +2.9317e+00 +7.5793e-01
107463 +3.975670779e-07 +3.975670779e-07 -9.999999996e+02 -9.999999996e+02 +1.3961e+00 +6.0997e-01 +2.5313e+00 -6.0228e-02 -1.7060e+00 -2.0204e+00 -1.5656e+00 -3.0955e-01 +2.9360e+00 +7.5273e-01
113869 +2.480641115e-07 +2.480641115e-07 -9.999999998e+02 -9.999999998e+02 +1.3834e+00 +6.3329e-01 +2.5437e+00 -7.7743e-02 -1.7031e+00 -2.0288e+00 -1.5621e+00 -3.1100e-01 +2.9430e+00 +7.4768e-01
118632 +1.584013489e-07 +1.584013489e-07 -9.999999998e+02 -9.999999998e+02 +1.3833e+00 +6.3462e-01 +2.5521e+00 -8.0588e-02 -1.7020e+00 -2.0327e+00 -1.5602e+00 -3.1331e-01 +2.9474e+00 +7.4609e-01
124942 +9.998109363e-08 +9.998109363e-08 -9.999999999e+02 -9.999999999e+02 +1.3802e+00 +6.4250e-01 +2.5603e+00 -8.4972e-02 -1.7010e+00 -2.0363e+00 -1.5583e+00 -3.1588e-01 +2.9512e+00 +7.4179e-01
130155 +6.307675449e-08 +6.307675449e-08 -9.999999999e+02 -9.999999999e+02 +1.3774e+00 +6.4796e-01 +2.5674e+00 -8.8837e-02 -1.6975e+00 -2.0380e+00 -1.5571e+00 -3.1572e-01 +2.9537e+00 +7.3930e-01
140565 +3.970581020e-08 +3.970581020e-08 -1.000000000e+03 -1.000000000e+03 +1.3726e+00 +6.6039e-01 +2.5793e+00 -9.8806e-02 -1.6968e+00 -2.0451e+00 -1.5526e+00 -3.1750e-01 +2.9577e+00 +7.3480e-01
143962 +2.492936346e-08 +2.492936346e-08 -1.000000000e+03 -1.000000000e+03 +1.3710e+00 +6.6483e-01 +2.5829e+00 -1.0238e-01 -1.6966e+00 -2.0475e+00 -1.5523e+00 -3.1897e-01 +2.9599e+00 +7.3358e-01
147354 +1.573187092e-08 +1.573187092e-08 -1.000000000e+03 -1.000000000e+03 +1.3699e+00 +6.6808e-01 +2.5865e+00 -1.0510e-01 -1.6957e+00 -2.0491e+00 -1.5513e+00 -3.1979e-01 +2.9613e+00 +7.3207e-01
% function evaluation | noise-free fitness - Fopt (1.000000000000e+03) | best noise-free fitness - Fopt | measured fitness | best measured fitness | x1 | x2...
1 +8.595769493e+01 +8.595769493e+01 +1.085957695e+03 +1.085957695e+03 +9.5700e-01 -4.9549e+00 -4.4579e+00 +4.7015e-01 -8.3793e-01 +4.3285e+00 +4.3625e+00 -1.3344e+00 -3.9004e+00 -4.1484e+00
103 +5.882241572e+01 +5.882241572e+01 +1.058822416e+03 +1.058822416e+03 -3.2995e+00 +7.3387e-01 +3.2360e+00 -2.5616e+00 -1.4751e+00 +2.7765e+00 -3.4054e+00 -2.2442e+00 -5.5736e-02 +3.4671e+00
351 +3.957269471e+01 +3.957269471e+01 +1.039572695e+03 +1.039572695e+03 -3.0287e+00 +1.4259e+00 +4.4072e+00 -2.2910e+00 -2.1458e+00 +1.7115e+00 -3.7424e+00 -2.0884e+00 -3.9831e-01 +3.5254e+00
614 +2.474847994e+01 +2.474847994e+01 +1.024748480e+03 +1.024748480e+03 -2.6431e+00 +1.4402e+00 +4.2294e+00 -2.1273e+00 -2.7163e+00 +1.2383e+00 -3.1731e+00 -1.1820e+00 +5.8475e-02 +3.7272e+00
1657 +1.582816284e+01 +1.582816284e+01 +1.015828163e+03 +1.015828163e+03 -2.0721e+00 +2.0007e+00 +3.3555e+00 -1.6723e+00 -3.8741e+00 +1.0205e+00 -2.3229e+00 -4.9627e-01 +3.4789e-01 +2.9355e+00
% function evaluation | noise-free fitness - Fopt (-4.913000000000e+01) | best noise-free fitness - Fopt | measured fitness | best measured fitness | x1 | x2...
1 +8.157217737e+01 +8.157217737e+01 +3.244217737e+01 +3.244217737e+01 +4.3166e+00 +6.1112e-01 -2.3610e+00 -8.3692e-01 +5.8608e-01 -3.1800e+00 -8.1929e-03 -4.8312e+00 -1.6489e+00 +4.9993e+00
261 +6.026687011e+01 +6.026687011e+01 +1.113687011e+01 +1.113687011e+01 -7.7994e-01 -4.5105e+00 -3.1398e+00 -1.3907e+00 +4.5934e+00 +2.2256e-02 +2.6029e+00 +5.0951e-01 +2.5049e+00 +1.6130e-01
327 +3.956357597e+01 +3.956357597e+01 -9.566424029e+00 -9.566424029e+00 -1.5734e+00 -3.3886e+00 -4.1650e+00 -2.3511e+00 +4.6148e+00 +2.0717e+00 +3.9314e+00 +5.4825e-01 +1.3404e+00 -1.7620e+00
722 +2.484716343e+01 +2.484716343e+01 -2.428283657e+01 -2.428283657e+01 -1.4949e+00 -2.8309e+00 -4.0220e+00 -2.2871e+00 +4.6645e+00 +2.5838e+00 +3.2011e+00 +1.2905e+00 +1.7718e+00 -1.4408e+00
% function evaluation | noise-free fitness - Fopt (2.977300000000e+02) | best noise-free fitness - Fopt | measured fitness | best measured fitness | x1 | x2...
1 +8.302043643e+01 +8.302043643e+01 +3.807504364e+02 +3.807504364e+02 +2.7064e+00 -1.4300e+00 -4.5848e+00 +2.3185e+00 -3.5903e+00 +3.1878e+00 +8.7595e-01 +4.0210e+00 -2.0217e+00 -3.6364e+00
22 +6.180143955e+01 +6.180143955e+01 +3.595314395e+02 +3.595314395e+02 +2.4936e+00 +9.6026e-01 +4.3841e-01 +4.6433e+00 -2.6846e+00 +7.6782e-01 +2.9840e+00 +1.6834e+00 +4.2863e+00 +4.4583e+00
159 +3.729349486e+01 +3.729349486e+01 +3.350234949e+02 +3.350234949e+02 +4.2208e+00 +2.7732e+00 +1.2049e+00 +2.0078e+00 -1.4218e+00 +2.4187e+00 +1.9451e+00 +1.8684e+00 +5.0000e+00 +5.0000e+00
162 +2.277669097e+01 +2.277669097e+01 +3.205066910e+02 +3.205066910e+02 +3.2378e+00 +3.6268e+00 +5.1790e-01 +1.3332e+00 -1.7335e+00 +2.6862e+00 +6.5098e-02 +2.3388e+00 +4.1838e+00 +5.0000e+00
186 +1.464096228e+01 +1.464096228e+01 +3.123709623e+02 +3.123709623e+02 +3.7072e+00 +3.2241e+00 -6.0158e-01 +8.4589e-01 -1.3783e+00 +2.0249e+00 +3.1364e-02 +2.7249e+00 +4.2472e+00 +4.4485e+00
332 +8.239183243e+00 +8.239183243e+00 +3.059691832e+02 +3.059691832e+02 +4.2380e+00 +2.9623e+00 -1.7628e-01 +1.3845e+00 +5.9858e-02 +1.9016e+00 +1.1409e+00 +3.0215e+00 +4.2895e+00 +4.2086e+00
408 +5.712761507e+00 +5.712761507e+00 +3.034427615e+02 +3.034427615e+02 +4.0628e+00 +2.7768e+00 +1.7906e-02 +1.3073e+00 +1.8122e-01 +1.8340e+00 +1.2407e+00 +2.7248e+00 +4.0425e+00 +4.2833e+00
493 +3.574582527e+00 +3.574582527e+00 +3.013045825e+02 +3.013045825e+02 +4.0233e+00 +2.5845e+00 +1.5199e-01 +1.4445e+00 +1.4929e-01 +1.6446e+00 +1.1642e+00 +2.8702e+00 +4.0856e+00 +4.2973e+00
590 +2.359401119e+00 +2.359401119e+00 +3.000894011e+02 +3.000894011e+02 +3.7879e+00 +2.4220e+00 +2.4462e-01 +1.2529e+00 +1.7233e-01 +1.5912e+00 +9.7700e-01 +2.6570e+00 +4.0549e+00 +4.4647e+00
% function evaluation | noise-free fitness - Fopt (5.157000000000e+01) | best noise-free fitness - Fopt | measured fitness | best measured fitness | x1 | x2...
1 +8.456533948e+01 +8.456533948e+01 +1.361353395e+02 +1.361353395e+02 +8.7497e-01 +1.7671e+00 -3.2678e+00 +4.8244e+00 +1.3738e+00 +9.7331e-01 +3.9654e+00 -4.6569e+00 -1.8963e+00 -3.3832e-01
33 +6.253648878e+01 +6.253648878e+01 +1.141064888e+02 +1.141064888e+02 -1.6588e+00 -3.5631e-01 -1.5818e+00 -1.7425e+00 -2.1674e+00 -1.9263e+00 +3.4502e+00 +1.1696e+00 -3.7769e+00 -4.9315e+00
206 +3.595074813e+01 +3.595074813e+01 +8.752074813e+01 +8.752074813e+01 -2.1687e+00 +3.0984e-01 -5.0000e+00 +1.3734e+00 -2.3304e+00 -5.5845e-01 +2.3905e+00 +1.9178e-01 -4.1376e+00 -3.1158e+00
314 +2.454855655e+01 +2.454855655e+01 +7.611855655e+01 +7.611855655e+01 -2.2724e+00 +3.7031e-01 -4.9921e+00 +1.1320e+00 -2.1834e+00 -5.9998e-01 +2.7082e+00 +2.0803e-01 -3.7367e+00 -3.0986e+00
423 +1.571111789e+01 +1.571111789e+01 +6.728111789e+01 +6.728111789e+01 -2.4350e+00 +4.6163e-01 -5.0000e+00 +1.4993e-01 -2.4742e+00 -1.6718e+00 +4.2918e+00 -3.0207e-01 -2.0930e+00 -3.9271e+00
725 +9.994871236e+00 +9.994871236e+00 +6.156487124e+01 +6.156487124e+01 -2.5224e+00 +4.3914e-01 -5.0000e+00 +4.7705e-02 -2.2246e+00 -2.1506e+00 +4.0031e+00 -4.8905e-01 -1.9855e+00 -3.4083e+00
1300 +6.270627666e+00 +6.270627666e+00 +5.784062767e+01 +5.784062767e+01 -2.3404e+00 +1.6280e-01 -4.9252e+00 -6.2793e-01 -1.9907e+00 -2.1293e+00 +3.8442e+00 +3.5755e-03 -2.5752e+00 -2.4981e+00
% function evaluation | noise-free fitness - Fopt (3.943000000000e+01) | best noise-free fitness - Fopt | measured fitness | best measured fitness | x1 | x2...
1 +8.380120144e+01 +8.380120144e+01 +1.232312014e+02 +1.232312014e+02 +8.5254e-01 +4.6513e+00 +1.8253e+00 +5.8681e-01 +1.7273e+00 -2.1467e+00 +8.1887e-01 +2.6733e+00 +8.1097e-02 -1.1329e+00
112 +6.292820516e+01 +6.292820516e+01 +1.023582052e+02 +1.023582052e+02 +2.3045e+00 -2.2410e+00 +2.0719e+00 -4.6456e+00 -3.9299e+00 -3.2151e+00 +7.2909e-01 +3.3054e-01 -1.4005e+00 +7.5816e-01
159 +3.198853516e+01 +3.198853516e+01 +7.141853516e+01 +7.141853516e+01 +6.0900e-01 -1.9091e+00 +1.6916e+00 -5.0000e+00 -3.8177e+00 -1.9093e+00 +8.0618e-01 -2.2736e-01 -1.8786e+00 -2.6936e-01
287 +2.422550541e+01 +2.422550541e+01 +6.365550541e+01 +6.365550541e+01 +4.8138e-01 -1.8831e+00 +1.6935e+00 -4.9127e+00 -3.6339e+00 -1.9884e+00 +5.3816e-01 -4.9004e-01 -1.7712e+00 -4.0806e-01
384 +1.498185341e+01 +1.498185341e+01 +5.441185341e+01 +5.441185341e+01 +6.7736e-01 -1.8799e+00 +1.5888e+00 -4.8926e+00 -3.4133e+00 -1.4829e+00 +4.2137e-01 -4.4767e-01 -1.7514e+00 -6.9425e-01
627 +9.923269906e+00 +9.923269906e+00 +4.935326991e+01 +4.935326991e+01 +6.3912e-01 -1.8710e+00 +1.7689e+00 -5.0000e+00 -3.2329e+00 -8.3694e-01 +2.0756e-01 -4.4344e-01 -1.6977e+00 -5.8673e-01
1177 +6.118636184e+00 +6.118636184e+00 +4.554863618e+01 +4.554863618e+01 +1.9638e-02 -1.5794e+00 +1.9732e+00 -5.0000e+00 -2.9621e+00 -2.8974e-01 -2.8743e-01 -6.6694e-01 -1.6761e+00 -1.0395e+00
1303 +3.776681479e+00 +3.776681479e+00 +4.320668148e+01 +4.320668148e+01 -1.1084e-01 -1.4388e+00 +2.2180e+00 -5.0000e+00 -2.9317e+00 -1.6018e-01 -7.3319e-01 -7.1782e-01 -1.7368e+00 -9.9328e-01
1527 +2.461817930e+00 +2.461817930e+00 +4.189181793e+01 +4.189181793e+01 -4.0532e-01 -1.4937e+00 +2.5082e+00 -4.9497e+00 -2.9741e+00 -1.6771e-01 -9.5306e-01 -6.4512e-01 -1.4700e+00 -7.5259e-01
2202 +1.572150246e+00 +1.572150246e+00 +4.100215025e+01 +4.100215025e+01 -4.4560e-01 -1.5085e+00 +2.9318e+00 -4.5129e+00 -2.6646e+00 +5.5227e-01 -1.6369e+00 -9.8628e-01 -1.3308e+00 -4.9009e-01
2396 +9.729514474e-01 +9.729514474e-01 +4.040295145e+01 +4.040295145e+01 -5.3993e-01 -1.2412e+00 +3.2217e+00 -4.3536e+00 -2.6179e+00 +5.5107e-01 -1.5019e+00 -1.0326e+00 -1.1449e+00 -4.1465e-01
2644 +5.892055379e-01 +5.892055379e-01 +4.001920554e+01 +4.001920554e+01 -5.7904e-01 -1.3182e+00 +3.2924e+00 -4.3037e+00 -2.5120e+00 +5.7596e-01 -1.6117e+00 -1.1331e+00 -9.6623e-01 -1.9634e-01
3476 +3.975125868e-01 +3.975125868e-01 +3.982751259e+01 +3.982751259e+01 -8.6673e-01 -1.5719e+00 +3.4279e+00 -4.1713e+00 -2.2374e+00 +7.1556e-01 -2.0518e+00 -1.0128e+00 -5.0312e-01 +1.5223e-01
3759 +2.388959261e-01 +2.388959261e-01 +3.966889593e+01 +3.966889593e+01 -1.0034e+00 -1.5219e+00 +3.5647e+00 -4.1199e+00 -2.1607e+00 +8.2276e-01 -2.1724e+00 -1.1068e+00 -3.6863e-01 +2.4662e-01
4837 +1.517640837e-01 +1.517640837e-01 +3.958176408e+01 +3.958176408e+01 -1.2939e+00 -1.4808e+00 +3.6213e+00 -4.1434e+00 -2.1252e+00 +8.0455e-01 -2.2311e+00 -1.2152e+00 -1.9972e-01 +2.7650e-01
5891 +9.954240690e-02 +9.954240690e-02 +3.952954241e+01 +3.952954241e+01 -1.5661e+00 -1.4548e+00 +3.7492e+00 -4.0620e+00 -2.0607e+00 +8.4910e-01 -2.4224e+00 -1.1598e+00 +4.5510e-02 +3.3976e-01
6875 +5.863001669e-02 +5.863001669e-02 +3.948863002e+01 +3.948863002e+01 -1.9655e+00 -1.3956e+00 +3.7498e+00 -4.0447e+00 -1.9097e+00 +7.9581e-01 -2.2726e+00 -1.3176e+00 +3.9458e-01 +3.8111e-01
7964 +3.974822806e-02 +3.974822806e-02 +3.946974823e+01 +3.946974823e+01 -2.0780e+00 -1.4243e+00 +3.8064e+00 -3.9823e+00 -1.9126e+00 +8.7563e-01 -2.3753e+00 -1.3435e+00 +5.0620e-01 +4.5388e-01
9309 +2.500838162e-02 +2.500838162e-02 +3.945500838e+01 +3.945500838e+01 -2.2020e+00 -1.4396e+00 +3.8416e+00 -3.9587e+00 -1.8310e+00 +9.3445e-01 -2.5034e+00 -1.3490e+00 +6.7960e-01 +5.3825e-01
11292 +1.566706747e-02 +1.566706747e-02 +3.944566707e+01 +3.944566707e+01 -2.2943e+00 -1.4547e+00 +3.9280e+00 -3.7806e+00 -1.8235e+00 +9.8035e-01 -2.5950e+00 -1.4080e+00 +8.0388e-01 +6.2497e-01
13821 +9.907175282e-03 +9.907175282e-03 +3.943990718e+01 +3.943990718e+01 -2.4653e+00 -1.4736e+00 +3.9709e+00 -3.6759e+00 -1.7368e+00 +1.0188e+00 -2.7225e+00 -1.4230e+00 +1.0283e+00 +7.2604e-01
14550 +6.298498164e-03 +6.298498164e-03 +3.943629850e+01 +3.943629850e+01 -2.5311e+00 -1.5197e+00 +4.0138e+00 -3.6454e+00 -1.7159e+00 +1.0203e+00 -2.7505e+00 -1.4469e+00 +1.1170e+00 +7.9282e-01
15379 +3.918761762e-03 +3.918761762e-03 +3.943391876e+01 +3.943391876e+01 -2.6359e+00 -1.5308e+00 +3.9526e+00 -3.6263e+00 -1.7121e+00 +1.0170e+00 -2.8364e+00 -1.4154e+00 +1.2264e+00 +8.1196e-01
17763 +2.395586586e-03 +2.395586586e-03 +3.943239559e+01 +3.943239559e+01 -2.7904e+00 -1.6350e+00 +3.8790e+00 -3.5320e+00 -1.7066e+00 +1.0394e+00 -2.9549e+00 -1.3956e+00 +1.4065e+00 +8.7526e-01
18312 +1.564017923e-03 +1.564017923e-03 +3.943156402e+01 +3.943156402e+01 -2.8132e+00 -1.6810e+00 +3.8614e+00 -3.5069e+00 -1.7067e+00 +1.0209e+00 -2.9687e+00 -1.3761e+00 +1.4704e+00 +9.1159e-01
19493 +9.723181845e-04 +9.723181845e-04 +3.943097232e+01 +3.943097232e+01 -2.8436e+00 -1.6740e+00 +3.8536e+00 -3.4429e+00 -1.7022e+00 +1.0354e+00 -3.0703e+00 -1.3528e+00 +1.5488e+00 +9.4729e-01
22244 +5.732269756e-04 +5.732269756e-04 +3.943057323e+01 +3.943057323e+01 -2.9223e+00 -1.7530e+00 +3.8369e+00 -3.3198e+00 -1.6788e+00 +1.0891e+00 -3.1980e+00 -1.3808e+00 +1.6695e+00 +1.0268e+00
23513 +3.934847083e-04 +3.934847083e-04 +3.943039348e+01 +3.943039348e+01 -2.9294e+00 -1.8002e+00 +3.8201e+00 -3.2771e+00 -1.6967e+00 +1.0807e+00 -3.1763e+00 -1.3630e+00 +1.7081e+00 +1.0571e+00
24896 +2.509533226e-04 +2.509533226e-04 +3.943025095e+01 +3.943025095e+01 -2.9545e+00 -1.8248e+00 +3.7817e+00 -3.2549e+00 -1.6809e+00 +1.0927e+00 -3.2514e+00 -1.3388e+00 +1.7666e+00 +1.0722e+00
28547 +1.500117979e-04 +1.500117979e-04 +3.943015001e+01 +3.943015001e+01 -3.0103e+00 -1.8471e+00 +3.7823e+00 -3.2020e+00 -1.6663e+00 +1.0915e+00 -3.3276e+00 -1.3281e+00 +1.8517e+00 +1.1294e+00
30701 +9.888428204e-05 +9.888428204e-05 +3.943009888e+01 +3.943009888e+01 -3.0382e+00 -1.8715e+00 +3.7682e+00 -3.1938e+00 -1.6887e+00 +1.0973e+00 -3.3887e+00 -1.3008e+00 +1.8794e+00 +1.1341e+00
36471 +6.305200034e-05 +6.305200034e-05 +3.943006305e+01 +3.943006305e+01 -3.0229e+00 -1.8963e+00 +3.7263e+00 -3.1312e+00 -1.7046e+00 +1.0994e+00 -3.4227e+00 -1.2798e+00 +1.9022e+00 +1.1459e+00
39145 +3.480925901e-05 +3.480925901e-05 +3.943003481e+01 +3.943003481e+01 -3.0245e+00 -1.9267e+00 +3.7135e+00 -3.1145e+00 -1.7084e+00 +1.1105e+00 -3.4701e+00 -1.2676e+00 +1.9206e+00 +1.1705e+00
49190 +2.511584199e-05 +2.511584199e-05 +3.943002512e+01 +3.943002512e+01 -3.0310e+00 -1.9330e+00 +3.6997e+00 -3.0889e+00 -1.7116e+00 +1.1303e+00 -3.5354e+00 -1.2445e+00 +1.9350e+00 +1.1727e+00
52666 +1.576395695e-05 +1.576395695e-05 +3.943001576e+01 +3.943001576e+01 -3.0365e+00 -1.9560e+00 +3.6846e+00 -3.0593e+00 -1.7188e+00 +1.1319e+00 -3.5689e+00 -1.2355e+00 +1.9640e+00 +1.1911e+00
54130 +9.991288714e-06 +9.991288714e-06 +3.943000999e+01 +3.943000999e+01 -3.0469e+00 -1.9542e+00 +3.6668e+00 -3.0543e+00 -1.7146e+00 +1.1373e+00 -3.6025e+00 -1.2187e+00 +1.9776e+00 +1.1912e+00
60219 +6.303770625e-06 +6.303770625e-06 +3.943000630e+01 +3.943000630e+01 -3.0244e+00 -1.9789e+00 +3.6406e+00 -3.0178e+00 -1.7301e+00 +1.1473e+00 -3.6632e+00 -1.1907e+00 +1.9817e+00 +1.2012e+00
62793 +3.980078787e-06 +3.980078787e-06 +3.943000398e+01 +3.943000398e+01 -3.0361e+00 -2.0045e+00 +3.6399e+00 -2.9985e+00 -1.7387e+00 +1.1467e+00 -3.6785e+00 -1.1901e+00 +1.9983e+00 +1.2229e+00
64249 +2.506322808e-06 +2.506322808e-06 +3.943000251e+01 +3.943000251e+01 -3.0283e+00 -2.0001e+00 +3.6600e+00 -2.9746e+00 -1.7262e+00 +1.1581e+00 -3.6858e+00 -1.1994e+00 +2.0101e+00 +1.2364e+00
67019 +1.540701263e-06 +1.540701263e-06 +3.943000154e+01 +3.943000154e+01 -3.0350e+00 -2.0113e+00 +3.6405e+00 -2.9463e+00 -1.7375e+00 +1.1560e+00 -3.7263e+00 -1.1834e+00 +2.0373e+00 +1.2460e+00
72134 +9.981520179e-07 +9.981520179e-07 +3.943000100e+01 +3.943000100e+01 -3.0396e+00 -2.0202e+00 +3.6327e+00 -2.9463e+00 -1.7364e+00 +1.1607e+00 -3.7274e+00 -1.1825e+00 +2.0372e+00 +1.2454e+00
79636 +6.303108862e-07 +6.303108862e-07 +3.943000063e+01 +3.943000063e+01 -3.0404e+00 -2.0285e+00 +3.6239e+00 -2.9400e+00 -1.7381e+00 +1.1624e+00 -3.7358e+00 -1.1784e+00 +2.0426e+00 +1.2490e+00
89711 +3.969408908e-07 +3.969408908e-07 +3.943000040e+01 +3.943000040e+01 -3.0385e+00 -2.0379e+00 +3.6132e+00 -2.9307e+00 -1.7421e+00 +1.1630e+00 -3.7528e+00 -1.1690e+00 +2.0487e+00 +1.2532e+00
98320 +2.506017154e-07 +2.506017154e-07 +3.943000025e+01 +3.943000025e+01 -3.0385e+00 -2.0452e+00 +3.6045e+00 -2.9219e+00 -1.7454e+00 +1.1641e+00 -3.7641e+00 -1.1637e+00 +2.0550e+00 +1.2566e+00
107268 +1.583163325e-07 +1.583163325e-07 +3.943000016e+01 +3.943000016e+01 -3.0385e+00 -2.0533e+00 +3.5993e+00 -2.9119e+00 -1.7474e+00 +1.1664e+00 -3.7786e+00 -1.1582e+00 +2.0622e+00 +1.2628e+00
113129 +9.992741212e-08 +9.992741212e-08 +3.943000010e+01 +3.943000010e+01 -3.0397e+00 -2.0567e+00 +3.5960e+00 -2.9054e+00 -1.7489e+00 +1.1677e+00 -3.7886e+00 -1.1547e+00 +2.0674e+00 +1.2659e+00
117870 +6.304885147e-08 +6.304885147e-08 +3.943000006e+01 +3.943000006e+01 -3.0382e+00 -2.0607e+00 +3.5932e+00 -2.9004e+00 -1.7499e+00 +1.1692e+00 -3.7956e+00 -1.1519e+00 +2.0693e+00 +1.2684e+00
127769 +3.979021557e-08 +3.979021557e-08 +3.943000004e+01 +3.943000004e+01 -3.0371e+00 -2.0677e+00 +3.5864e+00 -2.8911e+00 -1.7530e+00 +1.1710e+00 -3.8107e+00 -1.1455e+00 +2.0753e+00 +1.2729e+00
131372 +2.498151019e-08 +2.498151019e-08 +3.943000002e+01 +3.943000002e+01 -3.0365e+00 -2.0693e+00 +3.5842e+00 -2.8878e+00 -1.7542e+00 +1.1717e+00 -3.8166e+00 -1.1432e+00 +2.0770e+00 +1.2740e+00
133802 +1.574849051e-08 +1.574849051e-08 +3.943000002e+01 +3.943000002e+01 -3.0375e+00 -2.0711e+00 +3.5819e+00 -2.8843e+00 -1.7550e+00 +1.1719e+00 -3.8204e+00 -1.1416e+00 +2.0798e+00 +1.2749e+00
142126 +9.985008376e-09 +9.985008376e-09 +3.943000001e+01 +3.943000001e+01 -3.0355e+00 -2.0772e+00 +3.5767e+00 -2.8780e+00 -1.7572e+00 +1.1738e+00 -3.8315e+00 -1.1366e+00 +2.0830e+00 +1.2786e+00
% function evaluation | noise-free fitness - Fopt (1.322900000000e+02) | best noise-free fitness - Fopt | measured fitness | best measured fitness | x1 | x2...
1 +8.527262874e+01 +8.527262874e+01 +2.175626287e+02 +2.175626287e+02 -2.8795e+00 -2.1514e+00 -4.4699e+00 -2.0081e+00 +3.2185e+00 +3.8630e+00 +1.5155e+00 +1.4937e+00 +3.0272e+00 +1.5084e+00
239 +6.093495170e+01 +6.093495170e+01 +1.932249517e+02 +1.932249517e+02 +4.1496e+00 +1.5564e-01 -2.4322e+00 -1.5949e+00 +5.0000e+00 -1.4652e-01 +4.1895e-01 +2.6276e+00 +3.3289e+00 +4.6249e+00
394 +3.850441559e+01 +3.850441559e+01 +1.707944156e+02 +1.707944156e+02 +4.1914e+00 -6.9381e-01 -2.2732e+00 -1.1003e+00 +4.9921e+00 +1.2568e-01 +1.8885e-01 +2.0930e+00 +2.4898e+00 +3.7495e+00
623 +2.356643556e+01 +2.356643556e+01 +1.558564356e+02 +1.558564356e+02 +3.0827e+00 +6.4677e-02 -2.9634e+00 -8.5899e-01 +5.0000e+00 +6.6884e-01 +7.0776e-01 +1.1706e+00 +2.7480e+00 +4.4385e+00
867 +1.502900901e+01 +1.502900901e+01 +1.473190090e+02 +1.473190090e+02 +3.3040e+00 +6.3706e-01 -3.1861e+00 -5.3909e-01 +4.5501e+00 +6.3550e-01 +4.3823e-01 +1.1301e+00 +2.5929e+00 +4.1937e+00
1116 +9.987575724e+00 +9.987575724e+00 +1.422775757e+02 +1.422775757e+02 +2.7779e+00 +7.2871e-01 -2.9308e+00 -1.3891e-01 +4.4470e+00 +9.5305e-01 +6.3769e-01 +1.0260e+00 +2.1088e+00 +3.6865e+00
% function evaluation | noise-free fitness - Fopt (-4.871000000000e+01) | best noise-free fitness - Fopt | measured fitness | best measured fitness | x1 | x2...
1 +8.435381660e+01 +8.435381660e+01 +3.564381660e+01 +3.564381660e+01 +4.8973e+00 +2.3063e+00 -3.1751e+00 +1.2412e+00 +2.5637e+00 +6.0507e-01 +7.1859e-01 +1.7119e+00 -3.9902e+00 -2.5884e+00
78 +5.900497055e+01 +5.900497055e+01 +1.029497055e+01 +1.029497055e+01 +4.2562e+00 +4.6795e+00 -2.3514e+00 +9.6101e-01 -4.6604e+00 -2.3906e+00 +2.0879e+00 -4.0944e+00 +4.1730e+00 +7.0377e-01
212 +3.909214947e+01 +3.909214947e+01 -9.617850532e+00 -9.617850532e+00 +5.0000e+00 +4.4785e+00 -2.7061e+00 +5.1832e-02 -3.4066e+00 -3.2120e+00 +4.1563e-01 -4.4116e+00 +4.7285e+00 +1.1854e+00
239 +2.374980640e+01 +2.374980640e+01 -2.496019360e+01 -2.496019360e+01 +5.0000e+00 +5.0000e+00 -1.7949e+00 -5.6641e-01 -2.9710e+00 -3.9679e+00 +3.5077e-01 -3.8844e+00 +5.0000e+00 +4.8450e-01
485 +1.491102506e+01 +1.491102506e+01 -3.379897494e+01 -3.379897494e+01 +3.7021e+00 +4.6881e+00 -1.0512e+00 -7.2850e-02 -1.6617e+00 -4.1588e+00 +3.9346e-01 -4.7656e+00 +4.8394e+00 +1.5657e-02
729 +9.883104720e+00 +9.883104720e+00 -3.882689528e+01 -3.882689528e+01 +3.7965e+00 +4.7263e+00 -1.0675e+00 -8.0567e-01 -1.4192e+00 -3.7878e+00 +2.1698e-01 -4.3152e+00 +4.6350e+00 +2.3945e-01
% function evaluation | noise-free fitness - Fopt (-2.833000000000e+01) | best noise-free fitness - Fopt | measured fitness | best measured fitness | x1 | x2...
1 +8.418858636e+01 +8.418858636e+01 +5.585858636e+01 +5.585858636e+01 +2.9814e+00 +9.9491e-02 -3.5885e+00 +1.8621e+00 -2.4623e+00 +4.8409e+00 +3.6209e+00 +3.1994e+00 +3.1981e-01 -4.2170e+00
183 +5.983099784e+01 +5.983099784e+01 +3.150099784e+01 +3.150099784e+01 +2.3496e+00 -3.5800e+00 -5.0000e+00 -4.0477e+00 +4.5632e+00 +3.1552e+00 -3.2512e+00 +1.2060e+00 +3.0932e+00 -1.3716e+00
301 +3.550099477e+01 +3.550099477e+01 +7.170994768e+00 +7.170994768e+00 +2.7260e+00 -4.2829e+00 -3.9538e+00 -1.9400e+00 +5.0000e+00 -6.0347e-03 -1.7556e+00 +4.7309e-01 +3.3917e+00 -4.5972e-01
364 +2.419950300e+01 +2.419950300e+01 -4.130497003e+00 -4.130497003e+00 +2.5583e+00 -2.3301e+00 -4.2565e+00 -2.5485e+00 +4.1819e+00 +2.3393e+00 -1.4786e+00 -1.5756e-01 +3.1209e+00 -7.4468e-01
696 +1.372534618e+01 +1.372534618e+01 -1.460465382e+01 -1.460465382e+01 +3.7658e+00 -1.4529e+00 -2.6949e+00 -2.3872e+00 +4.6468e+00 +1.6353e+00 -1.4002e+00 +1.4428e+00 +2.5979e+00 -7.3217e-01
911 +9.999500039e+00 +9.999500039e+00 -1.833049996e+01 -1.833049996e+01 +3.6250e+00 -1.5866e+00 -3.0898e+00 -2.2934e+00 +4.0530e+00 +1.4422e+00 -1.3551e+00 +1.5436e+00 +2.5736e+00 -7.0731e-01
% function evaluation | noise-free fitness - Fopt (-1.516100000000e+02) | best noise-free fitness - Fopt | measured fitness | best measured fitness | x1 | x2...
1 +8.652252829e+01 +8.652252829e+01 -6.508747171e+01 -6.508747171e+01 -4.7128e+00 +4.1402e+00 -4.9835e+00 +3.2538e+00 -2.3862e-01 +2.4964e+00 +4.5447e+00 -4.4371e+00 -1.4564e+00 +2.8400e+00
354 +6.298397214e+01 +6.298397214e+01 -8.862602786e+01 -8.862602786e+01 -1.5515e+00 -3.2956e+00 -2.3447e+00 -3.0697e-01 +2.3675e+00 +4.2306e+00 +4.0221e-01 -2.1798e+00 +1.0928e+00 -1.8406e+00
% function evaluation | noise-free fitness - Fopt (-1.069900000000e+02) | best noise-free fitness - Fopt | measured fitness | best measured fitness | x1 | x2...
1 +8.465714790e+01 +8.465714790e+01 -2.233285210e+01 -2.233285210e+01 +3.9543e+00 +2.4098e+00 -3.7585e+00 +2.5488e+00 -2.3972e-01 -3.4211e+00 -1.9397e+00 +2.1850e+00 -8.8805e-01 -1.6618e+00
35 +6.257787131e+01 +6.257787131e+01 -4.441212869e+01 -4.441212869e+01 +3.2389e+00 +7.6178e-01 -2.3140e+00 -2.4855e+00 -3.5038e+00 +3.9408e+00 -4.9621e-01 +1.7390e+00 +6.8061e-01 -4.7116e+00
87 +3.763846193e+01 +3.763846193e+01 -6.935153807e+01 -6.935153807e+01 +4.5451e-01 -2.7790e+00 -8.3894e-01 +2.8542e+00 -2.6236e+00 -3.4459e+00 +1.2322e+00 -3.0667e+00 -4.5832e+00 -4.8376e+00
150 +2.183964083e+01 +2.183964083e+01 -8.515035917e+01 -8.515035917e+01 +2.2921e-01 -2.8102e+00 +2.7791e+00 +2.9350e+00 -2.1886e+00 -4.9097e+00 -1.1399e+00 -2.0932e+00 -1.5397e+00 -5.0000e+00
266 +1.559676503e+01 +1.559676503e+01 -9.139323497e+01 -9.139323497e+01 +5.2097e-01 -2.8050e+00 +2.4992e+00 +2.8671e+00 -1.9814e+00 -4.7057e+00 -1.1561e+00 -2.1766e+00 -1.9545e+00 -5.0000e+00
854 +9.896181121e+00 +9.896181121e+00 -9.709381888e+01 -9.709381888e+01 +3.3475e-01 -2.6062e+00 +2.3581e+00 +2.3956e+00 -2.6439e+00 -4.5793e+00 -1.3918e+00 -1.5567e+00 -2.8281e+00 -4.9541e+00
% function evaluation | noise-free fitness - Fopt (1.000300000000e+02) | best noise-free fitness - Fopt | measured fitness | best measured fitness | x1 | x2...
1 +8.640407465e+01 +8.640407465e+01 +1.864340746e+02 +1.864340746e+02 +1.7342e+00 +4.7863e+00 +4.4921e+00 -1.6753e+00 +2.9692e+00 +1.4909e+00 +2.0361e+00 +1.3249e+00 -4.0411e+00 -3.0149e+00
266 +6.012995442e+01 +6.012995442e+01 +1.601599544e+02 +1.601599544e+02 +4.0254e+00 +5.0099e-01 -7.4647e-01 +3.0865e+00 +2.9564e+00 +2.6474e+00 +1.1695e+00 -4.3352e-01 +1.6595e-01 -1.2153e+00
323 +3.688898972e+01 +3.688898972e+01 +1.369189897e+02 +1.369189897e+02 +2.4406e+00 +1.5481e+00 -8.5588e-01 +2.2439e+00 +2.3145e+00 +2.9184e+00 +1.6504e+00 -1.6589e+00 -1.0959e+00 -1.7609e+00
2386 +2.508869328e+01 +2.508869328e+01 +1.251186933e+02 +1.251186933e+02 +2.1055e+00 +1.2277e+00 -3.8835e-01 +2.4286e+00 +4.5290e-01 +2.6697e+00 +2.0595e+00 -4.8212e-01 -1.9613e+00 -2.6440e+00
% function evaluation | noise-free fitness - Fopt (-2.788900000000e+02) | best noise-free fitness - Fopt | measured fitness | best measured fitness | x1 | x2...
1 +8.651779675e+01 +8.651779675e+01 -1.923722033e+02 -1.923722033e+02 +2.2488e+00 +4.1790e+00 -4.8431e+00 +2.9890e+00 -2.5797e+00 +2.9265e+00 +4.1440e+00 -3.7300e+00 +3.2664e+00 +2.0962e-01
110 +5.995628291e+01 +5.995628291e+01 -2.189337171e+02 -2.189337171e+02 -3.2470e+00 +1.6501e+00 +2.0408e+00 -3.1970e+00 -3.7780e+00 -3.7493e-01 -5.0000e+00 +2.2740e+00 +3.0368e+00 -1.3850e+00
621 +3.978402488e+01 +3.978402488e+01 -2.391059751e+02 -2.391059751e+02 -3.0319e+00 +3.0812e+00 +5.3454e-01 -2.7288e+00 -2.4792e+00 -6.7475e-01 -3.1042e+00 +2.8747e+00 -4.4354e-01 -3.0802e+00
% function evaluation | noise-free fitness - Fopt (5.142200000000e+02) | best noise-free fitness - Fopt | measured fitness | best measured fitness | x1 | x2...
1 +8.523347524e+01 +8.523347524e+01 +5.994534752e+02 +5.994534752e+02 +2.7319e+00 +1.3691e+00 -3.9011e+00 +1.2879e+00 -1.8814e-02 -3.7949e+00 -4.1266e+00 -3.4545e+00 +2.5910e+00 -2.6023e+00
173 +5.462508739e+01 +5.462508739e+01 +5.688450874e+02 +5.688450874e+02 +3.6966e+00 -3.0340e+00 -4.6673e-01 -2.2233e+00 +2.9756e+00 -2.9722e+00 -1.6644e-02 -2.9034e+00 +4.4688e-01 +8.5554e-02
323 +3.918228554e+01 +3.918228554e+01 +5.534022855e+02 +5.534022855e+02 +4.4011e+00 -3.8263e+00 -1.5651e+00 -2.7252e+00 +3.8372e+00 -2.1239e+00 +2.3964e-02 -4.3899e+00 +1.2871e-01 +6.8962e-01
390 +2.400917502e+01 +2.400917502e+01 +5.382291750e+02 +5.382291750e+02 +2.6901e+00 -2.6263e+00 -2.4305e+00 -2.5142e+00 +2.3753e+00 -1.2194e+00 +6.2946e-01 -5.0000e+00 -3.9390e-01 -1.7158e-01
483 +1.559776152e+01 +1.559776152e+01 +5.298177615e+02 +5.298177615e+02 +2.3552e+00 -3.1170e+00 -1.1293e+00 -4.0047e+00 +3.7908e+00 +1.8657e-02 +1.3850e-01 -5.0000e+00 +1.7102e-02 +1.6926e+00
833 +9.605110272e+00 +9.605110272e+00 +5.238251103e+02 +5.238251103e+02 +1.8425e+00 -3.0449e+00 -1.0719e+00 -4.4003e+00 +3.7504e+00 +4.1066e-02 +2.4843e-01 -4.9042e+00 -9.1738e-01 +1.2812e+00
% function evaluation | noise-free fitness - Fopt (6.098800000000e+02) | best noise-free fitness - Fopt | measured fitness | best measured fitness | x1 | x2...
1 +7.498966802e+01 +7.498966802e+01 +6.848696680e+02 +6.848696680e+02 -3.0361e+00 -4.0569e+00 +1.2049e+00 -3.4167e-01 -2.3237e+00 +1.1399e+00 -6.5457e-02 -2.7779e-01 -1.6664e-02 +1.2612e+00
8 +2.608874776e+01 +2.608874776e+01 +6.359687478e+02 +6.359687478e+02 -4.2681e+00 +1.9741e+00 +3.8756e+00 +8.0119e-01 -1.6956e+00 +2.9096e+00 -2.7418e+00 +4.5129e+00 -3.0776e+00 -3.2209e+00
165 +2.281835840e+01 +2.281835840e+01 +6.326983584e+02 +6.326983584e+02 -4.2598e+00 +1.8417e+00 +3.8692e+00 +7.1402e-01 -1.8299e+00 +2.8787e+00 -2.7202e+00 +4.2815e+00 -2.9462e+00 -3.3613e+00
326 +1.558033569e+01 +1.558033569e+01 +6.254603357e+02 +6.254603357e+02 -3.7198e+00 +2.5146e-01 +4.6710e+00 +2.9037e-01 -3.0416e+00 +5.0000e+00 -5.0000e+00 +5.0000e+00 -3.3049e+00 -2.8088e+00
590 +9.959736720e+00 +9.959736720e+00 +6.198397367e+02 +6.198397367e+02 -2.7950e+00 +3.1031e-01 +4.4360e+00 -1.6452e-01 -3.5365e+00 +4.4836e+00 -5.0000e+00 +4.0394e+00 -3.6380e+00 -2.3050e+00
1404 +6.291541812e+00 +6.291541812e+00 +6.161715418e+02 +6.161715418e+02 -2.8318e+00 +2.3221e-01 +3.6208e+00 +5.3676e-01 -3.7675e+00 +4.0111e+00 -4.1122e+00 +3.6477e+00 -2.9874e+00 -2.3757e+00
