% function evaluation | noise-free fitness - Fopt (4.078000000000e+01) | best noise-free fitness - Fopt | measured fitness | best measured fitness | x1 | x2...
1 +8.143688572e+01 +8.143688572e+01 +1.222168857e+02 +1.222168857e+02 -2.4404e+00 -4.5713e+00 -1.0500e+00 +2.4907e+00 -4.3601e+00 -1.1542e+00 -4.9542e+00 -4.2561e+00 +2.9405e+00 +1.7954e+00
6 +4.942973737e+01 +4.942973737e+01 +9.020973737e+01 +9.020973737e+01 -4.3187e+00 -1.7255e+00 +1.2285e+00 +3.4508e+00 -4.8489e-01 +5.4681e-01 +6.1615e-01 -4.0200e+00 +1.5656e+00 +4.4209e+00
422 +3.622654168e+01 +3.622654168e+01 +7.700654168e+01 +7.700654168e+01 +3.5027e+00 +1.2653e+00 -1.5657e+00 +1.2393e+00 +4.6486e+00 +2.2359e+00 -2.6324e+00 +2.0523e+00 +9.6703e-01 -1.2554e+00
674 +2.265247335e+01 +2.265247335e+01 +6.343247335e+01 +6.343247335e+01 -3.2352e+00 -5.0655e-01 -3.5588e+00 -2.7101e+00 -2.0659e+00 -2.2769e+00 -2.9346e+00 -3.0305e-01 -3.5160e+00 +4.3823e+00
1011 +1.579526002e+01 +1.579526002e+01 +5.657526002e+01 +5.657526002e+01 -4.5970e+00 -7.5712e-02 -2.1326e+00 -3.4703e+00 -3.5378e+00 -2.2409e+00 -2.2648e+00 -2.6532e+00 -1.4447e+00 +4.1770e+00
1274 +9.662953249e+00 +9.662953249e+00 +5.044295325e+01 +5.044295325e+01 -4.0167e+00 -1.0502e+00 -2.7843e+00 -3.0466e+00 -4.0088e+00 -1.4672e+00 -2.0419e+00 -2.1552e+00 -3.0692e+00 +3.9300e+00
3823 +6.249035386e+00 +6.249035386e+00 +4.702903539e+01 +4.702903539e+01 -4.5990e+00 -1.7165e-01 -2.4314e+00 -2.9321e+00 -3.5910e+00 -1.7551e+00 -2.4203e+00 -1.9805e+00 -3.2238e+00 +3.7710e+00
% function evaluation | noise-free fitness - Fopt (-1.600000000000e+00) | best noise-free fitness - Fopt | measured fitness | best measured fitness | x1 | x2...
1 +7.337356420e+01 +7.337356420e+01 +7.177356420e+01 +7.177356420e+01 +2.5771e+00 -2.1835e+00 +2.6675e+00 +2.6419e+00 -3.7464e+00 -2.6564e-01 -4.8338e+00 -2.0374e+00 +1.8392e+00 +1.8693e+00
18 +6.301953949e+01 +6.301953949e+01 +6.141953949e+01 +6.141953949e+01 +1.2797e+00 -3.4685e+00 -2.0904e+00 +2.1367e-01 -1.8349e+00 -1.9326e-01 -2.9731e+00 -6.6191e-01 +9.4787e-01 +2.6948e+00
221 +3.419014298e+01 +3.419014298e+01 +3.259014298e+01 +3.259014298e+01 +1.6547e+00 -3.6781e-01 -9.1345e-01 -1.1704e+00 +1.2079e+00 -3.1857e-01 -1.1604e+00 +3.2158e-01 -3.9393e+00 +6.2735e-01
644 +2.050494176e+01 +2.050494176e+01 +1.890494176e+01 +1.890494176e+01 +2.8671e+00 -1.8633e+00 +2.8868e+00 +3.9508e+00 +3.6434e+00 +7.7732e-01 -3.2947e-01 +1.8638e+00 +2.1639e+00 +1.7757e+00
1185 +1.560001020e+01 +1.560001020e+01 +1.400001020e+01 +1.400001020e+01 +2.5627e+00 -1.8828e+00 +2.5882e+00 +3.6567e+00 +4.6223e+00 +1.3713e+00 -5.6663e-01 +3.1163e+00 +1.2270e+00 +1.4062e+00
1787 +9.883765110e+00 +9.883765110e+00 +8.283765110e+00 +8.283765110e+00 +2.3934e+00 -2.0313e+00 +2.8935e+00 +3.9769e+00 +3.9384e+00 +1.8052e+00 +2.6150e-01 +5.0000e+00 +2.1864e+00 +2.4553e+00
2284 +6.220904648e+00 +6.220904648e+00 +4.620904648e+00 +4.620904648e+00 +3.1093e+00 -1.1127e+00 +2.8464e+00 +3.8799e+00 +4.1822e+00 +1.1499e+00 +1.1962e+00 +4.4131e+00 +2.4779e+00 +2.0911e+00
2765 +3.751113868e+00 +3.751113868e+00 +2.151113868e+00 +2.151113868e+00 +3.3043e+00 -1.2788e+00 +2.6062e+00 +3.8532e+00 +4.1936e+00 +9.9497e-01 +1.1782e+00 +4.4105e+00 +2.1268e+00 +2.2866e+00
3527 +2.463832047e+00 +2.463832047e+00 +8.638320474e-01 +8.638320474e-01 +3.3798e+00 -1.5932e+00 +2.6002e+00 +3.8406e+00 +4.2055e+00 +7.6524e-01 +1.1028e+00 +4.2797e+00 +2.1004e+00 +2.5306e+00
% function evaluation | noise-free fitness - Fopt (-3.708400000000e+02) | best noise-free fitness - Fopt | measured fitness | best measured fitness | x1 | x2...
1 +7.512124075e+01 +7.512124075e+01 -2.957187592e+02 -2.957187592e+02 -3.0479e+00 +4.7424e-01 +1.5394e+00 +2.8218e+00 +4.5948e-01 -7.8536e-01 -3.1807e-01 +4.2350e+00 +2.8281e+00 -4.1437e+00
26 +5.911053640e+01 +5.911053640e+01 -3.117294636e+02 -3.117294636e+02 -1.2710e+00 +8.2149e-01 +1.4428e+00 +2.9359e+00 +1.8946e-01 -1.1763e+00 +3.5371e+00 +1.6455e+00 -2.5785e+00 -3.2391e+00
708 +3.123751894e+01 +3.123751894e+01 -3.396024811e+02 -3.396024811e+02 +5.8075e-01 +3.0208e+00 -1.0837e+00 +1.3696e+00 -9.9053e-01 +4.4168e+00 +3.2908e+00 +2.8281e+00 -2.5084e+00 +9.5595e-02
1213 +2.472702354e+01 +2.472702354e+01 -3.461129765e+02 -3.461129765e+02 -2.8520e-01 +2.2636e+00 -1.8219e+00 +3.2456e+00 -6.2455e-02 +4.8216e+00 +2.5381e+00 +3.0968e+00 -9.8534e-01 +7.7919e-02
1578 +1.011222635e+01 +1.011222635e+01 -3.607277736e+02 -3.607277736e+02 +1.2906e-01 +2.3405e+00 -1.1886e+00 +3.0522e+00 +1.2349e+00 +4.1901e+00 +2.9358e+00 +3.1709e+00 -8.4054e-01 -4.1163e-01
1966 +9.326390619e+00 +9.326390619e+00 -3.615136094e+02 -3.615136094e+02 +4.0373e-02 +2.3312e+00 -1.1449e+00 +2.8338e+00 +1.2618e+00 +4.0795e+00 +2.7518e+00 +3.0225e+00 -6.4119e-01 -3.9466e-01
2837 +6.056057103e+00 +6.056057103e+00 -3.647839429e+02 -3.647839429e+02 +3.9462e-01 +2.4624e+00 -9.7591e-01 +2.7288e+00 +1.6377e+00 +4.5512e+00 +2.4484e+00 +3.1743e+00 -9.6028e-01 -3.8732e-01
3516 +3.946678778e+00 +3.946678778e+00 -3.668933212e+02 -3.668933212e+02 +6.8244e-01 +2.4646e+00 -5.5060e-01 +2.3354e+00 +1.6002e+00 +4.5011e+00 +2.6117e+00 +3.0598e+00 -8.8229e-01 -3.0025e-02
3873 +2.502162529e+00 +2.502162529e+00 -3.683378375e+02 -3.683378375e+02 +7.1480e-01 +2.4813e+00 -5.0623e-01 +2.2049e+00 +1.7976e+00 +4.5241e+00 +2.5050e+00 +3.0358e+00 -7.0367e-01 -2.3220e-01
6136 +1.575520091e+00 +1.575520091e+00 -3.692644799e+02 -3.692644799e+02 +1.3203e+00 +2.7712e+00 -5.7030e-01 +1.8797e+00 +2.5153e+00 +4.6350e+00 +2.1197e+00 +3.3844e+00 -3.6982e-01 -4.9956e-01
% function evaluation | noise-free fitness - Fopt (-3.256000000000e+01) | best noise-free fitness - Fopt | measured fitness | best measured fitness | x1 | x2...
1 +8.178458399e+01 +8.178458399e+01 +4.922458399e+01 +4.922458399e+01 +4.3113e-01 -2.8126e-01 -4.2003e+00 +4.5302e+00 -4.8446e+00 +2.8955e+00 +3.7416e+00 +4.0888e+00 -1.8511e+00 -2.2334e+00
39 +5.402183311e+01 +5.402183311e+01 +2.146183311e+01 +2.146183311e+01 -1.2159e+00 -3.2617e+00 +3.9131e+00 +4.2447e+00 +3.0766e+00 +1.1701e+00 +3.0896e+00 -3.0471e+00 -4.0982e+00 +1.2013e+00
163 +3.546380256e+01 +3.546380256e+01 +2.903802558e+00 +2.903802558e+00 -4.6349e+00 +4.9208e-01 -4.7347e+00 +4.3418e+00 +5.9203e-01 -2.2800e+00 +1.1168e+00 +1.5335e+00 +2.9880e+00 -3.1573e+00
580 +2.416820832e+01 +2.416820832e+01 -8.391791678e+00 -8.391791678e+00 -5.0000e+00 +9.6718e-01 -3.8968e+00 +3.7372e+00 -3.0073e-01 -2.2967e+00 +1.2601e+00 +4.9931e-01 +3.1831e+00 -3.3827e+00
1523 +1.551064229e+01 +1.551064229e+01 -1.704935771e+01 -1.704935771e+01 -4.6444e+00 +9.8911e-01 -3.7364e+00 +3.7204e+00 -4.5926e-01 -2.2049e+00 +1.5967e+00 +6.7064e-01 +2.9297e+00 -3.1898e+00
35744 +9.999831899e+00 +9.999831899e+00 -2.256016810e+01 -2.256016810e+01 -3.5459e+00 +9.3696e-01 -4.2649e+00 +2.9883e+00 +2.8146e-01 -7.9358e-01 +1.9234e+00 -1.7966e+00 +7.7968e-01 -2.8272e+00
% function evaluation | noise-free fitness - Fopt (5.154000000000e+02) | best noise-free fitness - Fopt | measured fitness | best measured fitness | x1 | x2...
1 +8.309325257e+01 +8.309325257e+01 +5.984932526e+02 +5.984932526e+02 -2.8097e+00 -2.2905e+00 +9.4851e-01 -6.3768e-01 +3.4759e+00 +1.6624e+00 +1.6889e+00 -3.6365e+00 +4.9737e+00 -3.6448e+00
13 +5.831652809e+01 +5.831652809e+01 +5.737165281e+02 +5.737165281e+02 -3.2670e+00 +1.8699e+00 -1.0636e+00 -1.6777e-01 -2.5310e+00 -3.1767e+00 +1.2597e+00 +4.2178e+00 -3.9477e+00 +3.7138e+00
519 +3.082709810e+01 +3.082709810e+01 +5.462270981e+02 +5.462270981e+02 +3.2571e-01 +3.2596e+00 -3.3003e+00 +1.1355e-01 +4.6634e+00 +9.8311e-01 +3.3237e+00 +4.0645e+00 +1.1531e+00 +2.6071e+00
1191 +2.482565332e+01 +2.482565332e+01 +5.402256533e+02 +5.402256533e+02 +4.6679e-01 -4.5840e+00 +2.3236e+00 +2.7261e+00 +1.6378e+00 -1.1566e-01 -2.5427e+00 +3.5343e-01 -1.7070e+00 +3.7148e+00
4251 +1.579409326e+01 +1.579409326e+01 +5.311940933e+02 +5.311940933e+02 +4.4085e-01 -4.2840e+00 +2.8126e+00 +4.0915e+00 +1.3249e+00 -4.9749e-01 -2.1569e+00 +1.2204e-01 -1.7257e+00 +3.8079e+00
% function evaluation | noise-free fitness - Fopt (9.862300000000e+02) | best noise-free fitness - Fopt | measured fitness | best measured fitness | x1 | x2...
1 +7.951247557e+01 +7.951247557e+01 +1.065742476e+03 +1.065742476e+03 -7.1312e-01 +3.1057e+00 +3.2905e+00 -2.3194e+00 +3.7873e+00 -4.1434e-01 +7.9591e-01 +3.8534e+00 -1.4031e+00 +2.2566e+00
146 +4.702888829e+01 +4.702888829e+01 +1.033258888e+03 +1.033258888e+03 -3.2803e+00 -3.1855e+00 -1.3831e+00 +1.4112e+00 +6.6595e-01 +4.4199e+00 -1.0405e+00 +8.9079e-02 -5.1603e-01 -4.5208e-01
412 +3.006374826e+01 +3.006374826e+01 +1.016293748e+03 +1.016293748e+03 +2.8899e-01 +3.7033e+00 +1.1676e+00 +4.4607e+00 +3.2377e+00 -5.2789e-01 -6.7102e-01 +2.3160e+00 -4.9926e+00 -4.6526e-01
707 +2.396457061e+01 +2.396457061e+01 +1.010194571e+03 +1.010194571e+03 -1.0344e+00 +3.1176e+00 +2.0908e+00 +5.0000e+00 +2.5069e+00 -3.3225e-01 -1.1092e+00 +3.2835e+00 -4.5881e+00 -2.2542e+00
1219 +1.564173114e+01 +1.564173114e+01 +1.001871731e+03 +1.001871731e+03 +1.6714e-01 +3.2371e+00 +4.3713e-01 +2.5900e+00 +2.9878e+00 -6.3631e-01 +3.8458e-01 +3.5443e+00 -3.4839e+00 -1.9263e+00
2028 +9.938687047e+00 +9.938687047e+00 +9.961686870e+02 +9.961686870e+02 +8.3453e-02 +3.4302e+00 +5.1542e-01 +2.6889e+00 +2.6942e+00 -1.1721e+00 +3.1802e-01 +3.7034e+00 -3.4985e+00 -2.0404e+00
8536 +6.304283183e+00 +6.304283183e+00 +9.925342832e+02 +9.925342832e+02 -1.2696e-01 +4.2372e+00 +2.0790e-01 +3.2999e+00 +2.2207e+00 -1.4655e+00 +5.8098e-02 +3.1303e+00 -3.9193e+00 -2.8015e+00
% function evaluation | noise-free fitness - Fopt (1.240800000000e+02) | best noise-free fitness - Fopt | measured fitness | best measured fitness | x1 | x2...
1 +7.605676596e+01 +7.605676596e+01 +2.001367660e+02 +2.001367660e+02 +2.0773e+00 -2.7972e+00 +1.1137e+00 -3.0377e+00 +3.8349e+00 +1.3465e+00 +2.8865e+00 +4.1593e+00 +5.5558e-01 +1.8813e-01
29 +5.078020809e+01 +5.078020809e+01 +1.748602081e+02 +1.748602081e+02 -1.7064e+00 +1.8492e-01 -3.1740e+00 +2.9218e+00 -1.0584e+00 -1.2706e-01 -4.5172e+00 -1.4120e+00 -4.5693e+00 +1.0412e-01
313 +3.093624767e+01 +3.093624767e+01 +1.550162477e+02 +1.550162477e+02 -1.3902e+00 -4.0996e-01 -4.0117e+00 +2.8113e+00 -2.0392e+00 +1.2523e+00 -5.0000e+00 -1.8281e+00 -2.8404e+00 +7.6282e-03
890 +2.394994572e+01 +2.394994572e+01 +1.480299457e+02 +1.480299457e+02 -1.1944e+00 -1.0468e+00 +3.6727e-01 +7.9750e-01 +4.5356e-01 +3.8751e+00 -1.6299e+00 +1.5509e+00 +1.7690e+00 -3.4951e-01
1413 +1.564523375e+01 +1.564523375e+01 +1.397252337e+02 +1.397252337e+02 -7.7062e-01 -1.0368e+00 +1.1055e-01 +8.9839e-01 +3.0747e-01 +3.6724e+00 -2.0470e+00 +1.5650e+00 +1.8980e+00 -1.2206e-01
1935 +9.556924589e+00 +9.556924589e+00 +1.336369246e+02 +1.336369246e+02 -9.4720e-01 -8.3676e-01 -3.1009e-02 +1.0265e+00 +3.3998e-01 +3.9282e+00 -1.6967e+00 +1.2670e+00 +2.2084e+00 -1.6326e-01
3273 +5.433308459e+00 +5.433308459e+00 +1.295133085e+02 +1.295133085e+02 +9.1366e-02 -6.3154e-01 -4.8742e-01 +1.1521e+00 -4.4787e-02 +4.5335e+00 -3.9882e-01 +1.5104e+00 +1.7678e+00 -9.6997e-01
3902 +3.431445678e+00 +3.431445678e+00 +1.275114457e+02 +1.275114457e+02 +3.8295e-01 -3.9728e-01 -1.8743e-01 +1.3862e+00 -2.3924e-01 +4.3542e+00 -3.1984e-01 +1.3724e+00 +2.1684e+00 -1.1826e+00
4942 +2.426243672e+00 +2.426243672e+00 +1.265062437e+02 +1.265062437e+02 +4.6562e-01 -4.5554e-01 -1.3851e-01 +1.6649e+00 -1.9073e-01 +4.4292e+00 -1.4056e-01 +1.1467e+00 +2.4052e+00 -1.2067e+00
% function evaluation | noise-free fitness - Fopt (-4.683100000000e+02) | best noise-free fitness - Fopt | measured fitness | best measured fitness | x1 | x2...
1 +7.293814855e+01 +7.293814855e+01 -3.953718515e+02 -3.953718515e+02 +6.9695e-01 +9.1732e-01 -1.6468e+00 -1.3182e+00 -8.1587e-02 +4.1648e+00 +1.2129e+00 -3.0951e+00 +4.9350e+00 +1.4529e+00
46 +5.978130457e+01 +5.978130457e+01 -4.085286954e+02 -4.085286954e+02 +3.4254e+00 +2.0257e-01 +2.3624e+00 -2.5174e+00 -3.1030e+00 -3.9963e+00 -2.1880e-01 -4.7231e+00 +3.6668e+00 +2.3837e+00
194 +2.687877786e+01 +2.687877786e+01 -4.414312221e+02 -4.414312221e+02 -2.1575e+00 +3.2348e-01 +4.4027e+00 -3.1244e+00 -3.2539e+00 -2.3491e+00 +9.1657e-01 -2.8639e+00 -1.3355e+00 -2.6496e+00
864 +1.814634669e+01 +1.814634669e+01 -4.501636533e+02 -4.501636533e+02 -1.6431e+00 +6.8220e-01 +4.0299e+00 -2.4776e+00 -2.8115e+00 -1.3363e+00 +1.7078e+00 -3.4729e+00 -3.0002e+00 -1.2463e+00
1144 +1.384973163e+01 +1.384973163e+01 -4.544602684e+02 -4.544602684e+02 -2.0170e+00 +2.9894e-01 +4.2761e+00 -3.2473e+00 -3.5589e+00 -1.5630e+00 +2.0382e+00 -3.4004e+00 -2.9660e+00 -1.4986e+00
1213 +8.400441343e+00 +8.400441343e+00 -4.599095587e+02 -4.599095587e+02 -9.5970e-01 +1.1848e+00 +5.0000e+00 -3.4238e+00 -3.7565e+00 -5.3644e-01 +1.8380e+00 -3.3249e+00 -2.4191e+00 -1.6238e+00
2236 +5.884293115e+00 +5.884293115e+00 -4.624257069e+02 -4.624257069e+02 -4.8724e-01 -5.5441e-01 +3.3545e+00 -2.0896e+00 -3.6688e+00 -8.9551e-01 +1.0430e+00 -1.5218e+00 -2.4127e+00 -1.2266e+00
2599 +3.290490465e+00 +3.290490465e+00 -4.650195095e+02 -4.650195095e+02 -1.1748e+00 +2.7661e-01 +4.2153e+00 -2.2309e+00 -3.5895e+00 -1.8046e+00 +1.8620e+00 -7.1806e-01 -2.3980e+00 -6.9550e-01
2927 +2.496258168e+00 +2.496258168e+00 -4.658137418e+02 -4.658137418e+02 -1.2368e+00 +4.3622e-01 +4.2423e+00 -2.0974e+00 -3.7031e+00 -1.6516e+00 +1.7800e+00 -5.7644e-01 -2.1832e+00 -7.5664e-01
4784 +1.428442528e+00 +1.428442528e+00 -4.668815575e+02 -4.668815575e+02 -1.3207e+00 +6.8932e-01 +3.9345e+00 -2.4505e+00 -3.9005e+00 -1.1419e+00 +1.4943e+00 -9.9464e-01 -2.0513e+00 -1.1331e+00
6708 +9.933710353e-01 +9.933710353e-01 -4.673166290e+02 -4.673166290e+02 -1.1698e+00 +9.4266e-01 +4.2086e+00 -2.5628e+00 -3.9853e+00 -8.7113e-01 +1.6948e+00 -1.1823e+00 -1.9713e+00 -1.3633e+00
% function evaluation | noise-free fitness - Fopt (-6.062000000000e+01) | best noise-free fitness - Fopt | measured fitness | best measured fitness | x1 | x2...
1 +8.463502058e+01 +8.463502058e+01 +2.401502058e+01 +2.401502058e+01 +3.4383e+00 -1.4787e+00 -1.3379e+00 -3.1171e+00 -3.1466e+00 -4.5178e+00 +4.1908e+00 +1.0169e+00 +2.8637e-02 -4.0554e+00
45 +5.184423358e+01 +5.184423358e+01 -8.775766423e+00 -8.775766423e+00 -2.9135e+00 -3.0181e-01 +2.3985e+00 -1.1571e+00 +1.6535e+00 -7.7528e-01 +1.3222e+00 -2.8899e+00 -2.8558e-01 +3.3051e+00
848 +3.746020312e+01 +3.746020312e+01 -2.315979688e+01 -2.315979688e+01 +4.6241e+00 -4.2167e+00 +1.1113e+00 +2.0551e+00 +3.1765e+00 -1.6141e-02 -7.6804e-01 -2.9813e+00 -3.9619e+00 -2.6799e+00
1179 +2.507184016e+01 +2.507184016e+01 -3.554815984e+01 -3.554815984e+01 +1.4996e-01 -2.1507e+00 +3.4205e+00 -1.3834e+00 +8.4549e-01 -1.8832e+00 +1.4501e+00 -2.5790e+00 -1.1233e+00 +3.6142e+00
1572 +9.628339196e+00 +9.628339196e+00 -5.099166080e+01 -5.099166080e+01 +1.9490e+00 -1.7633e+00 +5.0000e+00 -6.3041e-01 +7.5252e-01 -1.2765e+00 +2.3669e+00 -2.5376e+00 +2.1755e-01 +4.2559e+00
2319 +6.292316680e+00 +6.292316680e+00 -5.432768332e+01 -5.432768332e+01 +2.8883e-01 -1.8769e+00 +3.4928e+00 +9.5093e-02 +1.0531e+00 -5.4724e-01 +2.6028e+00 -2.7130e+00 -7.0675e-01 +4.9857e+00
2794 +3.724259432e+00 +3.724259432e+00 -5.689574057e+01 -5.689574057e+01 +5.7889e-01 -1.3979e+00 +3.5937e+00 -5.9305e-02 +1.3327e+00 -7.3966e-01 +2.5533e+00 -2.7959e+00 -7.0785e-01 +5.0000e+00
3209 +2.495651439e+00 +2.495651439e+00 -5.812434856e+01 -5.812434856e+01 +5.9826e-01 -1.8923e+00 +4.0318e+00 +4.8601e-02 +1.1453e+00 -9.8020e-01 +2.2688e+00 -2.7898e+00 -1.0836e+00 +4.7162e+00
4054 +1.336184210e+00 +1.336184210e+00 -5.928381579e+01 -5.928381579e+01 +9.4730e-01 -1.7250e+00 +4.5147e+00 +4.3365e-01 +1.2783e+00 -5.3720e-01 +2.1318e+00 -3.0277e+00 -1.1303e+00 +4.4420e+00
4697 +9.516552465e-01 +9.516552465e-01 -5.966834475e+01 -5.966834475e+01 +1.0378e+00 -1.4064e+00 +4.8197e+00 +5.1797e-01 +1.4499e+00 -4.7809e-01 +2.2230e+00 -3.1421e+00 -9.6889e-01 +4.6320e+00
% function evaluation | noise-free fitness - Fopt (2.864600000000e+02) | best noise-free fitness - Fopt | measured fitness | best measured fitness | x1 | x2...
1 +8.071709143e+01 +8.071709143e+01 +3.671770914e+02 +3.671770914e+02 +4.0352e+00 -1.7641e+00 -1.2507e-01 +1.7452e+00 +2.4961e+00 +3.6534e+00 -2.0733e-01 +2.5424e+00 -4.6771e+00 +4.1878e+00
236 +4.404700263e+01 +4.404700263e+01 +3.305070026e+02 +3.305070026e+02 +3.4933e+00 -3.4694e-01 -3.6027e+00 -4.8709e+00 +4.2543e+00 -8.0890e-01 +8.6880e-01 -4.5100e+00 +1.8394e+00 +2.5033e+00
521 +3.116948630e+01 +3.116948630e+01 +3.176294863e+02 +3.176294863e+02 +2.1722e+00 +6.6123e-01 -1.8961e+00 -4.6884e+00 +4.2641e+00 -2.2013e-01 +3.1035e-01 -4.5125e+00 +2.9796e+00 +3.4405e+00
1348 +2.510139773e+01 +2.510139773e+01 +3.115613977e+02 +3.115613977e+02 +2.0872e+00 +7.9092e-01 -1.8926e+00 -4.6612e+00 +3.8520e+00 -4.7276e-01 +5.2895e-01 -4.1515e+00 +2.7395e+00 +3.3603e+00
2397 +1.316659120e+01 +1.316659120e+01 +2.996265912e+02 +2.996265912e+02 +1.9040e+00 +1.5307e+00 -2.9809e+00 -5.0000e+00 +2.8744e+00 +9.7048e-01 +3.6231e-01 -3.2097e+00 +2.8790e+00 +2.4381e+00
4013 +9.776115440e+00 +9.776115440e+00 +2.962361154e+02 +2.962361154e+02 +2.1257e+00 +1.8730e+00 -3.0923e+00 -4.7026e+00 +2.6850e+00 +1.3215e+00 +2.5721e-01 -3.1332e+00 +3.2985e+00 +2.5305e+00
% function evaluation | noise-free fitness - Fopt (1.134200000000e+02) | best noise-free fitness - Fopt | measured fitness | best measured fitness | x1 | x2...
1 +8.522104395e+01 +8.522104395e+01 +1.986410440e+02 +1.986410440e+02 +1.5507e+00 -8.4461e-01 -1.1283e+00 +2.4436e+00 -1.0966e+00 +3.0030e-01 -4.9024e+00 +2.1761e+00 +4.8552e+00 -3.8411e+00
55 +5.129341613e+01 +5.129341613e+01 +1.647134161e+02 +1.647134161e+02 +1.0254e+00 -2.3532e+00 -1.0522e-01 +1.8232e+00 -1.6821e+00 +7.1177e-02 +3.5224e+00 -3.2397e+00 -1.7904e+00 -4.3956e+00
445 +3.243194135e+01 +3.243194135e+01 +1.458519413e+02 +1.458519413e+02 -3.7626e+00 -2.3666e+00 -5.0000e+00 -8.9356e-01 +9.0174e-01 -3.6288e+00 +2.4643e+00 +3.2281e+00 +1.3506e+00 +1.0224e+00
780 +2.496680939e+01 +2.496680939e+01 +1.383868094e+02 +1.383868094e+02 -3.8846e+00 -3.4100e+00 -4.4101e+00 -1.5154e-01 +1.7802e+00 -3.9656e+00 +1.4952e+00 +1.7289e+00 +1.3715e+00 +1.4512e+00
1414 +9.777110374e+00 +9.777110374e+00 +1.231971104e+02 +1.231971104e+02 -4.2039e+00 -2.2033e+00 -4.1785e+00 +1.0613e-01 +2.5885e+00 -3.5965e+00 +1.1483e+00 +2.2392e+00 -1.0481e+00 -1.1907e+00
2702 +6.275081057e+00 +6.275081057e+00 +1.196950811e+02 +1.196950811e+02 -3.7480e+00 -1.8878e+00 -3.9046e+00 -1.0830e+00 +4.7332e+00 -4.6129e+00 +7.6258e-01 +1.0305e+00 -1.5786e+00 +2.9805e-01
3401 +3.734042440e+00 +3.734042440e+00 +1.171540424e+02 +1.171540424e+02 -3.8543e+00 -2.0117e+00 -4.2588e+00 -1.0514e+00 +4.8218e+00 -4.6308e+00 +5.1158e-01 +1.3106e+00 -1.4835e+00 -3.1034e-01
4044 +2.423401284e+00 +2.423401284e+00 +1.158434013e+02 +1.158434013e+02 -3.9065e+00 -2.1238e+00 -4.2453e+00 -9.8378e-01 +4.6846e+00 -4.4289e+00 +9.6425e-01 +1.4886e+00 -1.6689e+00 -9.4711e-02
6278 +1.295380893e+00 +1.295380893e+00 +1.147153809e+02 +1.147153809e+02 -4.3457e+00 -2.5023e+00 -4.6414e+00 -9.0930e-01 +4.4742e+00 -4.0270e+00 +9.7074e-01 +2.1976e+00 -1.7006e+00 -1.2153e+00
7669 +9.173682828e-01 +9.173682828e-01 +1.143373683e+02 +1.143373683e+02 -4.4724e+00 -2.4746e+00 -4.6649e+00 -1.1557e+00 +4.3336e+00 -3.8360e+00 +6.8568e-01 +2.3610e+00 -1.9549e+00 -1.6725e+00
% function evaluation | noise-free fitness - Fopt (-1.958600000000e+02) | best noise-free fitness - Fopt | measured fitness | best measured fitness | x1 | x2...
1 +8.236757212e+01 +8.236757212e+01 -1.134924279e+02 -1.134924279e+02 -8.8197e-01 +1.8779e+00 -4.8972e+00 -5.2076e-01 -1.6606e+00 +3.6957e+00 -4.7800e+00 +1.4707e+00 -2.7858e+00 -2.4511e+00
17 +6.139321173e+01 +6.139321173e+01 -1.344667883e+02 -1.344667883e+02 +4.3162e+00 +5.4660e-01 -1.1898e+00 +4.7923e+00 +7.9899e-01 +2.1446e+00 -1.2338e+00 -2.6442e+00 -4.1648e+00 -2.2915e+00
427 +3.324161164e+01 +3.324161164e+01 -1.626183884e+02 -1.626183884e+02 +1.5045e+00 +3.9185e+00 -1.5750e+00 -1.7273e+00 +2.7266e+00 -4.7172e+00 +3.9154e-01 -8.3889e-01 +4.7733e+00 +3.8057e+00
554 +2.363457601e+01 +2.363457601e+01 -1.722254240e+02 -1.722254240e+02 -2.5774e+00 +2.7007e+00 -2.2366e+00 +3.6987e+00 +4.9433e+00 -1.1951e+00 +5.8170e-01 +2.2183e+00 -2.2801e+00 -3.4007e+00
1487 +1.570936864e+01 +1.570936864e+01 -1.801506314e+02 -1.801506314e+02 -2.0051e+00 +1.4769e+00 -2.9553e+00 +4.2675e+00 +1.8777e+00 -1.6589e+00 +4.6016e+00 +1.0137e-01 -3.4462e+00 +1.1788e+00
1489 +7.273860909e+00 +7.273860909e+00 -1.885861391e+02 -1.885861391e+02 -2.5904e+00 +8.3666e-01 -1.8296e+00 +3.5941e+00 +1.9344e+00 -2.0666e+00 +4.3148e+00 +5.6251e-01 -2.7649e+00 +1.1555e+00
1789 +5.918402331e+00 +5.918402331e+00 -1.899415977e+02 -1.899415977e+02 -2.4997e+00 +9.8666e-01 -1.8516e+00 +3.4234e+00 +1.8752e+00 -1.8921e+00 +4.3084e+00 +6.8381e-01 -2.7544e+00 +1.3198e+00
2696 +3.911496419e+00 +3.911496419e+00 -1.919485036e+02 -1.919485036e+02 -2.2506e+00 +1.0246e+00 -1.6578e+00 +3.1796e+00 +2.0647e+00 -1.7170e+00 +4.5385e+00 +9.5424e-01 -2.6905e+00 +1.3657e+00
4085 +2.485678572e+00 +2.485678572e+00 -1.933743214e+02 -1.933743214e+02 -2.6008e+00 +1.3954e+00 -1.3179e+00 +3.1601e+00 +2.3072e+00 -1.2486e+00 +4.5885e+00 +7.5082e-01 -2.0727e+00 +1.6810e+00
% function evaluation | noise-free fitness - Fopt (-5.760000000000e+00) | best noise-free fitness - Fopt | measured fitness | best measured fitness | x1 | x2...
1 +7.669362519e+01 +7.669362519e+01 +7.093362519e+01 +7.093362519e+01 -1.9887e+00 +2.9824e+00 +2.9554e+00 -9.7924e-01 -1.2118e+00 +4.9066e+00 +2.0765e+00 +3.1553e+00 +2.7568e-02 -3.1928e+00
79 +5.639536357e+01 +5.639536357e+01 +5.063536357e+01 +5.063536357e+01 +5.9401e-01 -4.8386e+00 +7.0691e-01 +4.8298e+00 +2.2466e+00 -2.8557e+00 +2.3249e+00 -1.8819e+00 -3.9654e+00 -2.8886e+00
508 +2.449120381e+01 +2.449120381e+01 +1.873120381e+01 +1.873120381e+01 +2.5686e+00 -4.2769e+00 +1.4124e+00 +1.6792e+00 -1.1557e+00 -2.6998e+00 +2.0991e+00 -1.5974e+00 -4.0425e+00 -3.8511e+00
1565 +1.463619066e+01 +1.463619066e+01 +8.876190658e+00 +8.876190658e+00 +1.1573e+00 -2.6874e+00 +3.7812e-01 +2.3275e+00 +1.8591e-01 -1.5595e+00 +1.1945e+00 +1.9226e-01 -3.5615e+00 -3.9491e+00
2709 +9.499381806e+00 +9.499381806e+00 +3.739381806e+00 +3.739381806e+00 +1.4323e+00 -2.5286e+00 +5.3827e-01 +2.2046e+00 +2.6424e-01 -2.0950e+00 +1.0625e+00 +2.4944e-01 -3.2991e+00 -3.7495e+00
4192 +6.167477136e+00 +6.167477136e+00 +4.074771363e-01 +4.074771363e-01 +2.5517e+00 -1.5382e+00 +1.2706e+00 +2.7050e+00 -6.1638e-01 -3.6780e+00 +1.0186e+00 -7.8382e-02 -1.8824e+00 -3.2590e+00
5821 +3.908825926e+00 +3.908825926e+00 -1.851174074e+00 -1.851174074e+00 +3.0158e+00 -1.3163e+00 +1.5734e+00 +2.4895e+00 -2.3146e-01 -3.4319e+00 +9.1058e-01 +1.4306e-01 -1.8239e+00 -3.3431e+00
8826 +2.509980208e+00 +2.509980208e+00 -3.250019792e+00 -3.250019792e+00 +3.1638e+00 -1.0868e+00 +1.5377e+00 +2.5178e+00 +5.2171e-01 -3.0643e+00 +5.2488e-01 +6.9127e-01 -1.4233e+00 -3.1772e+00
% function evaluation | noise-free fitness - Fopt (-4.986500000000e+02) | best noise-free fitness - Fopt | measured fitness | best measured fitness | x1 | x2...
1 +7.794345006e+01 +7.794345006e+01 -4.207065499e+02 -4.207065499e+02 +1.3274e+00 +1.2219e+00 -2.7346e+00 +9.2857e-01 +4.8449e+00 +4.3915e+00 -3.8228e+00 +1.8311e+00 +2.0763e+00 +1.3370e+00
45 +6.173830896e+01 +6.173830896e+01 -4.369116910e+02 -4.369116910e+02 +6.1771e-01 +1.5583e+00 -5.1939e-01 +2.4692e-01 -4.7547e+00 -3.3031e+00 +2.6479e+00 +3.5225e+00 +1.4575e+00 -2.6263e+00
578 +3.929789723e+01 +3.929789723e+01 -4.593521028e+02 -4.593521028e+02 +5.4487e-01 +2.3041e+00 -1.3468e+00 +5.8521e-01 -5.0000e+00 -2.5924e+00 +8.2189e-01 +1.6053e+00 +1.8686e+00 -3.0417e+00
604 +2.507389928e+01 +2.507389928e+01 -4.735761007e+02 -4.735761007e+02 +1.1431e-01 +2.5375e+00 -1.7943e+00 -1.3070e+00 -5.0000e+00 -3.6809e+00 +1.5234e+00 +2.9477e+00 +2.0701e+00 -3.1639e+00
1380 +1.127398008e+01 +1.127398008e+01 -4.873760199e+02 -4.873760199e+02 -7.7551e-01 +2.7739e+00 -3.1969e+00 -1.5460e+00 -4.9757e+00 -3.9308e+00 +1.0186e+00 +2.1102e+00 +1.6170e-01 -2.0061e+00
1473 +9.495588063e+00 +9.495588063e+00 -4.891544119e+02 -4.891544119e+02 -1.6618e+00 +2.8135e+00 -3.0149e+00 -1.3480e+00 -3.7747e+00 -5.0000e+00 +1.1337e+00 +1.7108e+00 +1.2704e+00 -1.4144e+00
2048 +5.704260436e+00 +5.704260436e+00 -4.929457396e+02 -4.929457396e+02 -7.9163e-01 +1.0167e+00 -1.1054e+00 -7.8370e-01 -4.6987e+00 -2.1113e+00 +2.0249e-01 +2.6484e-01 -2.7448e-01 +1.7588e-01
2342 +3.805165149e+00 +3.805165149e+00 -4.948448349e+02 -4.948448349e+02 -7.8619e-01 +1.0245e+00 -1.2022e+00 -6.2976e-01 -4.5679e+00 -2.1653e+00 +2.7749e-01 +5.0610e-01 -4.7203e-01 +2.8793e-01
2621 +2.436406235e+00 +2.436406235e+00 -4.962135938e+02 -4.962135938e+02 -2.0902e+00 +1.5221e+00 -1.4815e+00 -4.5314e-01 -3.1684e+00 -2.8518e+00 +8.7498e-02 +2.7656e-02 +8.6209e-01 +2.3182e-01
2887 +1.448403622e+00 +1.448403622e+00 -4.972015964e+02 -4.972015964e+02 -7.5554e-01 +1.3595e+00 -1.7373e+00 -1.3108e+00 -5.0000e+00 -3.0930e+00 +1.4896e+00 +9.1239e-01 +8.8813e-01 -1.0061e-01
2930 +5.100919668e-01 +5.100919668e-01 -4.981399080e+02 -4.981399080e+02 -1.3377e+00 +1.4402e+00 -1.7972e+00 -3.8058e-01 -3.0682e+00 -3.8779e+00 +1.4767e+00 +1.3011e+00 +1.3337e+00 +5.9228e-01
3640 +3.861019028e-01 +3.861019028e-01 -4.982638981e+02 -4.982638981e+02 -1.1583e+00 +1.3266e+00 -1.7622e+00 -3.5586e-01 -3.3313e+00 -3.7155e+00 +1.2359e+00 +1.0893e+00 +1.4466e+00 +6.3819e-01
3796 +1.926786672e-01 +1.926786672e-01 -4.984573213e+02 -4.984573213e+02 -1.1731e+00 +1.3349e+00 -1.7471e+00 -4.4000e-01 -3.0851e+00 -3.6381e+00 +1.2726e+00 +1.2190e+00 +9.6002e-01 +6.5777e-01
3913 +1.525424945e-01 +1.525424945e-01 -4.984974575e+02 -4.984974575e+02 -1.3100e+00 +1.2800e+00 -1.7613e+00 -6.8563e-01 -3.1354e+00 -3.8067e+00 +1.2595e+00 +1.3045e+00 +8.4111e-01 +7.0064e-01
4277 +7.181362607e-02 +7.181362607e-02 -4.985781864e+02 -4.985781864e+02 -1.4542e+00 +1.2426e+00 -1.6948e+00 -7.9314e-01 -3.4474e+00 -3.7849e+00 +1.2011e+00 +1.0381e+00 +8.5241e-01 +5.2643e-01
4409 +4.996075238e-02 +4.996075238e-02 -4.986000392e+02 -4.986000392e+02 -1.5273e+00 +1.3111e+00 -1.6967e+00 -6.4327e-01 -3.6306e+00 -3.8303e+00 +1.0482e+00 +9.5287e-01 +8.7176e-01 +6.1225e-01
4592 +3.596898306e-02 +3.596898306e-02 -4.986140310e+02 -4.986140310e+02 -1.3855e+00 +1.2832e+00 -1.7314e+00 -7.6475e-01 -3.6274e+00 -3.8378e+00 +1.1875e+00 +1.1235e+00 +7.2988e-01 +5.8317e-01
4795 +1.848255331e-02 +1.848255331e-02 -4.986315174e+02 -4.986315174e+02 -1.5231e+00 +1.3537e+00 -1.4919e+00 -9.0732e-01 -3.5431e+00 -3.5697e+00 +1.0174e+00 +9.8599e-01 +7.6787e-01 +7.0417e-01
4967 +9.852017086e-03 +9.852017086e-03 -4.986401480e+02 -4.986401480e+02 -1.4997e+00 +1.2477e+00 -1.5104e+00 -7.1045e-01 -3.6490e+00 -3.6411e+00 +9.6713e-01 +1.0020e+00 +9.0830e-01 +7.8858e-01
5253 +3.971923744e-03 +3.971923744e-03 -4.986460281e+02 -4.986460281e+02 -1.3386e+00 +1.2449e+00 -1.5599e+00 -6.8588e-01 -3.6338e+00 -3.5741e+00 +1.1170e+00 +1.0072e+00 +7.0957e-01 +7.1010e-01
5803 +8.532065370e-04 +8.532065370e-04 -4.986491468e+02 -4.986491468e+02 -1.2174e+00 +1.0807e+00 -1.5503e+00 -6.6789e-01 -3.7709e+00 -3.2879e+00 +1.0513e+00 +1.0337e+00 +7.8237e-01 +8.7442e-01
6567 +6.275458485e-04 +6.275458485e-04 -4.986493725e+02 -4.986493725e+02 -1.2156e+00 +1.0853e+00 -1.5239e+00 -6.7116e-01 -3.7770e+00 -3.2705e+00 +1.0540e+00 +9.9792e-01 +7.8119e-01 +8.8547e-01
6825 +3.699756773e-04 +3.699756773e-04 -4.986496300e+02 -4.986496300e+02 -1.2403e+00 +1.0923e+00 -1.4893e+00 -6.5785e-01 -3.7711e+00 -3.2476e+00 +1.0612e+00 +1.0078e+00 +7.7516e-01 +8.8108e-01
6939 +2.504565620e-04 +2.504565620e-04 -4.986497495e+02 -4.986497495e+02 -1.2181e+00 +1.1027e+00 -1.5066e+00 -6.9006e-01 -3.7810e+00 -3.2816e+00 +1.0293e+00 +9.9142e-01 +7.7779e-01 +8.6277e-01
7425 +1.267742494e-04 +1.267742494e-04 -4.986498732e+02 -4.986498732e+02 -1.2311e+00 +1.1359e+00 -1.4638e+00 -6.7036e-01 -3.7993e+00 -3.2609e+00 +1.0442e+00 +9.9151e-01 +7.6366e-01 +8.8576e-01
7639 +9.682639001e-05 +9.682639001e-05 -4.986499032e+02 -4.986499032e+02 -1.2066e+00 +1.1336e+00 -1.4534e+00 -6.2639e-01 -3.7754e+00 -3.2656e+00 +1.0292e+00 +9.8834e-01 +7.6614e-01 +8.7195e-01
8166 +5.897451865e-05 +5.897451865e-05 -4.986499410e+02 -4.986499410e+02 -1.2169e+00 +1.1033e+00 -1.4607e+00 -6.8431e-01 -3.7774e+00 -3.2747e+00 +1.0385e+00 +1.0184e+00 +7.2135e-01 +8.8210e-01
8412 +3.099636780e-05 +3.099636780e-05 -4.986499690e+02 -4.986499690e+02 -1.2269e+00 +1.1192e+00 -1.4466e+00 -6.6412e-01 -3.7980e+00 -3.2641e+00 +1.0289e+00 +1.0044e+00 +7.2401e-01 +8.6490e-01
9000 +2.262513095e-05 +2.262513095e-05 -4.986499774e+02 -4.986499774e+02 -1.2131e+00 +1.1278e+00 -1.4530e+00 -6.8889e-01 -3.7730e+00 -3.2750e+00 +1.0291e+00 +1.0053e+00 +6.9979e-01 +8.6369e-01
9521 +1.297869954e-05 +1.297869954e-05 -4.986499870e+02 -4.986499870e+02 -1.2063e+00 +1.1304e+00 -1.4165e+00 -6.6909e-01 -3.8096e+00 -3.2615e+00 +1.0229e+00 +9.8455e-01 +6.9893e-01 +8.5418e-01
9815 +8.115842775e-06 +8.115842775e-06 -4.986499919e+02 -4.986499919e+02 -1.1961e+00 +1.1261e+00 -1.4175e+00 -6.8334e-01 -3.8184e+00 -3.2658e+00 +1.0143e+00 +9.9581e-01 +6.8796e-01 +8.4686e-01
10285 +5.118029321e-06 +5.118029321e-06 -4.986499949e+02 -4.986499949e+02 -1.1985e+00 +1.1322e+00 -1.4270e+00 -7.0495e-01 -3.8238e+00 -3.2865e+00 +1.0140e+00 +1.0178e+00 +6.7621e-01 +8.4878e-01
10624 +3.761978121e-06 +3.761978121e-06 -4.986499962e+02 -4.986499962e+02 -1.1904e+00 +1.1411e+00 -1.4214e+00 -6.9044e-01 -3.8184e+00 -3.2731e+00 +1.0511e+00 +1.0130e+00 +6.5492e-01 +8.5732e-01
11050 +2.082478090e-06 +2.082478090e-06 -4.986499979e+02 -4.986499979e+02 -1.1996e+00 +1.1338e+00 -1.4332e+00 -6.9596e-01 -3.8230e+00 -3.2850e+00 +1.0387e+00 +1.0174e+00 +6.5830e-01 +8.5400e-01
11676 +1.527864640e-06 +1.527864640e-06 -4.986499985e+02 -4.986499985e+02 -1.1790e+00 +1.1448e+00 -1.4363e+00 -6.8675e-01 -3.8355e+00 -3.2648e+00 +1.0399e+00 +1.0314e+00 +6.5770e-01 +8.3974e-01
12444 +9.335046229e-07 +9.335046229e-07 -4.986499991e+02 -4.986499991e+02 -1.1916e+00 +1.1432e+00 -1.4434e+00 -7.0758e-01 -3.8324e+00 -3.2679e+00 +1.0450e+00 +1.0284e+00 +6.3858e-01 +8.4358e-01
12875 +4.896635346e-07 +4.896635346e-07 -4.986499995e+02 -4.986499995e+02 -1.1833e+00 +1.1446e+00 -1.4417e+00 -7.0910e-01 -3.8444e+00 -3.2707e+00 +1.0373e+00 +1.0309e+00 +6.4828e-01 +8.3330e-01
14397 +3.402236644e-07 +3.402236644e-07 -4.986499997e+02 -4.986499997e+02 -1.1857e+00 +1.1519e+00 -1.4494e+00 -7.1618e-01 -3.8465e+00 -3.2903e+00 +1.0323e+00 +1.0289e+00 +6.4100e-01 +8.3017e-01
15764 +2.332069471e-07 +2.332069471e-07 -4.986499998e+02 -4.986499998e+02 -1.1978e+00 +1.1584e+00 -1.4450e+00 -7.3701e-01 -3.8542e+00 -3.3023e+00 +1.0432e+00 +1.0428e+00 +6.4495e-01 +8.1817e-01
16760 +7.377849442e-08 +7.377849442e-08 -4.986499999e+02 -4.986499999e+02 -1.1863e+00 +1.1684e+00 -1.4495e+00 -7.3510e-01 -3.8532e+00 -3.3011e+00 +1.0517e+00 +1.0451e+00 +6.4010e-01 +8.1500e-01
17576 +6.303491773e-08 +6.303491773e-08 -4.986499999e+02 -4.986499999e+02 -1.1860e+00 +1.1681e+00 -1.4496e+00 -7.3488e-01 -3.8535e+00 -3.3014e+00 +1.0517e+00 +1.0450e+00 +6.3997e-01 +8.1507e-01
19508 +3.956699857e-08 +3.956699857e-08 -4.986500000e+02 -4.986500000e+02 -1.1855e+00 +1.1638e+00 -1.4603e+00 -7.2921e-01 -3.8574e+00 -3.2985e+00 +1.0492e+00 +1.0441e+00 +6.3972e-01 +8.1538e-01
22076 +2.501036533e-08 +2.501036533e-08 -4.986500000e+02 -4.986500000e+02 -1.1853e+00 +1.1633e+00 -1.4594e+00 -7.2877e-01 -3.8585e+00 -3.2992e+00 +1.0492e+00 +1.0445e+00 +6.3881e-01 +8.1540e-01
24049 +1.211162726e-08 +1.211162726e-08 -4.986500000e+02 -4.986500000e+02 -1.1809e+00 +1.1684e+00 -1.4595e+00 -7.2809e-01 -3.8598e+00 -3.3003e+00 +1.0527e+00 +1.0507e+00 +6.3054e-01 +8.1277e-01
25844 +9.777181731e-09 +9.777181731e-09 -4.986500000e+02 -4.986500000e+02 -1.1855e+00 +1.1643e+00 -1.4616e+00 -7.3819e-01 -3.8639e+00 -3.3111e+00 +1.0522e+00 +1.0480e+00 +6.2720e-01 +8.1833e-01
% function evaluation | noise-free fitness - Fopt (-4.286000000000e+01) | best noise-free fitness - Fopt | measured fitness | best measured fitness | x1 | x2...
1 +7.846650817e+01 +7.846650817e+01 +3.560650817e+01 +3.560650817e+01 +4.2299e+00 -2.2436e+00 -1.8217e-02 +1.6989e-01 +8.9643e-01 +6.1354e-01 +1.7202e+00 +4.3757e+00 -3.0314e+00 +1.6970e+00
48 +5.489228970e+01 +5.489228970e+01 +1.203228970e+01 +1.203228970e+01 +6.6257e-01 -3.9786e+00 +7.6650e-01 -6.3003e-01 -4.4132e-01 -2.0505e+00 -3.8985e-01 -3.5124e+00 +8.8112e-01 +1.1026e+00
819 +3.890128172e+01 +3.890128172e+01 -3.958718283e+00 -3.958718283e+00 +2.5768e+00 +3.7573e+00 +2.0902e+00 +3.1128e+00 +2.6276e+00 -3.8773e+00 +4.9341e+00 -6.0678e-01 +2.4577e+00 -6.7354e-01
2700 +2.481919287e+01 +2.481919287e+01 -1.804080713e+01 -1.804080713e+01 +2.4160e+00 +3.9077e+00 +2.5457e+00 +2.1918e+00 +2.8219e+00 -3.4423e+00 +4.4936e+00 -1.3518e+00 +2.1060e+00 -9.2883e-01
