% function evaluation | noise-free fitness - Fopt (-5.235000000000e+01) | best noise-free fitness - Fopt | measured fitness | best measured fitness | x1 | x2...
1 +3.193261942e+02 +3.193261942e+02 +2.669761942e+02 +2.669761942e+02 +3.7239e-02 -3.8224e+00 -4.0278e-01 +4.4318e+00 -1.6622e+00 +1.3399e+00 -3.6077e+00 +3.8469e-01 -4.9251e+00 +3.2963e+00
2 +1.922935128e+02 +1.922935128e+02 +1.399435128e+02 +1.399435128e+02 -3.6186e+00 -7.8215e-01 +5.0886e-01 -3.2823e+00 -1.0942e+00 -7.1813e-01 +2.1610e+00 +6.6657e-01 -2.4242e+00 -2.3737e+00
3 +3.092798979e+01 +3.092798979e+01 -2.142201021e+01 -2.142201021e+01 -6.6620e-01 -1.0466e+00 -9.1517e-01 -3.9373e+00 +3.6761e+00 +3.0218e+00 +6.9539e-02 -3.2410e+00 -1.7029e-01 -1.5185e+00
10 +1.326177499e+01 +1.326177499e+01 -3.908822501e+01 -3.908822501e+01 +1.7693e+00 +2.4125e+00 +3.4422e+00 -4.9640e+00 -2.3655e+00 +4.7692e+00 -3.2166e+00 +6.9025e-01 +2.7093e+00 +1.5432e-01
294 +8.027374259e+00 +8.027374259e+00 -4.432262574e+01 -4.432262574e+01 +5.2592e-01 -2.0353e+00 +3.3892e+00 -1.3367e+00 -3.6995e+00 +2.4648e+00 -4.3382e+00 -1.0708e+00 +4.2971e+00 -3.0573e+00
339 +6.017834571e+00 +6.017834571e+00 -4.633216543e+01 -4.633216543e+01 +1.1749e+00 +6.1165e-01 +2.0772e+00 -4.2279e+00 -1.9275e+00 +4.8672e+00 -3.2175e+00 +2.8508e-01 +2.0503e+00 -1.9568e-01
490 +3.183120795e+00 +3.183120795e+00 -4.916687921e+01 -4.916687921e+01 +2.2432e-01 +1.1410e-01 +1.4650e+00 -2.1774e+00 -2.1399e+00 +4.7035e+00 -3.8610e+00 -1.1667e+00 +2.2545e+00 -1.6051e-01
638 +1.934706448e+00 +1.934706448e+00 -5.041529355e+01 -5.041529355e+01 -8.3393e-01 -2.3483e+00 +1.6017e+00 -2.4098e+00 -1.2502e+00 +4.3970e+00 -4.2338e+00 -3.4327e-01 +2.5641e+00 -2.2227e+00
820 +1.541270453e+00 +1.541270453e+00 -5.080872955e+01 -5.080872955e+01 -8.4301e-01 -2.1706e+00 +1.5572e+00 -2.4352e+00 -1.1521e+00 +4.4116e+00 -4.0439e+00 -4.3628e-01 +2.6671e+00 -2.2588e+00
1137 +9.654851921e-01 +9.654851921e-01 -5.138451481e+01 -5.138451481e+01 -7.1839e-01 -1.7607e+00 +1.6758e+00 -2.1644e+00 -1.0020e+00 +4.3014e+00 -3.8136e+00 -2.6315e-01 +2.7140e+00 -2.3909e+00
1587 +6.034204637e-01 +6.034204637e-01 -5.174657954e+01 -5.174657954e+01 -8.1894e-01 -1.5851e+00 +1.6706e+00 -2.1826e+00 -1.3166e+00 +4.0857e+00 -3.9220e+00 +1.3561e-01 +2.7274e+00 -2.3753e+00
2018 +3.955895668e-01 +3.955895668e-01 -5.195441043e+01 -5.195441043e+01 -1.0024e+00 -1.6202e+00 +1.9338e+00 -2.0177e+00 -1.5295e+00 +4.1262e+00 -3.9471e+00 +2.9008e-01 +2.8916e+00 -2.0882e+00
2384 +2.490086771e-01 +2.490086771e-01 -5.210099132e+01 -5.210099132e+01 -9.7658e-01 -1.3469e+00 +2.1379e+00 -2.2708e+00 -1.3104e+00 +4.1458e+00 -3.9851e+00 +3.4959e-01 +2.8003e+00 -2.0341e+00
2653 +1.518848978e-01 +1.518848978e-01 -5.219811510e+01 -5.219811510e+01 -7.4772e-01 -1.3738e+00 +2.2495e+00 -2.0966e+00 -1.5853e+00 +3.8807e+00 -3.9020e+00 +8.3450e-02 +2.9910e+00 -1.9234e+00
2872 +7.649956516e-02 +7.649956516e-02 -5.227350043e+01 -5.227350043e+01 -8.2842e-01 -1.4535e+00 +2.3412e+00 -2.1933e+00 -1.5509e+00 +3.8004e+00 -4.0236e+00 +4.4289e-03 +3.0380e+00 -1.7476e+00
3196 +6.298532752e-02 +6.298532752e-02 -5.228701467e+01 -5.228701467e+01 -8.1348e-01 -1.4374e+00 +2.3411e+00 -2.2019e+00 -1.5363e+00 +3.7760e+00 -4.0339e+00 +2.7385e-02 +3.0220e+00 -1.7686e+00
3560 +3.840331159e-02 +3.840331159e-02 -5.231159669e+01 -5.231159669e+01 -8.2265e-01 -1.3798e+00 +2.3864e+00 -2.2724e+00 -1.5242e+00 +3.7598e+00 -4.0010e+00 +3.9413e-03 +2.9926e+00 -1.7834e+00
4302 +2.471260082e-02 +2.471260082e-02 -5.232528740e+01 -5.232528740e+01 -8.0507e-01 -1.3575e+00 +2.4113e+00 -2.3231e+00 -1.5630e+00 +3.7574e+00 -3.9947e+00 +5.6673e-02 +2.9797e+00 -1.7406e+00
4680 +1.573984402e-02 +1.573984402e-02 -5.233426016e+01 -5.233426016e+01 -8.1997e-01 -1.3548e+00 +2.4423e+00 -2.3308e+00 -1.5175e+00 +3.6519e+00 -3.9379e+00 +1.3596e-02 +2.9919e+00 -1.7429e+00
5732 +9.079395978e-03 +9.079395978e-03 -5.234092060e+01 -5.234092060e+01 -8.3022e-01 -1.3302e+00 +2.4377e+00 -2.3186e+00 -1.5667e+00 +3.6748e+00 -3.9329e+00 +2.6964e-02 +2.8956e+00 -1.7076e+00
7245 +6.302242512e-03 +6.302242512e-03 -5.234369776e+01 -5.234369776e+01 -8.4952e-01 -1.3319e+00 +2.4361e+00 -2.3505e+00 -1.5079e+00 +3.6890e+00 -3.9159e+00 +4.9547e-02 +2.9132e+00 -1.7072e+00
8052 +3.733102354e-03 +3.733102354e-03 -5.234626690e+01 -5.234626690e+01 -8.3957e-01 -1.3191e+00 +2.4695e+00 -2.3487e+00 -1.5246e+00 +3.6727e+00 -3.8806e+00 +3.7304e-02 +2.8890e+00 -1.7078e+00
9367 +1.965657913e-03 +1.965657913e-03 -5.234803434e+01 -5.234803434e+01 -8.4591e-01 -1.2975e+00 +2.4936e+00 -2.3740e+00 -1.5163e+00 +3.6882e+00 -3.8866e+00 +4.5878e-02 +2.8700e+00 -1.6868e+00
10900 +1.561009038e-03 +1.561009038e-03 -5.234843899e+01 -5.234843899e+01 -8.5209e-01 -1.2823e+00 +2.4971e+00 -2.3734e+00 -1.5128e+00 +3.6832e+00 -3.8923e+00 +4.8579e-02 +2.8673e+00 -1.6990e+00
20039 +9.985341635e-04 +9.985341635e-04 -5.234900147e+01 -5.234900147e+01 -8.6549e-01 -1.2705e+00 +2.4930e+00 -2.3704e+00 -1.5073e+00 +3.6744e+00 -3.8993e+00 +5.0596e-02 +2.8421e+00 -1.7029e+00
37480 +6.302001510e-04 +6.302001510e-04 -5.234936980e+01 -5.234936980e+01 -8.6339e-01 -1.2719e+00 +2.4956e+00 -2.3679e+00 -1.5123e+00 +3.6712e+00 -3.8910e+00 +4.5829e-02 +2.8342e+00 -1.7029e+00
58290 +3.974615134e-04 +3.974615134e-04 -5.234960254e+01 -5.234960254e+01 -8.6354e-01 -1.2700e+00 +2.5010e+00 -2.3652e+00 -1.5143e+00 +3.6667e+00 -3.8861e+00 +4.1418e-02 +2.8252e+00 -1.7040e+00
79553 +2.508151611e-04 +2.508151611e-04 -5.234974918e+01 -5.234974918e+01 -8.6371e-01 -1.2680e+00 +2.5069e+00 -2.3630e+00 -1.5160e+00 +3.6623e+00 -3.8831e+00 +3.6879e-02 +2.8173e+00 -1.7044e+00
105579 +1.581761763e-04 +1.581761763e-04 -5.234984182e+01 -5.234984182e+01 -8.6458e-01 -1.2651e+00 +2.5118e+00 -2.3627e+00 -1.5175e+00 +3.6565e+00 -3.8804e+00 +3.3799e-02 +2.8111e+00 -1.7027e+00
139040 +9.990565634e-05 +9.990565634e-05 -5.234990009e+01 -5.234990009e+01 -8.6472e-01 -1.2617e+00 +2.5183e+00 -2.3621e+00 -1.5183e+00 +3.6534e+00 -3.8793e+00 +3.0474e-02 +2.8065e+00 -1.7040e+00
% function evaluation | noise-free fitness - Fopt (-1.795400000000e+02) | best noise-free fitness - Fopt | measured fitness | best measured fitness | x1 | x2...
1 +9.401121456e+01 +9.401121456e+01 -8.552878544e+01 -8.552878544e+01 -4.1905e+00 +3.0038e+00 +3.3941e+00 -1.4073e+00 +4.5362e+00 +4.6729e+00 -2.0686e+00 +4.4887e+00 -3.6072e+00 +4.2207e+00
9 +1.543651194e+01 +1.543651194e+01 -1.641034881e+02 -1.641034881e+02 -4.0737e+00 +1.3736e-01 -1.8449e+00 +3.7652e+00 +4.7363e+00 +4.8224e+00 +2.3108e+00 +4.3265e+00 -2.9611e-01 +1.0318e+00
400 +9.995047699e+00 +9.995047699e+00 -1.695449523e+02 -1.695449523e+02 -1.6933e+00 +3.0808e+00 -2.4649e+00 +9.1174e-01 +4.0133e+00 +2.2175e+00 +4.7486e+00 +2.4764e+00 +5.2307e-01 -8.8783e-01
515 +5.308725163e+00 +5.308725163e+00 -1.742312748e+02 -1.742312748e+02 -3.1141e-01 +9.7965e-01 -1.8175e+00 +1.8654e+00 +3.5193e+00 +1.4302e+00 +4.5289e+00 +1.6379e+00 +1.5493e+00 +1.2922e+00
819 +3.319210057e+00 +3.319210057e+00 -1.762207899e+02 -1.762207899e+02 +3.0311e-01 +4.1125e-01 -1.7405e+00 +1.2603e+00 +3.6135e+00 +1.5965e-01 +3.3299e+00 +2.5337e+00 +8.9878e-01 +2.0378e+00
953 +2.013042503e+00 +2.013042503e+00 -1.775269575e+02 -1.775269575e+02 +1.0956e+00 -2.1148e-01 -2.5513e+00 +2.2726e+00 +3.5126e+00 -4.2486e-01 +4.6105e+00 +2.2004e+00 -2.6311e-01 +2.2548e+00
1366 +1.540831712e+00 +1.540831712e+00 -1.779991683e+02 -1.779991683e+02 +1.1287e+00 -1.6511e-01 -2.7510e+00 +2.1491e+00 +3.4657e+00 -2.7808e-01 +4.2905e+00 +2.3437e+00 -1.9600e-01 +2.0316e+00
1787 +9.426284064e-01 +9.426284064e-01 -1.785973716e+02 -1.785973716e+02 +1.0769e+00 +1.0252e-01 -2.9351e+00 +2.0876e+00 +3.8687e+00 -2.6513e-01 +4.3281e+00 +2.8279e+00 -2.7434e-02 +2.1137e+00
2066 +4.897725570e-01 +4.897725570e-01 -1.790502274e+02 -1.790502274e+02 +1.4170e+00 +3.3315e-01 -3.0010e+00 +2.4355e+00 +3.7039e+00 -7.0031e-02 +3.6564e+00 +3.0263e+00 +2.9090e-01 +1.8314e+00
2314 +3.816241912e-01 +3.816241912e-01 -1.791583758e+02 -1.791583758e+02 +1.4198e+00 +5.0411e-01 -3.0811e+00 +2.3166e+00 +3.5841e+00 -1.5818e-01 +3.5618e+00 +3.0936e+00 +1.5327e-01 +2.0704e+00
2637 +2.058762225e-01 +2.058762225e-01 -1.793341238e+02 -1.793341238e+02 +1.0512e+00 +3.9315e-01 -3.0768e+00 +2.5925e+00 +3.7514e+00 -2.3880e-01 +3.5452e+00 +3.3086e+00 +1.0289e-01 +1.8882e+00
2851 +1.522526947e-01 +1.522526947e-01 -1.793877473e+02 -1.793877473e+02 +1.1626e+00 +4.9912e-01 -3.2032e+00 +2.5171e+00 +3.9108e+00 -3.6345e-01 +3.6544e+00 +3.2891e+00 +7.8463e-02 +1.9537e+00
3150 +9.841895511e-02 +9.841895511e-02 -1.794415810e+02 -1.794415810e+02 +8.3493e-01 +5.4658e-01 -3.3332e+00 +2.3154e+00 +3.7493e+00 -2.5069e-01 +3.4313e+00 +3.2393e+00 +1.3228e-01 +2.0799e+00
3705 +6.176787147e-02 +6.176787147e-02 -1.794782321e+02 -1.794782321e+02 +8.7641e-01 +5.5540e-01 -3.5585e+00 +2.4657e+00 +3.7216e+00 -3.5131e-01 +3.4463e+00 +3.1914e+00 +2.0162e-01 +1.9289e+00
4195 +3.854362444e-02 +3.854362444e-02 -1.795014564e+02 -1.795014564e+02 +8.6261e-01 +5.6071e-01 -3.5244e+00 +2.3119e+00 +3.7252e+00 -5.3892e-01 +3.4801e+00 +3.2834e+00 +4.6433e-02 +1.8969e+00
4807 +2.408359670e-02 +2.408359670e-02 -1.795159164e+02 -1.795159164e+02 +8.8466e-01 +5.6395e-01 -3.5091e+00 +2.2976e+00 +3.7401e+00 -5.6043e-01 +3.5141e+00 +3.3330e+00 +7.5505e-02 +1.9182e+00
5599 +1.454561524e-02 +1.454561524e-02 -1.795254544e+02 -1.795254544e+02 +8.5077e-01 +5.3579e-01 -3.5349e+00 +2.3178e+00 +3.7502e+00 -5.3648e-01 +3.5696e+00 +3.3758e+00 +1.2026e-01 +1.9286e+00
6392 +9.999811329e-03 +9.999811329e-03 -1.795300002e+02 -1.795300002e+02 +8.7069e-01 +5.1588e-01 -3.5309e+00 +2.3390e+00 +3.7659e+00 -5.0813e-01 +3.5610e+00 +3.4043e+00 +1.2316e-01 +1.9310e+00
7128 +5.757153162e-03 +5.757153162e-03 -1.795342428e+02 -1.795342428e+02 +8.4860e-01 +5.2748e-01 -3.5182e+00 +2.3643e+00 +3.8014e+00 -5.5583e-01 +3.5766e+00 +3.4604e+00 +1.3005e-01 +1.9521e+00
8079 +2.644205880e-03 +2.644205880e-03 -1.795373558e+02 -1.795373558e+02 +8.2492e-01 +5.2191e-01 -3.5052e+00 +2.3644e+00 +3.8036e+00 -5.2316e-01 +3.5782e+00 +3.4534e+00 +1.6592e-01 +1.9892e+00
9086 +2.496852398e-03 +2.496852398e-03 -1.795375031e+02 -1.795375031e+02 +8.1781e-01 +5.3689e-01 -3.5053e+00 +2.3666e+00 +3.7965e+00 -5.1739e-01 +3.5874e+00 +3.4570e+00 +1.6981e-01 +1.9922e+00
12244 +1.581541051e-03 +1.581541051e-03 -1.795384185e+02 -1.795384185e+02 +8.2523e-01 +5.1010e-01 -3.4895e+00 +2.3622e+00 +3.8132e+00 -5.1852e-01 +3.5777e+00 +3.4743e+00 +1.7670e-01 +1.9935e+00
13761 +9.106078513e-04 +9.106078513e-04 -1.795390894e+02 -1.795390894e+02 +8.2059e-01 +5.2655e-01 -3.4702e+00 +2.3598e+00 +3.8066e+00 -4.9186e-01 +3.6036e+00 +3.4885e+00 +1.9832e-01 +2.0144e+00
19235 +6.298484667e-04 +6.298484667e-04 -1.795393702e+02 -1.795393702e+02 +8.2089e-01 +5.2565e-01 -3.4723e+00 +2.3612e+00 +3.8090e+00 -4.9304e-01 +3.6028e+00 +3.4905e+00 +1.9767e-01 +2.0162e+00
40852 +3.967281660e-04 +3.967281660e-04 -1.795396033e+02 -1.795396033e+02 +8.1437e-01 +5.2357e-01 -3.4730e+00 +2.3652e+00 +3.8146e+00 -4.9611e-01 +3.6037e+00 +3.4975e+00 +2.0163e-01 +2.0210e+00
66991 +2.511192375e-04 +2.511192375e-04 -1.795397489e+02 -1.795397489e+02 +8.0974e-01 +5.2138e-01 -3.4729e+00 +2.3692e+00 +3.8194e+00 -4.9785e-01 +3.6042e+00 +3.5045e+00 +2.0749e-01 +2.0247e+00
92142 +1.582991858e-04 +1.582991858e-04 -1.795398417e+02 -1.795398417e+02 +8.0575e-01 +5.1974e-01 -3.4705e+00 +2.3737e+00 +3.8246e+00 -4.9938e-01 +3.6056e+00 +3.5113e+00 +2.0926e-01 +2.0272e+00
124976 +9.999073751e-05 +9.999073751e-05 -1.795399000e+02 -1.795399000e+02 +8.0289e-01 +5.1811e-01 -3.4686e+00 +2.3766e+00 +3.8283e+00 -4.9911e-01 +3.6078e+00 +3.5172e+00 +2.1217e-01 +2.0302e+00
% function evaluation | noise-free fitness - Fopt (7.731000000000e+01) | best noise-free fitness - Fopt | measured fitness | best measured fitness | x1 | x2...
1 +9.223674395e+01 +9.223674395e+01 +1.695467439e+02 +1.695467439e+02 +3.8832e+00 -5.4617e-01 +3.2997e+00 +1.8730e+00 -2.6017e+00 -2.7055e+00 -3.5947e+00 +1.3592e+00 -1.3826e+00 -3.0900e+00
4 +4.976627682e+01 +4.976627682e+01 +1.270762768e+02 +1.270762768e+02 +5.2763e-01 -2.3335e+00 +3.3803e+00 +2.2128e+00 -2.1100e+00 -1.8355e+00 -1.1384e+00 -3.5248e+00 +4.9168e+00 +4.0274e+00
10 +2.665242448e+01 +2.665242448e+01 +1.039624245e+02 +1.039624245e+02 +4.2826e+00 -2.2921e+00 -2.5251e+00 -7.4672e-01 +2.8672e+00 +1.8754e-01 +3.3797e+00 -3.9650e+00 -3.4242e-01 +4.5158e+00
51 +2.214496385e+01 +2.214496385e+01 +9.945496385e+01 +9.945496385e+01 +3.3367e+00 +6.4632e-01 +2.3944e+00 -4.0795e+00 +4.3370e+00 +3.1926e+00 -3.7845e+00 -3.8414e+00 +3.3509e+00 +2.2737e+00
80 +1.425331172e+01 +1.425331172e+01 +9.156331172e+01 +9.156331172e+01 +8.5169e-01 +1.5025e+00 -6.1695e-01 +1.5428e+00 -4.2415e+00 -4.0598e+00 +3.0744e+00 -4.8459e+00 -2.0340e+00 +2.1117e+00
389 +9.586970812e+00 +9.586970812e+00 +8.689697081e+01 +8.689697081e+01 -8.5049e-01 +2.1883e+00 -1.6955e+00 -1.2603e+00 +2.7382e+00 -2.1782e+00 -5.1921e-01 -2.2625e+00 +1.4241e+00 +3.7112e+00
674 +5.879054363e+00 +5.879054363e+00 +8.318905436e+01 +8.318905436e+01 +2.0659e+00 +1.6926e+00 -1.7549e+00 -2.9702e+00 +1.6207e+00 -2.4800e+00 +4.6960e-01 -3.3726e+00 +7.9508e-01 +2.8386e+00
929 +3.977182146e+00 +3.977182146e+00 +8.128718215e+01 +8.128718215e+01 +2.2699e+00 +6.6888e-01 -9.2412e-01 -1.2029e+00 +1.2277e+00 -3.6993e+00 +2.7299e+00 -3.5024e+00 +1.2152e+00 +2.6137e+00
1575 +2.418954461e+00 +2.418954461e+00 +7.972895446e+01 +7.972895446e+01 +1.1300e+00 -6.9602e-01 -1.8540e+00 -2.0110e+00 +1.2693e+00 -2.8891e+00 +2.9858e+00 -2.4022e+00 +5.3829e-01 +2.2635e+00
2279 +1.584817478e+00 +1.584817478e+00 +7.889481748e+01 +7.889481748e+01 +1.0395e+00 -4.3727e-01 -2.0658e+00 -2.2618e+00 +1.6044e+00 -2.4664e+00 +2.2014e+00 -2.0419e+00 +1.0363e+00 +1.8754e+00
2714 +8.764347146e-01 +8.764347146e-01 +7.818643471e+01 +7.818643471e+01 +1.0969e+00 -7.1660e-01 -2.0649e+00 -2.0901e+00 +1.0553e+00 -2.4261e+00 +1.5304e+00 -2.0192e+00 +6.2793e-01 +2.4996e+00
3114 +6.099051933e-01 +6.099051933e-01 +7.791990519e+01 +7.791990519e+01 +1.1702e+00 -4.3143e-01 -2.1606e+00 -1.9303e+00 +9.1788e-01 -2.2715e+00 +1.2236e+00 -2.0215e+00 +8.0095e-01 +2.2804e+00
3524 +3.833365939e-01 +3.833365939e-01 +7.769333659e+01 +7.769333659e+01 +1.3412e+00 -6.2042e-01 -2.1682e+00 -2.1269e+00 +8.7063e-01 -2.1424e+00 +1.0052e+00 -2.1509e+00 +8.7264e-01 +2.7223e+00
3734 +2.034598060e-01 +2.034598060e-01 +7.751345981e+01 +7.751345981e+01 +1.0474e+00 -6.6303e-01 -2.1144e+00 -1.8027e+00 +1.0747e+00 -2.1793e+00 +9.1725e-01 -2.0710e+00 +1.1340e+00 +2.4948e+00
3854 +1.580017216e-01 +1.580017216e-01 +7.746800172e+01 +7.746800172e+01 +1.1099e+00 -7.1089e-01 -2.2700e+00 -2.0598e+00 +9.1897e-01 -2.4624e+00 +7.4738e-01 -1.9160e+00 +1.2008e+00 +2.2265e+00
4220 +9.881160394e-02 +9.881160394e-02 +7.740881160e+01 +7.740881160e+01 +9.9298e-01 -5.9448e-01 -2.3050e+00 -2.1200e+00 +9.8200e-01 -2.4279e+00 +7.9344e-01 -1.9834e+00 +1.4621e+00 +2.3911e+00
4607 +6.062588154e-02 +6.062588154e-02 +7.737062588e+01 +7.737062588e+01 +9.2648e-01 -6.5737e-01 -2.3554e+00 -2.0015e+00 +9.8454e-01 -2.4227e+00 +7.2571e-01 -1.9483e+00 +1.4742e+00 +2.4335e+00
4848 +3.757784185e-02 +3.757784185e-02 +7.734757784e+01 +7.734757784e+01 +7.3415e-01 -5.8158e-01 -2.2548e+00 -1.8914e+00 +9.7968e-01 -2.3713e+00 +7.7124e-01 -1.9647e+00 +1.6267e+00 +2.5154e+00
5239 +2.424671455e-02 +2.424671455e-02 +7.733424671e+01 +7.733424671e+01 +7.5163e-01 -5.7209e-01 -2.2289e+00 -1.8569e+00 +1.0022e+00 -2.3669e+00 +7.9486e-01 -1.9445e+00 +1.6144e+00 +2.5016e+00
5999 +1.477243009e-02 +1.477243009e-02 +7.732477243e+01 +7.732477243e+01 +7.7550e-01 -5.6719e-01 -2.1857e+00 -1.8737e+00 +9.9534e-01 -2.3475e+00 +8.0877e-01 -1.9162e+00 +1.5745e+00 +2.5412e+00
6415 +9.114728882e-03 +9.114728882e-03 +7.731911473e+01 +7.731911473e+01 +7.9800e-01 -5.8701e-01 -2.1770e+00 -1.8792e+00 +1.0050e+00 -2.3464e+00 +8.0613e-01 -1.9034e+00 +1.5393e+00 +2.5694e+00
7219 +5.920558155e-03 +5.920558155e-03 +7.731592056e+01 +7.731592056e+01 +7.9974e-01 -5.8562e-01 -2.1709e+00 -1.8661e+00 +1.0312e+00 -2.3540e+00 +7.9399e-01 -1.9185e+00 +1.5223e+00 +2.5730e+00
8186 +3.596974304e-03 +3.596974304e-03 +7.731359697e+01 +7.731359697e+01 +8.2517e-01 -6.1291e-01 -2.1605e+00 -1.8710e+00 +1.0224e+00 -2.3529e+00 +8.0205e-01 -1.9130e+00 +1.5133e+00 +2.5935e+00
9395 +2.464731105e-03 +2.464731105e-03 +7.731246473e+01 +7.731246473e+01 +8.4146e-01 -6.1635e-01 -2.1363e+00 -1.8609e+00 +1.0228e+00 -2.3380e+00 +8.1243e-01 -1.8933e+00 +1.4861e+00 +2.6190e+00
13259 +1.508270716e-03 +1.508270716e-03 +7.731150827e+01 +7.731150827e+01 +8.6182e-01 -6.1531e-01 -2.1250e+00 -1.8529e+00 +1.0271e+00 -2.3430e+00 +8.0710e-01 -1.8927e+00 +1.4630e+00 +2.6391e+00
19159 +9.977631873e-04 +9.977631873e-04 +7.731099776e+01 +7.731099776e+01 +8.7248e-01 -6.2753e-01 -2.1289e+00 -1.8588e+00 +1.0269e+00 -2.3564e+00 +8.0614e-01 -1.8965e+00 +1.4700e+00 +2.6503e+00
21865 +6.305637087e-04 +6.305637087e-04 +7.731063056e+01 +7.731063056e+01 +8.6751e-01 -6.2440e-01 -2.1231e+00 -1.8609e+00 +1.0207e+00 -2.3723e+00 +7.9780e-01 -1.8986e+00 +1.4698e+00 +2.6516e+00
33347 +3.951750705e-04 +3.951750705e-04 +7.731039518e+01 +7.731039518e+01 +8.7066e-01 -6.2186e-01 -2.1212e+00 -1.8645e+00 +1.0204e+00 -2.3731e+00 +7.9646e-01 -1.9009e+00 +1.4645e+00 +2.6541e+00
48836 +2.511525675e-04 +2.511525675e-04 +7.731025115e+01 +7.731025115e+01 +8.7501e-01 -6.2024e-01 -2.1226e+00 -1.8682e+00 +1.0199e+00 -2.3745e+00 +7.9481e-01 -1.9017e+00 +1.4583e+00 +2.6565e+00
70463 +1.582750696e-04 +1.582750696e-04 +7.731015828e+01 +7.731015828e+01 +8.7941e-01 -6.1819e-01 -2.1245e+00 -1.8717e+00 +1.0191e+00 -2.3747e+00 +7.9427e-01 -1.9018e+00 +1.4527e+00 +2.6601e+00
98763 +9.995785358e-05 +9.995785358e-05 +7.731009996e+01 +7.731009996e+01 +8.8272e-01 -6.1643e-01 -2.1265e+00 -1.8745e+00 +1.0168e+00 -2.3749e+00 +7.9418e-01 -1.8991e+00 +1.4473e+00 +2.6631e+00
140321 +6.297392557e-05 +6.297392557e-05 +7.731006297e+01 +7.731006297e+01 +8.8541e-01 -6.1436e-01 -2.1271e+00 -1.8764e+00 +1.0149e+00 -2.3747e+00 +7.9493e-01 -1.8979e+00 +1.4441e+00 +2.6679e+00
% function evaluation | noise-free fitness - Fopt (3.992000000000e+01) | best noise-free fitness - Fopt | measured fitness | best measured fitness | x1 | x2...
1 +3.622822268e+02 +3.622822268e+02 +4.022022268e+02 +4.022022268e+02 -4.0838e+00 +7.9269e-01 -1.0213e+00 -2.9069e+00 -4.7148e+00 -3.5238e+00 -3.2544e+00 -3.5201e+00 -4.8865e+00 +4.4973e-02
2 +1.668994443e+02 +1.668994443e+02 +2.068194443e+02 +2.068194443e+02 -1.7731e+00 +7.2686e-01 -2.8316e+00 +3.3244e+00 +4.3525e+00 +4.3668e+00 -2.8374e+00 +6.5372e-01 +4.9218e-01 +4.5864e-01
3 +3.798741694e+01 +3.798741694e+01 +7.790741694e+01 +7.790741694e+01 -3.0881e-01 -2.8268e+00 +3.8860e+00 -2.4087e+00 +1.1258e-01 -3.7475e+00 -5.0685e-01 +4.4509e-02 -3.9121e-01 -5.0694e-01
4 +1.557010889e+01 +1.557010889e+01 +5.549010889e+01 +5.549010889e+01 +4.9569e+00 +2.4450e+00 +4.4215e+00 -2.8719e+00 +1.5411e+00 -5.7021e-01 +2.0572e+00 -1.7326e+00 +4.8394e+00 +1.2894e+00
150 +8.718394420e+00 +8.718394420e+00 +4.863839442e+01 +4.863839442e+01 -1.6546e+00 -2.3600e+00 +3.4777e+00 -2.8882e+00 -1.9121e+00 -8.5127e-01 -2.9799e-01 -8.3522e-01 +4.8807e-01 +4.7323e+00
861 +6.079208195e+00 +6.079208195e+00 +4.599920819e+01 +4.599920819e+01 +7.2368e-01 -1.0370e+00 +1.4549e+00 -2.5140e+00 -6.0930e-01 +3.9312e-01 +1.4920e+00 -2.1163e+00 +1.0211e+00 +3.9393e+00
1224 +3.848955300e+00 +3.848955300e+00 +4.376895530e+01 +4.376895530e+01 +2.5802e+00 -1.1474e+00 +1.5238e+00 -2.5670e+00 -3.0215e+00 +3.3790e-01 +1.5950e+00 -1.1293e+00 +2.4011e+00 +3.2672e+00
1616 +2.220626376e+00 +2.220626376e+00 +4.214062638e+01 +4.214062638e+01 +3.3454e+00 -5.9828e-01 +2.2030e+00 -1.8275e+00 -1.8275e+00 +2.2115e+00 +9.3055e-01 -8.3046e-01 +2.8949e+00 +4.7247e+00
2024 +1.583496865e+00 +1.583496865e+00 +4.150349686e+01 +4.150349686e+01 +3.2500e+00 -8.3847e-01 +2.3057e+00 -1.9183e+00 -1.9525e+00 +2.3674e+00 +1.3336e+00 -9.5768e-01 +2.6358e+00 +4.7872e+00
2382 +9.912400101e-01 +9.912400101e-01 +4.091124001e+01 +4.091124001e+01 +3.3751e+00 -9.1408e-01 +2.3009e+00 -2.0634e+00 -1.8666e+00 +2.3019e+00 +1.4021e+00 -8.2912e-01 +2.7872e+00 +4.2536e+00
2740 +6.282556558e-01 +6.282556558e-01 +4.054825566e+01 +4.054825566e+01 +3.5551e+00 -1.0598e+00 +2.3261e+00 -2.1724e+00 -2.0233e+00 +2.4053e+00 +1.6072e+00 -9.0887e-01 +2.9958e+00 +4.0844e+00
3003 +3.431328938e-01 +3.431328938e-01 +4.026313289e+01 +4.026313289e+01 +3.8995e+00 -1.1458e+00 +2.1935e+00 -2.0079e+00 -2.0192e+00 +2.5655e+00 +1.7797e+00 -9.6877e-01 +2.9795e+00 +3.9341e+00
3365 +2.155927663e-01 +2.155927663e-01 +4.013559277e+01 +4.013559277e+01 +3.9904e+00 -1.1784e+00 +2.2317e+00 -2.0391e+00 -1.9496e+00 +2.5782e+00 +1.7530e+00 -9.2793e-01 +2.9304e+00 +3.6361e+00
3793 +1.498977809e-01 +1.498977809e-01 +4.006989778e+01 +4.006989778e+01 +4.0173e+00 -1.2064e+00 +2.2843e+00 -2.1285e+00 -2.2848e+00 +2.4017e+00 +1.7390e+00 -6.8493e-01 +3.0080e+00 +3.6876e+00
4073 +9.829371411e-02 +9.829371411e-02 +4.001829371e+01 +4.001829371e+01 +4.0962e+00 -1.1142e+00 +2.2674e+00 -1.9850e+00 -2.1133e+00 +2.3084e+00 +1.9480e+00 -7.8928e-01 +2.9131e+00 +3.6422e+00
4748 +6.185612778e-02 +6.185612778e-02 +3.998185613e+01 +3.998185613e+01 +3.9808e+00 -1.0609e+00 +2.3359e+00 -2.2834e+00 -2.1101e+00 +2.3725e+00 +2.1100e+00 -5.8759e-01 +2.9788e+00 +3.6373e+00
5303 +3.904451434e-02 +3.904451434e-02 +3.995904451e+01 +3.995904451e+01 +4.0156e+00 -1.1478e+00 +2.3526e+00 -2.2374e+00 -2.1872e+00 +2.2716e+00 +2.1350e+00 -6.8456e-01 +3.0165e+00 +3.4907e+00
5773 +2.503547573e-02 +2.503547573e-02 +3.994503548e+01 +3.994503548e+01 +4.0124e+00 -1.1632e+00 +2.3547e+00 -2.2490e+00 -2.1941e+00 +2.2608e+00 +2.1290e+00 -6.8743e-01 +3.0315e+00 +3.4179e+00
6228 +1.568409330e-02 +1.568409330e-02 +3.993568409e+01 +3.993568409e+01 +4.0092e+00 -1.1253e+00 +2.3551e+00 -2.2574e+00 -2.1611e+00 +2.2745e+00 +2.1252e+00 -6.9970e-01 +3.0378e+00 +3.3891e+00
6688 +9.949238569e-03 +9.949238569e-03 +3.992994924e+01 +3.992994924e+01 +3.9979e+00 -1.1099e+00 +2.3728e+00 -2.2504e+00 -2.1317e+00 +2.2821e+00 +2.1349e+00 -6.9903e-01 +3.0443e+00 +3.3624e+00
8054 +5.713575253e-03 +5.713575253e-03 +3.992571358e+01 +3.992571358e+01 +3.9945e+00 -1.0954e+00 +2.3843e+00 -2.2512e+00 -2.1070e+00 +2.3183e+00 +2.1692e+00 -7.0440e-01 +3.0287e+00 +3.3649e+00
8895 +3.963494065e-03 +3.963494065e-03 +3.992396349e+01 +3.992396349e+01 +3.9770e+00 -1.0736e+00 +2.3838e+00 -2.2652e+00 -2.0701e+00 +2.3418e+00 +2.1784e+00 -7.0667e-01 +3.0288e+00 +3.3457e+00
10523 +2.509976033e-03 +2.509976033e-03 +3.992250998e+01 +3.992250998e+01 +3.9727e+00 -1.0680e+00 +2.3638e+00 -2.2729e+00 -2.0684e+00 +2.3350e+00 +2.2021e+00 -7.0105e-01 +3.0138e+00 +3.3375e+00
15932 +1.583935340e-03 +1.583935340e-03 +3.992158394e+01 +3.992158394e+01 +3.9751e+00 -1.0744e+00 +2.3803e+00 -2.2883e+00 -2.0727e+00 +2.3335e+00 +2.2241e+00 -6.9915e-01 +3.0109e+00 +3.3550e+00
17227 +9.904916575e-04 +9.904916575e-04 +3.992099049e+01 +3.992099049e+01 +3.9669e+00 -1.0741e+00 +2.3596e+00 -2.2909e+00 -2.0752e+00 +2.3341e+00 +2.2173e+00 -6.7432e-01 +3.0155e+00 +3.3553e+00
35082 +6.308577929e-04 +6.308577929e-04 +3.992063086e+01 +3.992063086e+01 +3.9642e+00 -1.0748e+00 +2.3585e+00 -2.2921e+00 -2.0716e+00 +2.3344e+00 +2.2230e+00 -6.6764e-01 +3.0209e+00 +3.3636e+00
37802 +3.975804066e-04 +3.975804066e-04 +3.992039758e+01 +3.992039758e+01 +3.9624e+00 -1.0783e+00 +2.3544e+00 -2.2842e+00 -2.0564e+00 +2.3308e+00 +2.2329e+00 -6.4620e-01 +3.0245e+00 +3.3759e+00
52498 +2.509874043e-04 +2.509874043e-04 +3.992025099e+01 +3.992025099e+01 +3.9607e+00 -1.0781e+00 +2.3587e+00 -2.2876e+00 -2.0575e+00 +2.3347e+00 +2.2325e+00 -6.4458e-01 +3.0286e+00 +3.3794e+00
82367 +1.584343583e-04 +1.584343583e-04 +3.992015843e+01 +3.992015843e+01 +3.9582e+00 -1.0775e+00 +2.3612e+00 -2.2922e+00 -2.0590e+00 +2.3366e+00 +2.2352e+00 -6.4067e-01 +3.0341e+00 +3.3831e+00
111407 +9.951314532e-05 +9.951314532e-05 +3.992009951e+01 +3.992009951e+01 +3.9569e+00 -1.0764e+00 +2.3655e+00 -2.2935e+00 -2.0573e+00 +2.3392e+00 +2.2364e+00 -6.3636e-01 +3.0384e+00 +3.3874e+00
% function evaluation | noise-free fitness - Fopt (-5.661000000000e+01) | best noise-free fitness - Fopt | measured fitness | best measured fitness | x1 | x2...
1 +2.434871417e+01 +2.434871417e+01 -3.226128583e+01 -3.226128583e+01 +1.9184e+00 +3.2587e+00 +3.0288e+00 +1.2953e+00 -4.0032e+00 +6.9643e-01 +4.1943e+00 -4.6161e+00 -8.1941e-01 -3.1319e+00
370 +1.153722596e+01 +1.153722596e+01 -4.507277404e+01 -4.507277404e+01 +8.3445e-01 +1.3944e+00 +8.0343e-01 -3.8371e+00 -2.3819e+00 -7.6731e-01 +4.6222e+00 -2.9417e+00 -5.0000e+00 +1.5804e+00
386 +8.533493294e+00 +8.533493294e+00 -4.807650671e+01 -4.807650671e+01 +6.3865e-01 +1.0702e+00 +2.8070e+00 -4.0524e+00 -8.6517e-01 -1.4311e+00 +2.4491e+00 -2.6533e+00 -5.0000e+00 +9.5909e-01
481 +6.285902276e+00 +6.285902276e+00 -5.032409772e+01 -5.032409772e+01 +1.7446e+00 +1.8636e+00 +1.8490e+00 -3.4590e+00 -3.0960e+00 -1.0169e+00 +4.2475e+00 -3.9613e+00 -4.3256e+00 +9.2051e-01
721 +3.579479966e+00 +3.579479966e+00 -5.303052003e+01 -5.303052003e+01 +2.6954e+00 +1.7040e+00 +3.4519e+00 -4.0146e+00 -3.6751e+00 -6.1214e-01 +1.5598e+00 -3.9124e+00 -3.8282e+00 -1.0715e+00
1174 +2.335901246e+00 +2.335901246e+00 -5.427409875e+01 -5.427409875e+01 +2.8740e+00 +2.6910e+00 +2.4486e+00 -2.9794e+00 -4.2454e+00 +2.0906e+00 +1.7378e+00 -4.1849e+00 -3.4705e+00 -1.7102e+00
1669 +1.411140522e+00 +1.411140522e+00 -5.519885948e+01 -5.519885948e+01 +1.4196e+00 +3.1988e+00 +1.9772e+00 -3.0107e+00 -3.6723e+00 +2.7662e+00 +2.4188e+00 -4.0864e+00 -3.1622e+00 -8.4916e-01
1841 +9.851560565e-01 +9.851560565e-01 -5.562484394e+01 -5.562484394e+01 +1.6445e+00 +3.0580e+00 +2.0050e+00 -3.0716e+00 -3.6482e+00 +2.5278e+00 +2.4760e+00 -3.8110e+00 -3.3968e+00 -8.9867e-01
2342 +6.112732164e-01 +6.112732164e-01 -5.599872678e+01 -5.599872678e+01 +1.7553e+00 +2.9113e+00 +2.5273e+00 -2.7606e+00 -3.4371e+00 +2.8323e+00 +2.4160e+00 -3.7764e+00 -3.3968e+00 -7.2951e-01
2600 +3.941113854e-01 +3.941113854e-01 -5.621588861e+01 -5.621588861e+01 +1.9136e+00 +2.9577e+00 +2.5618e+00 -3.0629e+00 -3.4427e+00 +2.4540e+00 +2.4929e+00 -3.7461e+00 -3.2618e+00 -6.6916e-01
2797 +2.482571933e-01 +2.482571933e-01 -5.636174281e+01 -5.636174281e+01 +2.0130e+00 +3.0491e+00 +2.9184e+00 -2.9442e+00 -3.2824e+00 +2.3298e+00 +2.3434e+00 -3.5147e+00 -3.1479e+00 -6.3307e-01
3188 +1.581758593e-01 +1.581758593e-01 -5.645182414e+01 -5.645182414e+01 +2.0964e+00 +3.0187e+00 +2.9557e+00 -3.0066e+00 -3.2678e+00 +2.3909e+00 +2.4315e+00 -3.4001e+00 -3.3075e+00 -5.7167e-01
3354 +9.893915220e-02 +9.893915220e-02 -5.651106085e+01 -5.651106085e+01 +1.9067e+00 +2.9880e+00 +3.2311e+00 -3.0312e+00 -3.0449e+00 +2.2793e+00 +2.3153e+00 -3.4196e+00 -3.5799e+00 -6.0023e-01
3772 +6.284490503e-02 +6.284490503e-02 -5.654715509e+01 -5.654715509e+01 +1.8934e+00 +3.0361e+00 +3.0212e+00 -2.9840e+00 -3.1467e+00 +2.2820e+00 +2.6231e+00 -3.5201e+00 -3.5592e+00 -5.2788e-01
4543 +3.953435047e-02 +3.953435047e-02 -5.657046565e+01 -5.657046565e+01 +1.8873e+00 +3.0205e+00 +3.0571e+00 -3.0179e+00 -3.1715e+00 +2.2739e+00 +2.6230e+00 -3.5136e+00 -3.5026e+00 -5.7564e-01
5381 +2.420013156e-02 +2.420013156e-02 -5.658579987e+01 -5.658579987e+01 +1.9176e+00 +2.9776e+00 +3.0625e+00 -3.0639e+00 -3.1930e+00 +2.2892e+00 +2.6313e+00 -3.4532e+00 -3.5133e+00 -6.1612e-01
5812 +1.575542980e-02 +1.575542980e-02 -5.659424457e+01 -5.659424457e+01 +1.8480e+00 +2.9588e+00 +3.1494e+00 -3.1801e+00 -3.0328e+00 +2.3041e+00 +2.5022e+00 -3.3327e+00 -3.5310e+00 -6.7660e-01
6506 +9.957050766e-03 +9.957050766e-03 -5.660004295e+01 -5.660004295e+01 +1.8709e+00 +2.9517e+00 +3.1194e+00 -3.1839e+00 -3.0632e+00 +2.2837e+00 +2.5653e+00 -3.3107e+00 -3.5045e+00 -6.7168e-01
7568 +5.925852263e-03 +5.925852263e-03 -5.660407415e+01 -5.660407415e+01 +1.8727e+00 +2.9399e+00 +3.1589e+00 -3.2098e+00 -3.0269e+00 +2.2865e+00 +2.5702e+00 -3.3047e+00 -3.5321e+00 -7.1238e-01
9094 +3.477883645e-03 +3.477883645e-03 -5.660652212e+01 -5.660652212e+01 +1.8959e+00 +2.9515e+00 +3.1552e+00 -3.2274e+00 -3.0361e+00 +2.2939e+00 +2.5920e+00 -3.3234e+00 -3.5615e+00 -7.1258e-01
10014 +2.511241138e-03 +2.511241138e-03 -5.660748876e+01 -5.660748876e+01 +1.9054e+00 +2.9560e+00 +3.1576e+00 -3.2303e+00 -3.0360e+00 +2.2903e+00 +2.5942e+00 -3.3077e+00 -3.5653e+00 -7.1870e-01
20601 +1.140129539e-03 +1.140129539e-03 -5.660885987e+01 -5.660885987e+01 +1.9291e+00 +2.9576e+00 +3.1561e+00 -3.2439e+00 -3.0520e+00 +2.2853e+00 +2.6196e+00 -3.2955e+00 -3.5707e+00 -7.4082e-01
24798 +9.978476958e-04 +9.978476958e-04 -5.660900215e+01 -5.660900215e+01 +1.9296e+00 +2.9558e+00 +3.1591e+00 -3.2449e+00 -3.0531e+00 +2.2844e+00 +2.6202e+00 -3.2949e+00 -3.5705e+00 -7.4099e-01
25647 +5.430196061e-04 +5.430196061e-04 -5.660945698e+01 -5.660945698e+01 +1.9275e+00 +2.9400e+00 +3.1721e+00 -3.2501e+00 -3.0659e+00 +2.2847e+00 +2.6183e+00 -3.2903e+00 -3.5749e+00 -7.4757e-01
34519 +3.974725511e-04 +3.974725511e-04 -5.660960253e+01 -5.660960253e+01 +1.9300e+00 +2.9396e+00 +3.1739e+00 -3.2505e+00 -3.0666e+00 +2.2840e+00 +2.6203e+00 -3.2896e+00 -3.5773e+00 -7.4949e-01
56068 +2.507744258e-04 +2.507744258e-04 -5.660974923e+01 -5.660974923e+01 +1.9329e+00 +2.9370e+00 +3.1807e+00 -3.2542e+00 -3.0693e+00 +2.2831e+00 +2.6221e+00 -3.2879e+00 -3.5812e+00 -7.5398e-01
80603 +1.583995747e-04 +1.583995747e-04 -5.660984160e+01 -5.660984160e+01 +1.9353e+00 +2.9355e+00 +3.1858e+00 -3.2580e+00 -3.0719e+00 +2.2832e+00 +2.6237e+00 -3.2873e+00 -3.5862e+00 -7.5714e-01
105471 +9.921857811e-05 +9.921857811e-05 -5.660990078e+01 -5.660990078e+01 +1.9388e+00 +2.9349e+00 +3.1901e+00 -3.2610e+00 -3.0739e+00 +2.2827e+00 +2.6254e+00 -3.2864e+00 -3.5888e+00 -7.6035e-01
138556 +6.247553878e-05 +6.247553878e-05 -5.660993752e+01 -5.660993752e+01 +1.9407e+00 +2.9338e+00 +3.1931e+00 -3.2647e+00 -3.0748e+00 +2.2829e+00 +2.6273e+00 -3.2855e+00 -3.5914e+00 -7.6316e-01
% function evaluation | noise-free fitness - Fopt (5.134000000000e+01) | best noise-free fitness - Fopt | measured fitness | best measured fitness | x1 | x2...
1 +1.918642914e+02 +1.918642914e+02 +2.432042914e+02 +2.432042914e+02 +4.0110e+00 -7.6401e-01 +1.1067e-02 +2.8462e+00 +2.3705e+00 +1.0381e+00 +4.6107e+00 +7.0410e-01 -3.7303e+00 +1.9324e+00
3 +6.012159552e+01 +6.012159552e+01 +1.114615955e+02 +1.114615955e+02 -1.9001e+00 +1.2163e+00 +3.0175e+00 +1.6964e+00 +1.5806e+00 -7.3320e-01 +4.4138e+00 -1.4804e+00 -2.6433e+00 +1.3789e+00
14 +3.802112731e+01 +3.802112731e+01 +8.936112731e+01 +8.936112731e+01 +1.9805e+00 -2.6172e+00 -1.2581e+00 -1.5582e+00 +3.9949e+00 -8.5605e-01 -3.0839e+00 +1.3457e+00 -2.6737e+00 +2.1769e+00
80 +8.246179348e+00 +8.246179348e+00 +5.958617935e+01 +5.958617935e+01 -2.2625e+00 -7.0463e-01 -2.6926e-01 +2.3934e+00 +1.5653e+00 +1.1359e+00 -2.8608e+00 -1.6019e+00 -3.2105e+00 +4.4532e+00
348 +6.122319954e+00 +6.122319954e+00 +5.746231995e+01 +5.746231995e+01 -1.7937e+00 +1.5861e-01 -3.3078e-01 +1.9541e+00 +1.6752e+00 +2.4441e+00 -1.3378e+00 -1.7990e+00 -2.4751e+00 +5.0000e+00
607 +3.809668056e+00 +3.809668056e+00 +5.514966806e+01 +5.514966806e+01 -3.7907e+00 +2.3711e-01 +7.0449e-01 +2.6425e+00 +7.2221e-01 +1.9678e+00 -2.4558e+00 +4.9133e-02 -1.6830e+00 +3.4250e+00
1287 +2.337051774e+00 +2.337051774e+00 +5.367705177e+01 +5.367705177e+01 -3.6492e+00 -2.5076e+00 +2.2388e-01 +2.7649e+00 +5.3857e-01 +2.9074e+00 -2.0803e+00 -5.0816e-01 -2.0912e+00 +3.9910e+00
1760 +1.500391910e+00 +1.500391910e+00 +5.284039191e+01 +5.284039191e+01 -3.1801e+00 -2.2498e+00 +1.4026e-01 +2.8606e+00 +7.7008e-01 +3.1018e+00 -2.1964e+00 -4.9758e-01 -1.8008e+00 +3.3713e+00
2199 +9.648426886e-01 +9.648426886e-01 +5.230484269e+01 +5.230484269e+01 -3.1429e+00 -1.8111e+00 +6.7859e-01 +3.2265e+00 +1.2303e+00 +2.8484e+00 -1.8948e+00 -2.0146e-01 -2.4383e+00 +2.2428e+00
2394 +6.239383276e-01 +6.239383276e-01 +5.196393833e+01 +5.196393833e+01 -2.7948e+00 -1.8762e+00 +7.0731e-01 +2.9345e+00 +7.5929e-01 +2.8455e+00 -1.9095e+00 -2.4943e-01 -2.6371e+00 +2.1563e+00
2730 +3.885643514e-01 +3.885643514e-01 +5.172856435e+01 +5.172856435e+01 -2.9025e+00 -1.9807e+00 +5.7985e-01 +3.0415e+00 +5.9519e-01 +3.0162e+00 -1.9627e+00 -1.1271e-01 -2.7115e+00 +2.1993e+00
2963 +2.205079641e-01 +2.205079641e-01 +5.156050796e+01 +5.156050796e+01 -2.6539e+00 -2.1331e+00 +3.5052e-01 +2.9680e+00 +6.3768e-01 +2.9162e+00 -2.1425e+00 +1.5442e-01 -2.6493e+00 +2.3183e+00
3234 +1.212500804e-01 +1.212500804e-01 +5.146125008e+01 +5.146125008e+01 -2.5000e+00 -2.3588e+00 +3.4708e-01 +2.5576e+00 +7.5828e-01 +3.1363e+00 -2.0464e+00 +2.0387e-03 -2.5847e+00 +2.1144e+00
3544 +5.577348418e-02 +5.577348418e-02 +5.139577348e+01 +5.139577348e+01 -2.5171e+00 -2.2378e+00 +3.4809e-01 +2.6745e+00 +6.1383e-01 +3.1531e+00 -1.9717e+00 +4.2214e-02 -2.7471e+00 +2.0803e+00
3915 +3.874212984e-02 +3.874212984e-02 +5.137874213e+01 +5.137874213e+01 -2.4909e+00 -2.2605e+00 +3.6320e-01 +2.7032e+00 +5.9190e-01 +3.1941e+00 -1.9636e+00 +6.2305e-02 -2.7068e+00 +2.0900e+00
4802 +2.370655096e-02 +2.370655096e-02 +5.136370655e+01 +5.136370655e+01 -2.5243e+00 -2.2554e+00 +3.5306e-01 +2.7511e+00 +5.7636e-01 +3.2029e+00 -1.9578e+00 +1.1947e-01 -2.7213e+00 +2.1348e+00
5549 +1.463375417e-02 +1.463375417e-02 +5.135463375e+01 +5.135463375e+01 -2.4960e+00 -2.2212e+00 +3.3529e-01 +2.7278e+00 +5.1100e-01 +3.2062e+00 -1.9464e+00 +1.6257e-01 -2.7283e+00 +2.1309e+00
6922 +9.200668062e-03 +9.200668062e-03 +5.134920067e+01 +5.134920067e+01 -2.5207e+00 -2.2319e+00 +3.2693e-01 +2.7364e+00 +5.0778e-01 +3.2090e+00 -1.9458e+00 +1.9560e-01 -2.6947e+00 +2.1203e+00
7923 +6.252080446e-03 +6.252080446e-03 +5.134625208e+01 +5.134625208e+01 -2.5384e+00 -2.2404e+00 +3.2852e-01 +2.7429e+00 +4.8756e-01 +3.1980e+00 -1.9320e+00 +2.2362e-01 -2.6837e+00 +2.1330e+00
9297 +3.593369676e-03 +3.593369676e-03 +5.134359337e+01 +5.134359337e+01 -2.5295e+00 -2.2455e+00 +3.1675e-01 +2.7494e+00 +4.9754e-01 +3.2042e+00 -1.9205e+00 +2.8688e-01 -2.6676e+00 +2.1417e+00
10314 +2.478800527e-03 +2.478800527e-03 +5.134247880e+01 +5.134247880e+01 -2.5346e+00 -2.2529e+00 +3.0738e-01 +2.7371e+00 +4.8853e-01 +3.1891e+00 -1.9240e+00 +3.0271e-01 -2.6678e+00 +2.1505e+00
13963 +1.584234726e-03 +1.584234726e-03 +5.134158423e+01 +5.134158423e+01 -2.5455e+00 -2.2515e+00 +3.0722e-01 +2.7426e+00 +4.8837e-01 +3.1913e+00 -1.9307e+00 +3.2260e-01 -2.6611e+00 +2.1523e+00
21938 +9.894008545e-04 +9.894008545e-04 +5.134098940e+01 +5.134098940e+01 -2.5440e+00 -2.2494e+00 +3.0629e-01 +2.7541e+00 +4.7309e-01 +3.1879e+00 -1.9473e+00 +3.4009e-01 -2.6512e+00 +2.1574e+00
26211 +6.257343692e-04 +6.257343692e-04 +5.134062573e+01 +5.134062573e+01 -2.5477e+00 -2.2490e+00 +2.9406e-01 +2.7634e+00 +4.5653e-01 +3.1824e+00 -1.9663e+00 +3.4729e-01 -2.6480e+00 +2.1613e+00
40080 +3.971392458e-04 +3.971392458e-04 +5.134039714e+01 +5.134039714e+01 -2.5483e+00 -2.2469e+00 +2.9202e-01 +2.7596e+00 +4.5463e-01 +3.1834e+00 -1.9637e+00 +3.5434e-01 -2.6479e+00 +2.1601e+00
58341 +2.499134676e-04 +2.499134676e-04 +5.134024991e+01 +5.134024991e+01 -2.5474e+00 -2.2476e+00 +2.9003e-01 +2.7569e+00 +4.5222e-01 +3.1841e+00 -1.9606e+00 +3.6395e-01 -2.6443e+00 +2.1598e+00
82541 +1.576754099e-04 +1.576754099e-04 +5.134015768e+01 +5.134015768e+01 -2.5451e+00 -2.2492e+00 +2.8767e-01 +2.7551e+00 +4.5221e-01 +3.1835e+00 -1.9579e+00 +3.7257e-01 -2.6431e+00 +2.1620e+00
112784 +9.999244696e-05 +9.999244696e-05 +5.134009999e+01 +5.134009999e+01 -2.5455e+00 -2.2504e+00 +2.8708e-01 +2.7532e+00 +4.5116e-01 +3.1835e+00 -1.9574e+00 +3.8045e-01 -2.6403e+00 +2.1631e+00
% function evaluation | noise-free fitness - Fopt (-1.244000000000e+02) | best noise-free fitness - Fopt | measured fitness | best measured fitness | x1 | x2...
1 +6.360059501e+01 +6.360059501e+01 -6.079940499e+01 -6.079940499e+01 +6.0949e-01 +3.5543e+00 -7.8329e-01 +2.3337e+00 -3.7771e+00 -3.3744e+00 +1.0617e+00 -3.6223e+00 +2.2175e+00 -4.7627e+00
2 +3.232455260e+01 +3.232455260e+01 -9.207544740e+01 -9.207544740e+01 +1.4432e-01 -6.5874e-01 -3.3186e+00 +7.0369e-01 -4.8633e+00 +2.1762e+00 +2.4568e+00 -4.3020e+00 -4.7828e-02 +3.0798e-01
25 +1.658438103e+01 +1.658438103e+01 -1.078156190e+02 -1.078156190e+02 -8.3126e-01 -1.1569e-01 -2.7234e+00 +4.4814e+00 -1.8885e+00 -3.4262e+00 -3.3175e+00 -4.6093e+00 -4.7928e+00 +1.5268e+00
27 +1.379296372e+01 +1.379296372e+01 -1.106070363e+02 -1.106070363e+02 -4.6112e-01 -3.5199e+00 -3.5426e+00 +2.0610e+00 -3.3370e+00 -4.6548e+00 -8.8222e-01 +4.1298e+00 -1.9725e-01 -1.4075e+00
179 +9.849212842e+00 +9.849212842e+00 -1.145507872e+02 -1.145507872e+02 -1.4330e+00 +1.1294e+00 +1.2275e+00 -1.6139e+00 -3.5868e-01 -3.1270e+00 -2.8370e+00 -2.8296e+00 +1.2269e+00 +1.2397e+00
258 +5.953934077e+00 +5.953934077e+00 -1.184460659e+02 -1.184460659e+02 +2.7619e-01 -8.8358e-01 +2.3542e-02 -1.5954e+00 -1.1671e+00 -4.0193e+00 +3.3381e-01 -1.4478e+00 +1.1399e+00 -4.9358e-01
713 +2.926806086e+00 +2.926806086e+00 -1.214731939e+02 -1.214731939e+02 +1.9455e-01 +6.4794e-01 +1.1268e+00 -2.7030e+00 -1.9222e+00 -4.0767e+00 +3.1872e-01 -1.1370e+00 -1.9833e-02 +1.2673e+00
819 +2.347171852e+00 +2.347171852e+00 -1.220528281e+02 -1.220528281e+02 -7.3957e-02 +2.9220e-01 +2.3153e+00 -2.1913e+00 -3.1720e+00 -4.4969e+00 +6.4019e-01 -1.1702e+00 +3.9819e-01 +5.1568e-01
1708 +1.469728430e+00 +1.469728430e+00 -1.229302716e+02 -1.229302716e+02 -6.1488e-02 +3.1489e-01 +2.3175e+00 -2.3850e+00 -2.9789e+00 -4.0507e+00 +6.4437e-01 -6.5713e-01 +3.0037e-01 +6.6942e-01
2341 +9.317817323e-01 +9.317817323e-01 -1.234682183e+02 -1.234682183e+02 +1.9114e-01 +9.7771e-01 +2.4890e+00 -1.5159e+00 -2.8846e+00 -3.1933e+00 +2.0830e-02 -5.7630e-01 +6.1091e-01 +1.3455e+00
2848 +6.043442500e-01 +6.043442500e-01 -1.237956558e+02 -1.237956558e+02 +1.8306e-01 +1.0350e+00 +2.8821e+00 -1.5536e+00 -3.1590e+00 -3.5190e+00 +1.8787e-01 -4.3070e-01 +8.4420e-01 +1.5548e+00
3121 +3.602207621e-01 +3.602207621e-01 -1.240397792e+02 -1.240397792e+02 +2.7690e-01 +1.1127e+00 +2.9406e+00 -1.6807e+00 -2.7316e+00 -3.5077e+00 +1.5334e-01 -1.7841e-01 +6.7858e-01 +1.4120e+00
3235 +2.315195039e-01 +2.315195039e-01 -1.241684805e+02 -1.241684805e+02 +3.5362e-01 +1.2091e+00 +2.8943e+00 -1.8446e+00 -2.5473e+00 -3.4856e+00 +1.3472e-01 +1.8020e-03 +6.4870e-01 +1.4976e+00
3312 +1.538070629e-01 +1.538070629e-01 -1.242461929e+02 -1.242461929e+02 +4.0497e-01 +1.1311e+00 +2.9320e+00 -2.1176e+00 -2.5882e+00 -3.3485e+00 +1.9109e-01 +1.3980e-01 +7.1678e-01 +1.3424e+00
3481 +9.889574778e-02 +9.889574778e-02 -1.243011043e+02 -1.243011043e+02 +3.3121e-01 +1.1482e+00 +2.8358e+00 -2.1686e+00 -2.5640e+00 -3.5093e+00 +1.3025e-01 +9.3705e-02 +6.7684e-01 +1.6755e+00
4107 +6.147652467e-02 +6.147652467e-02 -1.243385235e+02 -1.243385235e+02 +1.8988e-01 +1.2014e+00 +2.7955e+00 -2.1565e+00 -2.6647e+00 -3.6317e+00 +9.8399e-02 +1.2465e-01 +7.1043e-01 +1.6516e+00
4554 +3.905942383e-02 +3.905942383e-02 -1.243609406e+02 -1.243609406e+02 +2.5886e-01 +1.0550e+00 +2.9373e+00 -2.2211e+00 -2.6371e+00 -3.5873e+00 +3.6435e-02 +1.7640e-01 +5.8571e-01 +1.5627e+00
5147 +2.492838447e-02 +2.492838447e-02 -1.243750716e+02 -1.243750716e+02 +2.7848e-01 +1.0326e+00 +2.9138e+00 -2.2624e+00 -2.6552e+00 -3.6258e+00 +6.2672e-02 +1.7018e-01 +5.5539e-01 +1.5954e+00
5576 +1.579573992e-02 +1.579573992e-02 -1.243842043e+02 -1.243842043e+02 +2.6591e-01 +9.9827e-01 +2.9249e+00 -2.2975e+00 -2.6471e+00 -3.6482e+00 +4.7810e-02 +1.9555e-01 +5.6821e-01 +1.5641e+00
6153 +9.032725791e-03 +9.032725791e-03 -1.243909673e+02 -1.243909673e+02 +2.4257e-01 +9.7124e-01 +2.9411e+00 -2.2938e+00 -2.6773e+00 -3.6533e+00 +2.1738e-02 +2.2851e-01 +5.7214e-01 +1.5505e+00
6820 +5.726132542e-03 +5.726132542e-03 -1.243942739e+02 -1.243942739e+02 +2.5634e-01 +9.7887e-01 +2.9016e+00 -2.3092e+00 -2.6408e+00 -3.6467e+00 -3.4050e-03 +2.2750e-01 +6.0911e-01 +1.5947e+00
7602 +3.928383871e-03 +3.928383871e-03 -1.243960716e+02 -1.243960716e+02 +2.5276e-01 +9.7201e-01 +2.9038e+00 -2.3123e+00 -2.6325e+00 -3.6658e+00 -1.9002e-03 +2.2426e-01 +6.0091e-01 +1.6076e+00
8511 +2.410319548e-03 +2.410319548e-03 -1.243975897e+02 -1.243975897e+02 +2.5741e-01 +9.5673e-01 +2.9185e+00 -2.2982e+00 -2.6605e+00 -3.7066e+00 -1.8040e-02 +2.1486e-01 +6.2390e-01 +1.6215e+00
8940 +1.581256952e-03 +1.581256952e-03 -1.243984187e+02 -1.243984187e+02 +2.5454e-01 +9.5582e-01 +2.9105e+00 -2.3004e+00 -2.6549e+00 -3.7157e+00 -3.1473e-02 +2.0315e-01 +6.3380e-01 +1.6335e+00
20713 +9.997085309e-04 +9.997085309e-04 -1.243990003e+02 -1.243990003e+02 +2.4573e-01 +9.4683e-01 +2.9078e+00 -2.3121e+00 -2.6517e+00 -3.7245e+00 -4.8183e-02 +2.1492e-01 +6.4497e-01 +1.6318e+00
43344 +6.306039124e-04 +6.306039124e-04 -1.243993694e+02 -1.243993694e+02 +2.4525e-01 +9.4042e-01 +2.9062e+00 -2.3145e+00 -2.6357e+00 -3.7210e+00 -4.9239e-02 +2.1803e-01 +6.4491e-01 +1.6332e+00
69163 +3.980939512e-04 +3.980939512e-04 -1.243996019e+02 -1.243996019e+02 +2.4569e-01 +9.3223e-01 +2.9054e+00 -2.3170e+00 -2.6238e+00 -3.7177e+00 -5.1192e-02 +2.1873e-01 +6.4632e-01 +1.6348e+00
93313 +2.509677721e-04 +2.509677721e-04 -1.243997490e+02 -1.243997490e+02 +2.4615e-01 +9.2702e-01 +2.9039e+00 -2.3190e+00 -2.6118e+00 -3.7155e+00 -5.2661e-02 +2.1881e-01 +6.4714e-01 +1.6357e+00
125695 +1.584012753e-04 +1.584012753e-04 -1.243998416e+02 -1.243998416e+02 +2.4768e-01 +9.1983e-01 +2.9043e+00 -2.3219e+00 -2.6044e+00 -3.7132e+00 -5.5148e-02 +2.2093e-01 +6.4695e-01 +1.6360e+00
% function evaluation | noise-free fitness - Fopt (6.000000000000e-01) | best noise-free fitness - Fopt | measured fitness | best measured fitness | x1 | x2...
1 +3.881155338e+01 +3.881155338e+01 +3.941155338e+01 +3.941155338e+01 +3.5442e+00 +8.4012e-02 -4.1736e-02 +3.6930e+00 +2.0960e+00 -3.5004e+00 +3.8749e+00 -2.6892e+00 +3.5835e+00 +3.9199e+00
18 +1.872844081e+01 +1.872844081e+01 +1.932844081e+01 +1.932844081e+01 +1.3311e+00 -3.0662e+00 +2.3047e+00 +3.4046e+00 -9.1885e-01 -4.8769e+00 -2.1321e-01 +5.6386e-01 +5.4699e-01 -2.7471e+00
71 +1.384700813e+01 +1.384700813e+01 +1.444700813e+01 +1.444700813e+01 +2.1578e+00 -1.8277e+00 -2.0995e+00 +2.3235e+00 -3.6364e+00 -1.8424e+00 +6.6877e-02 +2.0823e+00 +1.0487e+00 -1.4136e+00
398 +9.166188275e+00 +9.166188275e+00 +9.766188275e+00 +9.766188275e+00 +2.0391e+00 -2.1908e+00 -2.4706e+00 +4.6240e+00 -1.3618e+00 -2.8096e+00 +1.2818e+00 +9.5537e-01 +7.0015e-01 -2.7730e+00
611 +4.509833998e+00 +4.509833998e+00 +5.109833998e+00 +5.109833998e+00 +2.0130e+00 -5.2291e-01 -1.2422e+00 +3.6025e+00 -8.2940e-01 -3.4713e+00 -1.0201e+00 -3.8473e-01 +1.1939e+00 -1.3181e+00
746 +3.635391543e+00 +3.635391543e+00 +4.235391543e+00 +4.235391543e+00 +2.3221e+00 -1.8359e+00 +1.2765e-01 +2.6748e+00 -2.8162e-01 -3.1458e+00 -3.1669e+00 +1.5226e-01 +9.0677e-01 -1.8468e+00
958 +2.168982028e+00 +2.168982028e+00 +2.768982028e+00 +2.768982028e+00 +2.3302e+00 -1.1766e+00 -1.4255e+00 +3.1691e+00 -5.7079e-01 -4.3442e+00 -2.5781e+00 +9.8072e-01 -7.9681e-01 -1.5450e+00
1230 +1.541387318e+00 +1.541387318e+00 +2.141387318e+00 +2.141387318e+00 +3.3700e+00 -1.3848e+00 +9.7494e-01 +3.6307e+00 +8.7729e-02 -3.3168e+00 -2.5977e+00 +1.0678e+00 -1.5964e-01 -1.1826e+00
1601 +9.752785906e-01 +9.752785906e-01 +1.575278591e+00 +1.575278591e+00 +2.6597e+00 -1.0247e+00 +2.0204e-01 +4.4243e+00 +2.2998e-01 -3.6243e+00 -2.3544e+00 +1.1372e-01 -7.0000e-01 +9.8207e-02
1724 +5.348930375e-01 +5.348930375e-01 +1.134893038e+00 +1.134893038e+00 +3.3013e+00 -2.2214e+00 +3.1725e-01 +3.6810e+00 -1.4898e-01 -4.1407e+00 -1.8102e+00 +1.0838e+00 -6.3210e-01 -2.1096e-01
1956 +3.685839507e-01 +3.685839507e-01 +9.685839507e-01 +9.685839507e-01 +2.9784e+00 -2.1354e+00 +3.2252e-01 +3.8149e+00 -3.3677e-02 -4.3210e+00 -1.7052e+00 +9.4670e-01 -6.7042e-01 -2.4377e-01
2257 +2.498078560e-01 +2.498078560e-01 +8.498078560e-01 +8.498078560e-01 +3.0384e+00 -2.1889e+00 +4.4722e-01 +3.5976e+00 -1.8926e-01 -4.0083e+00 -2.1014e+00 +6.8267e-01 -6.0620e-01 -6.7537e-03
2476 +1.408019849e-01 +1.408019849e-01 +7.408019849e-01 +7.408019849e-01 +2.8638e+00 -2.1991e+00 +2.8095e-01 +3.8032e+00 -7.9809e-02 -4.1126e+00 -2.0612e+00 +5.2357e-01 -4.7964e-01 -6.2754e-02
2777 +9.818096740e-02 +9.818096740e-02 +6.981809674e-01 +6.981809674e-01 +2.8753e+00 -2.0671e+00 +2.5697e-01 +3.6929e+00 -3.1837e-02 -4.0914e+00 -1.9911e+00 +4.2358e-01 -4.5315e-01 -2.4295e-01
2892 +6.125666366e-02 +6.125666366e-02 +6.612566637e-01 +6.612566637e-01 +2.7671e+00 -2.1105e+00 +1.9477e-01 +3.7064e+00 +5.1534e-02 -4.0525e+00 -2.1942e+00 +4.5624e-01 -5.7766e-01 -3.1944e-02
3656 +3.976674562e-02 +3.976674562e-02 +6.397667456e-01 +6.397667456e-01 +2.7326e+00 -2.0991e+00 +2.1535e-01 +3.7414e+00 +6.6171e-02 -4.0304e+00 -2.2033e+00 +4.7293e-01 -5.8794e-01 -5.7857e-02
4303 +2.286175155e-02 +2.286175155e-02 +6.228617515e-01 +6.228617515e-01 +2.7200e+00 -2.0536e+00 +2.0254e-01 +3.7235e+00 +8.2206e-02 -3.9892e+00 -2.2072e+00 +4.8439e-01 -5.9109e-01 -8.7538e-02
4861 +1.506731597e-02 +1.506731597e-02 +6.150673160e-01 +6.150673160e-01 +2.7177e+00 -2.0414e+00 +2.1423e-01 +3.6722e+00 +4.8579e-02 -3.9586e+00 -2.2003e+00 +4.7758e-01 -5.9958e-01 -1.0336e-01
6057 +8.635616879e-03 +8.635616879e-03 +6.086356169e-01 +6.086356169e-01 +2.6873e+00 -2.0528e+00 +1.7679e-01 +3.6481e+00 +7.1165e-02 -3.9681e+00 -2.2026e+00 +5.0988e-01 -6.0146e-01 -1.5253e-01
7285 +5.888264481e-03 +5.888264481e-03 +6.058882645e-01 +6.058882645e-01 +2.6793e+00 -2.0385e+00 +2.0460e-01 +3.6258e+00 +6.4382e-02 -3.9579e+00 -2.2205e+00 +5.2814e-01 -5.8195e-01 -1.6444e-01
8967 +3.920300257e-03 +3.920300257e-03 +6.039203003e-01 +6.039203003e-01 +2.6580e+00 -2.0178e+00 +1.9749e-01 +3.6286e+00 +8.8348e-02 -3.9449e+00 -2.2576e+00 +5.2056e-01 -5.6339e-01 -1.7173e-01
10643 +2.486870544e-03 +2.486870544e-03 +6.024868705e-01 +6.024868705e-01 +2.6551e+00 -2.0076e+00 +1.7811e-01 +3.6136e+00 +7.9327e-02 -3.9252e+00 -2.2615e+00 +5.2520e-01 -5.6944e-01 -1.5210e-01
11656 +1.577524399e-03 +1.577524399e-03 +6.015775244e-01 +6.015775244e-01 +2.6476e+00 -2.0008e+00 +1.6653e-01 +3.6004e+00 +9.3357e-02 -3.9135e+00 -2.2705e+00 +5.2773e-01 -5.7112e-01 -1.6049e-01
16705 +9.986747813e-04 +9.986747813e-04 +6.009986748e-01 +6.009986748e-01 +2.6397e+00 -1.9989e+00 +1.5045e-01 +3.5888e+00 +1.1288e-01 -3.9157e+00 -2.2732e+00 +5.3436e-01 -5.6125e-01 -1.7343e-01
19117 +6.216609065e-04 +6.216609065e-04 +6.006216609e-01 +6.006216609e-01 +2.6279e+00 -2.0033e+00 +1.4958e-01 +3.5882e+00 +1.2142e-01 -3.9111e+00 -2.2776e+00 +5.2714e-01 -5.7884e-01 -1.7822e-01
34400 +3.980489294e-04 +3.980489294e-04 +6.003980489e-01 +6.003980489e-01 +2.6224e+00 -2.0029e+00 +1.4606e-01 +3.5862e+00 +1.2158e-01 -3.9113e+00 -2.2825e+00 +5.3347e-01 -5.7607e-01 -1.7427e-01
58646 +2.498770115e-04 +2.498770115e-04 +6.002498770e-01 +6.002498770e-01 +2.6177e+00 -2.0005e+00 +1.4148e-01 +3.5823e+00 +1.2253e-01 -3.9093e+00 -2.2885e+00 +5.3861e-01 -5.7226e-01 -1.7078e-01
84390 +1.584854498e-04 +1.584854498e-04 +6.001584854e-01 +6.001584854e-01 +2.6145e+00 -1.9978e+00 +1.3773e-01 +3.5797e+00 +1.2492e-01 -3.9071e+00 -2.2949e+00 +5.4257e-01 -5.6940e-01 -1.6941e-01
114612 +9.994019518e-05 +9.994019518e-05 +6.000999402e-01 +6.000999402e-01 +2.6117e+00 -1.9954e+00 +1.3345e-01 +3.5770e+00 +1.2740e-01 -3.9047e+00 -2.3004e+00 +5.4523e-01 -5.6699e-01 -1.6913e-01
% function evaluation | noise-free fitness - Fopt (-4.071000000000e+01) | best noise-free fitness - Fopt | measured fitness | best measured fitness | x1 | x2...
1 +1.790929680e+01 +1.790929680e+01 -2.280070320e+01 -2.280070320e+01 +3.0360e+00 -1.9588e-01 -2.0478e-01 +2.6155e+00 -1.2372e+00 -4.2786e+00 +2.2635e+00 -4.0108e-01 +1.9833e-01 -3.3080e+00
48 +7.719783974e+00 +7.719783974e+00 -3.299021603e+01 -3.299021603e+01 +3.0644e-01 -8.8199e-01 -7.5852e-01 +3.1043e+00 -2.2210e+00 -4.1855e+00 +1.4161e+00 -8.4391e-01 -2.6691e+00 -1.4002e+00
516 +6.290028197e+00 +6.290028197e+00 -3.441997180e+01 -3.441997180e+01 +1.2592e+00 -4.6452e-01 +9.1800e-01 +1.4784e+00 -2.6194e+00 -4.0797e+00 +7.2647e-01 -6.3433e-01 -2.5436e+00 -2.4314e-01
758 +3.304875737e+00 +3.304875737e+00 -3.740512426e+01 -3.740512426e+01 +1.9209e+00 -1.6093e+00 +4.8540e-01 +2.4135e+00 -1.0420e+00 -5.0000e+00 +5.8552e-01 -8.5975e-02 -1.0941e+00 +8.2260e-01
1158 +2.506451800e+00 +2.506451800e+00 -3.820354820e+01 -3.820354820e+01 +1.0349e+00 -2.0184e+00 +1.4742e+00 +3.0534e+00 -1.5226e+00 -4.8572e+00 +1.5454e+00 +8.0185e-01 -1.1433e+00 +5.4678e-01
1600 +1.507944777e+00 +1.507944777e+00 -3.920205522e+01 -3.920205522e+01 +8.3688e-01 -2.3425e+00 +8.8199e-01 +2.1018e+00 -1.4773e+00 -3.3337e+00 +1.7200e+00 +1.5710e-01 -2.0160e+00 +1.8990e+00
1977 +9.826575795e-01 +9.826575795e-01 -3.972734242e+01 -3.972734242e+01 +7.2019e-01 -2.5059e+00 +1.2590e+00 +2.2303e+00 -1.4154e+00 -3.1017e+00 +1.6121e+00 +3.7921e-01 -1.9434e+00 +1.8755e+00
2210 +5.645375063e-01 +5.645375063e-01 -4.014546249e+01 -4.014546249e+01 +7.3078e-01 -2.6100e+00 +1.4758e+00 +2.2130e+00 -1.3282e+00 -2.9258e+00 +1.5410e+00 +7.1685e-01 -1.8200e+00 +1.5206e+00
2544 +3.591508517e-01 +3.591508517e-01 -4.035084915e+01 -4.035084915e+01 +7.5888e-01 -2.6525e+00 +1.2741e+00 +1.8443e+00 -7.0643e-01 -2.9011e+00 +8.8804e-01 +1.6808e-01 -1.6092e+00 +1.0592e+00
2945 +2.181738941e-01 +2.181738941e-01 -4.049182611e+01 -4.049182611e+01 +6.9972e-01 -2.4780e+00 +1.1624e+00 +2.0771e+00 -4.6440e-01 -2.8077e+00 +1.0467e+00 +3.8782e-01 -1.8222e+00 +1.0193e+00
3097 +1.384364984e-01 +1.384364984e-01 -4.057156350e+01 -4.057156350e+01 +6.5625e-01 -2.6800e+00 +1.3085e+00 +1.9442e+00 -8.7747e-01 -2.7828e+00 +1.0468e+00 +5.2102e-01 -1.6871e+00 +7.9498e-01
3245 +9.945338510e-02 +9.945338510e-02 -4.061054661e+01 -4.061054661e+01 +8.2613e-01 -2.6848e+00 +1.2705e+00 +2.3460e+00 -3.5430e-01 -2.8501e+00 +1.1265e+00 +5.0986e-01 -1.6016e+00 +9.6260e-01
3408 +6.234023494e-02 +6.234023494e-02 -4.064765977e+01 -4.064765977e+01 +7.1134e-01 -2.6804e+00 +1.2947e+00 +2.1753e+00 -5.4307e-01 -2.9081e+00 +1.0834e+00 +5.1564e-01 -1.7363e+00 +8.8951e-01
4089 +3.433342382e-02 +3.433342382e-02 -4.067566658e+01 -4.067566658e+01 +6.7015e-01 -2.7453e+00 +1.3309e+00 +2.2052e+00 -5.6307e-01 -2.9091e+00 +1.1531e+00 +5.0809e-01 -1.7688e+00 +8.9883e-01
4275 +2.211211859e-02 +2.211211859e-02 -4.068788788e+01 -4.068788788e+01 +6.0854e-01 -2.7502e+00 +1.3164e+00 +2.1300e+00 -5.6213e-01 -2.9519e+00 +1.3347e+00 +5.7795e-01 -1.7549e+00 +8.6027e-01
4546 +1.466108628e-02 +1.466108628e-02 -4.069533891e+01 -4.069533891e+01 +5.9989e-01 -2.7503e+00 +1.3199e+00 +2.1163e+00 -5.7648e-01 -2.9276e+00 +1.3295e+00 +5.7621e-01 -1.7773e+00 +8.8875e-01
4963 +8.294006530e-03 +8.294006530e-03 -4.070170599e+01 -4.070170599e+01 +6.0179e-01 -2.7474e+00 +1.3534e+00 +2.1419e+00 -5.9684e-01 -2.9512e+00 +1.3351e+00 +5.5781e-01 -1.7935e+00 +9.1464e-01
5539 +5.790171038e-03 +5.790171038e-03 -4.070420983e+01 -4.070420983e+01 +6.3747e-01 -2.7202e+00 +1.3880e+00 +2.1320e+00 -6.0962e-01 -2.9657e+00 +1.3540e+00 +5.7699e-01 -1.7756e+00 +8.9903e-01
5798 +3.801599167e-03 +3.801599167e-03 -4.070619840e+01 -4.070619840e+01 +6.3154e-01 -2.7289e+00 +1.3982e+00 +2.1374e+00 -6.0517e-01 -2.9615e+00 +1.3506e+00 +5.9899e-01 -1.7777e+00 +8.9687e-01
7587 +2.438459224e-03 +2.438459224e-03 -4.070756154e+01 -4.070756154e+01 +6.2859e-01 -2.7509e+00 +1.4176e+00 +2.1618e+00 -5.6573e-01 -2.9561e+00 +1.3511e+00 +6.1675e-01 -1.7838e+00 +8.9576e-01
10395 +1.520985446e-03 +1.520985446e-03 -4.070847901e+01 -4.070847901e+01 +6.2930e-01 -2.7474e+00 +1.4188e+00 +2.1630e+00 -5.6853e-01 -2.9633e+00 +1.3621e+00 +6.0054e-01 -1.7763e+00 +9.0099e-01
22928 +9.996782545e-04 +9.996782545e-04 -4.070900032e+01 -4.070900032e+01 +6.3268e-01 -2.7474e+00 +1.4188e+00 +2.1666e+00 -5.6684e-01 -2.9623e+00 +1.3620e+00 +5.9736e-01 -1.7687e+00 +9.0818e-01
26568 +6.288565635e-04 +6.288565635e-04 -4.070937114e+01 -4.070937114e+01 +6.4597e-01 -2.7477e+00 +1.4298e+00 +2.1755e+00 -5.6747e-01 -2.9602e+00 +1.3622e+00 +5.8773e-01 -1.7417e+00 +9.2168e-01
39993 +3.968745722e-04 +3.968745722e-04 -4.070960313e+01 -4.070960313e+01 +6.4838e-01 -2.7440e+00 +1.4253e+00 +2.1799e+00 -5.6400e-01 -2.9623e+00 +1.3618e+00 +5.8685e-01 -1.7445e+00 +9.2498e-01
61193 +2.507102229e-04 +2.507102229e-04 -4.070974929e+01 -4.070974929e+01 +6.5165e-01 -2.7419e+00 +1.4207e+00 +2.1865e+00 -5.5990e-01 -2.9636e+00 +1.3633e+00 +5.8570e-01 -1.7438e+00 +9.3011e-01
88792 +1.577415956e-04 +1.577415956e-04 -4.070984226e+01 -4.070984226e+01 +6.5280e-01 -2.7407e+00 +1.4176e+00 +2.1922e+00 -5.5520e-01 -2.9658e+00 +1.3672e+00 +5.8427e-01 -1.7454e+00 +9.3442e-01
119526 +9.956100083e-05 +9.956100083e-05 -4.070990044e+01 -4.070990044e+01 +6.5518e-01 -2.7384e+00 +1.4130e+00 +2.1957e+00 -5.5299e-01 -2.9669e+00 +1.3713e+00 +5.8497e-01 -1.7459e+00 +9.3738e-01
% function evaluation | noise-free fitness - Fopt (8.143200000000e+02) | best noise-free fitness - Fopt | measured fitness | best measured fitness | x1 | x2...
1 +9.290805745e+01 +9.290805745e+01 +9.072280574e+02 +9.072280574e+02 +4.1946e+00 -1.7085e+00 +1.0713e-01 +3.1706e+00 +3.6132e+00 -2.3741e+00 -2.9306e+00 -4.7814e+00 -2.6209e+00 -1.8915e+00
3 +4.137009541e+01 +4.137009541e+01 +8.556900954e+02 +8.556900954e+02 +3.0892e+00 +9.2533e-02 +9.6384e-01 -4.3214e+00 +4.4435e+00 +1.4068e+00 -1.7006e+00 -2.9951e+00 +3.3936e+00 -4.4594e+00
24 +2.158408188e+01 +2.158408188e+01 +8.359040819e+02 +8.359040819e+02 +2.7061e+00 -1.9321e+00 +3.8878e+00 +2.4741e+00 +1.5903e+00 +2.4837e+00 -2.7615e+00 +4.3036e+00 +3.9698e-01 -2.1684e+00
59 +1.262144440e+01 +1.262144440e+01 +8.269414444e+02 +8.269414444e+02 -1.3930e+00 +8.2312e-01 +1.1036e+00 -5.2301e-01 -4.0383e-01 +3.9568e+00 +1.2092e+00 -2.3828e+00 -2.5250e+00 -5.1744e-01
368 +7.888346335e+00 +7.888346335e+00 +8.222083463e+02 +8.222083463e+02 -1.3612e+00 -1.6448e+00 +4.1389e+00 +2.0948e+00 -2.3375e-01 +3.0346e+00 +1.9757e+00 -6.2528e-02 -4.0040e-02 -2.5960e-01
457 +5.491686088e+00 +5.491686088e+00 +8.198116861e+02 +8.198116861e+02 -1.7737e+00 -1.9924e+00 +5.0000e+00 +9.0319e-01 -1.1670e-01 +5.7855e-01 +1.9656e+00 +1.3003e+00 +1.1042e+00 -1.0588e+00
942 +3.918793661e+00 +3.918793661e+00 +8.182387937e+02 +8.182387937e+02 -3.1951e-01 -3.4558e+00 +4.0485e+00 -8.6008e-02 +1.3508e+00 +1.0728e+00 +1.6651e+00 +4.6022e-01 +8.9712e-01 -1.6775e+00
1038 +2.335142682e+00 +2.335142682e+00 +8.166551427e+02 +8.166551427e+02 -1.9442e+00 -4.2010e+00 +5.0000e+00 -7.9671e-01 +1.4561e+00 +6.8216e-01 +1.5783e+00 +1.5184e+00 -7.3169e-02 -2.2632e+00
1563 +1.579951066e+00 +1.579951066e+00 +8.158999511e+02 +8.158999511e+02 -1.9077e+00 -4.0617e+00 +4.8984e+00 -1.0593e+00 +1.3563e+00 +3.9709e-01 +1.7650e+00 +1.4093e+00 -3.9878e-01 -2.1192e+00
1921 +9.993222006e-01 +9.993222006e-01 +8.153193222e+02 +8.153193222e+02 -2.5413e+00 -4.0407e+00 +3.5517e+00 -1.2367e+00 +2.2422e+00 -8.5620e-02 +1.0286e+00 +8.8584e-01 -1.0489e+00 -2.1471e+00
2180 +6.289367013e-01 +6.289367013e-01 +8.149489367e+02 +8.149489367e+02 -2.8435e+00 -3.9369e+00 +3.3848e+00 -1.2354e+00 +2.1424e+00 -2.5971e-01 +1.3648e+00 +8.0823e-01 -1.0230e+00 -2.4588e+00
2498 +3.798859049e-01 +3.798859049e-01 +8.146998859e+02 +8.146998859e+02 -2.7481e+00 -3.9535e+00 +3.5200e+00 -1.2257e+00 +2.3158e+00 -3.6479e-01 +1.4903e+00 +9.1072e-01 -6.0140e-01 -2.1496e+00
2763 +2.206649521e-01 +2.206649521e-01 +8.145406650e+02 +8.145406650e+02 -2.9190e+00 -3.8452e+00 +3.5946e+00 -1.1079e+00 +2.3058e+00 -4.1052e-01 +1.7324e+00 +9.1287e-01 -4.7775e-01 -2.0850e+00
2962 +1.450938662e-01 +1.450938662e-01 +8.144650939e+02 +8.144650939e+02 -2.9297e+00 -3.8020e+00 +3.5858e+00 -1.1997e+00 +2.1362e+00 -4.8850e-01 +1.8176e+00 +9.3679e-01 -6.2481e-01 -2.0393e+00
3520 +9.852395780e-02 +9.852395780e-02 +8.144185240e+02 +8.144185240e+02 -2.8473e+00 -3.7609e+00 +3.7991e+00 -1.1187e+00 +2.2324e+00 -4.9568e-01 +1.9786e+00 +9.5375e-01 -3.3693e-01 -1.8154e+00
3804 +6.099289084e-02 +6.099289084e-02 +8.143809929e+02 +8.143809929e+02 -2.8808e+00 -3.8362e+00 +3.6940e+00 -1.2467e+00 +2.1044e+00 -4.6963e-01 +1.9206e+00 +9.2884e-01 -3.6787e-01 -1.8948e+00
4224 +3.869667738e-02 +3.869667738e-02 +8.143586967e+02 +8.143586967e+02 -2.8412e+00 -3.8007e+00 +3.6721e+00 -1.2985e+00 +2.0633e+00 -5.2443e-01 +2.0271e+00 +1.0453e+00 -3.9576e-01 -2.0442e+00
4674 +2.509852581e-02 +2.509852581e-02 +8.143450985e+02 +8.143450985e+02 -2.8165e+00 -3.8754e+00 +3.8221e+00 -1.3076e+00 +2.0345e+00 -5.3292e-01 +2.0902e+00 +1.0266e+00 -3.9104e-01 -1.8858e+00
4812 +1.492779048e-02 +1.492779048e-02 +8.143349278e+02 +8.143349278e+02 -2.7943e+00 -3.8853e+00 +3.8413e+00 -1.3227e+00 +2.0232e+00 -5.3859e-01 +2.1185e+00 +9.9043e-01 -3.8848e-01 -1.9094e+00
5567 +9.905217258e-03 +9.905217258e-03 +8.143299052e+02 +8.143299052e+02 -2.8078e+00 -3.8716e+00 +3.8389e+00 -1.3406e+00 +2.0379e+00 -5.2273e-01 +2.1111e+00 +9.7357e-01 -3.8540e-01 -1.9239e+00
6323 +5.696295195e-03 +5.696295195e-03 +8.143256963e+02 +8.143256963e+02 -2.7956e+00 -3.8599e+00 +3.8467e+00 -1.3411e+00 +2.0387e+00 -5.3442e-01 +2.1300e+00 +9.6418e-01 -4.0775e-01 -1.9466e+00
7668 +3.632253174e-03 +3.632253174e-03 +8.143236323e+02 +8.143236323e+02 -2.8082e+00 -3.8423e+00 +3.8345e+00 -1.3207e+00 +2.0439e+00 -5.3055e-01 +2.1478e+00 +9.5673e-01 -4.0426e-01 -1.9793e+00
8202 +2.358194829e-03 +2.358194829e-03 +8.143223582e+02 +8.143223582e+02 -2.8101e+00 -3.8332e+00 +3.8307e+00 -1.2790e+00 +2.0631e+00 -5.3304e-01 +2.1594e+00 +9.1575e-01 -4.0374e-01 -1.9580e+00
10283 +1.579181111e-03 +1.579181111e-03 +8.143215792e+02 +8.143215792e+02 -2.8132e+00 -3.8375e+00 +3.8360e+00 -1.2709e+00 +2.0692e+00 -5.1952e-01 +2.1587e+00 +9.1904e-01 -4.0469e-01 -1.9610e+00
15650 +9.714094911e-04 +9.714094911e-04 +8.143209714e+02 +8.143209714e+02 -2.8103e+00 -3.8418e+00 +3.8297e+00 -1.2705e+00 +2.0722e+00 -5.1396e-01 +2.1793e+00 +9.0599e-01 -4.2175e-01 -1.9828e+00
21874 +6.288414451e-04 +6.288414451e-04 +8.143206288e+02 +8.143206288e+02 -2.8114e+00 -3.8404e+00 +3.8312e+00 -1.2682e+00 +2.0725e+00 -5.1428e-01 +2.1764e+00 +9.0393e-01 -4.2332e-01 -1.9820e+00
41703 +3.974208438e-04 +3.974208438e-04 +8.143203974e+02 +8.143203974e+02 -2.8093e+00 -3.8450e+00 +3.8360e+00 -1.2627e+00 +2.0714e+00 -5.1358e-01 +2.1753e+00 +8.9589e-01 -4.2921e-01 -1.9812e+00
66540 +2.511081484e-04 +2.511081484e-04 +8.143202511e+02 +8.143202511e+02 -2.8078e+00 -3.8483e+00 +3.8390e+00 -1.2577e+00 +2.0724e+00 -5.1323e-01 +2.1781e+00 +8.8699e-01 -4.3339e-01 -1.9780e+00
94687 +1.579063799e-04 +1.579063799e-04 +8.143201579e+02 +8.143201579e+02 -2.8058e+00 -3.8510e+00 +3.8414e+00 -1.2533e+00 +2.0724e+00 -5.1384e-01 +2.1823e+00 +8.7979e-01 -4.3721e-01 -1.9753e+00
129088 +9.993053618e-05 +9.993053618e-05 +8.143200999e+02 +8.143200999e+02 -2.8040e+00 -3.8527e+00 +3.8438e+00 -1.2490e+00 +2.0736e+00 -5.1433e-01 +2.1858e+00 +8.7457e-01 -4.4088e-01 -1.9721e+00
% function evaluation | noise-free fitness - Fopt (-6.205000000000e+01) | best noise-free fitness - Fopt | measured fitness | best measured fitness | x1 | x2...
1 +7.284990515e+01 +7.284990515e+01 +1.079990515e+01 +1.079990515e+01 +2.5498e+00 +4.7402e+00 +2.8072e+00 +3.6802e+00 +2.1903e+00 -7.4856e-01 +4.2564e+00 -9.5261e-01 +2.6798e+00 -5.0557e-01
2 +3.124225038e+01 +3.124225038e+01 -3.080774962e+01 -3.080774962e+01 -1.6397e-03 -1.5893e+00 +2.8754e+00 +4.7308e-01 -4.1613e-01 -6.6835e-01 -1.3178e+00 +1.9225e+00 -3.4106e+00 +3.1961e+00
16 +2.224671476e+01 +2.224671476e+01 -3.980328524e+01 -3.980328524e+01 +3.7099e-01 -3.8833e+00 +1.2907e+00 -2.8041e-01 -8.4329e-01 -2.3647e+00 -4.2321e+00 -1.2403e+00 -2.7840e+00 +3.2642e+00
75 +1.348046424e+01 +1.348046424e+01 -4.856953576e+01 -4.856953576e+01 +3.1228e+00 -2.8362e-01 -3.7287e+00 +2.2135e+00 -2.4337e+00 -2.0376e+00 +2.0403e+00 -4.1102e+00 -2.0937e+00 +3.3300e+00
198 +8.366023427e+00 +8.366023427e+00 -5.368397657e+01 -5.368397657e+01 +1.9560e-01 -2.1674e+00 +2.2898e-01 +3.8650e+00 -3.2313e-01 -1.4738e+00 +4.7826e+00 -3.5262e+00 -3.2679e+00 +4.2825e+00
461 +6.001078836e+00 +6.001078836e+00 -5.604892116e+01 -5.604892116e+01 +7.2333e-01 -6.4698e-01 -3.4762e+00 +1.7719e+00 -2.2434e+00 -2.9822e+00 +4.3723e+00 -2.1267e+00 -3.5624e+00 +2.5706e+00
660 +2.309804112e+00 +2.309804112e+00 -5.974019589e+01 -5.974019589e+01 +1.0169e+00 -1.0993e+00 -1.8798e+00 +2.2362e+00 -1.3931e+00 -2.4449e+00 +4.2839e+00 -2.5615e+00 -3.9041e+00 +3.5139e+00
1085 +1.575182224e+00 +1.575182224e+00 -6.047481778e+01 -6.047481778e+01 +1.3639e+00 -9.4512e-01 -1.8911e+00 +2.1504e+00 -1.6009e+00 -2.9102e+00 +4.4449e+00 -2.4761e+00 -3.7031e+00 +3.1816e+00
1324 +9.083061102e-01 +9.083061102e-01 -6.114169389e+01 -6.114169389e+01 +1.3480e+00 -8.3139e-01 -1.2910e+00 +1.9849e+00 -1.7707e+00 -2.9203e+00 +4.2986e+00 -2.8486e+00 -3.5395e+00 +3.1674e+00
1681 +5.934023965e-01 +5.934023965e-01 -6.145659760e+01 -6.145659760e+01 +1.5990e+00 -7.2246e-01 -9.4466e-01 +1.9483e+00 -1.7270e+00 -2.9894e+00 +4.2319e+00 -2.6871e+00 -3.4432e+00 +3.2713e+00
1881 +3.967402735e-01 +3.967402735e-01 -6.165325973e+01 -6.165325973e+01 +1.4836e+00 -6.0181e-01 -8.0843e-01 +2.1569e+00 -2.0065e+00 -3.3491e+00 +4.2922e+00 -2.9194e+00 -3.4424e+00 +3.1127e+00
2226 +2.019101553e-01 +2.019101553e-01 -6.184808984e+01 -6.184808984e+01 +1.7769e+00 -4.6363e-01 -6.9986e-01 +2.1281e+00 -1.8938e+00 -3.4201e+00 +4.2119e+00 -2.8002e+00 -3.4275e+00 +3.0557e+00
2278 +1.392892774e-01 +1.392892774e-01 -6.191071072e+01 -6.191071072e+01 +1.8861e+00 -5.7416e-01 -6.5135e-01 +2.1603e+00 -1.8052e+00 -3.4662e+00 +4.2332e+00 -2.9193e+00 -3.3727e+00 +3.1286e+00
2710 +9.773490014e-02 +9.773490014e-02 -6.195226510e+01 -6.195226510e+01 +1.9993e+00 -7.0559e-01 -7.4338e-01 +2.1956e+00 -1.8689e+00 -3.4817e+00 +4.1039e+00 -2.9311e+00 -3.3035e+00 +3.0926e+00
3563 +6.287144669e-02 +6.287144669e-02 -6.198712855e+01 -6.198712855e+01 +1.9704e+00 -7.1034e-01 -7.4295e-01 +2.1696e+00 -1.8029e+00 -3.5053e+00 +4.0944e+00 -2.9535e+00 -3.2396e+00 +3.0781e+00
4368 +2.741209884e-02 +2.741209884e-02 -6.202258790e+01 -6.202258790e+01 +2.0961e+00 -6.5476e-01 -5.6664e-01 +2.2101e+00 -1.7464e+00 -3.6520e+00 +3.9228e+00 -3.0195e+00 -3.1144e+00 +3.2226e+00
4540 +1.669690720e-02 +1.669690720e-02 -6.203330309e+01 -6.203330309e+01 +1.9714e+00 -6.1863e-01 -6.7716e-01 +2.1210e+00 -1.7837e+00 -3.6349e+00 +4.0117e+00 -2.9932e+00 -3.1647e+00 +3.1663e+00
4862 +1.525767408e-02 +1.525767408e-02 -6.203474233e+01 -6.203474233e+01 +1.9651e+00 -6.2201e-01 -6.6213e-01 +2.1197e+00 -1.7835e+00 -3.6414e+00 +3.9994e+00 -2.9941e+00 -3.1635e+00 +3.1822e+00
5622 +9.184117967e-03 +9.184117967e-03 -6.204081588e+01 -6.204081588e+01 +1.9852e+00 -6.0192e-01 -6.4525e-01 +2.1046e+00 -1.7425e+00 -3.6570e+00 +3.9850e+00 -3.0169e+00 -3.1865e+00 +3.1981e+00
6637 +6.265304059e-03 +6.265304059e-03 -6.204373470e+01 -6.204373470e+01 +1.9964e+00 -5.9008e-01 -6.3536e-01 +2.0966e+00 -1.7290e+00 -3.6583e+00 +3.9633e+00 -3.0096e+00 -3.2039e+00 +3.2157e+00
8458 +3.804664762e-03 +3.804664762e-03 -6.204619534e+01 -6.204619534e+01 +2.0060e+00 -5.7232e-01 -6.3808e-01 +2.0818e+00 -1.7240e+00 -3.6765e+00 +3.9680e+00 -3.0307e+00 -3.2147e+00 +3.2367e+00
9652 +1.986313800e-03 +1.986313800e-03 -6.204801369e+01 -6.204801369e+01 +1.9872e+00 -5.5859e-01 -6.2915e-01 +2.0880e+00 -1.7164e+00 -3.6942e+00 +3.9534e+00 -3.0156e+00 -3.2060e+00 +3.2404e+00
11663 +1.577205063e-03 +1.577205063e-03 -6.204842279e+01 -6.204842279e+01 +1.9813e+00 -5.6077e-01 -5.9795e-01 +2.0839e+00 -1.7098e+00 -3.7018e+00 +3.9441e+00 -3.0081e+00 -3.2106e+00 +3.2424e+00
24753 +9.998694156e-04 +9.998694156e-04 -6.204900013e+01 -6.204900013e+01 +1.9853e+00 -5.4907e-01 -5.9959e-01 +2.0814e+00 -1.7130e+00 -3.7010e+00 +3.9445e+00 -3.0149e+00 -3.2038e+00 +3.2523e+00
46986 +6.301959155e-04 +6.301959155e-04 -6.204936980e+01 -6.204936980e+01 +1.9929e+00 -5.4247e-01 -5.9885e-01 +2.0823e+00 -1.7116e+00 -3.7044e+00 +3.9376e+00 -3.0225e+00 -3.2031e+00 +3.2631e+00
71033 +3.970132175e-04 +3.970132175e-04 -6.204960299e+01 -6.204960299e+01 +1.9983e+00 -5.3540e-01 -5.9907e-01 +2.0829e+00 -1.7098e+00 -3.7056e+00 +3.9326e+00 -3.0308e+00 -3.2050e+00 +3.2710e+00
99494 +2.506397511e-04 +2.506397511e-04 -6.204974936e+01 -6.204974936e+01 +2.0035e+00 -5.3051e-01 -5.9987e-01 +2.0827e+00 -1.7083e+00 -3.7076e+00 +3.9282e+00 -3.0372e+00 -3.2065e+00 +3.2783e+00
125740 +1.572906637e-04 +1.572906637e-04 -6.204984271e+01 -6.204984271e+01 +2.0079e+00 -5.2677e-01 -5.9966e-01 +2.0839e+00 -1.7068e+00 -3.7087e+00 +3.9232e+00 -3.0432e+00 -3.2067e+00 +3.2841e+00
% function evaluation | noise-free fitness - Fopt (-4.328000000000e+01) | best noise-free fitness - Fopt | measured fitness | best measured fitness | x1 | x2...
1 +2.201834291e+01 +2.201834291e+01 -2.126165709e+01 -2.126165709e+01 -4.1289e+00 -1.9394e+00 -1.6499e+00 +8.1491e-01 +7.7295e-01 -3.3509e+00 -1.9656e+00 +1.1467e+00 +3.4273e+00 -9.5443e-01
35 +1.500243065e+01 +1.500243065e+01 -2.827756935e+01 -2.827756935e+01 +7.1268e-01 +3.6283e+00 -2.7123e+00 +8.5128e-02 +4.6338e+00 -3.3508e+00 +1.2994e+00 +1.9110e+00 -1.3210e+00 -3.0560e+00
356 +9.589505548e+00 +9.589505548e+00 -3.369049445e+01 -3.369049445e+01 -2.4692e+00 -2.7737e+00 -1.6199e+00 +2.5670e+00 -9.2393e-01 -3.3798e+00 -4.9290e+00 -5.2997e-01 +3.9670e+00 +2.0676e+00
946 +6.065433767e+00 +6.065433767e+00 -3.721456623e+01 -3.721456623e+01 -1.3910e+00 +6.5938e-01 -1.5054e+00 +7.9098e-01 +2.8985e-01 -2.8737e+00 -5.0000e+00 -3.3947e-01 +2.0007e+00 +1.3979e+00
1180 +3.659210812e+00 +3.659210812e+00 -3.962078919e+01 -3.962078919e+01 -8.1873e-01 +1.6848e+00 -1.6330e+00 +1.5545e+00 +2.8239e+00 -2.2067e+00 -4.3396e+00 -4.3581e-01 +1.0880e+00 +1.7490e+00
2048 +2.460023830e+00 +2.460023830e+00 -4.081997617e+01 -4.081997617e+01 -1.6214e+00 +1.2110e+00 -2.6304e+00 +2.2739e+00 +2.9052e+00 -2.4313e+00 -3.6065e+00 -1.0751e-01 +2.4236e+00 +3.3861e-03
2050 +1.329421460e+00 +1.329421460e+00 -4.195057854e+01 -4.195057854e+01 -3.6487e-01 +2.4950e+00 -3.2503e+00 +2.4846e+00 +2.9338e+00 -1.3668e+00 -4.4119e+00 -1.0864e+00 +1.9473e+00 -6.5106e-01
2370 +9.817695701e-01 +9.817695701e-01 -4.229823043e+01 -4.229823043e+01 -4.1877e-01 +2.7803e+00 -3.5489e+00 +2.1778e+00 +3.0284e+00 -1.3273e+00 -4.0723e+00 -1.0542e+00 +1.9002e+00 -7.5943e-01
2613 +6.077374823e-01 +6.077374823e-01 -4.267226252e+01 -4.267226252e+01 -3.1470e-01 +2.4821e+00 -3.2599e+00 +1.9780e+00 +3.1220e+00 -1.3303e+00 -3.8170e+00 -1.1283e+00 +1.9229e+00 -9.7692e-01
2891 +3.703683178e-01 +3.703683178e-01 -4.290963168e+01 -4.290963168e+01 -3.4827e-01 +2.5660e+00 -3.1403e+00 +1.9889e+00 +3.1696e+00 -1.6567e+00 -3.6817e+00 -1.3343e+00 +1.8376e+00 -1.1255e+00
3134 +2.147139378e-01 +2.147139378e-01 -4.306528606e+01 -4.306528606e+01 -3.8597e-01 +2.5380e+00 -3.0618e+00 +1.8220e+00 +3.2153e+00 -1.7248e+00 -3.6277e+00 -1.1903e+00 +1.7277e+00 -1.2511e+00
3232 +1.344462113e-01 +1.344462113e-01 -4.314555379e+01 -4.314555379e+01 -3.7047e-01 +2.6857e+00 -2.7954e+00 +1.9240e+00 +3.2592e+00 -2.0446e+00 -3.6156e+00 -1.3566e+00 +1.8180e+00 -1.4977e+00
3399 +8.143535458e-02 +8.143535458e-02 -4.319856465e+01 -4.319856465e+01 -3.8837e-01 +2.5849e+00 -2.8078e+00 +1.8205e+00 +3.2274e+00 -2.0489e+00 -3.5471e+00 -1.3299e+00 +1.7664e+00 -1.4161e+00
3579 +6.212334779e-02 +6.212334779e-02 -4.321787665e+01 -4.321787665e+01 -5.2962e-01 +2.6690e+00 -2.9864e+00 +1.6612e+00 +3.1180e+00 -2.0993e+00 -3.4916e+00 -1.2026e+00 +1.7252e+00 -1.2557e+00
4173 +3.602508945e-02 +3.602508945e-02 -4.324397491e+01 -4.324397491e+01 -3.5520e-01 +2.6583e+00 -3.0220e+00 +1.7322e+00 +2.9561e+00 -2.0891e+00 -3.5434e+00 -1.1967e+00 +1.9244e+00 -1.3708e+00
4838 +2.395737806e-02 +2.395737806e-02 -4.325604262e+01 -4.325604262e+01 -4.8264e-01 +2.6407e+00 -2.9812e+00 +1.6504e+00 +3.0868e+00 -2.0696e+00 -3.4759e+00 -1.2400e+00 +1.8240e+00 -1.2939e+00
5927 +1.583838079e-02 +1.583838079e-02 -4.326416162e+01 -4.326416162e+01 -5.0605e-01 +2.6473e+00 -2.9622e+00 +1.6330e+00 +3.1057e+00 -2.0511e+00 -3.5167e+00 -1.2434e+00 +1.8473e+00 -1.3035e+00
7030 +9.334700565e-03 +9.334700565e-03 -4.327066530e+01 -4.327066530e+01 -4.9912e-01 +2.6531e+00 -2.9377e+00 +1.6327e+00 +3.0784e+00 -2.0793e+00 -3.5756e+00 -1.2563e+00 +1.8962e+00 -1.3499e+00
7606 +5.941456880e-03 +5.941456880e-03 -4.327405854e+01 -4.327405854e+01 -4.7507e-01 +2.6477e+00 -2.9436e+00 +1.6502e+00 +3.1036e+00 -2.0626e+00 -3.5812e+00 -1.1939e+00 +1.9111e+00 -1.3535e+00
8014 +3.532344027e-03 +3.532344027e-03 -4.327646766e+01 -4.327646766e+01 -4.7246e-01 +2.6492e+00 -2.9266e+00 +1.6485e+00 +3.1082e+00 -2.0666e+00 -3.6032e+00 -1.1903e+00 +1.9084e+00 -1.3586e+00
11532 +2.443280265e-03 +2.443280265e-03 -4.327755672e+01 -4.327755672e+01 -4.7984e-01 +2.6300e+00 -2.9415e+00 +1.6315e+00 +3.1025e+00 -2.0569e+00 -3.6315e+00 -1.1665e+00 +1.9266e+00 -1.3782e+00
14998 +1.295727933e-03 +1.295727933e-03 -4.327870427e+01 -4.327870427e+01 -4.7319e-01 +2.6361e+00 -2.9152e+00 +1.6482e+00 +3.1146e+00 -2.0938e+00 -3.6479e+00 -1.1744e+00 +1.9426e+00 -1.3974e+00
15868 +9.834125067e-04 +9.834125067e-04 -4.327901659e+01 -4.327901659e+01 -4.7915e-01 +2.6379e+00 -2.9185e+00 +1.6362e+00 +3.1110e+00 -2.0756e+00 -3.6599e+00 -1.1623e+00 +1.9438e+00 -1.3927e+00
25432 +6.286407077e-04 +6.286407077e-04 -4.327937136e+01 -4.327937136e+01 -4.8325e-01 +2.6396e+00 -2.9165e+00 +1.6338e+00 +3.1108e+00 -2.0807e+00 -3.6615e+00 -1.1599e+00 +1.9452e+00 -1.3941e+00
46821 +3.952519568e-04 +3.952519568e-04 -4.327960475e+01 -4.327960475e+01 -4.8639e-01 +2.6426e+00 -2.9115e+00 +1.6314e+00 +3.1111e+00 -2.0857e+00 -3.6701e+00 -1.1544e+00 +1.9492e+00 -1.3973e+00
74151 +2.509850479e-04 +2.509850479e-04 -4.327974901e+01 -4.327974901e+01 -4.8924e-01 +2.6428e+00 -2.9075e+00 +1.6294e+00 +3.1136e+00 -2.0900e+00 -3.6782e+00 -1.1501e+00 +1.9527e+00 -1.4016e+00
103457 +1.584511086e-04 +1.584511086e-04 -4.327984155e+01 -4.327984155e+01 -4.9002e-01 +2.6426e+00 -2.9060e+00 +1.6280e+00 +3.1144e+00 -2.0934e+00 -3.6862e+00 -1.1450e+00 +1.9558e+00 -1.4055e+00
135165 +9.978357176e-05 +9.978357176e-05 -4.327990022e+01 -4.327990022e+01 -4.8922e-01 +2.6430e+00 -2.9054e+00 +1.6265e+00 +3.1151e+00 -2.0964e+00 -3.6936e+00 -1.1412e+00 +1.9581e+00 -1.4079e+00
% function evaluation | noise-free fitness - Fopt (-3.916000000000e+01) | best noise-free fitness - Fopt | measured fitness | best measured fitness | x1 | x2...
1 +8.140043490e+02 +8.140043490e+02 +7.748443490e+02 +7.748443490e+02 +1.2178e+00 -1.2346e+00 +3.7978e+00 -4.4486e+00 +2.8871e+00 -3.4811e+00 +3.7352e+00 +3.1905e+00 +4.2185e+00 +1.5171e+00
3 +6.868171830e+01 +6.868171830e+01 +2.952171830e+01 +2.952171830e+01 -9.3500e-01 +1.3317e+00 -1.7802e+00 -3.7058e+00 -3.0601e+00 -5.8385e-02 -1.6948e+00 +4.9018e+00 -4.6918e+00 -1.8755e+00
10 +9.447670820e+00 +9.447670820e+00 -2.971232918e+01 -2.971232918e+01 -4.3114e+00 -3.8044e+00 +1.3029e+00 +3.1737e+00 +6.8623e-01 +3.4728e+00 +2.2183e+00 +1.0187e+00 -4.4486e+00 +4.1011e-01
832 +6.303950162e+00 +6.303950162e+00 -3.285604984e+01 -3.285604984e+01 -2.8986e+00 -1.5059e+00 +6.4087e-01 +2.6666e+00 +7.3874e-01 +1.3090e+00 +1.9169e+00 -3.5804e-01 -5.0000e+00 +8.9566e-01
1750 +3.699082112e+00 +3.699082112e+00 -3.546091789e+01 -3.546091789e+01 -2.8838e+00 +7.7251e-01 +1.5227e+00 +2.7749e+00 -2.5036e+00 +2.1447e+00 +3.1184e+00 -1.7134e+00 -3.8595e+00 +2.6716e+00
2033 +2.439124732e+00 +2.439124732e+00 -3.672087527e+01 -3.672087527e+01 -3.1377e+00 +4.5451e-01 +1.1072e+00 +2.2947e+00 -2.5223e+00 +1.1545e+00 +2.4689e+00 -2.5613e-01 -3.9279e+00 +2.3210e+00
2582 +1.539710917e+00 +1.539710917e+00 -3.762028908e+01 -3.762028908e+01 -3.9753e+00 +2.7376e+00 +2.9716e+00 +3.1510e+00 -3.7838e+00 +8.2059e-01 +1.6400e+00 -1.1009e+00 -2.4480e+00 +2.2932e+00
3040 +9.416433838e-01 +9.416433838e-01 -3.821835662e+01 -3.821835662e+01 -3.8266e+00 +2.4644e+00 +2.5073e+00 +3.0471e+00 -3.4084e+00 +4.5594e-01 +1.8499e+00 -8.5504e-01 -2.4881e+00 +2.0914e+00
3444 +6.251077228e-01 +6.251077228e-01 -3.853489228e+01 -3.853489228e+01 -3.6832e+00 +2.3721e+00 +2.3686e+00 +2.8543e+00 -3.3857e+00 +4.6606e-01 +2.1838e+00 -8.8074e-01 -2.8411e+00 +2.2438e+00
3794 +3.551321685e-01 +3.551321685e-01 -3.880486783e+01 -3.880486783e+01 -3.8115e+00 +2.1908e+00 +2.2507e+00 +3.0535e+00 -3.0579e+00 +6.0403e-01 +2.3284e+00 -5.9639e-01 -2.9850e+00 +2.3489e+00
3921 +2.136352092e-01 +2.136352092e-01 -3.894636479e+01 -3.894636479e+01 -3.9087e+00 +2.1552e+00 +2.2542e+00 +2.9985e+00 -3.1556e+00 +3.2059e-01 +2.2206e+00 -6.6570e-01 -3.2206e+00 +2.7783e+00
4180 +1.436774594e-01 +1.436774594e-01 -3.901632254e+01 -3.901632254e+01 -3.7711e+00 +1.8613e+00 +2.2333e+00 +3.0728e+00 -3.0118e+00 +8.5716e-02 +2.2640e+00 -7.5289e-01 -3.1431e+00 +2.8493e+00
4467 +9.948244837e-02 +9.948244837e-02 -3.906051755e+01 -3.906051755e+01 -3.7318e+00 +1.8474e+00 +2.3814e+00 +3.1228e+00 -2.9776e+00 +9.5427e-02 +2.2387e+00 -7.1820e-01 -3.1569e+00 +2.9758e+00
4920 +6.290703972e-02 +6.290703972e-02 -3.909709296e+01 -3.909709296e+01 -3.5087e+00 +2.0074e+00 +2.6355e+00 +3.0029e+00 -2.8266e+00 +5.8220e-02 +2.1810e+00 -7.0703e-01 -3.2512e+00 +2.8627e+00
5246 +3.953261948e-02 +3.953261948e-02 -3.912046738e+01 -3.912046738e+01 -3.6034e+00 +1.9727e+00 +2.5315e+00 +3.0184e+00 -2.8716e+00 +1.0550e-01 +2.0929e+00 -6.6681e-01 -3.2213e+00 +2.9269e+00
5874 +2.490135334e-02 +2.490135334e-02 -3.913509865e+01 -3.913509865e+01 -3.5908e+00 +1.9450e+00 +2.5393e+00 +2.9602e+00 -2.9203e+00 +1.1570e-01 +2.1107e+00 -6.3040e-01 -3.1990e+00 +2.9634e+00
6308 +1.543752849e-02 +1.543752849e-02 -3.914456247e+01 -3.914456247e+01 -3.5922e+00 +1.9356e+00 +2.5307e+00 +2.9272e+00 -2.9448e+00 +1.4710e-01 +2.1132e+00 -6.0139e-01 -3.1886e+00 +2.9641e+00
6880 +9.332430590e-03 +9.332430590e-03 -3.915066757e+01 -3.915066757e+01 -3.6060e+00 +1.9412e+00 +2.5130e+00 +2.9101e+00 -2.9276e+00 +1.3863e-01 +2.1421e+00 -6.1047e-01 -3.1742e+00 +2.9586e+00
7973 +6.011978796e-03 +6.011978796e-03 -3.915398802e+01 -3.915398802e+01 -3.5956e+00 +1.9609e+00 +2.5120e+00 +2.8773e+00 -2.9345e+00 +1.4414e-01 +2.1288e+00 -5.8357e-01 -3.1737e+00 +2.9296e+00
9166 +3.686793270e-03 +3.686793270e-03 -3.915631321e+01 -3.915631321e+01 -3.6160e+00 +1.9530e+00 +2.5108e+00 +2.8758e+00 -2.9374e+00 +1.5816e-01 +2.1328e+00 -5.7451e-01 -3.1597e+00 +2.9341e+00
13426 +2.482595092e-03 +2.482595092e-03 -3.915751740e+01 -3.915751740e+01 -3.6260e+00 +1.9426e+00 +2.5174e+00 +2.8868e+00 -2.9513e+00 +1.6290e-01 +2.1604e+00 -5.4792e-01 -3.1322e+00 +2.9210e+00
15068 +1.550327375e-03 +1.550327375e-03 -3.915844967e+01 -3.915844967e+01 -3.6256e+00 +1.9337e+00 +2.5190e+00 +2.8653e+00 -2.9437e+00 +1.3823e-01 +2.1625e+00 -5.3854e-01 -3.1191e+00 +2.9402e+00
17570 +9.767212630e-04 +9.767212630e-04 -3.915902328e+01 -3.915902328e+01 -3.6495e+00 +1.9289e+00 +2.5103e+00 +2.8640e+00 -2.9520e+00 +1.3756e-01 +2.1624e+00 -5.2994e-01 -3.1135e+00 +2.9351e+00
18333 +4.493709572e-04 +4.493709572e-04 -3.915955063e+01 -3.915955063e+01 -3.6455e+00 +1.9224e+00 +2.5181e+00 +2.8629e+00 -2.9547e+00 +1.3557e-01 +2.1655e+00 -5.1917e-01 -3.1041e+00 +2.9399e+00
23414 +3.970519683e-04 +3.970519683e-04 -3.915960295e+01 -3.915960295e+01 -3.6454e+00 +1.9208e+00 +2.5185e+00 +2.8631e+00 -2.9559e+00 +1.3555e-01 +2.1645e+00 -5.1681e-01 -3.1025e+00 +2.9407e+00
46650 +2.483954520e-04 +2.483954520e-04 -3.915975160e+01 -3.915975160e+01 -3.6460e+00 +1.9147e+00 +2.5206e+00 +2.8628e+00 -2.9588e+00 +1.3415e-01 +2.1625e+00 -5.0976e-01 -3.0960e+00 +2.9457e+00
73987 +1.579388972e-04 +1.579388972e-04 -3.915984206e+01 -3.915984206e+01 -3.6456e+00 +1.9094e+00 +2.5227e+00 +2.8629e+00 -2.9611e+00 +1.3196e-01 +2.1631e+00 -5.0395e-01 -3.0898e+00 +2.9488e+00
101050 +9.968692931e-05 +9.968692931e-05 -3.915990031e+01 -3.915990031e+01 -3.6444e+00 +1.9047e+00 +2.5244e+00 +2.8627e+00 -2.9626e+00 +1.2943e-01 +2.1621e+00 -4.9902e-01 -3.0840e+00 +2.9509e+00
% function evaluation | noise-free fitness - Fopt (-1.732800000000e+02) | best noise-free fitness - Fopt | measured fitness | best measured fitness | x1 | x2...
1 +5.303178924e+01 +5.303178924e+01 -1.202482108e+02 -1.202482108e+02 +3.8925e+00 +1.2020e+00 -2.2614e-02 +7.7594e-01 -7.2776e-01 -4.3490e+00 -4.8359e+00 +1.8719e+00 -4.3383e-01 +1.3380e+00
2 +2.570924630e+01 +2.570924630e+01 -1.475707537e+02 -1.475707537e+02 -4.1574e+00 -3.7247e+00 +4.4642e+00 -2.3959e+00 -1.2032e+00 +1.5198e+00 +4.7035e+00 +2.0341e+00 +3.8903e-01 -4.6551e+00
24 +2.406287486e+01 +2.406287486e+01 -1.492171251e+02 -1.492171251e+02 +1.8592e+00 -1.3295e+00 -2.2387e-01 -2.3385e-01 +1.5308e+00 +3.7986e+00 -3.5403e+00 -3.5851e-01 -2.4703e+00 +8.9759e-01
83 +1.427824310e+01 +1.427824310e+01 -1.590017569e+02 -1.590017569e+02 +2.2796e-02 +1.3946e+00 +1.6324e+00 +3.6489e+00 -1.6078e+00 +4.0843e+00 -5.2795e-01 +1.4248e+00 -1.2246e+00 +3.7461e+00
366 +9.483571867e+00 +9.483571867e+00 -1.637964281e+02 -1.637964281e+02 -1.3702e-01 +1.3226e-01 +7.5877e-01 +9.8064e-01 -5.1191e-01 +2.8667e+00 +4.9813e-01 +1.5149e+00 -1.2598e+00 +5.0000e+00
677 +5.983360178e+00 +5.983360178e+00 -1.672966398e+02 -1.672966398e+02 -1.6916e+00 -2.9414e-01 +6.5175e-01 -5.8684e-01 +1.3258e+00 +4.1802e+00 -1.3614e+00 +2.1525e+00 -7.2192e-01 +5.0000e+00
1159 +3.341931480e+00 +3.341931480e+00 -1.699380685e+02 -1.699380685e+02 -2.1632e+00 -1.2048e-01 +3.5174e+00 -4.7115e-01 +1.7860e+00 +3.1207e+00 -1.1702e+00 +1.4521e-01 -1.2567e-01 +2.4446e+00
1330 +1.694208634e+00 +1.694208634e+00 -1.715857914e+02 -1.715857914e+02 -3.1726e+00 -3.6304e-01 +2.2814e+00 -1.5042e+00 +1.5325e+00 +2.1600e+00 -2.1788e+00 +1.6753e+00 -1.6472e+00 +1.9438e+00
1417 +1.502946669e+00 +1.502946669e+00 -1.717770533e+02 -1.717770533e+02 -3.0968e+00 -3.8499e-01 +2.1691e+00 -1.5461e+00 +1.4764e+00 +2.1898e+00 -2.0289e+00 +1.8262e+00 -1.6264e+00 +1.8857e+00
1830 +8.375665928e-01 +8.375665928e-01 -1.724424334e+02 -1.724424334e+02 -3.2026e+00 -9.9981e-01 +2.0391e+00 -9.0877e-01 +1.2993e+00 +2.8883e+00 -1.5312e+00 +1.5298e+00 -1.6212e+00 +5.4761e-01
2343 +4.406255664e-01 +4.406255664e-01 -1.728393744e+02 -1.728393744e+02 -3.1082e+00 -1.0305e+00 +2.4415e+00 -8.0745e-01 +1.0792e+00 +2.4164e+00 -9.0962e-01 +1.6569e+00 -1.2703e+00 +7.2752e-01
2479 +3.028100774e-01 +3.028100774e-01 -1.729771899e+02 -1.729771899e+02 -3.0576e+00 -1.1198e+00 +2.4940e+00 -7.8566e-01 +9.9819e-01 +2.2800e+00 -9.5470e-01 +1.7223e+00 -1.3536e+00 +8.4285e-01
2649 +2.382103492e-01 +2.382103492e-01 -1.730417897e+02 -1.730417897e+02 -3.1142e+00 -1.0011e+00 +2.6406e+00 -7.4017e-01 +9.2111e-01 +2.3518e+00 -1.1018e+00 +1.6220e+00 -1.6009e+00 +8.8902e-01
2838 +7.620282111e-02 +7.620282111e-02 -1.732037972e+02 -1.732037972e+02 -2.8846e+00 -1.1270e+00 +2.6076e+00 -7.9068e-01 +8.0581e-01 +2.3164e+00 -1.1358e+00 +1.7209e+00 -1.7133e+00 +1.1568e+00
3213 +5.832960149e-02 +5.832960149e-02 -1.732216704e+02 -1.732216704e+02 -2.8922e+00 -1.1241e+00 +2.5724e+00 -7.9992e-01 +7.9027e-01 +2.2903e+00 -1.1172e+00 +1.7231e+00 -1.6955e+00 +1.1539e+00
3836 +3.773869228e-02 +3.773869228e-02 -1.732422613e+02 -1.732422613e+02 -2.9184e+00 -1.1038e+00 +2.5676e+00 -8.3155e-01 +7.8707e-01 +2.2630e+00 -1.0748e+00 +1.7513e+00 -1.6729e+00 +1.1938e+00
4699 +2.473008011e-02 +2.473008011e-02 -1.732552699e+02 -1.732552699e+02 -2.9278e+00 -1.1097e+00 +2.5228e+00 -8.5393e-01 +7.8164e-01 +2.2590e+00 -1.0340e+00 +1.8030e+00 -1.6387e+00 +1.2212e+00
5686 +1.579882002e-02 +1.579882002e-02 -1.732642012e+02 -1.732642012e+02 -2.9342e+00 -1.0569e+00 +2.4901e+00 -8.7160e-01 +7.5900e-01 +2.2767e+00 -1.0622e+00 +1.8129e+00 -1.5876e+00 +1.2126e+00
6372 +9.955654282e-03 +9.955654282e-03 -1.732700443e+02 -1.732700443e+02 -2.9376e+00 -1.0296e+00 +2.4700e+00 -8.6464e-01 +7.2090e-01 +2.2997e+00 -1.0581e+00 +1.8507e+00 -1.6062e+00 +1.2446e+00
7080 +5.288429676e-03 +5.288429676e-03 -1.732747116e+02 -1.732747116e+02 -2.9329e+00 -1.0092e+00 +2.4711e+00 -8.9211e-01 +7.0195e-01 +2.3031e+00 -1.0508e+00 +1.8689e+00 -1.5838e+00 +1.2625e+00
8246 +3.456617664e-03 +3.456617664e-03 -1.732765434e+02 -1.732765434e+02 -2.9136e+00 -9.9212e-01 +2.4716e+00 -9.0746e-01 +6.9338e-01 +2.2955e+00 -1.0591e+00 +1.8789e+00 -1.5901e+00 +1.2666e+00
11081 +2.511457042e-03 +2.511457042e-03 -1.732774885e+02 -1.732774885e+02 -2.9149e+00 -9.7923e-01 +2.4877e+00 -9.3034e-01 +6.9073e-01 +2.3128e+00 -1.0570e+00 +1.8964e+00 -1.5841e+00 +1.2694e+00
20585 +1.584414772e-03 +1.584414772e-03 -1.732784156e+02 -1.732784156e+02 -2.9084e+00 -9.7844e-01 +2.4727e+00 -9.3931e-01 +6.6673e-01 +2.3174e+00 -1.0639e+00 +1.8805e+00 -1.5801e+00 +1.2694e+00
27926 +9.994907652e-04 +9.994907652e-04 -1.732790005e+02 -1.732790005e+02 -2.9087e+00 -9.5332e-01 +2.4759e+00 -9.3745e-01 +6.5852e-01 +2.3223e+00 -1.0764e+00 +1.8854e+00 -1.5780e+00 +1.2676e+00
32133 +6.242883736e-04 +6.242883736e-04 -1.732793757e+02 -1.732793757e+02 -2.9041e+00 -9.4800e-01 +2.4802e+00 -9.5168e-01 +6.4654e-01 +2.3235e+00 -1.0772e+00 +1.8792e+00 -1.5645e+00 +1.2719e+00
52204 +3.969497967e-04 +3.969497967e-04 -1.732796031e+02 -1.732796031e+02 -2.9056e+00 -9.4449e-01 +2.4805e+00 -9.5498e-01 +6.3797e-01 +2.3286e+00 -1.0787e+00 +1.8814e+00 -1.5623e+00 +1.2755e+00
76743 +2.506360365e-04 +2.506360365e-04 -1.732797494e+02 -1.732797494e+02 -2.9087e+00 -9.3774e-01 +2.4791e+00 -9.5901e-01 +6.3002e-01 +2.3333e+00 -1.0801e+00 +1.8819e+00 -1.5580e+00 +1.2775e+00
105241 +1.584147723e-04 +1.584147723e-04 -1.732798416e+02 -1.732798416e+02 -2.9097e+00 -9.3230e-01 +2.4779e+00 -9.6217e-01 +6.2310e-01 +2.3360e+00 -1.0816e+00 +1.8819e+00 -1.5529e+00 +1.2797e+00
141800 +9.936613517e-05 +9.936613517e-05 -1.732799006e+02 -1.732799006e+02 -2.9107e+00 -9.2799e-01 +2.4774e+00 -9.6542e-01 +6.1698e-01 +2.3396e+00 -1.0831e+00 +1.8805e+00 -1.5494e+00 +1.2805e+00
% function evaluation | noise-free fitness - Fopt (-1.017000000000e+01) | best noise-free fitness - Fopt | measured fitness | best measured fitness | x1 | x2...
1 +1.198727005e+02 +1.198727005e+02 +1.097027005e+02 +1.097027005e+02 +7.1940e-01 -3.1686e+00 -2.1973e-01 -2.8586e+00 -3.6340e+00 +1.4754e+00 -2.8314e+00 +4.9670e+00 +4.3560e+00 -8.0932e-01
4 +8.604393183e+01 +8.604393183e+01 +7.587393183e+01 +7.587393183e+01 -3.6529e+00 +1.5239e+00 -4.5634e+00 +1.1522e+00 -4.6918e+00 +2.0380e+00 +2.1579e+00 -2.8290e+00 +1.0270e+00 +2.1904e+00
6 +4.383262360e+01 +4.383262360e+01 +3.366262360e+01 +3.366262360e+01 -3.5289e+00 -4.5290e+00 +3.0370e+00 -2.3125e+00 +2.4558e+00 -3.3676e+00 +7.3914e-01 -4.3772e+00 -4.9242e-01 +3.6318e+00
8 +2.339221682e+01 +2.339221682e+01 +1.322221682e+01 +1.322221682e+01 +2.8259e+00 +2.7885e-01 -3.1581e+00 +7.5129e-01 -1.8351e+00 -3.7127e+00 -3.8429e+00 +2.0689e+00 -2.6009e+00 +3.6218e+00
197 +1.279021542e+01 +1.279021542e+01 +2.620215416e+00 +2.620215416e+00 -1.8501e+00 +5.0081e-02 +2.5868e+00 +1.9170e+00 -2.0674e-01 -7.3638e-01 -1.2284e+00 -2.0462e-01 +1.1936e+00 +3.0044e+00
441 +9.413496336e+00 +9.413496336e+00 -7.565036644e-01 -7.565036644e-01 -1.2187e+00 -3.9116e-01 +3.0807e+00 +1.4536e+00 -4.4283e-01 -6.8261e-01 -1.9131e+00 +1.3042e+00 -1.3083e+00 +2.4650e+00
798 +6.280101595e+00 +6.280101595e+00 -3.889898405e+00 -3.889898405e+00 -1.7567e+00 +6.1181e-01 +3.1487e+00 +1.0632e+00 +5.9586e-01 -7.0131e-01 -3.1779e+00 +1.6594e+00 -1.1469e+00 +2.4501e+00
1181 +3.696016544e+00 +3.696016544e+00 -6.473983456e+00 -6.473983456e+00 -1.0303e+00 +1.8219e+00 +3.8854e+00 -5.3517e-01 +2.6267e+00 -1.4376e+00 -2.4262e+00 +4.3093e+00 -2.4626e+00 +3.4661e+00
1618 +2.338608203e+00 +2.338608203e+00 -7.831391797e+00 -7.831391797e+00 +3.1092e-01 +1.2668e+00 +3.7393e+00 -1.8239e+00 +2.8216e+00 -1.5691e+00 -3.0773e+00 +4.2294e+00 -2.8083e+00 +3.7174e+00
2098 +1.504520267e+00 +1.504520267e+00 -8.665479733e+00 -8.665479733e+00 +7.6604e-01 +1.2871e+00 +3.4136e+00 -1.8590e+00 +2.9590e+00 -1.3380e+00 -3.1887e+00 +3.8334e+00 -2.4066e+00 +3.8111e+00
2349 +9.173177874e-01 +9.173177874e-01 -9.252682213e+00 -9.252682213e+00 +8.2952e-01 +1.5992e+00 +3.2376e+00 -1.8184e+00 +3.1839e+00 -1.0486e+00 -3.5403e+00 +3.6596e+00 -2.2503e+00 +3.8109e+00
2613 +5.555544570e-01 +5.555544570e-01 -9.614445543e+00 -9.614445543e+00 +1.2009e+00 +1.5672e+00 +3.1201e+00 -1.7918e+00 +3.1845e+00 -9.7526e-01 -3.7813e+00 +3.4519e+00 -2.1962e+00 +3.7786e+00
2788 +3.262721130e-01 +3.262721130e-01 -9.843727887e+00 -9.843727887e+00 +1.3386e+00 +1.3343e+00 +2.9231e+00 -1.7018e+00 +3.3267e+00 -7.6501e-01 -3.7219e+00 +3.4986e+00 -2.1065e+00 +3.5606e+00
3213 +1.988985885e-01 +1.988985885e-01 -9.971101411e+00 -9.971101411e+00 +1.4580e+00 +1.4342e+00 +2.6504e+00 -1.6562e+00 +3.1875e+00 -7.6914e-01 -3.8815e+00 +3.3168e+00 -2.0700e+00 +3.4005e+00
3226 +1.321985248e-01 +1.321985248e-01 -1.003780148e+01 -1.003780148e+01 +1.4920e+00 +1.5168e+00 +2.7632e+00 -1.6397e+00 +3.1049e+00 -6.4498e-01 -3.8269e+00 +3.2908e+00 -1.9445e+00 +3.5391e+00
3605 +9.565631208e-02 +9.565631208e-02 -1.007434369e+01 -1.007434369e+01 +1.4518e+00 +1.5534e+00 +2.8035e+00 -1.4791e+00 +3.0306e+00 -6.1154e-01 -3.9693e+00 +3.4071e+00 -1.7444e+00 +3.5423e+00
4117 +4.280794615e-02 +4.280794615e-02 -1.012719205e+01 -1.012719205e+01 +1.3601e+00 +1.5044e+00 +2.8332e+00 -1.5859e+00 +3.0909e+00 -4.4364e-01 -3.9817e+00 +3.3681e+00 -1.7940e+00 +3.4737e+00
4251 +3.803736036e-02 +3.803736036e-02 -1.013196264e+01 -1.013196264e+01 +1.3605e+00 +1.4916e+00 +2.8146e+00 -1.5849e+00 +3.0893e+00 -4.2865e-01 -3.9713e+00 +3.3476e+00 -1.7924e+00 +3.4769e+00
4787 +2.471273087e-02 +2.471273087e-02 -1.014528727e+01 -1.014528727e+01 +1.3833e+00 +1.5316e+00 +2.7909e+00 -1.6026e+00 +3.0602e+00 -4.0031e-01 -3.9480e+00 +3.3328e+00 -1.7608e+00 +3.4416e+00
5879 +1.384464716e-02 +1.384464716e-02 -1.015615535e+01 -1.015615535e+01 +1.3866e+00 +1.5701e+00 +2.7653e+00 -1.5968e+00 +3.0590e+00 -4.3632e-01 -3.9288e+00 +3.3545e+00 -1.7167e+00 +3.4012e+00
6751 +9.683290110e-03 +9.683290110e-03 -1.016031671e+01 -1.016031671e+01 +1.3589e+00 +1.5793e+00 +2.7296e+00 -1.5899e+00 +3.0495e+00 -4.4117e-01 -3.9342e+00 +3.3342e+00 -1.7292e+00 +3.3785e+00
7572 +5.431276068e-03 +5.431276068e-03 -1.016456872e+01 -1.016456872e+01 +1.3713e+00 +1.6177e+00 +2.7207e+00 -1.5962e+00 +3.0330e+00 -4.6432e-01 -3.9152e+00 +3.3390e+00 -1.7236e+00 +3.3431e+00
9285 +3.672776390e-03 +3.672776390e-03 -1.016632722e+01 -1.016632722e+01 +1.3819e+00 +1.6338e+00 +2.7079e+00 -1.5760e+00 +3.0279e+00 -4.6645e-01 -3.9078e+00 +3.3443e+00 -1.7012e+00 +3.3369e+00
12240 +2.511491947e-03 +2.511491947e-03 -1.016748851e+01 -1.016748851e+01 +1.3928e+00 +1.6313e+00 +2.7052e+00 -1.6080e+00 +2.9946e+00 -4.5315e-01 -3.8982e+00 +3.3528e+00 -1.6914e+00 +3.3253e+00
19453 +1.264445133e-03 +1.264445133e-03 -1.016873555e+01 -1.016873555e+01 +1.4031e+00 +1.6597e+00 +2.7021e+00 -1.6052e+00 +2.9801e+00 -4.7739e-01 -3.8833e+00 +3.3382e+00 -1.6944e+00 +3.3142e+00
19669 +9.056094066e-04 +9.056094066e-04 -1.016909439e+01 -1.016909439e+01 +1.4024e+00 +1.6690e+00 +2.6981e+00 -1.5956e+00 +2.9804e+00 -4.8245e-01 -3.8870e+00 +3.3405e+00 -1.6878e+00 +3.3129e+00
20379 +6.214410833e-04 +6.214410833e-04 -1.016937856e+01 -1.016937856e+01 +1.4127e+00 +1.6779e+00 +2.6957e+00 -1.5906e+00 +2.9823e+00 -4.9393e-01 -3.8724e+00 +3.3353e+00 -1.6875e+00 +3.3071e+00
34604 +3.979724106e-04 +3.979724106e-04 -1.016960203e+01 -1.016960203e+01 +1.4137e+00 +1.6837e+00 +2.6923e+00 -1.5905e+00 +2.9784e+00 -4.9347e-01 -3.8692e+00 +3.3353e+00 -1.6864e+00 +3.3038e+00
58688 +2.510611263e-04 +2.510611263e-04 -1.016974894e+01 -1.016974894e+01 +1.4165e+00 +1.6907e+00 +2.6892e+00 -1.5911e+00 +2.9732e+00 -4.9566e-01 -3.8640e+00 +3.3339e+00 -1.6858e+00 +3.2969e+00
90776 +1.583546739e-04 +1.583546739e-04 -1.016984165e+01 -1.016984165e+01 +1.4215e+00 +1.6956e+00 +2.6877e+00 -1.5901e+00 +2.9699e+00 -4.9648e-01 -3.8575e+00 +3.3318e+00 -1.6850e+00 +3.2912e+00
128218 +9.991637095e-05 +9.991637095e-05 -1.016990008e+01 -1.016990008e+01 +1.4251e+00 +1.6987e+00 +2.6873e+00 -1.5923e+00 +2.9669e+00 -4.9948e-01 -3.8530e+00 +3.3303e+00 -1.6831e+00 +3.2864e+00
