% function evaluation | noise-free fitness - Fopt (-2.098800000000e+02) | best noise-free fitness - Fopt | measured fitness | best measured fitness | x1 | x2...
1 +5.276374560e+07 +5.276374560e+07 +5.276353572e+07 +5.276353572e+07 -3.6902e+00 -6.8712e-01 +3.3886e+00 -2.8115e+00 -4.7268e+00 +4.6807e+00 +4.2399e+00 -2.9659e+00 -4.3758e+00 -4.8498e+00
2 +6.440443968e+06 +6.440443968e+06 +6.440234088e+06 +6.440234088e+06 +1.3590e+00 +2.5004e+00 +2.6677e+00 -2.2541e+00 +3.2545e+00 -2.4712e+00 -3.9009e+00 +3.6083e+00 +3.9411e+00 +2.8330e+00
3 +2.005402839e+06 +2.005402839e+06 +2.005192959e+06 +2.005192959e+06 -1.6422e+00 -3.4413e+00 +4.0582e+00 -4.1378e+00 -3.7789e+00 +4.4811e+00 -3.8589e+00 +4.2239e+00 -2.8192e+00 +2.3440e+00
22 +7.395404308e+05 +7.395404308e+05 +7.393305508e+05 +7.393305508e+05 +2.5625e+00 -1.7601e+00 +4.2601e-01 +5.6914e-01 -2.7599e+00 -3.6111e+00 +3.0056e-01 +1.5628e+00 -1.3299e+00 +3.3015e+00
58 +3.756125340e+05 +3.756125340e+05 +3.754026540e+05 +3.754026540e+05 +2.5509e+00 +2.5135e+00 -1.5992e+00 +4.6126e+00 +4.7808e-02 +3.0705e+00 -3.6535e-01 +1.1460e+00 -4.1427e-01 +2.2745e+00
% function evaluation | noise-free fitness - Fopt (-9.209000000000e+01) | best noise-free fitness - Fopt | measured fitness | best measured fitness | x1 | x2...
1 +3.527677929e+07 +3.527677929e+07 +3.527668720e+07 +3.527668720e+07 -3.6491e+00 -1.4374e-01 +3.6437e-01 +3.1035e+00 +9.9801e-02 -4.2903e+00 +3.5623e+00 -4.2042e+00 +4.8229e+00 -4.0291e+00
2 +4.826830858e+06 +4.826830858e+06 +4.826738768e+06 +4.826738768e+06 +2.0496e+00 +2.9267e+00 +8.9440e-01 +2.3132e+00 +2.2556e+00 +9.1182e-01 -3.2223e+00 +6.9881e-01 +3.8832e+00 +3.1771e-01
8 +2.899377238e+06 +2.899377238e+06 +2.899285148e+06 +2.899285148e+06 -3.5281e+00 -4.9808e+00 -8.7967e-01 -3.9196e-01 +2.8204e+00 -3.1865e+00 +3.9382e+00 -2.3515e+00 -5.6851e-01 +3.1092e+00
18 +1.853303375e+06 +1.853303375e+06 +1.853211285e+06 +1.853211285e+06 -9.5964e-01 +3.2867e+00 +2.8288e+00 +3.3811e+00 -1.9633e-01 +3.7843e-01 +6.7772e-01 +3.7458e+00 -2.1046e+00 +2.0830e+00
49 +1.075480668e+06 +1.075480668e+06 +1.075388578e+06 +1.075388578e+06 +2.7962e+00 -3.5524e+00 -9.7318e-01 +5.7660e-01 -2.8958e+00 +2.3646e+00 -1.7053e+00 +2.9920e+00 -1.1975e+00 +2.0082e+00
52 +8.247372176e+05 +8.247372176e+05 +8.246451276e+05 +8.246451276e+05 +4.5413e+00 -4.5520e+00 -1.2041e+00 -1.1609e+00 -4.5058e+00 +3.8815e-01 -2.0417e+00 +3.3346e+00 +1.9050e+00 +1.6006e+00
86 +3.997846864e+05 +3.997846864e+05 +3.996925964e+05 +3.996925964e+05 +7.4359e-02 -6.3410e-01 +3.8468e+00 -1.5388e+00 +2.5889e+00 -3.0018e+00 +3.9675e+00 -1.5303e-01 +1.1641e+00 +1.9421e+00
% function evaluation | noise-free fitness - Fopt (-8.789000000000e+01) | best noise-free fitness - Fopt | measured fitness | best measured fitness | x1 | x2...
1 +6.202996906e+07 +6.202996906e+07 +6.202988117e+07 +6.202988117e+07 +1.0359e+00 -4.3785e+00 -2.7046e+00 +4.3417e+00 -2.3127e+00 -3.8458e+00 +2.3841e+00 +3.6497e-01 +1.9657e+00 -4.4498e+00
3 +2.174992198e+07 +2.174992198e+07 +2.174983409e+07 +2.174983409e+07 +3.2687e+00 -6.7699e-01 -2.7935e-01 +4.4040e-01 +8.9304e-01 +1.5276e+00 +4.1997e+00 +3.0820e+00 +2.8796e+00 -4.1723e-01
4 +7.108503417e+06 +7.108503417e+06 +7.108415527e+06 +7.108415527e+06 -2.8348e+00 +2.4644e+00 -3.3514e+00 +3.2868e+00 +3.3012e+00 +2.9385e+00 -4.5203e+00 -4.5472e+00 -1.7169e+00 +1.0401e+00
8 +6.081324779e+06 +6.081324779e+06 +6.081236889e+06 +6.081236889e+06 +1.9891e+00 -2.0220e+00 -1.8134e+00 +4.4960e+00 +4.1685e+00 +4.7367e+00 +1.1430e+00 +1.1256e+00 +1.9314e+00 +4.5543e+00
10 +1.135639057e+06 +1.135639057e+06 +1.135551167e+06 +1.135551167e+06 +4.4072e+00 +2.4564e-01 -2.2166e+00 +1.7813e+00 +1.0257e+00 +2.4293e+00 -1.2485e+00 +4.1321e+00 -7.8835e-01 +3.0425e+00
49 +8.661503300e+05 +8.661503300e+05 +8.660624400e+05 +8.660624400e+05 -2.5081e+00 -4.6295e+00 +1.4161e+00 +4.6256e+00 +3.9550e+00 -3.6124e+00 -1.3560e+00 -1.7695e-01 -1.7475e+00 +4.2273e+00
% function evaluation | noise-free fitness - Fopt (3.201900000000e+02) | best noise-free fitness - Fopt | measured fitness | best measured fitness | x1 | x2...
1 +7.914455175e+06 +7.914455175e+06 +7.914775365e+06 +7.914775365e+06 +2.0966e+00 -2.7499e+00 -4.8997e+00 -3.5599e+00 +1.2183e+00 +2.9645e+00 +1.8129e+00 +1.1065e+00 -3.5113e+00 +2.4700e+00
2 +6.192529431e+06 +6.192529431e+06 +6.192849621e+06 +6.192849621e+06 -4.3092e+00 -2.7383e+00 +3.7393e-01 -4.3726e+00 -3.6928e+00 +5.6854e-01 -3.0238e+00 -3.8597e+00 -1.5611e-01 +1.7013e+00
3 +1.712455281e+06 +1.712455281e+06 +1.712775471e+06 +1.712775471e+06 +2.7989e+00 +4.4774e-01 +2.3225e+00 -1.0207e+00 -3.9983e+00 +1.7728e+00 +3.6694e+00 +3.7270e+00 -4.6197e+00 +1.0168e-01
33 +1.175344096e+06 +1.175344096e+06 +1.175664286e+06 +1.175664286e+06 -1.1312e+00 +4.1689e+00 -4.7177e+00 +3.5449e+00 +1.9533e+00 -2.8615e+00 -3.5810e+00 -3.0624e+00 -4.8577e+00 -6.7018e-01
62 +7.204546430e+05 +7.204546430e+05 +7.207748330e+05 +7.207748330e+05 -2.6733e+00 -2.9378e+00 +2.7584e+00 -5.4582e-01 +3.0583e+00 +1.0433e+00 -1.0284e-01 -3.1999e+00 -2.9766e+00 +4.0161e-01
% function evaluation | noise-free fitness - Fopt (-1.042400000000e+02) | best noise-free fitness - Fopt | measured fitness | best measured fitness | x1 | x2...
1 +4.218116329e+06 +4.218116329e+06 +4.218012089e+06 +4.218012089e+06 -3.3610e+00 -2.9375e+00 -4.0559e+00 +2.9462e+00 -3.3133e+00 +3.8166e+00 +3.3903e+00 -3.3383e+00 +2.9506e+00 -4.3485e+00
5 +1.730119150e+06 +1.730119150e+06 +1.730014910e+06 +1.730014910e+06 +1.7264e+00 -4.8354e+00 -3.0186e+00 +2.3085e+00 +4.6063e+00 +3.9529e+00 -6.9608e-01 -1.0721e+00 +4.6120e+00 -3.1685e+00
17 +1.550708174e+06 +1.550708174e+06 +1.550603934e+06 +1.550603934e+06 +3.2210e-01 -4.8827e+00 +2.5349e+00 +2.9620e+00 -3.7448e+00 +3.0516e+00 +2.1666e+00 -9.1805e-01 +4.6095e+00 -2.7456e+00
65 +6.795733736e+05 +6.795733736e+05 +6.794691336e+05 +6.794691336e+05 +2.9181e+00 -7.1215e-01 +2.0260e+00 -1.8275e+00 -3.2098e+00 -2.8287e+00 +1.9193e+00 +4.3135e+00 +2.3285e+00 -3.8013e+00
73 +5.305762697e+05 +5.305762697e+05 +5.304720297e+05 +5.304720297e+05 +1.1470e+00 +3.3061e+00 -1.2641e+00 +4.6190e+00 +1.7463e+00 -4.5873e-01 -3.6854e+00 +4.0913e+00 +3.6854e+00 -2.9642e+00
% function evaluation | noise-free fitness - Fopt (-1.000000000000e+03) | best noise-free fitness - Fopt | measured fitness | best measured fitness | x1 | x2...
1 +1.740424622e+07 +1.740424622e+07 +1.740324622e+07 +1.740324622e+07 +1.7803e+00 -3.5109e+00 -9.8989e-02 +4.8636e+00 +3.7242e+00 -3.4065e+00 +4.4491e+00 +4.5694e+00 -3.2042e+00 -1.4824e+00
2 +6.951813732e+06 +6.951813732e+06 +6.950813732e+06 +6.950813732e+06 +3.2868e+00 +8.3957e-01 +4.8931e+00 -4.7092e+00 +1.5149e+00 -2.7013e-01 +3.9457e+00 +4.0408e+00 +1.0187e+00 +3.6717e+00
8 +1.965650984e+06 +1.965650984e+06 +1.964650984e+06 +1.964650984e+06 -4.6843e+00 +4.1250e-02 -2.9000e+00 -4.1860e+00 +1.3033e+00 -2.1511e+00 +2.1153e+00 +1.5443e+00 -3.9014e+00 +3.6399e+00
30 +1.304509112e+06 +1.304509112e+06 +1.303509112e+06 +1.303509112e+06 -3.6910e+00 +1.1642e+00 +3.9075e+00 -1.4458e+00 +2.6797e+00 -1.4703e+00 -1.3826e+00 -4.0081e+00 -3.8467e+00 +1.6140e+00
64 +8.610116883e+05 +8.610116883e+05 +8.600116883e+05 +8.600116883e+05 -4.8250e+00 -4.6897e+00 -1.6229e+00 -2.7693e+00 -2.7015e+00 -1.2579e+00 +3.7677e+00 +1.3059e+00 -4.6843e+00 +2.8019e+00
% function evaluation | noise-free fitness - Fopt (-3.629000000000e+01) | best noise-free fitness - Fopt | measured fitness | best measured fitness | x1 | x2...
1 +4.032593808e+06 +4.032593808e+06 +4.032557518e+06 +4.032557518e+06 +1.0243e+00 -3.4003e-01 +2.0116e+00 -9.2494e-01 -1.8971e+00 +1.1023e+00 -9.4927e-01 -9.8891e-02 +3.9739e+00 +1.1138e+00
3 +1.600240995e+06 +1.600240995e+06 +1.600204705e+06 +1.600204705e+06 -4.8229e-01 +1.8830e+00 +5.6316e-01 -2.9490e+00 +4.0088e+00 -2.1919e+00 +3.4460e+00 +1.2959e+00 +2.3765e+00 +4.0232e+00
76 +1.354207224e+06 +1.354207224e+06 +1.354170934e+06 +1.354170934e+06 -1.0953e+00 -2.9346e+00 -1.3374e+00 -4.3949e-01 +1.9961e+00 +1.7229e+00 +4.0501e+00 -4.2918e+00 +3.5397e+00 +3.6356e+00
% function evaluation | noise-free fitness - Fopt (-4.840000000000e+01) | best noise-free fitness - Fopt | measured fitness | best measured fitness | x1 | x2...
1 +2.017123324e+07 +2.017123324e+07 +2.017118484e+07 +2.017118484e+07 +3.0263e+00 -3.6686e+00 +1.9493e+00 -4.3421e+00 -1.3716e+00 +2.7063e+00 -2.0785e+00 +4.9957e+00 +3.5247e+00 +4.4243e+00
3 +3.324267948e+05 +3.324267948e+05 +3.323783948e+05 +3.323783948e+05 -3.7433e+00 +4.8871e+00 -4.4518e+00 +3.9614e+00 -4.4444e+00 +3.6180e+00 -4.5543e+00 -1.8157e+00 -4.8252e-01 +7.3431e-01
% function evaluation | noise-free fitness - Fopt (1.000000000000e+03) | best noise-free fitness - Fopt | measured fitness | best measured fitness | x1 | x2...
1 +3.622749377e+06 +3.622749377e+06 +3.623749377e+06 +3.623749377e+06 -2.7269e+00 -4.0667e-01 -1.2844e+00 +4.7172e+00 -4.5614e+00 +4.0642e+00 -3.1019e+00 +2.2938e-01 -7.7920e-01 -1.1561e+00
8 +2.396520233e+06 +2.396520233e+06 +2.397520233e+06 +2.397520233e+06 -9.2456e-01 +1.6163e+00 -7.2777e-01 -3.5832e+00 -7.1757e-01 -2.1619e+00 -1.2511e-01 -2.6195e+00 +2.9460e-01 -2.5952e+00
39 +1.055913395e+06 +1.055913395e+06 +1.056913395e+06 +1.056913395e+06 -4.2336e+00 -5.3135e-01 +1.9101e+00 +3.7998e+00 +1.5991e+00 +2.0247e+00 +4.9963e+00 +7.5121e-01 +2.8076e+00 -2.6572e+00
44 +6.323236849e+05 +6.323236849e+05 +6.333236849e+05 +6.333236849e+05 +1.4818e+00 +4.8753e+00 -1.8930e+00 -1.9138e+00 -3.7445e+00 -1.3023e+00 +3.9319e-01 +9.5911e-01 +3.5719e+00 -2.0446e+00
% function evaluation | noise-free fitness - Fopt (3.261100000000e+02) | best noise-free fitness - Fopt | measured fitness | best measured fitness | x1 | x2...
1 +2.553481132e+07 +2.553481132e+07 +2.553513743e+07 +2.553513743e+07 +1.5394e+00 +1.0774e+00 +3.6315e+00 -3.5633e+00 -3.8929e+00 +4.7542e+00 +4.8847e+00 +4.3041e+00 -2.1326e+00 -4.1193e+00
2 +5.144412363e+06 +5.144412363e+06 +5.144738473e+06 +5.144738473e+06 -4.1920e-02 +4.1832e+00 +1.7468e+00 +4.1178e+00 -1.4892e+00 -1.7753e+00 -1.1798e+00 -1.1283e+00 +3.2706e+00 -1.2861e+00
9 +1.794193075e+06 +1.794193075e+06 +1.794519185e+06 +1.794519185e+06 +6.7379e-01 -2.3520e-01 +4.6540e-01 +3.7775e+00 -3.8839e+00 -4.1875e+00 -1.0340e+00 +4.8780e+00 +4.1822e+00 +1.2137e+00
15 +1.067183250e+06 +1.067183250e+06 +1.067509360e+06 +1.067509360e+06 +4.4880e+00 -8.6098e-02 -2.3472e+00 -1.1232e+00 -3.5464e+00 -1.5805e+00 -1.7773e+00 +1.9164e+00 +3.9299e+00 +4.9947e-01
17 +7.842846271e+05 +7.842846271e+05 +7.846107371e+05 +7.846107371e+05 +3.3117e+00 -3.7232e+00 -4.4409e+00 +4.4683e+00 -3.4301e+00 +1.3239e+00 -1.9490e+00 +2.5169e+00 +1.7072e+00 -3.1696e-01
34 +2.289488016e+05 +2.289488016e+05 +2.292749116e+05 +2.292749116e+05 +9.6498e-01 -3.7782e+00 +1.1224e+00 +2.3606e+00 -4.1357e+00 +8.9010e-01 -4.3428e-01 +4.2319e+00 +1.7960e+00 +8.7235e-01
% function evaluation | noise-free fitness - Fopt (-4.682000000000e+01) | best noise-free fitness - Fopt | measured fitness | best measured fitness | x1 | x2...
1 +5.208901775e+06 +5.208901775e+06 +5.208854955e+06 +5.208854955e+06 +3.0592e+00 -2.6366e-01 +1.1368e+00 -3.6941e-01 +1.1517e+00 -3.0664e+00 -1.5321e+00 +3.2878e+00 -2.7138e+00 -2.5673e+00
20 +4.844519657e+05 +4.844519657e+05 +4.844051457e+05 +4.844051457e+05 +2.6289e+00 -2.2526e-02 +3.8645e+00 +4.9428e+00 -1.3672e-01 +4.1565e-02 -4.4024e-01 +1.2052e+00 +2.7833e+00 -3.8204e+00
% function evaluation | noise-free fitness - Fopt (-5.563000000000e+01) | best noise-free fitness - Fopt | measured fitness | best measured fitness | x1 | x2...
1 +6.251983857e+07 +6.251983857e+07 +6.251978294e+07 +6.251978294e+07 +3.8409e+00 -1.5356e+00 -5.7370e-02 -3.9331e+00 +4.6900e+00 -3.7802e+00 +4.9750e-02 +2.9444e+00 +1.1490e+00 +3.7810e+00
2 +1.541580435e+07 +1.541580435e+07 +1.541574872e+07 +1.541574872e+07 -4.3967e-01 -1.9728e+00 -3.0890e+00 -1.5725e+00 -2.1195e+00 +4.6008e+00 -1.8262e+00 +3.7513e+00 -1.7852e+00 -4.8546e-02
3 +8.747451856e+05 +8.747451856e+05 +8.746895556e+05 +8.746895556e+05 +4.3234e-01 -4.7188e+00 -4.5654e+00 -1.1124e-01 +4.1947e+00 +2.9111e+00 +2.8133e+00 -1.3712e+00 +1.6274e-01 -2.9495e+00
100 +4.491566512e+05 +4.491566512e+05 +4.491010212e+05 +4.491010212e+05 +1.5475e+00 +2.0207e+00 -2.3245e+00 -3.4277e+00 +4.2940e+00 -2.3478e+00 -9.5508e-01 -4.3160e+00 +4.8490e-02 -3.3191e+00
% function evaluation | noise-free fitness - Fopt (3.460000000000e+01) | best noise-free fitness - Fopt | measured fitness | best measured fitness | x1 | x2...
1 +4.238610596e+07 +4.238610596e+07 +4.238614056e+07 +4.238614056e+07 +1.1127e+00 +4.5907e+00 -2.8959e+00 -4.8545e+00 +4.7701e+00 -2.6103e-01 +2.8586e+00 -3.3133e-01 +4.7166e+00 +2.0981e+00
2 +4.587988338e+06 +4.587988338e+06 +4.588022938e+06 +4.588022938e+06 -2.9362e+00 -4.3258e+00 +4.2055e+00 -4.3857e+00 +5.2759e-01 +1.5186e+00 +3.0650e-02 -1.9852e+00 +1.1814e+00 -2.7949e+00
3 +3.538495568e+06 +3.538495568e+06 +3.538530168e+06 +3.538530168e+06 -3.8063e+00 -2.6853e+00 -1.5913e-01 -4.6205e+00 -4.2819e+00 +5.7116e-01 -4.3472e+00 +3.8207e+00 -4.5281e-01 -1.8158e+00
9 +9.209511604e+05 +9.209511604e+05 +9.209857604e+05 +9.209857604e+05 +3.1003e+00 +4.5046e+00 +3.9717e+00 -3.6234e+00 -2.1311e+00 -2.4983e+00 -4.2292e+00 -2.0166e+00 -2.2897e+00 -3.3980e+00
36 +5.019432851e+05 +5.019432851e+05 +5.019778851e+05 +5.019778851e+05 +2.0876e+00 +4.9887e+00 -1.7114e+00 -4.0935e-02 +3.5682e+00 +1.4609e+00 +1.7224e+00 +1.9749e+00 -3.8352e+00 -3.4543e+00
% function evaluation | noise-free fitness - Fopt (8.816000000000e+01) | best noise-free fitness - Fopt | measured fitness | best measured fitness | x1 | x2...
1 +1.645286955e+07 +1.645286955e+07 +1.645295771e+07 +1.645295771e+07 -1.0064e+00 +2.6974e+00 +1.8196e+00 -4.9120e+00 +1.4107e+00 -7.9305e-01 +1.8086e+00 -1.0367e+00 -2.1688e+00 -1.9808e+00
2 +7.364321033e+06 +7.364321033e+06 +7.364409193e+06 +7.364409193e+06 +1.8540e+00 -1.7481e+00 -3.7148e+00 +1.8360e+00 -1.3918e+00 +7.1204e-01 +4.1042e-01 -1.6151e+00 +4.9927e+00 +4.6531e-01
3 +2.985176814e+06 +2.985176814e+06 +2.985264974e+06 +2.985264974e+06 +1.1335e+00 -1.1392e+00 -3.2481e+00 +2.0532e+00 +4.0261e+00 +2.3676e+00 +2.6372e+00 +3.7603e+00 +3.2544e+00 +2.8402e+00
9 +8.908536822e+05 +8.908536822e+05 +8.909418422e+05 +8.909418422e+05 -2.8099e+00 +2.0036e+00 -1.9156e+00 -1.1176e+00 +3.8914e+00 -3.3213e+00 +4.9423e+00 +3.5936e+00 +2.1252e+00 +1.9872e+00
56 +3.911111137e+05 +3.911111137e+05 +3.911992737e+05 +3.911992737e+05 -1.8158e+00 +2.8293e+00 +1.6551e+00 -5.3163e-02 -2.2742e+00 +3.9046e+00 +1.5781e+00 +7.5972e-01 -1.2752e-01 +2.3754e+00
% function evaluation | noise-free fitness - Fopt (-1.866200000000e+02) | best noise-free fitness - Fopt | measured fitness | best measured fitness | x1 | x2...
1 +1.669339635e+07 +1.669339635e+07 +1.669320973e+07 +1.669320973e+07 +2.7095e-01 -7.6689e-01 -1.2464e-01 +4.2117e+00 -4.7579e+00 +2.7193e+00 +2.2248e+00 +1.9238e+00 +3.2462e+00 -2.9485e+00
2 +1.019901787e+07 +1.019901787e+07 +1.019883125e+07 +1.019883125e+07 +1.6795e+00 -3.1341e+00 -3.8829e-01 +1.9984e+00 +2.1191e+00 -2.3952e+00 -2.2358e-01 -1.6363e+00 +3.3995e+00 +2.3094e+00
4 +7.795352536e+06 +7.795352536e+06 +7.795165916e+06 +7.795165916e+06 +3.8790e+00 -4.1727e+00 +3.5788e+00 -2.1865e+00 +3.8133e+00 -1.8527e+00 +1.7826e+00 +2.6438e+00 +3.4818e+00 +1.3967e+00
5 +1.601491227e+06 +1.601491227e+06 +1.601304607e+06 +1.601304607e+06 -1.9688e+00 +3.0962e+00 -1.2031e+00 +2.2160e+00 +1.1336e+00 -3.0649e+00 -3.9103e+00 +3.3241e+00 -1.7717e+00 +1.4348e+00
13 +1.139440488e+06 +1.139440488e+06 +1.139253868e+06 +1.139253868e+06 -2.3345e+00 +4.1623e+00 -1.1612e+00 +3.3315e-01 -3.9186e+00 -1.3833e+00 +4.8878e+00 +5.9139e-02 -2.0318e+00 +9.5298e-01
38 +4.292620029e+05 +4.292620029e+05 +4.290753829e+05 +4.290753829e+05 -2.9294e+00 -2.7159e+00 +1.4804e+00 -2.6005e+00 +4.7439e+00 -6.4120e-01 -9.8234e-01 +3.8842e+00 -1.6343e+00 +3.2901e-01
63 +2.796892898e+05 +2.796892898e+05 +2.795026698e+05 +2.795026698e+05 -1.2353e+00 -2.9980e+00 -4.3179e+00 -2.5071e+00 +4.6104e+00 -3.0458e+00 -3.6331e+00 -1.0439e+00 -1.6838e+00 +2.6324e-01
