% function evaluation | noise-free fitness - Fopt (-2.098800000000e+02) | best noise-free fitness - Fopt | measured fitness | best measured fitness | x1 | x2...
1 +1.935127964e+07 +1.935127964e+07 +1.935106976e+07 +1.935106976e+07 +3.1161e+00 +4.8425e+00
2 +1.557677974e+07 +1.557677974e+07 +1.557656986e+07 +1.557656986e+07 -1.2855e+00 +4.4069e+00
4 +3.343792068e+06 +3.343792068e+06 +3.343582188e+06 +3.343582188e+06 -9.4723e-01 -1.2835e+00
5 +2.586555475e+04 +2.586555475e+04 +2.565567475e+04 +2.565567475e+04 +4.1307e+00 +2.9665e-01
8 +1.273014000e+04 +1.273014000e+04 +1.252026000e+04 +1.252026000e+04 +4.6452e+00 +5.5350e-01
10 +9.310311963e+02 +9.310311963e+02 +7.211511963e+02 +7.211511963e+02 -4.0451e-01 +4.8007e-01
209 +1.793499742e+02 +1.793499742e+02 -3.053002579e+01 -3.053002579e+01 +8.4549e-01 +4.6120e-01
254 +7.302126163e+01 +7.302126163e+01 -1.368587384e+02 -1.368587384e+02 +4.5058e+00 +4.5578e-01
357 +3.186439242e+01 +3.186439242e+01 -1.780156076e+02 -1.780156076e+02 -3.8319e+00 +4.5103e-01
386 +1.842428442e+01 +1.842428442e+01 -1.914557156e+02 -1.914557156e+02 +8.5444e-01 +4.4408e-01
451 +6.670215863e+00 +6.670215863e+00 -2.032097841e+02 -2.032097841e+02 +8.4047e-01 +4.5051e-01
453 +9.673467273e-01 +9.673467273e-01 -2.089126533e+02 -2.089126533e+02 +8.5024e-01 +4.4704e-01
516 +3.742492728e-01 +3.742492728e-01 -2.095057507e+02 -2.095057507e+02 +8.4578e-01 +4.4756e-01
645 +2.323647726e-01 +2.323647726e-01 -2.096476352e+02 -2.096476352e+02 +8.4466e-01 +4.4769e-01
692 +1.567887318e-01 +1.567887318e-01 -2.097232113e+02 -2.097232113e+02 +8.4508e-01 +4.4814e-01
1954 +6.356481956e-02 +6.356481956e-02 -2.098164352e+02 -2.098164352e+02 +9.5439e-01 +4.4800e-01
5119 +6.296568344e-02 +6.296568344e-02 -2.098170343e+02 -2.098170343e+02 +1.0197e+00 +4.4816e-01
5502 +3.965769998e-02 +3.965769998e-02 -2.098403423e+02 -2.098403423e+02 +1.0196e+00 +4.4796e-01
15516 +2.495637595e-02 +2.495637595e-02 -2.098550436e+02 -2.098550436e+02 +1.0587e+00 +4.4801e-01
18875 +1.343179816e-02 +1.343179816e-02 -2.098665682e+02 -2.098665682e+02 +1.0960e+00 +4.4797e-01
19261 +9.343175547e-03 +9.343175547e-03 -2.098706568e+02 -2.098706568e+02 +1.1093e+00 +4.4803e-01
24397 +6.309533223e-03 +6.309533223e-03 -2.098736905e+02 -2.098736905e+02 +1.1207e+00 +4.4800e-01
32704 +2.794760361e-03 +2.794760361e-03 -2.098772052e+02 -2.098772052e+02 +1.1560e+00 +4.4801e-01
40265 +2.346542963e-03 +2.346542963e-03 -2.098776535e+02 -2.098776535e+02 +1.1646e+00 +4.4798e-01
48678 +1.193390505e-03 +1.193390505e-03 -2.098788066e+02 -2.098788066e+02 +1.1769e+00 +4.4801e-01
49018 +7.871860959e-04 +7.871860959e-04 -2.098792128e+02 -2.098792128e+02 +1.1946e+00 +4.4797e-01
49368 +5.261381232e-04 +5.261381232e-04 -2.098794739e+02 -2.098794739e+02 +1.1945e+00 +4.4798e-01
49556 +1.792885740e-04 +1.792885740e-04 -2.098798207e+02 -2.098798207e+02 +1.1946e+00 +4.4800e-01
49650 +1.564912182e-04 +1.564912182e-04 -2.098798435e+02 -2.098798435e+02 +1.1947e+00 +4.4800e-01
51875 +2.989165245e-05 +2.989165245e-05 -2.098799701e+02 -2.098799701e+02 +1.2129e+00 +4.4800e-01
64838 +2.496964706e-05 +2.496964706e-05 -2.098799750e+02 -2.098799750e+02 +1.2119e+00 +4.4800e-01
72131 +7.470539543e-06 +7.470539543e-06 -2.098799925e+02 -2.098799925e+02 +1.2047e+00 +4.4800e-01
72365 +5.985590491e-06 +5.985590491e-06 -2.098799940e+02 -2.098799940e+02 +1.2047e+00 +4.4800e-01
75440 +3.844564560e-06 +3.844564560e-06 -2.098799962e+02 -2.098799962e+02 +1.2052e+00 +4.4800e-01
82798 +2.241533878e-06 +2.241533878e-06 -2.098799978e+02 -2.098799978e+02 +1.2057e+00 +4.4800e-01
85514 +1.479025769e-06 +1.479025769e-06 -2.098799985e+02 -2.098799985e+02 +1.2060e+00 +4.4800e-01
90550 +9.028773036e-07 +9.028773036e-07 -2.098799991e+02 -2.098799991e+02 +1.2062e+00 +4.4800e-01
100907 +6.308970910e-07 +6.308970910e-07 -2.098799994e+02 -2.098799994e+02 +1.2064e+00 +4.4800e-01
110581 +3.857684590e-07 +3.857684590e-07 -2.098799996e+02 -2.098799996e+02 +1.2066e+00 +4.4800e-01
113767 +2.310613638e-07 +2.310613638e-07 -2.098799998e+02 -2.098799998e+02 +1.2068e+00 +4.4800e-01
114176 +1.132310672e-07 +1.132310672e-07 -2.098799999e+02 -2.098799999e+02 +1.2069e+00 +4.4800e-01
115018 +2.837867896e-08 +2.837867896e-08 -2.098800000e+02 -2.098800000e+02 +1.2070e+00 +4.4800e-01
119836 +3.174363883e-09 +3.174363883e-09 -2.098800000e+02 -2.098800000e+02 +1.2072e+00 +4.4800e-01
% function evaluation | noise-free fitness - Fopt (-9.209000000000e+01) | best noise-free fitness - Fopt | measured fitness | best measured fitness | x1 | x2...
1 +3.527775790e+04 +3.527775790e+04 +3.518566790e+04 +3.518566790e+04 -3.4552e+00 +2.4412e+00
18 +8.479005863e+03 +8.479005863e+03 +8.386915863e+03 +8.386915863e+03 +3.0058e+00 +2.7110e+00
37 +5.580145322e+02 +5.580145322e+02 +4.659245322e+02 +4.659245322e+02 +4.7930e+00 +2.6441e+00
294 +1.910039124e+02 +1.910039124e+02 +9.891391235e+01 +9.891391235e+01 +3.0189e+00 +2.6350e+00
333 +7.886253156e+01 +7.886253156e+01 -1.322746844e+01 -1.322746844e+01 +2.9915e+00 +2.6124e+00
396 +5.167557425e+01 +5.167557425e+01 -4.041442575e+01 -4.041442575e+01 +2.9956e+00 +2.6285e+00
413 +3.821351671e+01 +3.821351671e+01 -5.387648329e+01 -5.387648329e+01 +2.9885e+00 +2.6276e+00
421 +1.211458678e+01 +1.211458678e+01 -7.997541322e+01 -7.997541322e+01 +2.9708e+00 +2.6241e+00
515 +5.764266615e+00 +5.764266615e+00 -8.632573339e+01 -8.632573339e+01 +2.9914e+00 +2.6214e+00
3494 +1.400356025e+00 +1.400356025e+00 -9.068964398e+01 -9.068964398e+01 +1.2855e+00 +2.6205e+00
3567 +4.705464104e-01 +4.705464104e-01 -9.161945359e+01 -9.161945359e+01 +1.2821e+00 +2.6213e+00
3802 +3.925083060e-01 +3.925083060e-01 -9.169749169e+01 -9.169749169e+01 +1.2821e+00 +2.6214e+00
8896 +1.427515948e-01 +1.427515948e-01 -9.194724841e+01 -9.194724841e+01 +1.1190e+00 +2.6216e+00
12704 +6.827080580e-02 +6.827080580e-02 -9.202172919e+01 -9.202172919e+01 +9.7262e-01 +2.6215e+00
12756 +6.289006569e-02 +6.289006569e-02 -9.202710993e+01 -9.202710993e+01 +9.7256e-01 +2.6216e+00
20097 +2.474417935e-02 +2.474417935e-02 -9.206525582e+01 -9.206525582e+01 +8.7758e-01 +2.6215e+00
27425 +1.584087093e-02 +1.584087093e-02 -9.207415913e+01 -9.207415913e+01 +8.5497e-01 +2.6216e+00
39432 +9.807885834e-03 +9.807885834e-03 -9.208019211e+01 -9.208019211e+01 +7.7742e-01 +2.6217e+00
39516 +3.261720160e-03 +3.261720160e-03 -9.208673828e+01 -9.208673828e+01 +7.7751e-01 +2.6216e+00
40066 +1.651349030e-03 +1.651349030e-03 -9.208834865e+01 -9.208834865e+01 +7.6700e-01 +2.6216e+00
41859 +1.582880679e-03 +1.582880679e-03 -9.208841712e+01 -9.208841712e+01 +7.6651e-01 +2.6216e+00
45938 +9.808422550e-04 +9.808422550e-04 -9.208901916e+01 -9.208901916e+01 +7.5722e-01 +2.6216e+00
56729 +6.307247450e-04 +6.307247450e-04 -9.208936928e+01 -9.208936928e+01 +7.4926e-01 +2.6216e+00
62388 +3.579328440e-04 +3.579328440e-04 -9.208964207e+01 -9.208964207e+01 +7.4345e-01 +2.6216e+00
73501 +1.999394999e-04 +1.999394999e-04 -9.208980006e+01 -9.208980006e+01 +7.3885e-01 +2.6216e+00
85954 +1.578731956e-04 +1.578731956e-04 -9.208984213e+01 -9.208984213e+01 +7.3803e-01 +2.6216e+00
88737 +4.560556074e-05 +4.560556074e-05 -9.208995439e+01 -9.208995439e+01 +7.3028e-01 +2.6216e+00
88800 +3.608363447e-05 +3.608363447e-05 -9.208996392e+01 -9.208996392e+01 +7.3028e-01 +2.6216e+00
89011 +2.488675207e-05 +2.488675207e-05 -9.208997511e+01 -9.208997511e+01 +7.3028e-01 +2.6216e+00
104453 +1.445674285e-05 +1.445674285e-05 -9.208998554e+01 -9.208998554e+01 +7.2929e-01 +2.6216e+00
112139 +9.893949994e-06 +9.893949994e-06 -9.208999011e+01 -9.208999011e+01 +7.2894e-01 +2.6216e+00
% function evaluation | noise-free fitness - Fopt (-8.789000000000e+01) | best noise-free fitness - Fopt | measured fitness | best measured fitness | x1 | x2...
1 +1.141504838e+07 +1.141504838e+07 +1.141496049e+07 +1.141496049e+07 -4.8141e+00 +2.3887e-01
2 +8.297874949e+04 +8.297874949e+04 +8.289085949e+04 +8.289085949e+04 +3.6670e+00 +3.3591e+00
30 +5.815386423e+04 +5.815386423e+04 +5.806597423e+04 +5.806597423e+04 -2.2226e+00 +3.4039e+00
32 +2.517717008e+04 +2.517717008e+04 +2.508928008e+04 +2.508928008e+04 -1.0227e+00 +3.4963e+00
113 +1.292869346e+03 +1.292869346e+03 +1.204979346e+03 +1.204979346e+03 +1.6931e+00 +3.6842e+00
288 +3.186729057e+02 +3.186729057e+02 +2.307829057e+02 +2.307829057e+02 +2.2240e+00 +3.6281e+00
334 +1.154094833e+02 +1.154094833e+02 +2.751948334e+01 +2.751948334e+01 +2.2256e+00 +3.6347e+00
397 +7.934971139e+01 +7.934971139e+01 -8.540288612e+00 -8.540288612e+00 +2.1343e+00 +3.6362e+00
416 +2.727060282e+01 +2.727060282e+01 -6.061939718e+01 -6.061939718e+01 +2.1456e+00 +3.6501e+00
450 +1.092398778e+01 +1.092398778e+01 -7.696601222e+01 -7.696601222e+01 +2.2111e+00 +3.6429e+00
463 +5.044467344e+00 +5.044467344e+00 -8.284553266e+01 -8.284553266e+01 +2.2097e+00 +3.6444e+00
556 +3.947634055e+00 +3.947634055e+00 -8.394236595e+01 -8.394236595e+01 +2.2052e+00 +3.6452e+00
7636 +2.507480626e+00 +2.507480626e+00 -8.538251937e+01 -8.538251937e+01 +1.9130e+00 +3.6452e+00
17643 +1.565201358e+00 +1.565201358e+00 -8.632479864e+01 -8.632479864e+01 +1.3817e+00 +3.6456e+00
19945 +7.674003171e-01 +7.674003171e-01 -8.712259968e+01 -8.712259968e+01 +1.1331e+00 +3.6459e+00
20490 +6.301924868e-01 +6.301924868e-01 -8.725980751e+01 -8.725980751e+01 +1.1070e+00 +3.6455e+00
37203 +2.749303946e-01 +2.749303946e-01 -8.761506961e+01 -8.761506961e+01 +7.2090e-01 +3.6454e+00
37325 +2.468763062e-01 +2.468763062e-01 -8.764312369e+01 -8.764312369e+01 +7.2100e-01 +3.6455e+00
39215 +1.272469313e-01 +1.272469313e-01 -8.776275307e+01 -8.776275307e+01 +5.9924e-01 +3.6456e+00
44661 +9.987085463e-02 +9.987085463e-02 -8.779012915e+01 -8.779012915e+01 +5.4618e-01 +3.6456e+00
45878 +4.513031826e-02 +4.513031826e-02 -8.784486968e+01 -8.784486968e+01 +3.6537e-01 +3.6454e+00
46118 +1.592890370e-02 +1.592890370e-02 -8.787407110e+01 -8.787407110e+01 +3.6526e-01 +3.6456e+00
46123 +1.580699568e-02 +1.580699568e-02 -8.787419300e+01 -8.787419300e+01 +3.6546e-01 +3.6456e+00
57474 +9.022583219e-03 +9.022583219e-03 -8.788097742e+01 -8.788097742e+01 +2.7198e-01 +3.6455e+00
57533 +1.364917081e-03 +1.364917081e-03 -8.788863508e+01 -8.788863508e+01 +2.7198e-01 +3.6456e+00
57676 +9.937805731e-04 +9.937805731e-04 -8.788900622e+01 -8.788900622e+01 +2.7225e-01 +3.6456e+00
60079 +4.305969172e-04 +4.305969172e-04 -8.788956940e+01 -8.788956940e+01 +2.5931e-01 +3.6456e+00
60496 +3.903818745e-04 +3.903818745e-04 -8.788960962e+01 -8.788960962e+01 +2.5927e-01 +3.6456e+00
60868 +1.045821307e-04 +1.045821307e-04 -8.788989542e+01 -8.788989542e+01 +2.4925e-01 +3.6456e+00
63544 +9.945459517e-05 +9.945459517e-05 -8.788990055e+01 -8.788990055e+01 +2.4911e-01 +3.6456e+00
86313 +6.274816920e-05 +6.274816920e-05 -8.788993725e+01 -8.788993725e+01 +2.4697e-01 +3.6456e+00
105301 +3.806638273e-05 +3.806638273e-05 -8.788996193e+01 -8.788996193e+01 +2.4566e-01 +3.6456e+00
% function evaluation | noise-free fitness - Fopt (3.201900000000e+02) | best noise-free fitness - Fopt | measured fitness | best measured fitness | x1 | x2...
1 +2.569119368e+07 +2.569119368e+07 +2.569151387e+07 +2.569151387e+07 -1.5496e+00 +2.7719e+00
2 +3.628083041e+06 +3.628083041e+06 +3.628403231e+06 +3.628403231e+06 +4.2874e+00 -4.1965e+00
7 +1.784475906e+04 +1.784475906e+04 +1.816494906e+04 +1.816494906e+04 +1.5258e+00 -2.2212e+00
24 +1.267342466e+04 +1.267342466e+04 +1.299361466e+04 +1.299361466e+04 -3.9300e+00 -2.2556e+00
156 +8.886470150e+02 +8.886470150e+02 +1.208837015e+03 +1.208837015e+03 -1.4757e+00 -2.3313e+00
313 +4.592353687e+02 +4.592353687e+02 +7.794253687e+02 +7.794253687e+02 -1.4731e+00 -2.3395e+00
316 +8.300983002e+00 +8.300983002e+00 +3.284909830e+02 +3.284909830e+02 -1.4627e+00 -2.3579e+00
489 +2.347276264e+00 +2.347276264e+00 +3.225372763e+02 +3.225372763e+02 -1.4617e+00 -2.3597e+00
558 +1.035564176e+00 +1.035564176e+00 +3.212255642e+02 +3.212255642e+02 -1.4295e+00 -2.3606e+00
663 +9.930894931e-01 +9.930894931e-01 +3.211830895e+02 +3.211830895e+02 -1.4293e+00 -2.3607e+00
1133 +5.611047287e-01 +5.611047287e-01 +3.207511047e+02 +3.207511047e+02 -1.2391e+00 -2.3608e+00
2489 +3.916335389e-01 +3.916335389e-01 +3.205816335e+02 +3.205816335e+02 -1.1157e+00 -2.3608e+00
11719 +1.903355416e-01 +1.903355416e-01 +3.203803355e+02 +3.203803355e+02 -7.6479e-01 -2.3605e+00
11936 +1.275936947e-01 +1.275936947e-01 +3.203175937e+02 +3.203175937e+02 -7.6487e-01 -2.3607e+00
12297 +3.831484572e-02 +3.831484572e-02 +3.202283148e+02 +3.202283148e+02 -6.1935e-01 -2.3608e+00
13941 +2.994921580e-03 +2.994921580e-03 +3.201929949e+02 +3.201929949e+02 -4.1306e-01 -2.3608e+00
14177 +2.111284467e-03 +2.111284467e-03 +3.201921113e+02 +3.201921113e+02 -4.1307e-01 -2.3608e+00
14232 +5.762927293e-04 +5.762927293e-04 +3.201905763e+02 +3.201905763e+02 -4.1290e-01 -2.3608e+00
14511 +3.844649025e-04 +3.844649025e-04 +3.201903845e+02 +3.201903845e+02 -4.1297e-01 -2.3608e+00
30537 +2.408586363e-04 +2.408586363e-04 +3.201902409e+02 +3.201902409e+02 -4.3845e-01 -2.3608e+00
30685 +1.206504588e-04 +1.206504588e-04 +3.201901207e+02 +3.201901207e+02 -4.3841e-01 -2.3608e+00
30804 +9.718976776e-05 +9.718976776e-05 +3.201900972e+02 +3.201900972e+02 -4.3843e-01 -2.3608e+00
30878 +4.136727142e-05 +4.136727142e-05 +3.201900414e+02 +3.201900414e+02 -4.3851e-01 -2.3608e+00
31103 +3.941393618e-05 +3.941393618e-05 +3.201900394e+02 +3.201900394e+02 -4.3851e-01 -2.3608e+00
42742 +2.409935041e-05 +2.409935041e-05 +3.201900241e+02 +3.201900241e+02 -4.3728e-01 -2.3608e+00
52423 +1.482933988e-05 +1.482933988e-05 +3.201900148e+02 +3.201900148e+02 -4.3639e-01 -2.3608e+00
61789 +9.981488347e-06 +9.981488347e-06 +3.201900100e+02 +3.201900100e+02 -4.3589e-01 -2.3608e+00
86040 +5.638411039e-06 +5.638411039e-06 +3.201900056e+02 +3.201900056e+02 -4.3527e-01 -2.3608e+00
103768 +3.607373287e-06 +3.607373287e-06 +3.201900036e+02 +3.201900036e+02 -4.3477e-01 -2.3608e+00
118153 +1.510498180e-06 +1.510498180e-06 +3.201900015e+02 +3.201900015e+02 -4.3247e-01 -2.3608e+00
118242 +1.762090278e-07 +1.762090278e-07 +3.201900002e+02 +3.201900002e+02 -4.3247e-01 -2.3608e+00
118333 +1.485421421e-07 +1.485421421e-07 +3.201900001e+02 +3.201900001e+02 -4.3247e-01 -2.3608e+00
120233 +6.667403341e-08 +6.667403341e-08 +3.201900001e+02 +3.201900001e+02 -4.3253e-01 -2.3608e+00
130083 +6.281817377e-08 +6.281817377e-08 +3.201900001e+02 +3.201900001e+02 -4.3253e-01 -2.3608e+00
% function evaluation | noise-free fitness - Fopt (-1.042400000000e+02) | best noise-free fitness - Fopt | measured fitness | best measured fitness | x1 | x2...
1 +6.609151185e+07 +6.609151185e+07 +6.609140761e+07 +6.609140761e+07 -1.5965e+00 +4.1224e+00
2 +2.594668370e+07 +2.594668370e+07 +2.594657946e+07 +2.594657946e+07 -2.0861e+00 +1.2387e+00
3 +1.165929467e+07 +1.165929467e+07 +1.165919043e+07 +1.165919043e+07 -8.9520e-01 -4.2163e-01
11 +3.356693667e+06 +3.356693667e+06 +3.356589427e+06 +3.356589427e+06 -3.6008e+00 -2.0166e+00
17 +2.114936793e+06 +2.114936793e+06 +2.114832553e+06 +2.114832553e+06 -2.1518e+00 -2.3765e+00
19 +4.873779353e+05 +4.873779353e+05 +4.872736953e+05 +4.872736953e+05 +4.9505e+00 -4.6805e+00
23 +3.327698352e+05 +3.327698352e+05 +3.326655952e+05 +3.326655952e+05 +2.7863e+00 -4.5406e+00
51 +1.024696070e+04 +1.024696070e+04 +1.014272070e+04 +1.014272070e+04 -2.4254e+00 -4.0240e+00
98 +2.787295786e+02 +2.787295786e+02 +1.744895786e+02 +1.744895786e+02 +3.7320e+00 -3.9030e+00
372 +1.737610978e+02 +1.737610978e+02 +6.952109775e+01 +6.952109775e+01 -1.8902e+00 -3.9072e+00
378 +6.873657414e+01 +6.873657414e+01 -3.550342586e+01 -3.550342586e+01 +3.7471e+00 -3.9125e+00
421 +5.664800594e+01 +5.664800594e+01 -4.759199406e+01 -4.759199406e+01 +3.6367e+00 -3.9273e+00
425 +3.873033060e+01 +3.873033060e+01 -6.550966940e+01 -6.550966940e+01 +4.0400e+00 -3.9151e+00
454 +1.058032865e+01 +1.058032865e+01 -9.365967135e+01 -9.365967135e+01 +3.7373e+00 -3.9202e+00
1375 +9.979064541e+00 +9.979064541e+00 -9.426093546e+01 -9.426093546e+01 +3.5611e+00 -3.9193e+00
7929 +3.445417234e+00 +3.445417234e+00 -1.007945828e+02 -1.007945828e+02 +1.8251e+00 -3.9212e+00
8029 +2.210278382e+00 +2.210278382e+00 -1.020297216e+02 -1.020297216e+02 +1.8267e+00 -3.9196e+00
31862 +1.391543976e+00 +1.391543976e+00 -1.028484560e+02 -1.028484560e+02 +1.4885e+00 -3.9201e+00
34371 +9.911018010e-01 +9.911018010e-01 -1.032488982e+02 -1.032488982e+02 +1.3909e+00 -3.9199e+00
35668 +5.258410924e-01 +5.258410924e-01 -1.037141589e+02 -1.037141589e+02 -8.5148e-02 -3.9205e+00
35815 +3.255699922e-01 +3.255699922e-01 -1.039144300e+02 -1.039144300e+02 -1.0930e-01 -3.9197e+00
36134 +2.495858711e-01 +2.495858711e-01 -1.039904141e+02 -1.039904141e+02 -1.0924e-01 -3.9200e+00
42406 +1.545835055e-01 +1.545835055e-01 -1.040854165e+02 -1.040854165e+02 +2.3710e-02 -3.9201e+00
48204 +8.006152171e-02 +8.006152171e-02 -1.041599385e+02 -1.041599385e+02 +1.2627e-01 -3.9201e+00
52731 +5.821915396e-02 +5.821915396e-02 -1.041817808e+02 -1.041817808e+02 +1.5321e-01 -3.9200e+00
72960 +3.892936327e-02 +3.892936327e-02 -1.042010706e+02 -1.042010706e+02 +2.0276e-01 -3.9200e+00
78226 +1.923201319e-02 +1.923201319e-02 -1.042207680e+02 -1.042207680e+02 +2.8253e-01 -3.9199e+00
78259 +1.380343920e-02 +1.380343920e-02 -1.042261966e+02 -1.042261966e+02 +2.8265e-01 -3.9200e+00
83935 +5.471209749e-03 +5.471209749e-03 -1.042345288e+02 -1.042345288e+02 +3.1677e-01 -3.9200e+00
84869 +3.869543988e-03 +3.869543988e-03 -1.042361305e+02 -1.042361305e+02 +3.2940e-01 -3.9200e+00
86108 +2.446365315e-03 +2.446365315e-03 -1.042375536e+02 -1.042375536e+02 +3.4723e-01 -3.9200e+00
105855 +6.424581002e-04 +6.424581002e-04 -1.042393575e+02 -1.042393575e+02 +3.6964e-01 -3.9200e+00
106068 +6.096221182e-04 +6.096221182e-04 -1.042393904e+02 -1.042393904e+02 +3.6966e-01 -3.9200e+00
108829 +2.783728052e-04 +2.783728052e-04 -1.042397216e+02 -1.042397216e+02 +3.8027e-01 -3.9200e+00
108847 +2.212983920e-04 +2.212983920e-04 -1.042397787e+02 -1.042397787e+02 +3.8039e-01 -3.9200e+00
117609 +1.726028050e-05 +1.726028050e-05 -1.042399827e+02 -1.042399827e+02 +3.9509e-01 -3.9200e+00
117801 +6.637283732e-06 +6.637283732e-06 -1.042399934e+02 -1.042399934e+02 +3.9509e-01 -3.9200e+00
117821 +9.180052984e-07 +9.180052984e-07 -1.042399991e+02 -1.042399991e+02 +3.9521e-01 -3.9200e+00
117887 +6.141678313e-07 +6.141678313e-07 -1.042399994e+02 -1.042399994e+02 +3.9521e-01 -3.9200e+00
124301 +3.203380317e-07 +3.203380317e-07 -1.042399997e+02 -1.042399997e+02 +3.9497e-01 -3.9200e+00
125147 +2.489396991e-07 +2.489396991e-07 -1.042399998e+02 -1.042399998e+02 +3.9484e-01 -3.9200e+00
129725 +1.497347029e-07 +1.497347029e-07 -1.042399999e+02 -1.042399999e+02 +3.9476e-01 -3.9200e+00
144088 +1.194341337e-08 +1.194341337e-08 -1.042400000e+02 -1.042400000e+02 +3.9449e-01 -3.9200e+00
150313 +4.163780432e-10 +4.163780432e-10 -1.042400000e+02 -1.042400000e+02 +3.9442e-01 -3.9200e+00
% function evaluation | noise-free fitness - Fopt (-3.570000000000e+01) | best noise-free fitness - Fopt | measured fitness | best measured fitness | x1 | x2...
1 +7.770300895e+06 +7.770300895e+06 +7.770265195e+06 +7.770265195e+06 +2.7818e+00 +4.3680e+00
3 +4.472098339e+06 +4.472098339e+06 +4.472062639e+06 +4.472062639e+06 -1.8549e+00 -4.9235e-01
7 +3.618821484e+06 +3.618821484e+06 +3.618785784e+06 +3.618785784e+06 -2.9567e+00 -1.9628e-01
9 +4.711072435e+05 +4.711072435e+05 +4.710715435e+05 +4.710715435e+05 -2.5404e+00 +8.8705e-01
16 +3.470560995e+05 +3.470560995e+05 +3.470203995e+05 +3.470203995e+05 +2.5799e+00 +9.9886e-01
25 +2.010906980e+05 +2.010906980e+05 +2.010549980e+05 +2.010549980e+05 +2.8201e+00 +1.1969e+00
36 +5.792703541e+03 +5.792703541e+03 +5.757003541e+03 +5.757003541e+03 +4.4297e+00 +1.5529e+00
62 +3.873243082e+03 +3.873243082e+03 +3.837543082e+03 +3.837543082e+03 -1.7182e+00 +1.7032e+00
119 +6.641101928e+01 +6.641101928e+01 +3.071101928e+01 +3.071101928e+01 -3.0629e+00 +1.6439e+00
269 +7.858223411e+00 +7.858223411e+00 -2.784177659e+01 -2.784177659e+01 -3.3015e+00 +1.6385e+00
410 +2.075940738e+00 +2.075940738e+00 -3.362405926e+01 -3.362405926e+01 -3.0443e+00 +1.6348e+00
433 +1.146239500e+00 +1.146239500e+00 -3.455376050e+01 -3.455376050e+01 -3.0573e+00 +1.6353e+00
453 +7.407641737e-01 +7.407641737e-01 -3.495923583e+01 -3.495923583e+01 -3.0654e+00 +1.6357e+00
664 +6.249216636e-01 +6.249216636e-01 -3.507507834e+01 -3.507507834e+01 -3.0412e+00 +1.6360e+00
1472 +3.863294239e-01 +3.863294239e-01 -3.531367058e+01 -3.531367058e+01 -2.8694e+00 +1.6359e+00
23666 +2.510869250e-01 +2.510869250e-01 -3.544891308e+01 -3.544891308e+01 -2.7073e+00 +1.6360e+00
29781 +4.321865269e-02 +4.321865269e-02 -3.565678135e+01 -3.565678135e+01 -2.0162e+00 +1.6361e+00
29880 +3.805641349e-02 +3.805641349e-02 -3.566194359e+01 -3.566194359e+01 -2.0163e+00 +1.6361e+00
39985 +1.059433164e-02 +1.059433164e-02 -3.568940567e+01 -3.568940567e+01 -2.1045e+00 +1.6360e+00
40093 +9.896102776e-03 +9.896102776e-03 -3.569010390e+01 -3.569010390e+01 -2.1046e+00 +1.6360e+00
42353 +5.978656277e-03 +5.978656277e-03 -3.569402134e+01 -3.569402134e+01 -2.1181e+00 +1.6360e+00
57298 +3.924267252e-03 +3.924267252e-03 -3.569607573e+01 -3.569607573e+01 -2.1356e+00 +1.6360e+00
76118 +2.377938588e-03 +2.377938588e-03 -3.569762206e+01 -3.569762206e+01 -2.1551e+00 +1.6360e+00
81057 +1.277386152e-03 +1.277386152e-03 -3.569872261e+01 -3.569872261e+01 -2.1683e+00 +1.6360e+00
81409 +9.982237806e-04 +9.982237806e-04 -3.569900178e+01 -3.569900178e+01 -2.1683e+00 +1.6360e+00
83884 +5.576033248e-04 +5.576033248e-04 -3.569944240e+01 -3.569944240e+01 -2.1830e+00 +1.6360e+00
84142 +3.503304702e-04 +3.503304702e-04 -3.569964967e+01 -3.569964967e+01 -2.1826e+00 +1.6360e+00
84449 +2.500338955e-04 +2.500338955e-04 -3.569974997e+01 -3.569974997e+01 -2.1831e+00 +1.6360e+00
94153 +1.192098612e-04 +1.192098612e-04 -3.569988079e+01 -3.569988079e+01 -2.1948e+00 +1.6360e+00
94494 +9.766713711e-05 +9.766713711e-05 -3.569990233e+01 -3.569990233e+01 -2.1947e+00 +1.6360e+00
94656 +5.205334519e-05 +5.205334519e-05 -3.569994795e+01 -3.569994795e+01 -2.1947e+00 +1.6360e+00
94686 +1.975668437e-05 +1.975668437e-05 -3.569998024e+01 -3.569998024e+01 -2.1949e+00 +1.6360e+00
94963 +1.491499597e-05 +1.491499597e-05 -3.569998509e+01 -3.569998509e+01 -2.1947e+00 +1.6360e+00
96817 +9.620336471e-06 +9.620336471e-06 -3.569999038e+01 -3.569999038e+01 -2.1951e+00 +1.6360e+00
142269 +3.926761138e-08 +3.926761138e-08 -3.569999996e+01 -3.569999996e+01 -2.1982e+00 +1.6360e+00
148617 +2.499920271e-08 +2.499920271e-08 -3.569999998e+01 -3.569999998e+01 -2.1982e+00 +1.6360e+00
% function evaluation | noise-free fitness - Fopt (2.070000000000e+01) | best noise-free fitness - Fopt | measured fitness | best measured fitness | x1 | x2...
1 +1.997004933e+06 +1.997004933e+06 +1.997025633e+06 +1.997025633e+06 +1.4882e+00 -6.4515e-01
13 +3.458279682e+04 +3.458279682e+04 +3.460349682e+04 +3.460349682e+04 -2.9129e+00 -2.2038e+00
101 +1.691761489e+03 +1.691761489e+03 +1.712461489e+03 +1.712461489e+03 -3.3860e+00 -2.0640e+00
220 +2.974034744e+02 +2.974034744e+02 +3.181034744e+02 +3.181034744e+02 +2.6631e+00 -2.0090e+00
265 +9.822873570e+01 +9.822873570e+01 +1.189287357e+02 +1.189287357e+02 +2.6705e+00 -2.0340e+00
382 +4.903740971e+01 +4.903740971e+01 +6.973740971e+01 +6.973740971e+01 +2.6803e+00 -2.0222e+00
446 +3.935679593e+01 +3.935679593e+01 +6.005679593e+01 +6.005679593e+01 +2.6655e+00 -2.0247e+00
5428 +2.505491959e+01 +2.505491959e+01 +4.575491959e+01 +4.575491959e+01 +1.5616e+00 -2.0263e+00
9788 +1.531855797e+01 +1.531855797e+01 +3.601855797e+01 +3.601855797e+01 +4.7339e-01 -2.0255e+00
11616 +9.429326290e+00 +9.429326290e+00 +3.012932629e+01 +3.012932629e+01 -3.9232e-01 -2.0263e+00
23945 +3.392654026e+00 +3.392654026e+00 +2.409265403e+01 +2.409265403e+01 -2.2614e+00 -2.0243e+00
24066 +1.881231356e+00 +1.881231356e+00 +2.258123136e+01 +2.258123136e+01 -2.2673e+00 -2.0252e+00
24867 +1.469266672e+00 +1.469266672e+00 +2.216926667e+01 +2.216926667e+01 -2.3714e+00 -2.0252e+00
28371 +9.689948234e-01 +9.689948234e-01 +2.166899482e+01 +2.166899482e+01 -2.4632e+00 -2.0256e+00
33442 +5.777592921e-01 +5.777592921e-01 +2.127775929e+01 +2.127775929e+01 -2.7016e+00 -2.0259e+00
35162 +3.304319126e-01 +3.304319126e-01 +2.103043191e+01 +2.103043191e+01 -2.9150e+00 -2.0255e+00
42220 +2.411919307e-01 +2.411919307e-01 +2.094119193e+01 +2.094119193e+01 -3.0364e+00 -2.0253e+00
42641 +1.554925276e-01 +1.554925276e-01 +2.085549253e+01 +2.085549253e+01 -3.0362e+00 -2.0256e+00
50788 +8.156291606e-02 +8.156291606e-02 +2.078156292e+01 +2.078156292e+01 -3.1747e+00 -2.0256e+00
54602 +5.865434065e-02 +5.865434065e-02 +2.075865434e+01 +2.075865434e+01 -3.2126e+00 -2.0256e+00
67937 +3.957401842e-02 +3.957401842e-02 +2.073957402e+01 +2.073957402e+01 -3.2581e+00 -2.0256e+00
69053 +1.913386202e-02 +1.913386202e-02 +2.071913386e+01 +2.071913386e+01 -3.4116e+00 -2.0257e+00
69258 +5.295464934e-03 +5.295464934e-03 +2.070529546e+01 +2.070529546e+01 -3.4117e+00 -2.0257e+00
69303 +2.137760019e-03 +2.137760019e-03 +2.070213776e+01 +2.070213776e+01 -3.4117e+00 -2.0256e+00
71470 +9.045978023e-04 +9.045978023e-04 +2.070090460e+01 +2.070090460e+01 -3.4249e+00 -2.0256e+00
71970 +2.329233687e-04 +2.329233687e-04 +2.070023292e+01 +2.070023292e+01 -3.4455e+00 -2.0256e+00
72352 +8.969624158e-05 +8.969624158e-05 +2.070008970e+01 +2.070008970e+01 -3.4454e+00 -2.0256e+00
85625 +6.302754928e-05 +6.302754928e-05 +2.070006303e+01 +2.070006303e+01 -3.4466e+00 -2.0256e+00
104656 +3.881357487e-05 +3.881357487e-05 +2.070003881e+01 +2.070003881e+01 -3.4479e+00 -2.0256e+00
133183 +9.075234281e-06 +9.075234281e-06 +2.070000908e+01 +2.070000908e+01 -3.4549e+00 -2.0256e+00
133619 +4.546696481e-06 +4.546696481e-06 +2.070000455e+01 +2.070000455e+01 -3.4549e+00 -2.0256e+00
133631 +1.286144979e-06 +1.286144979e-06 +2.070000129e+01 +2.070000129e+01 -3.4549e+00 -2.0256e+00
133834 +3.461252298e-07 +3.461252298e-07 +2.070000035e+01 +2.070000035e+01 -3.4549e+00 -2.0256e+00
134496 +2.159267254e-07 +2.159267254e-07 +2.070000022e+01 +2.070000022e+01 -3.4548e+00 -2.0256e+00
134806 +1.572741795e-07 +1.572741795e-07 +2.070000016e+01 +2.070000016e+01 -3.4548e+00 -2.0256e+00
135973 +9.333550821e-08 +9.333550821e-08 +2.070000009e+01 +2.070000009e+01 -3.4547e+00 -2.0256e+00
% function evaluation | noise-free fitness - Fopt (3.807000000000e+01) | best noise-free fitness - Fopt | measured fitness | best measured fitness | x1 | x2...
1 +1.187604341e+07 +1.187604341e+07 +1.187608148e+07 +1.187608148e+07 +3.5913e+00 +4.3657e+00
2 +2.607979473e+06 +2.607979473e+06 +2.608017543e+06 +2.608017543e+06 +2.3437e+00 +2.5860e+00
5 +4.278636208e+03 +4.278636208e+03 +4.316706208e+03 +4.316706208e+03 +3.4243e+00 +9.1085e-01
19 +2.890613669e+03 +2.890613669e+03 +2.928683669e+03 +2.928683669e+03 +9.0283e-01 +8.8813e-01
82 +1.217243052e+03 +1.217243052e+03 +1.255313052e+03 +1.255313052e+03 -3.2687e+00 +8.0638e-01
285 +5.249812684e+02 +5.249812684e+02 +5.630512684e+02 +5.630512684e+02 +8.7979e-01 +8.1616e-01
365 +2.186377450e+02 +2.186377450e+02 +2.567077450e+02 +2.567077450e+02 +6.2057e-01 +8.5379e-01
378 +6.393745430e+01 +6.393745430e+01 +1.020074543e+02 +1.020074543e+02 +7.9650e-01 +8.3078e-01
380 +4.757882051e+01 +4.757882051e+01 +8.564882051e+01 +8.564882051e+01 +8.9767e-01 +8.4603e-01
402 +1.479198803e+01 +1.479198803e+01 +5.286198803e+01 +5.286198803e+01 +8.8470e-01 +8.3597e-01
481 +3.788826745e+00 +3.788826745e+00 +4.185882675e+01 +4.185882675e+01 +8.1605e-01 +8.3906e-01
6340 +2.466297112e+00 +2.466297112e+00 +4.053629711e+01 +4.053629711e+01 +1.2680e+00 +8.3928e-01
10694 +1.347684659e+00 +1.347684659e+00 +3.941768466e+01 +3.941768466e+01 +1.9393e+00 +8.3823e-01
10874 +9.993003963e-01 +9.993003963e-01 +3.906930040e+01 +3.906930040e+01 +1.9443e+00 +8.3846e-01
11179 +5.619274317e-01 +5.619274317e-01 +3.863192743e+01 +3.863192743e+01 +1.9491e+00 +8.3950e-01
12099 +2.357109461e-01 +2.357109461e-01 +3.830571095e+01 +3.830571095e+01 +2.2163e+00 +8.3921e-01
22173 +1.543836657e-01 +1.543836657e-01 +3.822438367e+01 +3.822438367e+01 +3.1193e+00 +8.3922e-01
35094 +9.531513896e-02 +9.531513896e-02 +3.816531514e+01 +3.816531514e+01 +2.9646e+00 +8.3904e-01
38198 +6.020527718e-02 +6.020527718e-02 +3.813020528e+01 +3.813020528e+01 +2.9458e+00 +8.3924e-01
38822 +2.770278597e-02 +2.770278597e-02 +3.809770279e+01 +3.809770279e+01 +2.8636e+00 +8.3915e-01
39034 +2.507789058e-02 +2.507789058e-02 +3.809507789e+01 +3.809507789e+01 +2.8639e+00 +8.3922e-01
47933 +1.584337754e-02 +1.584337754e-02 +3.808584338e+01 +3.808584338e+01 +2.8326e+00 +8.3920e-01
53965 +7.351859676e-03 +7.351859676e-03 +3.807735186e+01 +3.807735186e+01 +2.7878e+00 +8.3922e-01
54640 +6.120706505e-03 +6.120706505e-03 +3.807612071e+01 +3.807612071e+01 +2.7845e+00 +8.3920e-01
56125 +3.973945107e-03 +3.973945107e-03 +3.807397395e+01 +3.807397395e+01 +2.7717e+00 +8.3920e-01
70479 +2.315042618e-03 +2.315042618e-03 +3.807231504e+01 +3.807231504e+01 +2.7485e+00 +8.3921e-01
71268 +1.580488561e-03 +1.580488561e-03 +3.807158049e+01 +3.807158049e+01 +2.7441e+00 +8.3920e-01
80239 +7.684592928e-04 +7.684592928e-04 +3.807076846e+01 +3.807076846e+01 +2.7285e+00 +8.3921e-01
83279 +4.210129247e-04 +4.210129247e-04 +3.807042101e+01 +3.807042101e+01 +2.7226e+00 +8.3921e-01
83519 +3.829022603e-04 +3.829022603e-04 +3.807038290e+01 +3.807038290e+01 +2.7226e+00 +8.3921e-01
93324 +2.384163678e-04 +2.384163678e-04 +3.807023842e+01 +3.807023842e+01 +2.7174e+00 +8.3921e-01
107580 +8.049330110e-05 +8.049330110e-05 +3.807008049e+01 +3.807008049e+01 +2.7116e+00 +8.3920e-01
114254 +6.013292268e-05 +6.013292268e-05 +3.807006013e+01 +3.807006013e+01 +2.7108e+00 +8.3920e-01
119285 +7.191446215e-06 +7.191446215e-06 +3.807000719e+01 +3.807000719e+01 +2.7014e+00 +8.3920e-01
119374 +5.321780897e-06 +5.321780897e-06 +3.807000532e+01 +3.807000532e+01 +2.7014e+00 +8.3920e-01
119500 +3.951952429e-06 +3.951952429e-06 +3.807000395e+01 +3.807000395e+01 +2.7014e+00 +8.3920e-01
137749 +1.846387640e-06 +1.846387640e-06 +3.807000185e+01 +3.807000185e+01 +2.7024e+00 +8.3920e-01
137823 +1.171124666e-06 +1.171124666e-06 +3.807000117e+01 +3.807000117e+01 +2.7024e+00 +8.3920e-01
137971 +6.063977978e-07 +6.063977978e-07 +3.807000061e+01 +3.807000061e+01 +2.7024e+00 +8.3920e-01
141777 +3.869228564e-07 +3.869228564e-07 +3.807000039e+01 +3.807000039e+01 +2.7026e+00 +8.3920e-01
147405 +2.113223090e-07 +2.113223090e-07 +3.807000021e+01 +3.807000021e+01 +2.7028e+00 +8.3920e-01
150097 +7.731149054e-08 +7.731149054e-08 +3.807000008e+01 +3.807000008e+01 +2.7029e+00 +8.3920e-01
150477 +6.230061445e-08 +6.230061445e-08 +3.807000006e+01 +3.807000006e+01 +2.7029e+00 +8.3920e-01
151217 +1.732537669e-09 +1.732537669e-09 +3.807000000e+01 +3.807000000e+01 +2.7032e+00 +8.3920e-01
% function evaluation | noise-free fitness - Fopt (-4.542000000000e+01) | best noise-free fitness - Fopt | measured fitness | best measured fitness | x1 | x2...
1 +1.846831606e+06 +1.846831606e+06 +1.846786186e+06 +1.846786186e+06 +4.5363e+00 +1.3422e+00
5 +1.019707327e+06 +1.019707327e+06 +1.019661907e+06 +1.019661907e+06 +4.0919e+00 +1.1036e+00
13 +3.127999823e+05 +3.127999823e+05 +3.127545623e+05 +3.127545623e+05 +3.4351e+00 +6.3181e-01
29 +1.744783441e+01 +1.744783441e+01 -2.797216559e+01 -2.797216559e+01 -6.3185e-01 +1.0010e-01
90 +3.929252506e+00 +3.929252506e+00 -4.149074749e+01 -4.149074749e+01 +3.4651e+00 +9.6354e-02
333 +4.386078090e-01 +4.386078090e-01 -4.498139219e+01 -4.498139219e+01 +3.4723e+00 +9.9005e-02
522 +8.919714928e-02 +8.919714928e-02 -4.533080285e+01 -4.533080285e+01 +3.4852e+00 +9.8300e-02
3611 +5.814196708e-02 +5.814196708e-02 -4.536185803e+01 -4.536185803e+01 +3.4468e+00 +9.8440e-02
6766 +1.603557258e-02 +1.603557258e-02 -4.540396443e+01 -4.540396443e+01 +3.3373e+00 +9.8381e-02
7060 +1.571934232e-02 +1.571934232e-02 -4.540428066e+01 -4.540428066e+01 +3.3373e+00 +9.8404e-02
9541 +2.431627427e-03 +2.431627427e-03 -4.541756837e+01 -4.541756837e+01 +3.2445e+00 +9.8437e-02
9705 +1.098976883e-03 +1.098976883e-03 -4.541890102e+01 -4.541890102e+01 +3.2447e+00 +9.8395e-02
17319 +9.949549405e-04 +9.949549405e-04 -4.541900505e+01 -4.541900505e+01 +3.2432e+00 +9.8400e-02
43068 +5.095495524e-04 +5.095495524e-04 -4.541949045e+01 -4.541949045e+01 +3.2297e+00 +9.8408e-02
48576 +3.951874205e-04 +3.951874205e-04 -4.541960481e+01 -4.541960481e+01 +3.2291e+00 +9.8399e-02
62759 +1.160881439e-04 +1.160881439e-04 -4.541988391e+01 -4.541988391e+01 +3.2102e+00 +9.8412e-02
62884 +9.206329440e-05 +9.206329440e-05 -4.541990794e+01 -4.541990794e+01 +3.2102e+00 +9.8410e-02
63114 +2.816281393e-05 +2.816281393e-05 -4.541997184e+01 -4.541997184e+01 +3.2102e+00 +9.8406e-02
63191 +2.970752945e-06 +2.970752945e-06 -4.541999703e+01 -4.541999703e+01 +3.2103e+00 +9.8399e-02
63509 +2.297725189e-06 +2.297725189e-06 -4.541999770e+01 -4.541999770e+01 +3.2103e+00 +9.8401e-02
88156 +1.557305666e-06 +1.557305666e-06 -4.541999844e+01 -4.541999844e+01 +3.2100e+00 +9.8400e-02
92849 +9.923773803e-07 +9.923773803e-07 -4.541999901e+01 -4.541999901e+01 +3.2098e+00 +9.8400e-02
103056 +6.154018664e-07 +6.154018664e-07 -4.541999938e+01 -4.541999938e+01 +3.2096e+00 +9.8400e-02
107490 +3.691842352e-07 +3.691842352e-07 -4.541999963e+01 -4.541999963e+01 +3.2094e+00 +9.8400e-02
110756 +1.962639757e-07 +1.962639757e-07 -4.541999980e+01 -4.541999980e+01 +3.2092e+00 +9.8400e-02
130591 +1.468363280e-07 +1.468363280e-07 -4.541999985e+01 -4.541999985e+01 +3.2091e+00 +9.8400e-02
130801 +9.733299322e-08 +9.733299322e-08 -4.541999990e+01 -4.541999990e+01 +3.2091e+00 +9.8400e-02
133064 +5.063821362e-08 +5.063821362e-08 -4.541999995e+01 -4.541999995e+01 +3.2089e+00 +9.8400e-02
133536 +1.999616472e-09 +1.999616472e-09 -4.542000000e+01 -4.542000000e+01 +3.2088e+00 +9.8400e-02
% function evaluation | noise-free fitness - Fopt (6.695000000000e+01) | best noise-free fitness - Fopt | measured fitness | best measured fitness | x1 | x2...
1 +1.507050513e+05 +1.507050513e+05 +1.507720013e+05 +1.507720013e+05 +1.9354e+00 +1.0084e+00
38 +5.390441340e+04 +5.390441340e+04 +5.397136340e+04 +5.397136340e+04 -1.2804e+00 +1.1518e+00
55 +1.287180661e+04 +1.287180661e+04 +1.293875661e+04 +1.293875661e+04 +9.1674e-01 +1.4904e+00
69 +6.143370819e+03 +6.143370819e+03 +6.210320819e+03 +6.210320819e+03 +2.6645e-01 +1.4654e+00
99 +3.032272955e+03 +3.032272955e+03 +3.099222955e+03 +3.099222955e+03 -5.0955e-01 +1.3281e+00
155 +1.097795978e+03 +1.097795978e+03 +1.164745978e+03 +1.164745978e+03 -4.0108e+00 +1.4201e+00
165 +4.943544138e+01 +4.943544138e+01 +1.163854414e+02 +1.163854414e+02 -8.9544e-01 +1.3911e+00
261 +3.778061491e+01 +3.778061491e+01 +1.047306149e+02 +1.047306149e+02 -9.0836e-01 +1.3778e+00
321 +5.382901819e-01 +5.382901819e-01 +6.748829018e+01 +6.748829018e+01 -8.8620e-01 +1.3834e+00
531 +2.510101219e-01 +2.510101219e-01 +6.720101012e+01 +6.720101012e+01 -8.8161e-01 +1.3843e+00
892 +1.528575223e-01 +1.528575223e-01 +6.710285752e+01 +6.710285752e+01 -8.8621e-01 +1.3838e+00
6003 +9.176611434e-02 +9.176611434e-02 +6.704176611e+01 +6.704176611e+01 -8.2338e-01 +1.3841e+00
15483 +5.711430539e-02 +5.711430539e-02 +6.700711431e+01 +6.700711431e+01 -7.7572e-01 +1.3840e+00
24795 +3.780367464e-02 +3.780367464e-02 +6.698780367e+01 +6.698780367e+01 -7.2750e-01 +1.3840e+00
31840 +4.615801727e-03 +4.615801727e-03 +6.695461580e+01 +6.695461580e+01 -6.1090e-01 +1.3840e+00
44044 +3.976751495e-03 +3.976751495e-03 +6.695397675e+01 +6.695397675e+01 -6.0941e-01 +1.3840e+00
62393 +1.938863927e-03 +1.938863927e-03 +6.695193886e+01 +6.695193886e+01 -5.7699e-01 +1.3840e+00
62701 +1.569661807e-03 +1.569661807e-03 +6.695156966e+01 +6.695156966e+01 -5.7712e-01 +1.3840e+00
69992 +6.508777326e-04 +6.508777326e-04 +6.695065088e+01 +6.695065088e+01 -5.6584e-01 +1.3840e+00
70181 +6.256729599e-04 +6.256729599e-04 +6.695062567e+01 +6.695062567e+01 -5.6584e-01 +1.3840e+00
71540 +3.451825493e-04 +3.451825493e-04 +6.695034518e+01 +6.695034518e+01 -5.5855e-01 +1.3840e+00
87006 +6.380150322e-05 +6.380150322e-05 +6.695006380e+01 +6.695006380e+01 -5.4737e-01 +1.3840e+00
87241 +6.131424851e-05 +6.131424851e-05 +6.695006131e+01 +6.695006131e+01 -5.4737e-01 +1.3840e+00
87637 +3.974623731e-05 +3.974623731e-05 +6.695003975e+01 +6.695003975e+01 -5.4727e-01 +1.3840e+00
104904 +2.495418771e-05 +2.495418771e-05 +6.695002495e+01 +6.695002495e+01 -5.4535e-01 +1.3840e+00
113964 +1.583544119e-05 +1.583544119e-05 +6.695001584e+01 +6.695001584e+01 -5.4445e-01 +1.3840e+00
117842 +7.103170461e-06 +7.103170461e-06 +6.695000710e+01 +6.695000710e+01 -5.3891e-01 +1.3840e+00
118069 +5.360710333e-06 +5.360710333e-06 +6.695000536e+01 +6.695000536e+01 -5.3891e-01 +1.3840e+00
118346 +3.783003180e-06 +3.783003180e-06 +6.695000378e+01 +6.695000378e+01 -5.3900e-01 +1.3840e+00
127293 +2.312538953e-06 +2.312538953e-06 +6.695000231e+01 +6.695000231e+01 -5.3917e-01 +1.3840e+00
134224 +1.580628961e-06 +1.580628961e-06 +6.695000158e+01 +6.695000158e+01 -5.3961e-01 +1.3840e+00
140153 +9.164912740e-07 +9.164912740e-07 +6.695000092e+01 +6.695000092e+01 -5.3988e-01 +1.3840e+00
140722 +6.130461259e-07 +6.130461259e-07 +6.695000061e+01 +6.695000061e+01 -5.4014e-01 +1.3840e+00
148631 +3.326975531e-07 +3.326975531e-07 +6.695000033e+01 +6.695000033e+01 -5.4024e-01 +1.3840e+00
% function evaluation | noise-free fitness - Fopt (5.832000000000e+01) | best noise-free fitness - Fopt | measured fitness | best measured fitness | x1 | x2...
1 +2.938401161e+07 +2.938401161e+07 +2.938406993e+07 +2.938406993e+07 -8.0842e-01 +2.1776e+00
2 +3.986579794e+04 +3.986579794e+04 +3.992411794e+04 +3.992411794e+04 +4.2926e+00 -3.0995e+00
54 +8.830206656e+03 +8.830206656e+03 +8.888526656e+03 +8.888526656e+03 +4.7624e+00 -3.3953e+00
134 +8.878228547e+02 +8.878228547e+02 +9.461428547e+02 +9.461428547e+02 -4.7929e-01 -3.2682e+00
192 +1.746636199e-02 +1.746636199e-02 +5.833746636e+01 +5.833746636e+01 +3.5954e+00 -3.2967e+00
391 +1.234768603e-02 +1.234768603e-02 +5.833234769e+01 +5.833234769e+01 +3.5955e+00 -3.2968e+00
4346 +7.825135295e-03 +7.825135295e-03 +5.832782514e+01 +5.832782514e+01 +3.6146e+00 -3.2968e+00
4719 +4.625321279e-03 +4.625321279e-03 +5.832462532e+01 +5.832462532e+01 +3.6321e+00 -3.2968e+00
11384 +3.721386174e-03 +3.721386174e-03 +5.832372139e+01 +5.832372139e+01 +3.6435e+00 -3.2968e+00
23394 +1.230287255e-03 +1.230287255e-03 +5.832123029e+01 +5.832123029e+01 +3.6847e+00 -3.2968e+00
23647 +7.626767180e-04 +7.626767180e-04 +5.832076268e+01 +5.832076268e+01 +3.6847e+00 -3.2968e+00
23650 +5.182696695e-04 +5.182696695e-04 +5.832051827e+01 +5.832051827e+01 +3.6848e+00 -3.2968e+00
28523 +6.583599693e-05 +6.583599693e-05 +5.832006584e+01 +5.832006584e+01 +3.7018e+00 -3.2968e+00
28650 +6.175958281e-05 +6.175958281e-05 +5.832006176e+01 +5.832006176e+01 +3.7018e+00 -3.2968e+00
28937 +3.354647955e-05 +3.354647955e-05 +5.832003355e+01 +5.832003355e+01 +3.7017e+00 -3.2968e+00
28972 +2.387641650e-05 +2.387641650e-05 +5.832002388e+01 +5.832002388e+01 +3.7019e+00 -3.2968e+00
29340 +1.550581296e-05 +1.550581296e-05 +5.832001551e+01 +5.832001551e+01 +3.7020e+00 -3.2968e+00
46751 +9.248561206e-06 +9.248561206e-06 +5.832000925e+01 +5.832000925e+01 +3.7026e+00 -3.2968e+00
54917 +6.283527526e-06 +6.283527526e-06 +5.832000628e+01 +5.832000628e+01 +3.7031e+00 -3.2968e+00
73797 +3.828459477e-06 +3.828459477e-06 +5.832000383e+01 +5.832000383e+01 +3.7036e+00 -3.2968e+00
79980 +2.241902635e-06 +2.241902635e-06 +5.832000224e+01 +5.832000224e+01 +3.7041e+00 -3.2968e+00
83977 +1.327557669e-06 +1.327557669e-06 +5.832000133e+01 +5.832000133e+01 +3.7045e+00 -3.2968e+00
85028 +9.479630876e-07 +9.479630876e-07 +5.832000095e+01 +5.832000095e+01 +3.7047e+00 -3.2968e+00
110381 +5.950508495e-07 +5.950508495e-07 +5.832000060e+01 +5.832000060e+01 +3.7048e+00 -3.2968e+00
123230 +3.601539262e-07 +3.601539262e-07 +5.832000036e+01 +5.832000036e+01 +3.7050e+00 -3.2968e+00
128418 +8.205413593e-08 +8.205413593e-08 +5.832000008e+01 +5.832000008e+01 +3.7053e+00 -3.2968e+00
131486 +1.375582315e-08 +1.375582315e-08 +5.832000001e+01 +5.832000001e+01 +3.7055e+00 -3.2968e+00
132023 +7.827637205e-09 +7.827637205e-09 +5.832000001e+01 +5.832000001e+01 +3.7055e+00 -3.2968e+00
% function evaluation | noise-free fitness - Fopt (1.932700000000e+02) | best noise-free fitness - Fopt | measured fitness | best measured fitness | x1 | x2...
1 +6.274931213e+05 +6.274931213e+05 +6.276863913e+05 +6.276863913e+05 -4.5594e-02 -4.1836e+00
26 +1.704800609e+05 +1.704800609e+05 +1.706733309e+05 +1.706733309e+05 +1.8703e+00 -3.7391e+00
29 +1.143109714e+05 +1.143109714e+05 +1.145042414e+05 +1.145042414e+05 -3.9310e+00 -3.0067e+00
54 +2.216787198e+04 +2.216787198e+04 +2.236114198e+04 +2.236114198e+04 -3.9168e+00 -3.4796e+00
138 +9.957065607e+01 +9.957065607e+01 +2.928406561e+02 +2.928406561e+02 -1.0195e+00 -3.3298e+00
159 +1.065231580e-01 +1.065231580e-01 +1.933765232e+02 +1.933765232e+02 +2.2367e+00 -3.3395e+00
369 +4.326894191e-02 +4.326894191e-02 +1.933132689e+02 +1.933132689e+02 +2.2358e+00 -3.3393e+00
511 +3.768148195e-02 +3.768148195e-02 +1.933076815e+02 +1.933076815e+02 +2.2300e+00 -3.3392e+00
7440 +2.309788545e-02 +2.309788545e-02 +1.932930979e+02 +1.932930979e+02 +2.1852e+00 -3.3391e+00
10473 +4.345339822e-03 +4.345339822e-03 +1.932743453e+02 +1.932743453e+02 +2.0622e+00 -3.3393e+00
10553 +3.654654883e-03 +3.654654883e-03 +1.932736547e+02 +1.932736547e+02 +2.0621e+00 -3.3393e+00
10676 +1.225724394e-03 +1.225724394e-03 +1.932712257e+02 +1.932712257e+02 +2.0622e+00 -3.3392e+00
10697 +7.552933044e-04 +7.552933044e-04 +1.932707553e+02 +1.932707553e+02 +2.0618e+00 -3.3392e+00
11843 +6.300068562e-04 +6.300068562e-04 +1.932706300e+02 +1.932706300e+02 +2.0620e+00 -3.3392e+00
19159 +1.606436887e-04 +1.606436887e-04 +1.932701606e+02 +1.932701606e+02 +2.0485e+00 -3.3392e+00
19368 +1.506719912e-04 +1.506719912e-04 +1.932701507e+02 +1.932701507e+02 +2.0485e+00 -3.3392e+00
22314 +9.985109716e-05 +9.985109716e-05 +1.932700999e+02 +1.932700999e+02 +2.0482e+00 -3.3392e+00
32373 +3.886276662e-05 +3.886276662e-05 +1.932700389e+02 +1.932700389e+02 +2.0445e+00 -3.3392e+00
52814 +2.331230974e-05 +2.331230974e-05 +1.932700233e+02 +1.932700233e+02 +2.0379e+00 -3.3392e+00
53503 +4.048996686e-06 +4.048996686e-06 +1.932700040e+02 +1.932700040e+02 +2.0379e+00 -3.3392e+00
53574 +8.181064288e-07 +8.181064288e-07 +1.932700008e+02 +1.932700008e+02 +2.0378e+00 -3.3392e+00
53808 +5.933284228e-07 +5.933284228e-07 +1.932700006e+02 +1.932700006e+02 +2.0379e+00 -3.3392e+00
53901 +3.485617412e-07 +3.485617412e-07 +1.932700003e+02 +1.932700003e+02 +2.0379e+00 -3.3392e+00
65044 +2.405700741e-07 +2.405700741e-07 +1.932700002e+02 +1.932700002e+02 +2.0380e+00 -3.3392e+00
73459 +9.802184309e-08 +9.802184309e-08 +1.932700001e+02 +1.932700001e+02 +2.0381e+00 -3.3392e+00
76800 +5.383924417e-09 +5.383924417e-09 +1.932700000e+02 +1.932700000e+02 +2.0384e+00 -3.3392e+00
% function evaluation | noise-free fitness - Fopt (-4.190100000000e+02) | best noise-free fitness - Fopt | measured fitness | best measured fitness | x1 | x2...
1 +3.294505154e+07 +3.294505154e+07 +3.294463253e+07 +3.294463253e+07 -3.2027e+00 -3.0530e+00
2 +3.346557873e+06 +3.346557873e+06 +3.346138863e+06 +3.346138863e+06 +1.1959e+00 +1.2747e+00
3 +1.863764932e+05 +1.863764932e+05 +1.859574832e+05 +1.859574832e+05 +2.3146e+00 +3.4600e+00
29 +7.888144471e+04 +7.888144471e+04 +7.846243471e+04 +7.846243471e+04 +3.1535e+00 +2.7273e+00
45 +2.033144151e+04 +2.033144151e+04 +1.991243151e+04 +1.991243151e+04 +2.9069e+00 +2.8721e+00
59 +2.449573130e+01 +2.449573130e+01 -3.945142687e+02 -3.945142687e+02 -2.2600e+00 +3.0117e+00
85 +1.496505942e+01 +1.496505942e+01 -4.040449406e+02 -4.040449406e+02 +5.6314e-01 +3.0070e+00
367 +5.059600682e+00 +5.059600682e+00 -4.139503993e+02 -4.139503993e+02 -2.2675e+00 +3.0052e+00
640 +2.922138115e+00 +2.922138115e+00 -4.160878619e+02 -4.160878619e+02 -2.2733e+00 +3.0059e+00
720 +1.680298908e+00 +1.680298908e+00 -4.173297011e+02 -4.173297011e+02 -2.2797e+00 +3.0079e+00
873 +1.541116799e+00 +1.541116799e+00 -4.174688832e+02 -4.174688832e+02 -2.2796e+00 +3.0078e+00
1907 +9.804105411e-01 +9.804105411e-01 -4.180295895e+02 -4.180295895e+02 -2.3892e+00 +3.0076e+00
7993 +6.173971928e-01 +6.173971928e-01 -4.183926028e+02 -4.183926028e+02 -2.4685e+00 +3.0071e+00
8267 +1.481910801e-01 +1.481910801e-01 -4.188618089e+02 -4.188618089e+02 -3.6221e+00 +3.0075e+00
8825 +9.500461899e-02 +9.500461899e-02 -4.189149954e+02 -4.189149954e+02 -3.6222e+00 +3.0073e+00
13542 +5.478326616e-02 +5.478326616e-02 -4.189552167e+02 -4.189552167e+02 -3.5577e+00 +3.0072e+00
15070 +3.357265303e-02 +3.357265303e-02 -4.189764273e+02 -4.189764273e+02 -3.4988e+00 +3.0072e+00
20079 +2.414089327e-02 +2.414089327e-02 -4.189858591e+02 -4.189858591e+02 -3.4692e+00 +3.0072e+00
22622 +1.126564871e-02 +1.126564871e-02 -4.189987344e+02 -4.189987344e+02 -3.4082e+00 +3.0073e+00
22731 +9.583603003e-03 +9.583603003e-03 -4.190004164e+02 -4.190004164e+02 -3.4081e+00 +3.0073e+00
22860 +6.252407883e-03 +6.252407883e-03 -4.190037476e+02 -4.190037476e+02 -3.4082e+00 +3.0072e+00
40300 +3.979914313e-03 +3.979914313e-03 -4.190060201e+02 -4.190060201e+02 -3.3926e+00 +3.0072e+00
41920 +2.261611895e-03 +2.261611895e-03 -4.190077384e+02 -4.190077384e+02 -3.3684e+00 +3.0072e+00
50780 +1.245447766e-03 +1.245447766e-03 -4.190087546e+02 -4.190087546e+02 -3.3486e+00 +3.0072e+00
50787 +9.376859114e-04 +9.376859114e-04 -4.190090623e+02 -4.190090623e+02 -3.3487e+00 +3.0072e+00
50861 +6.127514231e-04 +6.127514231e-04 -4.190093872e+02 -4.190093872e+02 -3.3487e+00 +3.0072e+00
52398 +2.733586789e-04 +2.733586789e-04 -4.190097266e+02 -4.190097266e+02 -3.3310e+00 +3.0072e+00
52431 +2.283940199e-04 +2.283940199e-04 -4.190097716e+02 -4.190097716e+02 -3.3309e+00 +3.0072e+00
52537 +9.800094296e-05 +9.800094296e-05 -4.190099020e+02 -4.190099020e+02 -3.3312e+00 +3.0072e+00
52594 +4.764277651e-05 +4.764277651e-05 -4.190099524e+02 -4.190099524e+02 -3.3311e+00 +3.0072e+00
63828 +3.979941886e-05 +3.979941886e-05 -4.190099602e+02 -4.190099602e+02 -3.3305e+00 +3.0072e+00
66708 +5.134703201e-06 +5.134703201e-06 -4.190099949e+02 -4.190099949e+02 -3.3251e+00 +3.0072e+00
66784 +3.514863863e-06 +3.514863863e-06 -4.190099965e+02 -4.190099965e+02 -3.3251e+00 +3.0072e+00
66841 +1.613892664e-06 +1.613892664e-06 -4.190099984e+02 -4.190099984e+02 -3.3251e+00 +3.0072e+00
66851 +1.080863171e-06 +1.080863171e-06 -4.190099989e+02 -4.190099989e+02 -3.3251e+00 +3.0072e+00
68383 +9.539917869e-07 +9.539917869e-07 -4.190099990e+02 -4.190099990e+02 -3.3250e+00 +3.0072e+00
77621 +6.138637900e-07 +6.138637900e-07 -4.190099994e+02 -4.190099994e+02 -3.3248e+00 +3.0072e+00
91102 +3.455452884e-07 +3.455452884e-07 -4.190099997e+02 -4.190099997e+02 -3.3245e+00 +3.0072e+00
95052 +2.037340323e-07 +2.037340323e-07 -4.190099998e+02 -4.190099998e+02 -3.3244e+00 +3.0072e+00
99210 +4.735960601e-08 +4.735960601e-08 -4.190100000e+02 -4.190100000e+02 -3.3242e+00 +3.0072e+00
105541 +3.966670192e-08 +3.966670192e-08 -4.190100000e+02 -4.190100000e+02 -3.3242e+00 +3.0072e+00
109222 +2.487718120e-08 +2.487718120e-08 -4.190100000e+02 -4.190100000e+02 -3.3242e+00 +3.0072e+00
121280 +6.963432497e-09 +6.963432497e-09 -4.190100000e+02 -4.190100000e+02 -3.3241e+00 +3.0072e+00
% function evaluation | noise-free fitness - Fopt (4.076100000000e+02) | best noise-free fitness - Fopt | measured fitness | best measured fitness | x1 | x2...
1 +5.790879941e+07 +5.790879941e+07 +5.790920702e+07 +5.790920702e+07 -1.2521e+00 +3.9565e+00
2 +3.584343670e+07 +3.584343670e+07 +3.584384431e+07 +3.584384431e+07 +1.0746e+00 +2.6064e+00
4 +9.839531405e+03 +9.839531405e+03 +1.024714140e+04 +1.024714140e+04 -2.4645e+00 -3.4409e+00
14 +3.793912771e+03 +3.793912771e+03 +4.201522771e+03 +4.201522771e+03 +1.4168e+00 -3.2727e+00
159 +1.553706514e+03 +1.553706514e+03 +1.961316514e+03 +1.961316514e+03 +1.7010e+00 -3.3752e+00
283 +1.027325091e+02 +1.027325091e+02 +5.103425091e+02 +5.103425091e+02 -2.2335e+00 -3.3285e+00
337 +5.913934318e+01 +5.913934318e+01 +4.667493432e+02 +4.667493432e+02 -2.3370e+00 -3.3465e+00
390 +3.402892688e+01 +3.402892688e+01 +4.416389269e+02 +4.416389269e+02 -2.3364e+00 -3.3436e+00
396 +4.317576393e+00 +4.317576393e+00 +4.119275764e+02 +4.119275764e+02 -2.3270e+00 -3.3391e+00
807 +3.960984249e+00 +3.960984249e+00 +4.115709842e+02 +4.115709842e+02 -2.3270e+00 -3.3387e+00
4652 +1.882182920e+00 +1.882182920e+00 +4.094921829e+02 +4.094921829e+02 -1.5273e+00 -3.3376e+00
4706 +1.520201052e+00 +1.520201052e+00 +4.091302011e+02 +4.091302011e+02 -1.5427e+00 -3.3381e+00
12344 +9.108957248e-01 +9.108957248e-01 +4.085208957e+02 +4.085208957e+02 -1.3346e+00 -3.3381e+00
12684 +2.184809106e-01 +2.184809106e-01 +4.078284809e+02 +4.078284809e+02 -1.8560e-01 -3.3388e+00
12765 +8.453193072e-02 +8.453193072e-02 +4.076945319e+02 +4.076945319e+02 -1.8570e-01 -3.3386e+00
12853 +6.181901748e-02 +6.181901748e-02 +4.076718190e+02 +4.076718190e+02 -1.8589e-01 -3.3385e+00
24577 +3.589406474e-02 +3.589406474e-02 +4.076458941e+02 +4.076458941e+02 -2.2826e-01 -3.3384e+00
31318 +1.743963826e-02 +1.743963826e-02 +4.076274396e+02 +4.076274396e+02 -2.7771e-01 -3.3384e+00
35650 +1.571665873e-02 +1.571665873e-02 +4.076257167e+02 +4.076257167e+02 -2.9144e-01 -3.3384e+00
42687 +9.095317389e-03 +9.095317389e-03 +4.076190953e+02 +4.076190953e+02 -3.2416e-01 -3.3384e+00
42689 +6.173964436e-03 +6.173964436e-03 +4.076161740e+02 +4.076161740e+02 -3.3772e-01 -3.3384e+00
47949 +3.847038113e-03 +3.847038113e-03 +4.076138470e+02 +4.076138470e+02 -3.5031e-01 -3.3384e+00
65016 +2.033523007e-03 +2.033523007e-03 +4.076120335e+02 +4.076120335e+02 -3.7150e-01 -3.3384e+00
67196 +1.232225584e-03 +1.232225584e-03 +4.076112322e+02 +4.076112322e+02 -3.7786e-01 -3.3384e+00
68777 +5.438414052e-04 +5.438414052e-04 +4.076105438e+02 +4.076105438e+02 -4.0285e-01 -3.3384e+00
69076 +3.913065191e-04 +3.913065191e-04 +4.076103913e+02 +4.076103913e+02 -4.0274e-01 -3.3384e+00
69206 +1.597534978e-04 +1.597534978e-04 +4.076101598e+02 +4.076101598e+02 -4.0272e-01 -3.3384e+00
69599 +1.579000856e-04 +1.579000856e-04 +4.076101579e+02 +4.076101579e+02 -4.0282e-01 -3.3384e+00
72100 +7.121145865e-05 +7.121145865e-05 +4.076100712e+02 +4.076100712e+02 -4.0845e-01 -3.3384e+00
72332 +4.511077782e-05 +4.511077782e-05 +4.076100451e+02 +4.076100451e+02 -4.0851e-01 -3.3384e+00
73219 +3.914716677e-05 +3.914716677e-05 +4.076100391e+02 +4.076100391e+02 -4.0870e-01 -3.3384e+00
122966 +1.345758483e-05 +1.345758483e-05 +4.076100135e+02 +4.076100135e+02 -4.1155e-01 -3.3384e+00
128703 +9.060590514e-06 +9.060590514e-06 +4.076100091e+02 +4.076100091e+02 -4.1201e-01 -3.3384e+00
135198 +6.152962271e-06 +6.152962271e-06 +4.076100062e+02 +4.076100062e+02 -4.1774e-01 -3.3384e+00
% function evaluation | noise-free fitness - Fopt (2.872000000000e+01) | best noise-free fitness - Fopt | measured fitness | best measured fitness | x1 | x2...
1 +1.236906872e+06 +1.236906872e+06 +1.236935592e+06 +1.236935592e+06 -2.0233e+00 -4.1630e+00
8 +3.278992047e+03 +3.278992047e+03 +3.307712047e+03 +3.307712047e+03 +3.8175e+00 -3.1444e+00
35 +6.446934775e+02 +6.446934775e+02 +6.734134775e+02 +6.734134775e+02 +2.4982e+00 -3.1102e+00
71 +1.939659077e+02 +1.939659077e+02 +2.226859077e+02 +2.226859077e+02 +7.5112e-01 -3.0711e+00
319 +3.940154216e-01 +3.940154216e-01 +2.911401542e+01 +2.911401542e+01 +8.3042e-01 -3.0851e+00
7325 +1.514933131e-01 +1.514933131e-01 +2.887149331e+01 +2.887149331e+01 +1.0185e+00 -3.0848e+00
7934 +7.440636641e-02 +7.440636641e-02 +2.879440637e+01 +2.879440637e+01 +1.1514e+00 -3.0847e+00
8042 +6.160756334e-02 +6.160756334e-02 +2.878160756e+01 +2.878160756e+01 +1.1514e+00 -3.0847e+00
18222 +3.873072543e-02 +3.873072543e-02 +2.875873073e+01 +2.875873073e+01 +1.2050e+00 -3.0848e+00
24001 +1.470526404e-02 +1.470526404e-02 +2.873470526e+01 +2.873470526e+01 +1.3918e+00 -3.0849e+00
24072 +8.480023131e-03 +8.480023131e-03 +2.872848002e+01 +2.872848002e+01 +1.3917e+00 -3.0849e+00
24128 +3.085884795e-03 +3.085884795e-03 +2.872308588e+01 +2.872308588e+01 +1.3919e+00 -3.0849e+00
24196 +6.439217800e-04 +6.439217800e-04 +2.872064392e+01 +2.872064392e+01 +1.3918e+00 -3.0848e+00
24230 +7.328230564e-05 +7.328230564e-05 +2.872007328e+01 +2.872007328e+01 +1.3916e+00 -3.0848e+00
24406 +3.994252726e-05 +3.994252726e-05 +2.872003994e+01 +2.872003994e+01 +1.3920e+00 -3.0848e+00
24449 +2.986800525e-05 +2.986800525e-05 +2.872002987e+01 +2.872002987e+01 +1.3920e+00 -3.0848e+00
24777 +1.065089915e-05 +1.065089915e-05 +2.872001065e+01 +2.872001065e+01 +1.3921e+00 -3.0848e+00
24826 +5.458782880e-06 +5.458782880e-06 +2.872000546e+01 +2.872000546e+01 +1.3921e+00 -3.0848e+00
34636 +3.966857992e-06 +3.966857992e-06 +2.872000397e+01 +2.872000397e+01 +1.3923e+00 -3.0848e+00
45354 +2.185199211e-06 +2.185199211e-06 +2.872000219e+01 +2.872000219e+01 +1.3929e+00 -3.0848e+00
53418 +1.515238953e-06 +1.515238953e-06 +2.872000152e+01 +2.872000152e+01 +1.3932e+00 -3.0848e+00
62933 +9.287704579e-07 +9.287704579e-07 +2.872000093e+01 +2.872000093e+01 +1.3934e+00 -3.0848e+00
79639 +6.300228890e-07 +6.300228890e-07 +2.872000063e+01 +2.872000063e+01 +1.3936e+00 -3.0848e+00
97231 +3.616263022e-07 +3.616263022e-07 +2.872000036e+01 +2.872000036e+01 +1.3939e+00 -3.0848e+00
99723 +2.044523661e-07 +2.044523661e-07 +2.872000020e+01 +2.872000020e+01 +1.3940e+00 -3.0848e+00
106027 +3.889684663e-08 +3.889684663e-08 +2.872000004e+01 +2.872000004e+01 +1.3942e+00 -3.0848e+00
112338 +2.321367631e-08 +2.321367631e-08 +2.872000002e+01 +2.872000002e+01 +1.3943e+00 -3.0848e+00
112345 +6.965887422e-09 +6.965887422e-09 +2.872000001e+01 +2.872000001e+01 +1.3943e+00 -3.0848e+00
