% function evaluation | noise-free fitness - Fopt (-5.235000000000e+01) | best noise-free fitness - Fopt | measured fitness | best measured fitness | x1 | x2...
1 +2.397514325e+02 +2.397514325e+02 +1.874014325e+02 +1.874014325e+02 -7.4849e-01 +7.6671e-01 -3.7396e+00 +2.6018e+00 -4.2995e+00
2 +2.233390597e+01 +2.233390597e+01 -3.001609403e+01 -3.001609403e+01 -4.1901e+00 -2.5842e-01 -2.2757e+00 -2.6709e+00 -3.1793e+00
6 +1.569706548e+01 +1.569706548e+01 -3.665293452e+01 -3.665293452e+01 +4.5415e+00 -9.1179e-01 +4.5323e+00 -3.2257e+00 -2.7136e+00
20 +6.913277279e+00 +6.913277279e+00 -4.543672272e+01 -4.543672272e+01 -2.2139e+00 +3.7083e+00 +4.9239e+00 -7.8070e-01 -9.5192e-01
54 +4.220787103e+00 +4.220787103e+00 -4.812921290e+01 -4.812921290e+01 -3.4338e+00 -9.5522e-02 +2.7809e+00 -1.0280e+00 -1.3261e-01
95 +2.603089509e+00 +2.603089509e+00 -4.974691049e+01 -4.974691049e+01 -6.8289e-01 -1.3995e+00 +6.1916e-01 -2.8180e+00 -1.2533e+00
258 +2.050797022e+00 +2.050797022e+00 -5.029920298e+01 -5.029920298e+01 -7.1229e-01 -1.4431e+00 +7.6247e-01 -2.7848e+00 -1.3471e+00
385 +1.480285187e+00 +1.480285187e+00 -5.086971481e+01 -5.086971481e+01 -5.3234e-01 -1.3645e+00 +9.4111e-01 -2.6599e+00 -1.4599e+00
606 +9.994590605e-01 +9.994590605e-01 -5.135054094e+01 -5.135054094e+01 -6.2437e-01 -1.2626e+00 +1.2266e+00 -2.4497e+00 -1.4138e+00
753 +5.796449571e-01 +5.796449571e-01 -5.177035504e+01 -5.177035504e+01 -8.7344e-01 -1.3183e+00 +1.4665e+00 -2.3611e+00 -1.5902e+00
954 +2.514876752e-01 +2.514876752e-01 -5.209851232e+01 -5.209851232e+01 -8.6864e-01 -1.0779e+00 +1.7758e+00 -2.4418e+00 -1.5686e+00
1019 +2.379627136e-01 +2.379627136e-01 -5.211203729e+01 -5.211203729e+01 -9.8172e-01 -1.0494e+00 +1.8446e+00 -2.4213e+00 -1.6375e+00
1055 +1.359817209e-01 +1.359817209e-01 -5.221401828e+01 -5.221401828e+01 -8.6048e-01 -9.7036e-01 +2.0958e+00 -2.3008e+00 -1.5337e+00
1113 +8.309657182e-02 +8.309657182e-02 -5.226690343e+01 -5.226690343e+01 -7.1719e-01 -1.0686e+00 +2.2244e+00 -2.4813e+00 -1.5495e+00
1206 +2.369293185e-02 +2.369293185e-02 -5.232630707e+01 -5.232630707e+01 -8.5948e-01 -1.1394e+00 +2.2699e+00 -2.3618e+00 -1.5197e+00
1516 +1.390274644e-02 +1.390274644e-02 -5.233609725e+01 -5.233609725e+01 -8.1915e-01 -1.1571e+00 +2.3674e+00 -2.2538e+00 -1.4937e+00
2044 +6.832814412e-03 +6.832814412e-03 -5.234316719e+01 -5.234316719e+01 -8.7907e-01 -1.2533e+00 +2.5746e+00 -2.4469e+00 -1.5800e+00
2132 +5.333299106e-03 +5.333299106e-03 -5.234466670e+01 -5.234466670e+01 -8.3655e-01 -1.1727e+00 +2.4108e+00 -2.3395e+00 -1.5035e+00
3973 +1.814743138e-03 +1.814743138e-03 -5.234818526e+01 -5.234818526e+01 -8.5584e-01 -1.2107e+00 +2.4720e+00 -2.3647e+00 -1.5256e+00
% function evaluation | noise-free fitness - Fopt (-1.795400000000e+02) | best noise-free fitness - Fopt | measured fitness | best measured fitness | x1 | x2...
1 +1.622434327e+02 +1.622434327e+02 -1.729656733e+01 -1.729656733e+01 -1.3850e+00 +4.9946e-02 +3.4855e-01 -4.3113e+00 +3.6364e+00
2 +3.480596825e+01 +3.480596825e+01 -1.447340317e+02 -1.447340317e+02 -4.5106e+00 +4.2731e+00 +1.2259e+00 +4.5833e+00 +9.6071e-01
3 +1.681644215e+01 +1.681644215e+01 -1.627235579e+02 -1.627235579e+02 -6.6315e-01 +3.6998e+00 -7.0345e-01 +3.1761e+00 -2.0027e+00
4 +9.667356441e+00 +9.667356441e+00 -1.698726436e+02 -1.698726436e+02 +3.1816e+00 +2.0143e+00 -1.9805e+00 +9.7385e-01 +9.7013e-01
78 +3.225922180e+00 +3.225922180e+00 -1.763140778e+02 -1.763140778e+02 +6.5052e-02 +3.2546e-01 -3.8055e+00 +2.2004e+00 +1.3370e+00
310 +2.411728230e+00 +2.411728230e+00 -1.771282718e+02 -1.771282718e+02 +8.4486e-02 +2.5888e-01 -3.7222e+00 +2.2590e+00 +1.7253e+00
657 +1.532519312e+00 +1.532519312e+00 -1.780074807e+02 -1.780074807e+02 -3.1396e-02 +5.7701e-01 -3.6939e+00 +2.5425e+00 +2.3338e+00
906 +9.960912864e-01 +9.960912864e-01 -1.785439087e+02 -1.785439087e+02 +1.5992e-01 +5.7461e-01 -3.7374e+00 +2.4940e+00 +2.8852e+00
1101 +6.152619971e-01 +6.152619971e-01 -1.789247380e+02 -1.789247380e+02 +1.1889e-01 +4.3734e-01 -3.3501e+00 +2.4618e+00 +3.2106e+00
1161 +3.837600919e-01 +3.837600919e-01 -1.791562399e+02 -1.791562399e+02 +7.5834e-01 +2.9595e-01 -3.3352e+00 +2.2678e+00 +3.1652e+00
1314 +2.246708722e-01 +2.246708722e-01 -1.793153291e+02 -1.793153291e+02 +9.7596e-01 +4.8918e-01 -3.4394e+00 +2.5857e+00 +3.5360e+00
1341 +1.492239870e-01 +1.492239870e-01 -1.793907760e+02 -1.793907760e+02 +8.1320e-01 +2.7097e-01 -3.3247e+00 +2.1464e+00 +3.4507e+00
1404 +5.096777220e-02 +5.096777220e-02 -1.794890322e+02 -1.794890322e+02 +8.8629e-01 +3.4197e-01 -3.3560e+00 +2.4791e+00 +3.6502e+00
1529 +3.950175302e-02 +3.950175302e-02 -1.795004982e+02 -1.795004982e+02 +1.0457e+00 +4.3866e-01 -3.4631e+00 +2.3710e+00 +3.7480e+00
1701 +2.379708303e-02 +2.379708303e-02 -1.795162029e+02 -1.795162029e+02 +7.2085e-01 +3.5723e-01 -3.4119e+00 +2.3566e+00 +3.7286e+00
1992 +1.511268920e-02 +1.511268920e-02 -1.795248873e+02 -1.795248873e+02 +7.6681e-01 +4.7010e-01 -3.4338e+00 +2.1969e+00 +3.7560e+00
2402 +3.672845286e-03 +3.672845286e-03 -1.795363272e+02 -1.795363272e+02 +7.2840e-01 +5.4027e-01 -3.4728e+00 +2.3522e+00 +3.8854e+00
6709 +2.280766590e-03 +2.280766590e-03 -1.795377192e+02 -1.795377192e+02 +8.5168e-01 +5.0615e-01 -3.4378e+00 +2.4448e+00 +3.8427e+00
8589 +1.351786325e-03 +1.351786325e-03 -1.795386482e+02 -1.795386482e+02 +7.3876e-01 +4.6846e-01 -3.4477e+00 +2.3443e+00 +3.8238e+00
% function evaluation | noise-free fitness - Fopt (7.731000000000e+01) | best noise-free fitness - Fopt | measured fitness | best measured fitness | x1 | x2...
1 +1.763015523e+01 +1.763015523e+01 +9.494015523e+01 +9.494015523e+01 +2.6018e+00 -7.8023e-01 -2.7959e+00 +1.5628e+00 -3.0812e+00
10 +8.977114819e+00 +8.977114819e+00 +8.628711482e+01 +8.628711482e+01 -1.2459e+00 +3.1413e+00 -1.1149e+00 -1.2558e+00 +8.5263e-01
32 +6.094235648e+00 +6.094235648e+00 +8.340423565e+01 +8.340423565e+01 +2.5684e+00 -9.7163e-01 -2.8993e-01 -6.2894e-01 +1.9771e+00
229 +3.976351272e+00 +3.976351272e+00 +8.128635127e+01 +8.128635127e+01 -1.2735e+00 +6.6556e-01 -3.1689e+00 -2.0558e+00 -6.2805e-01
692 +2.451258228e+00 +2.451258228e+00 +7.976125823e+01 +7.976125823e+01 -6.7384e-01 +6.6962e-01 -2.8005e+00 -1.9762e+00 -2.9002e-01
1028 +1.578844975e+00 +1.578844975e+00 +7.888884498e+01 +7.888884498e+01 -2.7976e-01 +1.3116e-01 -2.5579e+00 -1.9076e+00 -1.8781e-02
1303 +9.613024422e-01 +9.613024422e-01 +7.827130244e+01 +7.827130244e+01 +4.6938e-02 +1.6123e-01 -2.5185e+00 -1.9053e+00 +5.7001e-01
1470 +5.436422907e-01 +5.436422907e-01 +7.785364229e+01 +7.785364229e+01 +4.4045e-01 -2.3622e-02 -2.4322e+00 -1.8843e+00 +7.1735e-01
1655 +3.015147680e-01 +3.015147680e-01 +7.761151477e+01 +7.761151477e+01 +6.6086e-01 -8.6083e-02 -1.9882e+00 -2.2390e+00 +8.8963e-01
1702 +2.280249944e-01 +2.280249944e-01 +7.753802499e+01 +7.753802499e+01 +6.4281e-01 -1.8904e-02 -2.3633e+00 -2.0308e+00 +1.0490e+00
1824 +1.222086251e-01 +1.222086251e-01 +7.743220863e+01 +7.743220863e+01 +7.8970e-01 -1.9523e-01 -2.3969e+00 -1.8921e+00 +1.0632e+00
1877 +4.253502402e-02 +4.253502402e-02 +7.735253502e+01 +7.735253502e+01 +7.7371e-01 -4.8769e-01 -2.2741e+00 -1.8653e+00 +1.0547e+00
2035 +1.663507682e-02 +1.663507682e-02 +7.732663508e+01 +7.732663508e+01 +8.1107e-01 -5.4752e-01 -2.3264e+00 -1.8612e+00 +1.0484e+00
2376 +8.740181951e-03 +8.740181951e-03 +7.731874018e+01 +7.731874018e+01 +9.2612e-01 -7.0099e-01 -2.0809e+00 -1.8553e+00 +9.8043e-01
2697 +6.037562403e-03 +6.037562403e-03 +7.731603756e+01 +7.731603756e+01 +8.6810e-01 -7.0552e-01 -1.9811e+00 -1.9175e+00 +9.9097e-01
3139 +3.467895659e-03 +3.467895659e-03 +7.731346790e+01 +7.731346790e+01 +9.1630e-01 -6.1600e-01 -2.1741e+00 -1.8246e+00 +1.0086e+00
3234 +1.938692830e-03 +1.938692830e-03 +7.731193869e+01 +7.731193869e+01 +9.0726e-01 -6.1254e-01 -2.2178e+00 -1.8557e+00 +1.0060e+00
% function evaluation | noise-free fitness - Fopt (3.992000000000e+01) | best noise-free fitness - Fopt | measured fitness | best measured fitness | x1 | x2...
1 +3.734209597e+01 +3.734209597e+01 +7.726209597e+01 +7.726209597e+01 +2.9478e+00 +3.7520e+00 +4.2859e+00 -2.6004e+00 +2.7199e+00
6 +1.723429510e+01 +1.723429510e+01 +5.715429510e+01 +5.715429510e+01 +2.2620e+00 -4.7276e+00 +3.4747e-01 +3.2832e+00 -7.5351e-01
14 +6.351136709e+00 +6.351136709e+00 +4.627113671e+01 +4.627113671e+01 +2.7064e+00 -3.0807e+00 +1.9754e+00 +2.6144e-01 -2.7025e-01
106 +6.188448687e+00 +6.188448687e+00 +4.610844869e+01 +4.610844869e+01 +2.6390e+00 -3.0491e+00 +2.0009e+00 +2.4200e-01 -4.0596e-01
658 +3.974074648e+00 +3.974074648e+00 +4.389407465e+01 +4.389407465e+01 +2.7998e+00 -2.4067e+00 +1.6702e+00 -5.3892e-01 -2.8610e-01
1155 +2.487694711e+00 +2.487694711e+00 +4.240769471e+01 +4.240769471e+01 +2.7334e+00 -1.9344e+00 +2.0631e+00 -1.1360e+00 -6.4976e-01
1402 +1.584459943e+00 +1.584459943e+00 +4.150445994e+01 +4.150445994e+01 +2.8573e+00 -1.5786e+00 +2.4971e+00 -1.6044e+00 -9.7648e-01
1716 +9.169527584e-01 +9.169527584e-01 +4.083695276e+01 +4.083695276e+01 +3.5314e+00 -1.6151e+00 +2.1838e+00 -1.8242e+00 -1.2449e+00
1813 +5.378945874e-01 +5.378945874e-01 +4.045789459e+01 +4.045789459e+01 +3.7379e+00 -1.7754e+00 +2.3709e+00 -2.4267e+00 -1.4141e+00
1907 +3.635242825e-01 +3.635242825e-01 +4.028352428e+01 +4.028352428e+01 +3.6680e+00 -1.5019e+00 +2.1475e+00 -2.3567e+00 -1.8292e+00
2013 +2.211660350e-01 +2.211660350e-01 +4.014116604e+01 +4.014116604e+01 +3.8258e+00 -1.4979e+00 +2.1719e+00 -2.2917e+00 -1.9678e+00
2074 +1.403742600e-01 +1.403742600e-01 +4.006037426e+01 +4.006037426e+01 +3.9066e+00 -1.3886e+00 +2.1106e+00 -2.2764e+00 -1.9337e+00
2148 +9.871227248e-02 +9.871227248e-02 +4.001871227e+01 +4.001871227e+01 +3.9492e+00 -1.3093e+00 +2.1301e+00 -2.3525e+00 -1.8595e+00
2214 +3.259292944e-02 +3.259292944e-02 +3.995259293e+01 +3.995259293e+01 +3.9190e+00 -1.1600e+00 +2.5359e+00 -2.3306e+00 -1.8507e+00
2494 +1.931949351e-02 +1.931949351e-02 +3.993931949e+01 +3.993931949e+01 +3.9551e+00 -1.0739e+00 +2.3847e+00 -2.2212e+00 -2.1184e+00
2630 +1.564581798e-02 +1.564581798e-02 +3.993564582e+01 +3.993564582e+01 +3.9910e+00 -1.1505e+00 +2.1986e+00 -2.3032e+00 -2.0198e+00
3156 +9.683924119e-03 +9.683924119e-03 +3.992968392e+01 +3.992968392e+01 +4.0026e+00 -1.0176e+00 +2.3629e+00 -2.3436e+00 -1.9434e+00
3323 +1.841044457e-03 +1.841044457e-03 +3.992184104e+01 +3.992184104e+01 +3.9904e+00 -1.0803e+00 +2.3391e+00 -2.2933e+00 -1.9835e+00
7223 +1.336881180e-03 +1.336881180e-03 +3.992133688e+01 +3.992133688e+01 +3.9509e+00 -1.0748e+00 +2.3794e+00 -2.3048e+00 -2.0335e+00
% function evaluation | noise-free fitness - Fopt (-5.661000000000e+01) | best noise-free fitness - Fopt | measured fitness | best measured fitness | x1 | x2...
1 +4.080647490e+01 +4.080647490e+01 -1.580352510e+01 -1.580352510e+01 +3.5005e+00 -4.0737e+00 -2.0258e+00 -8.0907e-01 -6.6759e-01
2 +2.521336665e+01 +2.521336665e+01 -3.139663335e+01 -3.139663335e+01 +3.8917e+00 -3.0939e+00 +2.7292e+00 +2.8628e+00 -5.8749e-01
14 +9.195585467e+00 +9.195585467e+00 -4.741441453e+01 -4.741441453e+01 +4.5799e+00 +2.2922e-02 +4.8405e+00 -1.6395e+00 -4.2469e+00
59 +1.978645773e+00 +1.978645773e+00 -5.463135423e+01 -5.463135423e+01 +2.1878e+00 +2.3461e+00 +2.1969e+00 -3.5785e+00 -2.1539e+00
218 +1.434489920e+00 +1.434489920e+00 -5.517551008e+01 -5.517551008e+01 +2.3520e+00 +2.4103e+00 +2.3391e+00 -3.6763e+00 -2.2814e+00
424 +9.953106603e-01 +9.953106603e-01 -5.561468934e+01 -5.561468934e+01 +2.1036e+00 +2.1886e+00 +2.7191e+00 -3.3318e+00 -2.3115e+00
560 +5.659481982e-01 +5.659481982e-01 -5.604405180e+01 -5.604405180e+01 +2.2707e+00 +2.7394e+00 +2.4541e+00 -3.5726e+00 -2.7738e+00
683 +3.600413226e-01 +3.600413226e-01 -5.624995868e+01 -5.624995868e+01 +2.1575e+00 +2.9426e+00 +2.6533e+00 -3.5044e+00 -2.7537e+00
801 +1.367931520e-01 +1.367931520e-01 -5.647320685e+01 -5.647320685e+01 +2.3610e+00 +2.7809e+00 +2.9195e+00 -3.4938e+00 -2.9248e+00
941 +5.753318204e-02 +5.753318204e-02 -5.655246682e+01 -5.655246682e+01 +2.2099e+00 +2.8807e+00 +2.9684e+00 -3.5147e+00 -2.9986e+00
1027 +1.092012944e-02 +1.092012944e-02 -5.659907987e+01 -5.659907987e+01 +2.1494e+00 +2.9190e+00 +3.1551e+00 -3.3923e+00 -3.1356e+00
1353 +4.502335531e-03 +4.502335531e-03 -5.660549766e+01 -5.660549766e+01 +1.9493e+00 +2.8859e+00 +3.2773e+00 -3.3379e+00 -3.0028e+00
5675 +3.777217754e-03 +3.777217754e-03 -5.660622278e+01 -5.660622278e+01 +2.0407e+00 +2.9552e+00 +3.1708e+00 -3.2950e+00 -3.1743e+00
% function evaluation | noise-free fitness - Fopt (1.686600000000e+02) | best noise-free fitness - Fopt | measured fitness | best measured fitness | x1 | x2...
1 +8.442425550e+00 +8.442425550e+00 +1.771024256e+02 +1.771024256e+02 +1.4985e-01 -2.1112e+00 -3.0147e+00 +2.1573e+00 +1.5125e+00
111 +6.125623549e+00 +6.125623549e+00 +1.747856235e+02 +1.747856235e+02 -7.7758e-01 -1.8003e+00 -2.1920e+00 +2.4819e+00 +8.7250e-01
604 +3.806218800e+00 +3.806218800e+00 +1.724662188e+02 +1.724662188e+02 -1.5464e+00 -2.2406e+00 -1.9698e+00 +2.3044e+00 +1.2581e+00
851 +2.420177731e+00 +2.420177731e+00 +1.710801777e+02 +1.710801777e+02 -2.2148e+00 -1.9191e+00 -2.1850e+00 +2.0676e+00 +1.1866e+00
1110 +1.477594532e+00 +1.477594532e+00 +1.701375945e+02 +1.701375945e+02 -2.7170e+00 -2.0633e+00 -2.2175e+00 +1.6973e+00 +1.4456e+00
1375 +9.994581499e-01 +9.994581499e-01 +1.696594581e+02 +1.696594581e+02 -2.9963e+00 -2.0067e+00 -2.7551e+00 +1.9159e+00 +1.2677e+00
1608 +5.802293988e-01 +5.802293988e-01 +1.692402294e+02 +1.692402294e+02 -3.0066e+00 -2.3576e+00 -2.7720e+00 +1.6045e+00 +1.8475e+00
1728 +3.842305140e-01 +3.842305140e-01 +1.690442305e+02 +1.690442305e+02 -3.1884e+00 -2.1557e+00 -2.9255e+00 +1.7348e+00 +1.8443e+00
1742 +2.511404055e-01 +2.511404055e-01 +1.689111404e+02 +1.689111404e+02 -3.3171e+00 -2.2368e+00 -2.8907e+00 +1.4800e+00 +1.9369e+00
1905 +1.281119718e-01 +1.281119718e-01 +1.687881120e+02 +1.687881120e+02 -3.5501e+00 -2.2197e+00 -2.9135e+00 +1.3073e+00 +2.1981e+00
1980 +6.886709003e-02 +6.886709003e-02 +1.687288671e+02 +1.687288671e+02 -3.4747e+00 -2.4175e+00 -3.1329e+00 +1.5523e+00 +2.0311e+00
1991 +6.022933922e-02 +6.022933922e-02 +1.687202293e+02 +1.687202293e+02 -3.6816e+00 -2.3158e+00 -2.7625e+00 +1.2274e+00 +2.2266e+00
2232 +3.884288497e-02 +3.884288497e-02 +1.686988429e+02 +1.686988429e+02 -3.6549e+00 -2.6262e+00 -3.1409e+00 +1.2517e+00 +2.2446e+00
2255 +1.225042180e-02 +1.225042180e-02 +1.686722504e+02 +1.686722504e+02 -3.6624e+00 -2.3474e+00 -3.1841e+00 +1.5049e+00 +2.2733e+00
2690 +9.420129688e-03 +9.420129688e-03 +1.686694201e+02 +1.686694201e+02 -3.6268e+00 -2.4533e+00 -3.2323e+00 +1.4811e+00 +2.2513e+00
4000 +3.459956978e-03 +3.459956978e-03 +1.686634600e+02 +1.686634600e+02 -3.6752e+00 -2.4440e+00 -3.1813e+00 +1.4146e+00 +2.2599e+00
% function evaluation | noise-free fitness - Fopt (4.076900000000e+02) | best noise-free fitness - Fopt | measured fitness | best measured fitness | x1 | x2...
1 +4.800820171e+01 +4.800820171e+01 +4.556982017e+02 +4.556982017e+02 -9.5408e-01 +2.0581e+00 -1.9494e-01 -1.4026e+00 +1.1017e+00
2 +3.163688976e+01 +3.163688976e+01 +4.393268898e+02 +4.393268898e+02 +1.8448e+00 -2.6155e+00 -3.7284e+00 -4.5949e+00 +1.0131e+00
10 +2.359953079e+01 +2.359953079e+01 +4.312895308e+02 +4.312895308e+02 -1.7037e+00 -3.5838e+00 -4.9568e+00 +1.4129e+00 +3.2330e+00
21 +4.698023007e+00 +4.698023007e+00 +4.123880230e+02 +4.123880230e+02 +3.9806e-01 -1.5439e+00 +3.4094e-01 -1.0362e-01 -8.5683e-01
29 +2.321405859e+00 +2.321405859e+00 +4.100114059e+02 +4.100114059e+02 +4.5922e-01 +2.1916e-01 +1.3876e+00 +2.3948e+00 -4.0876e+00
689 +1.500993764e+00 +1.500993764e+00 +4.091909938e+02 +4.091909938e+02 +5.7046e-01 +3.4805e-01 +1.1653e+00 +2.6141e+00 -3.5528e+00
766 +8.690166498e-01 +8.690166498e-01 +4.085590166e+02 +4.085590166e+02 +4.4379e-01 +5.1072e-02 +8.5517e-01 +2.7110e+00 -3.4291e+00
963 +5.222826555e-01 +5.222826555e-01 +4.082122827e+02 +4.082122827e+02 +4.0116e-01 +4.1027e-02 +5.3197e-01 +2.5686e+00 -3.3252e+00
1152 +1.730268799e-01 +1.730268799e-01 +4.078630269e+02 +4.078630269e+02 +5.1091e-01 -1.9302e-01 +4.4417e-01 +2.7353e+00 -2.9513e+00
1263 +1.360549321e-01 +1.360549321e-01 +4.078260549e+02 +4.078260549e+02 +7.1236e-01 -1.8753e-01 +1.8864e-01 +2.9061e+00 -2.8627e+00
1402 +6.983171327e-02 +6.983171327e-02 +4.077598317e+02 +4.077598317e+02 +5.0620e-01 -2.6669e-01 +1.6108e-01 +2.8383e+00 -2.8979e+00
1452 +5.880403472e-02 +5.880403472e-02 +4.077488040e+02 +4.077488040e+02 +4.0090e-01 -3.0575e-01 +3.3810e-01 +2.8059e+00 -2.9433e+00
1534 +3.543444271e-02 +3.543444271e-02 +4.077254344e+02 +4.077254344e+02 +3.4755e-01 -4.5658e-01 +3.2610e-01 +2.8735e+00 -2.7753e+00
1550 +1.984031112e-02 +1.984031112e-02 +4.077098403e+02 +4.077098403e+02 +3.4489e-01 -4.3223e-01 +3.6151e-01 +2.8557e+00 -2.8345e+00
1619 +9.397637435e-03 +9.397637435e-03 +4.076993976e+02 +4.076993976e+02 +3.9074e-01 -6.1354e-01 +3.0081e-01 +3.0361e+00 -2.8483e+00
2288 +5.877985995e-03 +5.877985995e-03 +4.076958780e+02 +4.076958780e+02 +5.2201e-01 -5.6154e-01 +3.2095e-01 +3.1193e+00 -2.7787e+00
7601 +3.753244297e-03 +3.753244297e-03 +4.076937532e+02 +4.076937532e+02 +3.4524e-01 -5.1778e-01 +3.0113e-01 +2.9373e+00 -2.8801e+00
% function evaluation | noise-free fitness - Fopt (5.592000000000e+01) | best noise-free fitness - Fopt | measured fitness | best measured fitness | x1 | x2...
1 +5.012185474e+01 +5.012185474e+01 +1.060418547e+02 +1.060418547e+02 -8.8542e-01 +2.2917e+00 -3.1060e+00 -3.0913e+00 +2.1762e+00
3 +3.732846571e+01 +3.732846571e+01 +9.324846571e+01 +9.324846571e+01 -1.8383e+00 -4.3162e+00 +1.1385e+00 -2.5519e+00 +3.3444e+00
5 +1.358363947e+01 +1.358363947e+01 +6.950363947e+01 +6.950363947e+01 -2.2435e-01 +8.2745e-01 -3.3180e-01 +2.6922e+00 -4.6495e-01
30 +6.064524094e+00 +6.064524094e+00 +6.198452409e+01 +6.198452409e+01 +1.7303e+00 -3.1374e+00 +7.4289e-01 +1.2268e+00 +2.9033e+00
33 +3.502305809e+00 +3.502305809e+00 +5.942230581e+01 +5.942230581e+01 +1.9452e+00 -2.3601e+00 +1.1106e+00 +2.5851e+00 +3.1282e-01
783 +2.473181507e+00 +2.473181507e+00 +5.839318151e+01 +5.839318151e+01 -8.9803e-02 -2.4352e+00 +8.7896e-01 +3.5822e+00 -6.7211e-01
1238 +1.515701962e+00 +1.515701962e+00 +5.743570196e+01 +5.743570196e+01 +8.1879e-02 -2.6224e+00 +3.7310e-01 +2.8337e+00 -2.6745e-01
1753 +9.866611145e-01 +9.866611145e-01 +5.690666111e+01 +5.690666111e+01 +8.2344e-01 -2.8150e+00 +4.1622e-01 +2.4471e+00 -1.5179e-01
1952 +6.228146077e-01 +6.228146077e-01 +5.654281461e+01 +5.654281461e+01 +4.2647e-01 -2.7485e+00 -6.0917e-01 +2.6014e+00 -1.2886e-01
2055 +2.904783391e-01 +2.904783391e-01 +5.621047834e+01 +5.621047834e+01 +5.8532e-01 -2.8695e+00 -7.3137e-01 +2.4077e+00 +2.3012e-01
2181 +1.845293931e-01 +1.845293931e-01 +5.610452939e+01 +5.610452939e+01 +8.9949e-01 -2.7481e+00 -5.5848e-01 +2.2075e+00 +1.3683e-01
2272 +1.183422273e-01 +1.183422273e-01 +5.603834223e+01 +5.603834223e+01 +9.3241e-01 -3.0603e+00 -6.6935e-01 +2.3138e+00 -7.8093e-03
2286 +8.334483489e-02 +8.334483489e-02 +5.600334483e+01 +5.600334483e+01 +8.6239e-01 -2.9892e+00 -6.3044e-01 +2.2077e+00 +1.5602e-01
2457 +5.725697499e-02 +5.725697499e-02 +5.597725697e+01 +5.597725697e+01 +9.2819e-01 -2.9782e+00 -5.8738e-01 +2.0346e+00 +4.6182e-02
2574 +3.005687033e-02 +3.005687033e-02 +5.595005687e+01 +5.595005687e+01 +9.0564e-01 -3.3035e+00 -6.0898e-01 +2.1635e+00 +6.3680e-02
2602 +1.887417482e-02 +1.887417482e-02 +5.593887417e+01 +5.593887417e+01 +9.9322e-01 -3.1203e+00 -5.0924e-01 +2.0074e+00 +2.6664e-02
2864 +1.557004319e-02 +1.557004319e-02 +5.593557004e+01 +5.593557004e+01 +1.1576e+00 -3.0533e+00 -4.7328e-01 +2.0222e+00 +2.1040e-02
2889 +8.348314208e-03 +8.348314208e-03 +5.592834831e+01 +5.592834831e+01 +9.1857e-01 -3.3202e+00 -5.7885e-01 +2.0793e+00 -1.9828e-02
3072 +5.873086673e-03 +5.873086673e-03 +5.592587309e+01 +5.592587309e+01 +1.0492e+00 -3.2302e+00 -3.7981e-01 +1.9178e+00 -4.1601e-03
4736 +3.161245790e-03 +3.161245790e-03 +5.592316125e+01 +5.592316125e+01 +1.0945e+00 -3.1833e+00 -4.9039e-01 +2.0629e+00 +2.2899e-02
5913 +1.946386800e-03 +1.946386800e-03 +5.592194639e+01 +5.592194639e+01 +1.0163e+00 -3.2018e+00 -4.7049e-01 +1.9827e+00 -2.1823e-02
10198 +1.441610518e-03 +1.441610518e-03 +5.592144161e+01 +5.592144161e+01 +1.0391e+00 -3.1989e+00 -4.4394e-01 +1.9671e+00 -1.8832e-02
% function evaluation | noise-free fitness - Fopt (4.619000000000e+01) | best noise-free fitness - Fopt | measured fitness | best measured fitness | x1 | x2...
1 +4.206798936e+01 +4.206798936e+01 +8.825798936e+01 +8.825798936e+01 -7.6302e-01 -4.1712e+00 -4.6270e+00 -4.7302e+00 +1.6999e+00
2 +1.402031168e+01 +1.402031168e+01 +6.021031168e+01 +6.021031168e+01 +9.3048e-01 +3.7574e+00 -3.0782e+00 +1.6787e-01 +9.7764e-01
22 +7.652495755e+00 +7.652495755e+00 +5.384249575e+01 +5.384249575e+01 -5.8092e-01 +3.8054e+00 -3.3210e+00 -2.4641e+00 -3.3841e+00
49 +3.977026879e+00 +3.977026879e+00 +5.016702688e+01 +5.016702688e+01 +5.0215e-01 +3.1682e-01 -3.9267e+00 -4.9287e+00 -4.5395e+00
94 +1.896290035e+00 +1.896290035e+00 +4.808629004e+01 +4.808629004e+01 +1.4984e+00 -1.3012e+00 -3.4287e+00 -2.8503e+00 -4.4801e+00
268 +1.511004870e+00 +1.511004870e+00 +4.770100487e+01 +4.770100487e+01 +1.4260e+00 -1.0482e+00 -3.4457e+00 -2.7820e+00 -4.4003e+00
602 +9.671276624e-01 +9.671276624e-01 +4.715712766e+01 +4.715712766e+01 +1.4922e+00 -8.7476e-01 -3.0495e+00 -2.6345e+00 -3.8751e+00
752 +5.905912201e-01 +5.905912201e-01 +4.678059122e+01 +4.678059122e+01 +1.1102e+00 -4.8555e-01 -3.1306e+00 -2.7578e+00 -3.8609e+00
810 +3.755110421e-01 +3.755110421e-01 +4.656551104e+01 +4.656551104e+01 +1.2157e+00 -4.1375e-01 -3.2264e+00 -2.4380e+00 -3.6849e+00
875 +2.182263499e-01 +2.182263499e-01 +4.640822635e+01 +4.640822635e+01 +1.0961e+00 -2.0083e-01 -3.3172e+00 -2.4651e+00 -3.7888e+00
923 +6.490806879e-02 +6.490806879e-02 +4.625490807e+01 +4.625490807e+01 +1.0538e+00 +4.4436e-03 -3.2263e+00 -2.3962e+00 -3.6267e+00
1054 +5.901548968e-02 +5.901548968e-02 +4.624901549e+01 +4.624901549e+01 +1.1449e+00 +8.3736e-02 -3.4062e+00 -2.3883e+00 -3.6189e+00
1062 +3.645153418e-02 +3.645153418e-02 +4.622645153e+01 +4.622645153e+01 +1.0901e+00 +5.2325e-02 -3.2769e+00 -2.4650e+00 -3.6182e+00
1240 +2.115527701e-02 +2.115527701e-02 +4.621115528e+01 +4.621115528e+01 +1.1549e+00 +8.4989e-02 -3.2649e+00 -2.4357e+00 -3.5925e+00
1544 +1.410658763e-02 +1.410658763e-02 +4.620410659e+01 +4.620410659e+01 +1.3510e+00 +1.4339e-01 -3.5018e+00 -2.3007e+00 -3.6841e+00
1726 +4.081661384e-03 +4.081661384e-03 +4.619408166e+01 +4.619408166e+01 +1.3086e+00 +1.6018e-01 -3.3956e+00 -2.3624e+00 -3.6239e+00
3638 +3.497338174e-03 +3.497338174e-03 +4.619349734e+01 +4.619349734e+01 +1.3128e+00 +1.8792e-01 -3.3902e+00 -2.3283e+00 -3.6065e+00
% function evaluation | noise-free fitness - Fopt (-3.994000000000e+01) | best noise-free fitness - Fopt | measured fitness | best measured fitness | x1 | x2...
1 +8.183716543e+01 +8.183716543e+01 +4.189716543e+01 +4.189716543e+01 +2.6762e+00 +3.9549e+00 -4.6206e+00 +7.0200e-01 +3.3683e+00
2 +3.119635712e+01 +3.119635712e+01 -8.743642879e+00 -8.743642879e+00 -2.7596e+00 -2.0322e+00 -3.4015e+00 +3.9315e+00 +6.0766e-01
7 +2.059208180e+01 +2.059208180e+01 -1.934791820e+01 -1.934791820e+01 +1.4969e+00 -1.6116e-02 +3.9857e+00 -3.4976e+00 -3.7651e+00
9 +3.481353497e+00 +3.481353497e+00 -3.645864650e+01 -3.645864650e+01 -1.2213e-03 -2.6835e+00 -1.0202e+00 +1.8442e-01 -1.1150e+00
508 +2.509811305e+00 +2.509811305e+00 -3.743018869e+01 -3.743018869e+01 -8.8438e-01 -5.6200e-01 +2.9797e+00 -8.0914e-01 -7.1077e-01
1104 +1.583895716e+00 +1.583895716e+00 -3.835610428e+01 -3.835610428e+01 -4.1389e-01 -9.7676e-01 +2.2045e+00 -5.5405e-01 -1.3186e+00
1456 +8.747215712e-01 +8.747215712e-01 -3.906527843e+01 -3.906527843e+01 -5.4332e-01 -7.7447e-01 +1.5791e+00 -9.3769e-01 -1.6038e+00
1682 +5.154117911e-01 +5.154117911e-01 -3.942458821e+01 -3.942458821e+01 -6.1696e-01 -1.4769e+00 +1.2509e+00 -8.2740e-01 -1.6323e+00
1791 +3.456325397e-01 +3.456325397e-01 -3.959436746e+01 -3.959436746e+01 -5.5751e-01 -1.6852e+00 +1.0858e+00 -9.9908e-01 -1.7208e+00
1859 +1.691621658e-01 +1.691621658e-01 -3.977083783e+01 -3.977083783e+01 -5.3183e-01 -1.3021e+00 +8.9621e-01 -9.0341e-01 -1.7090e+00
1964 +1.222552383e-01 +1.222552383e-01 -3.981774476e+01 -3.981774476e+01 -4.8093e-01 -1.6592e+00 +8.8448e-01 -1.1719e+00 -1.8844e+00
2002 +5.988499058e-02 +5.988499058e-02 -3.988011501e+01 -3.988011501e+01 -3.2668e-01 -1.4342e+00 +7.6677e-01 -9.8570e-01 -1.7507e+00
2378 +2.993382888e-02 +2.993382888e-02 -3.991006617e+01 -3.991006617e+01 -3.5095e-01 -1.5060e+00 +7.1964e-01 -1.1228e+00 -1.6899e+00
2632 +2.061116204e-02 +2.061116204e-02 -3.991938884e+01 -3.991938884e+01 -5.4734e-01 -1.1986e+00 +7.0541e-01 -1.2982e+00 -1.6881e+00
2825 +1.563942900e-02 +1.563942900e-02 -3.992436057e+01 -3.992436057e+01 -3.3529e-01 -1.4652e+00 +7.1861e-01 -1.1610e+00 -1.6654e+00
2911 +6.200133778e-03 +6.200133778e-03 -3.993379987e+01 -3.993379987e+01 -3.5887e-01 -1.4422e+00 +6.6214e-01 -1.3622e+00 -1.6039e+00
3731 +2.069646502e-03 +2.069646502e-03 -3.993793035e+01 -3.993793035e+01 -4.5072e-01 -1.3578e+00 +6.4158e-01 -1.3828e+00 -1.5735e+00
% function evaluation | noise-free fitness - Fopt (-1.000000000000e+03) | best noise-free fitness - Fopt | measured fitness | best measured fitness | x1 | x2...
1 +1.368769123e+01 +1.368769123e+01 -9.863123088e+02 -9.863123088e+02 +6.4714e-01 -4.8413e+00 -2.3849e+00 +1.3892e+00 +2.7863e+00
5 +2.990663055e+00 +2.990663055e+00 -9.970093369e+02 -9.970093369e+02 +2.8258e+00 -2.1221e+00 +3.3856e+00 -7.7963e-01 +4.3780e+00
82 +2.325897106e+00 +2.325897106e+00 -9.976741029e+02 -9.976741029e+02 +2.3260e+00 -4.1524e+00 +2.7442e+00 -5.9877e-01 +1.9675e+00
439 +1.570227020e+00 +1.570227020e+00 -9.984297730e+02 -9.984297730e+02 +2.3567e+00 -3.7357e+00 +2.2050e+00 -6.1611e-01 +2.0244e+00
757 +9.082697893e-01 +9.082697893e-01 -9.990917302e+02 -9.990917302e+02 +2.5156e+00 -3.5763e+00 +1.7686e+00 -8.0811e-01 +2.4947e+00
934 +5.872393479e-01 +5.872393479e-01 -9.994127607e+02 -9.994127607e+02 +2.2910e+00 -3.4800e+00 +1.4118e+00 -8.8136e-01 +2.5175e+00
1051 +3.964654116e-01 +3.964654116e-01 -9.996035346e+02 -9.996035346e+02 +2.6027e+00 -3.3818e+00 +1.2767e+00 -1.0217e+00 +2.6975e+00
1112 +1.918305287e-01 +1.918305287e-01 -9.998081695e+02 -9.998081695e+02 +2.4307e+00 -3.1988e+00 +1.0135e+00 -8.0177e-01 +2.7879e+00
1174 +1.107498586e-01 +1.107498586e-01 -9.998892501e+02 -9.998892501e+02 +2.4917e+00 -3.1082e+00 +8.5956e-01 -6.0965e-01 +2.6668e+00
1268 +5.679437711e-02 +5.679437711e-02 -9.999432056e+02 -9.999432056e+02 +2.4906e+00 -3.3595e+00 +8.2936e-01 -7.7209e-01 +2.8211e+00
1325 +3.930181565e-02 +3.930181565e-02 -9.999606982e+02 -9.999606982e+02 +2.4203e+00 -3.2858e+00 +7.4881e-01 -7.8440e-01 +2.9166e+00
1394 +2.444591899e-02 +2.444591899e-02 -9.999755541e+02 -9.999755541e+02 +2.5498e+00 -3.2412e+00 +8.0530e-01 -7.7165e-01 +2.8928e+00
1400 +1.323272661e-02 +1.323272661e-02 -9.999867673e+02 -9.999867673e+02 +2.3968e+00 -3.1786e+00 +8.1872e-01 -8.2937e-01 +2.8291e+00
1710 +6.359808594e-03 +6.359808594e-03 -9.999936402e+02 -9.999936402e+02 +2.3849e+00 -3.1265e+00 +7.8902e-01 -8.8877e-01 +3.0117e+00
2642 +1.718161872e-03 +1.718161872e-03 -9.999982818e+02 -9.999982818e+02 +2.4197e+00 -3.2115e+00 +7.6477e-01 -8.4581e-01 +3.1195e+00
6440 +1.419686831e-03 +1.419686831e-03 -9.999985803e+02 -9.999985803e+02 +2.4352e+00 -3.2237e+00 +7.7767e-01 -8.7391e-01 +3.1141e+00
% function evaluation | noise-free fitness - Fopt (-5.039000000000e+01) | best noise-free fitness - Fopt | measured fitness | best measured fitness | x1 | x2...
1 +1.685707092e+01 +1.685707092e+01 -3.353292908e+01 -3.353292908e+01 +4.1087e+00 -4.0474e-01 +1.0595e+00 +2.1197e+00 +1.5409e+00
9 +7.987491196e+00 +7.987491196e+00 -4.240250880e+01 -4.240250880e+01 -7.6904e-01 +2.4343e+00 -8.9643e-01 -3.0890e+00 +5.3991e-01
12 +6.065300004e+00 +6.065300004e+00 -4.432470000e+01 -4.432470000e+01 -3.5967e-02 -3.2345e+00 +4.2555e+00 +1.1451e+00 -3.5760e+00
32 +2.016784972e+00 +2.016784972e+00 -4.837321503e+01 -4.837321503e+01 -9.4689e-02 -1.0372e+00 +9.9996e-01 +1.8672e+00 -2.0453e+00
245 +1.526335569e+00 +1.526335569e+00 -4.886366443e+01 -4.886366443e+01 -1.2099e-01 -1.1726e+00 +1.1224e+00 +1.8003e+00 -1.9405e+00
303 +9.647685225e-01 +9.647685225e-01 -4.942523148e+01 -4.942523148e+01 -1.9427e-01 -1.2047e+00 +1.3628e+00 +1.5232e+00 -1.7384e+00
503 +5.891873658e-01 +5.891873658e-01 -4.980081263e+01 -4.980081263e+01 -6.3741e-02 -1.4499e+00 +1.1747e+00 +1.2408e+00 -1.6756e+00
569 +3.883402031e-01 +3.883402031e-01 -5.000165980e+01 -5.000165980e+01 -3.7175e-02 -1.7663e+00 +1.3198e+00 +1.3199e+00 -1.8449e+00
746 +2.171641598e-01 +2.171641598e-01 -5.017283584e+01 -5.017283584e+01 +2.8974e-01 -1.7025e+00 +1.5669e+00 +1.3035e+00 -1.6101e+00
859 +1.518125508e-01 +1.518125508e-01 -5.023818745e+01 -5.023818745e+01 +3.9025e-01 -1.8236e+00 +1.7364e+00 +1.1142e+00 -1.5804e+00
963 +9.078822442e-02 +9.078822442e-02 -5.029921178e+01 -5.029921178e+01 +2.3495e-01 -2.0116e+00 +1.7277e+00 +9.2203e-01 -1.9175e+00
1095 +5.344039002e-02 +5.344039002e-02 -5.033655961e+01 -5.033655961e+01 +1.8270e-01 -1.7599e+00 +1.8528e+00 +1.1197e+00 -1.7093e+00
1103 +3.959489528e-02 +3.959489528e-02 -5.035040510e+01 -5.035040510e+01 +3.1004e-01 -1.8348e+00 +1.8194e+00 +9.9820e-01 -1.9952e+00
1270 +2.106612732e-02 +2.106612732e-02 -5.036893387e+01 -5.036893387e+01 +2.7381e-01 -1.9202e+00 +1.8407e+00 +8.4907e-01 -2.0011e+00
1450 +9.346152163e-03 +9.346152163e-03 -5.038065385e+01 -5.038065385e+01 +3.0842e-01 -1.9125e+00 +1.8588e+00 +8.7032e-01 -1.9754e+00
1752 +5.788775714e-03 +5.788775714e-03 -5.038421122e+01 -5.038421122e+01 +3.3195e-01 -1.9490e+00 +1.9011e+00 +8.0630e-01 -1.9543e+00
3013 +3.183511468e-03 +3.183511468e-03 -5.038681649e+01 -5.038681649e+01 +3.0016e-01 -1.8752e+00 +1.9435e+00 +8.7374e-01 -1.9530e+00
4074 +9.544192979e-04 +9.544192979e-04 -5.038904558e+01 -5.038904558e+01 +2.7430e-01 -1.8550e+00 +1.9832e+00 +8.5843e-01 -1.9931e+00
% function evaluation | noise-free fitness - Fopt (-7.027000000000e+01) | best noise-free fitness - Fopt | measured fitness | best measured fitness | x1 | x2...
1 +1.149992692e+02 +1.149992692e+02 +4.472926916e+01 +4.472926916e+01 -3.3974e+00 -8.9820e-03 +3.2369e+00 +3.0272e+00 +3.8589e-01
5 +5.543837823e+01 +5.543837823e+01 -1.483162177e+01 -1.483162177e+01 +4.9900e+00 +3.9518e+00 -8.7283e-01 +8.7374e-01 -4.0337e+00
8 +5.734261615e+00 +5.734261615e+00 -6.453573839e+01 -6.453573839e+01 +3.8134e+00 -4.7726e+00 -1.1661e+00 -4.9857e-01 -4.6418e+00
98 +2.246009155e+00 +2.246009155e+00 -6.802399084e+01 -6.802399084e+01 +2.9565e+00 -2.2721e+00 -2.9735e+00 +1.6453e+00 -9.2413e-01
478 +1.553475911e+00 +1.553475911e+00 -6.871652409e+01 -6.871652409e+01 +2.9884e+00 -2.3863e+00 -3.5241e+00 +1.5306e+00 -1.4381e+00
754 +8.710601917e-01 +8.710601917e-01 -6.939893981e+01 -6.939893981e+01 +2.8666e+00 -2.7098e+00 -3.5354e+00 +1.2002e+00 -1.9849e+00
935 +4.879997853e-01 +4.879997853e-01 -6.978200021e+01 -6.978200021e+01 +3.2688e+00 -2.8689e+00 -3.7274e+00 +1.4084e+00 -2.4695e+00
1107 +3.959678573e-01 +3.959678573e-01 -6.987403214e+01 -6.987403214e+01 +3.1101e+00 -2.9550e+00 -3.8200e+00 +1.3109e+00 -2.4409e+00
1172 +2.430901937e-01 +2.430901937e-01 -7.002690981e+01 -7.002690981e+01 +3.0163e+00 -2.8768e+00 -3.7025e+00 +1.5694e+00 -2.7967e+00
1218 +8.746878172e-02 +8.746878172e-02 -7.018253122e+01 -7.018253122e+01 +3.0400e+00 -2.9907e+00 -3.7812e+00 +1.1305e+00 -2.7831e+00
1308 +5.663053750e-02 +5.663053750e-02 -7.021336946e+01 -7.021336946e+01 +3.1117e+00 -3.0006e+00 -3.8846e+00 +1.2407e+00 -2.8449e+00
1355 +2.598515581e-02 +2.598515581e-02 -7.024401484e+01 -7.024401484e+01 +3.0268e+00 -2.9514e+00 -3.9583e+00 +1.2807e+00 -2.9646e+00
1382 +2.307184998e-02 +2.307184998e-02 -7.024692815e+01 -7.024692815e+01 +3.0621e+00 -2.9278e+00 -3.7878e+00 +1.1487e+00 -2.9472e+00
1911 +1.456027858e-02 +1.456027858e-02 -7.025543972e+01 -7.025543972e+01 +3.0485e+00 -3.0047e+00 -3.9354e+00 +1.2964e+00 -2.9187e+00
2567 +7.533267937e-03 +7.533267937e-03 -7.026246673e+01 -7.026246673e+01 +3.0597e+00 -3.0060e+00 -3.9135e+00 +1.4086e+00 -2.9632e+00
3693 +5.712309429e-03 +5.712309429e-03 -7.026428769e+01 -7.026428769e+01 +3.0627e+00 -2.9800e+00 -3.8982e+00 +1.3548e+00 -2.9639e+00
7027 +2.716547038e-03 +2.716547038e-03 -7.026728345e+01 -7.026728345e+01 +2.9921e+00 -2.9857e+00 -3.8259e+00 +1.3345e+00 -2.9531e+00
9432 +1.183250953e-03 +1.183250953e-03 -7.026881675e+01 -7.026881675e+01 +3.0198e+00 -2.9539e+00 -3.8220e+00 +1.3536e+00 -2.9919e+00
% function evaluation | noise-free fitness - Fopt (-6.944000000000e+01) | best noise-free fitness - Fopt | measured fitness | best measured fitness | x1 | x2...
1 +4.353320459e+01 +4.353320459e+01 -2.590679541e+01 -2.590679541e+01 -2.6044e-01 -2.6769e+00 -3.8511e+00 +4.2113e+00 +4.2977e+00
7 +2.738017400e+01 +2.738017400e+01 -4.205982600e+01 -4.205982600e+01 -1.4594e+00 -4.6060e-01 +8.5720e-01 +4.9253e+00 -2.1585e-01
8 +2.055861638e+01 +2.055861638e+01 -4.888138362e+01 -4.888138362e+01 -2.9714e-01 +4.0248e+00 -3.8851e+00 +1.5982e-03 +6.1310e-01
9 +9.303226617e+00 +9.303226617e+00 -6.013677338e+01 -6.013677338e+01 +4.7613e+00 +8.1040e-01 +3.7592e+00 +2.8266e+00 -2.0943e+00
253 +6.193273667e+00 +6.193273667e+00 -6.324672633e+01 -6.324672633e+01 +3.7062e-01 +2.6639e+00 +2.5058e+00 +2.8079e+00 +7.8783e-01
510 +3.823618112e+00 +3.823618112e+00 -6.561638189e+01 -6.561638189e+01 +9.0262e-01 +2.1362e+00 +2.5141e+00 +2.3880e+00 +1.0040e+00
912 +2.325475365e+00 +2.325475365e+00 -6.711452463e+01 -6.711452463e+01 +1.4425e+00 +1.8781e+00 +2.4600e+00 +2.0574e+00 +4.9010e-01
1158 +1.531632796e+00 +1.531632796e+00 -6.790836720e+01 -6.790836720e+01 +1.2575e+00 +1.8439e+00 +3.2328e+00 +2.0729e+00 +1.9343e-01
1306 +9.050305496e-01 +9.050305496e-01 -6.853496945e+01 -6.853496945e+01 +1.4673e+00 +1.4352e+00 +3.2438e+00 +1.9966e+00 +4.0888e-02
1531 +5.936931718e-01 +5.936931718e-01 -6.884630683e+01 -6.884630683e+01 +1.5140e+00 +1.2415e+00 +3.4357e+00 +2.1604e+00 -1.5342e-01
1658 +3.787881469e-01 +3.787881469e-01 -6.906121185e+01 -6.906121185e+01 +1.7039e+00 +1.3731e+00 +3.4346e+00 +1.9303e+00 -5.9783e-01
1748 +2.508787287e-01 +2.508787287e-01 -6.918912127e+01 -6.918912127e+01 +1.6978e+00 +1.2465e+00 +3.5729e+00 +1.8217e+00 -4.8591e-01
1809 +1.503436708e-01 +1.503436708e-01 -6.928965633e+01 -6.928965633e+01 +2.0387e+00 +1.2120e+00 +3.6502e+00 +2.1017e+00 -5.6487e-01
1884 +9.871787105e-02 +9.871787105e-02 -6.934128213e+01 -6.934128213e+01 +1.9305e+00 +1.1066e+00 +3.6368e+00 +1.9357e+00 -5.1291e-01
2041 +5.469399487e-02 +5.469399487e-02 -6.938530601e+01 -6.938530601e+01 +1.9587e+00 +1.0420e+00 +3.8284e+00 +2.0004e+00 -7.3650e-01
2146 +2.522029626e-02 +2.522029626e-02 -6.941477970e+01 -6.941477970e+01 +1.8743e+00 +9.3785e-01 +3.7972e+00 +1.9615e+00 -8.1534e-01
2176 +1.819431776e-02 +1.819431776e-02 -6.942180568e+01 -6.942180568e+01 +1.9563e+00 +9.7604e-01 +3.7512e+00 +1.9460e+00 -7.1197e-01
2453 +1.535691647e-02 +1.535691647e-02 -6.942464308e+01 -6.942464308e+01 +1.7880e+00 +6.4533e-01 +3.7622e+00 +2.0979e+00 -9.1342e-01
2859 +5.725882761e-03 +5.725882761e-03 -6.943427412e+01 -6.943427412e+01 +1.7767e+00 +7.2596e-01 +3.7947e+00 +2.0761e+00 -9.1053e-01
3624 +1.833941719e-03 +1.833941719e-03 -6.943816606e+01 -6.943816606e+01 +1.8068e+00 +7.0746e-01 +3.7803e+00 +2.0223e+00 -8.7131e-01
4479 +1.004501573e-03 +1.004501573e-03 -6.943899550e+01 -6.943899550e+01 +1.8024e+00 +6.9929e-01 +3.7670e+00 +1.9807e+00 -8.2890e-01
% function evaluation | noise-free fitness - Fopt (1.261900000000e+02) | best noise-free fitness - Fopt | measured fitness | best measured fitness | x1 | x2...
1 +3.944382772e+01 +3.944382772e+01 +1.656338277e+02 +1.656338277e+02 -3.6624e+00 +2.2873e+00 +4.5947e+00 -2.2576e+00 -1.7670e+00
2 +2.158565819e+01 +2.158565819e+01 +1.477756582e+02 +1.477756582e+02 +4.9217e+00 -2.2968e+00 +1.5642e+00 +7.9763e-01 +1.4283e+00
5 +2.584226125e+00 +2.584226125e+00 +1.287742261e+02 +1.287742261e+02 +1.3719e+00 +1.5035e+00 -2.3408e+00 +3.7316e-01 -2.3508e+00
209 +1.977012088e+00 +1.977012088e+00 +1.281670121e+02 +1.281670121e+02 +1.1576e+00 +1.3569e+00 -2.1158e+00 +5.6739e-01 -2.2926e+00
367 +1.472009092e+00 +1.472009092e+00 +1.276620091e+02 +1.276620091e+02 +1.3547e+00 +1.1015e+00 -2.1979e+00 +6.6526e-01 -2.6128e+00
570 +9.427813649e-01 +9.427813649e-01 +1.271327814e+02 +1.271327814e+02 +1.3741e+00 +8.5167e-01 -1.7692e+00 +9.7226e-01 -2.6179e+00
659 +5.441612030e-01 +5.441612030e-01 +1.267341612e+02 +1.267341612e+02 +1.4690e+00 +5.0138e-01 -1.9481e+00 +1.0824e+00 -2.5207e+00
785 +3.977150262e-01 +3.977150262e-01 +1.265877150e+02 +1.265877150e+02 +1.5086e+00 +2.3972e-01 -1.7728e+00 +1.2865e+00 -2.3026e+00
919 +2.431934604e-01 +2.431934604e-01 +1.264331935e+02 +1.264331935e+02 +1.4987e+00 +1.4139e-01 -2.0009e+00 +1.3854e+00 -2.4139e+00
1048 +1.418550013e-01 +1.418550013e-01 +1.263318550e+02 +1.263318550e+02 +1.7581e+00 +1.9933e-01 -2.0825e+00 +1.3579e+00 -2.3723e+00
1076 +8.399832492e-02 +8.399832492e-02 +1.262739983e+02 +1.262739983e+02 +1.8056e+00 -6.4523e-02 -1.9624e+00 +1.4097e+00 -2.4155e+00
1216 +3.966844316e-02 +3.966844316e-02 +1.262296684e+02 +1.262296684e+02 +2.2115e+00 +2.9177e-01 -1.8534e+00 +1.4111e+00 -2.4798e+00
1267 +2.422788714e-02 +2.422788714e-02 +1.262142279e+02 +1.262142279e+02 +1.9722e+00 +3.6640e-02 -1.8502e+00 +1.3823e+00 -2.4279e+00
1547 +1.063819377e-02 +1.063819377e-02 +1.262006382e+02 +1.262006382e+02 +2.0201e+00 +4.0614e-02 -1.8564e+00 +1.3931e+00 -2.3696e+00
1915 +5.729491549e-03 +5.729491549e-03 +1.261957295e+02 +1.261957295e+02 +2.0528e+00 +4.5297e-02 -1.7801e+00 +1.5743e+00 -2.4020e+00
2766 +2.626364511e-03 +2.626364511e-03 +1.261926264e+02 +1.261926264e+02 +2.1275e+00 +1.1198e-01 -1.8035e+00 +1.5607e+00 -2.4034e+00
4764 +1.620294644e-03 +1.620294644e-03 +1.261916203e+02 +1.261916203e+02 +2.1408e+00 +7.2492e-02 -1.7755e+00 +1.5550e+00 -2.3963e+00
