% function evaluation | noise-free fitness - Fopt (-1.025500000000e+02) | best noise-free fitness - Fopt | measured fitness | best measured fitness | x1 | x2...
1 +2.068377838e+02 +2.068377838e+02 +1.042877838e+02 +1.042877838e+02 +3.5672e+00 -2.2858e+00 -4.6563e+00 -2.8891e+00 +3.0532e+00
2 +1.780532140e+01 +1.780532140e+01 -8.474467860e+01 -8.474467860e+01 -3.3979e-01 -3.1843e+00 -1.8645e+00 +2.3204e+00 +3.2076e+00
11 +1.047467936e+01 +1.047467936e+01 -9.207532064e+01 -9.207532064e+01 -2.8771e+00 -1.3043e-01 -2.4111e+00 +4.6133e+00 +2.0447e+00
39 +6.303615253e+00 +6.303615253e+00 -9.624638475e+01 -9.624638475e+01 +1.7133e+00 -7.9112e-01 -2.0373e+00 +2.1888e+00 +2.1667e-01
172 +2.863232067e+00 +2.863232067e+00 -9.968676793e+01 -9.968676793e+01 +1.7187e+00 -7.8382e-01 -2.0208e+00 +2.1924e+00 +2.2252e-01
319 +2.250641117e+00 +2.250641117e+00 -1.002993589e+02 -1.002993589e+02 +1.7059e+00 -7.7804e-01 -2.0159e+00 +2.1882e+00 +2.3645e-01
3191 +1.332786224e+00 +1.332786224e+00 -1.012172138e+02 -1.012172138e+02 -3.2583e+00 -2.0881e+00 -3.1026e+00 +3.3831e+00 -7.4616e-01
% function evaluation | noise-free fitness - Fopt (7.169000000000e+01) | best noise-free fitness - Fopt | measured fitness | best measured fitness | x1 | x2...
1 +8.827323845e+00 +8.827323845e+00 +8.051732385e+01 +8.051732385e+01 +2.7957e-01 +7.5521e-03 +2.6569e+00 -3.5473e+00 -7.4497e-01
120 +4.288048416e+00 +4.288048416e+00 +7.597804842e+01 +7.597804842e+01 -6.3632e-01 +2.7577e-01 +1.5239e+00 +1.6763e-01 -2.9419e+00
203 +3.781325365e+00 +3.781325365e+00 +7.547132537e+01 +7.547132537e+01 -6.3809e-01 +2.7895e-01 +1.5397e+00 +1.7976e-01 -2.9417e+00
279 +1.837118707e+00 +1.837118707e+00 +7.352711871e+01 +7.352711871e+01 -6.3984e-01 +2.8045e-01 +1.5383e+00 +1.3650e-01 -2.9730e+00
1487 +1.182165242e+00 +1.182165242e+00 +7.287216524e+01 +7.287216524e+01 -6.3600e-01 +2.8846e-01 +1.5521e+00 +1.1982e-01 -2.9663e+00
% function evaluation | noise-free fitness - Fopt (2.140100000000e+02) | best noise-free fitness - Fopt | measured fitness | best measured fitness | x1 | x2...
1 +9.780869644e+01 +9.780869644e+01 +3.118186964e+02 +3.118186964e+02 +3.3555e+00 -4.5440e+00 +4.5434e+00 +6.4706e-01 +1.3927e+00
2 +2.375070183e+01 +2.375070183e+01 +2.377607018e+02 +2.377607018e+02 +1.0965e+00 -4.4692e+00 -3.6675e-01 -5.7901e-01 -2.4658e+00
51 +6.883285688e+00 +6.883285688e+00 +2.208932857e+02 +2.208932857e+02 -1.9075e+00 -3.3404e-01 -1.8020e+00 -1.6635e-01 +1.9036e+00
129 +4.788707868e+00 +4.788707868e+00 +2.187987079e+02 +2.187987079e+02 -1.9477e+00 -2.3718e+00 -4.3095e-01 +8.9941e-02 +8.8997e-01
193 +3.596218468e+00 +3.596218468e+00 +2.176062185e+02 +2.176062185e+02 +2.0387e+00 -3.7171e-01 -2.3348e+00 +1.0601e+00 -1.8546e+00
762 +2.240286442e+00 +2.240286442e+00 +2.162502864e+02 +2.162502864e+02 +2.0100e+00 -3.5306e-01 -2.3128e+00 +1.0478e+00 -1.8565e+00
% function evaluation | noise-free fitness - Fopt (-5.848000000000e+01) | best noise-free fitness - Fopt | measured fitness | best measured fitness | x1 | x2...
1 +1.204735603e+02 +1.204735603e+02 +6.199356028e+01 +6.199356028e+01 -4.8685e+00 +7.2235e-01 +3.1556e+00 +4.8603e+00 +6.3686e-01
3 +1.637656246e+01 +1.637656246e+01 -4.210343754e+01 -4.210343754e+01 -2.5324e+00 -2.6991e-01 +7.6073e-01 -1.4128e+00 +1.9023e+00
28 +1.154286811e+01 +1.154286811e+01 -4.693713189e+01 -4.693713189e+01 -1.3898e+00 -2.3919e-01 +2.9484e+00 +9.7448e-01 -1.1181e-02
47 +9.635940226e+00 +9.635940226e+00 -4.884405977e+01 -4.884405977e+01 -2.2432e+00 +4.9936e-01 +1.6347e+00 -1.3201e+00 +1.7593e+00
136 +3.313062055e+00 +3.313062055e+00 -5.516693794e+01 -5.516693794e+01 +3.1753e+00 -1.7259e+00 -9.4684e-01 +5.0762e-01 -2.0549e+00
262 +2.481053789e+00 +2.481053789e+00 -5.599894621e+01 -5.599894621e+01 +3.1926e+00 -1.7060e+00 -9.5631e-01 +4.7736e-01 -2.0612e+00
1019 +1.458884485e+00 +1.458884485e+00 -5.702111551e+01 -5.702111551e+01 +3.2148e+00 -1.7236e+00 -9.5088e-01 +5.0663e-01 -2.0735e+00
% function evaluation | noise-free fitness - Fopt (-6.130800000000e+02) | best noise-free fitness - Fopt | measured fitness | best measured fitness | x1 | x2...
1 +2.192822950e+01 +2.192822950e+01 -5.911517705e+02 -5.911517705e+02 +3.6170e+00 +1.2149e+00 -6.1843e-01 -2.6496e+00 +3.5468e+00
8 +1.118067201e+01 +1.118067201e+01 -6.018993280e+02 -6.018993280e+02 +2.3728e+00 +4.5895e-01 +2.0394e+00 +5.8015e-01 -1.5054e+00
101 +8.909655708e+00 +8.909655708e+00 -6.041703443e+02 -6.041703443e+02 -1.7001e-01 -2.3752e+00 +3.8796e+00 +1.6194e+00 +1.8687e+00
122 +5.718670934e+00 +5.718670934e+00 -6.073613291e+02 -6.073613291e+02 +2.3679e+00 +4.5077e-01 +2.0210e+00 +5.9990e-01 -1.4876e+00
130 +3.538920632e+00 +3.538920632e+00 -6.095410794e+02 -6.095410794e+02 +6.8737e-01 +7.6708e-01 +2.6118e+00 -8.4052e-02 -1.8019e+00
322 +1.829284897e+00 +1.829284897e+00 -6.112507151e+02 -6.112507151e+02 +6.9167e-01 +7.6522e-01 +2.6041e+00 -8.4048e-02 -1.8191e+00
1170 +1.561216190e+00 +1.561216190e+00 -6.115187838e+02 -6.115187838e+02 +6.3239e-01 +7.7522e-01 +2.5888e+00 -7.2860e-02 -1.8115e+00
1248 +9.323592861e-01 +9.323592861e-01 -6.121476407e+02 -6.121476407e+02 +6.7941e-01 +7.6474e-01 +2.6044e+00 -6.4431e-02 -1.8151e+00
% function evaluation | noise-free fitness - Fopt (-1.000000000000e+03) | best noise-free fitness - Fopt | measured fitness | best measured fitness | x1 | x2...
1 +2.465305375e+01 +2.465305375e+01 -9.753469463e+02 -9.753469463e+02 -5.0605e-01 +4.9174e+00 -3.9983e-02 -1.1154e+00 +3.2729e-01
16 +9.593954308e+00 +9.593954308e+00 -9.904060457e+02 -9.904060457e+02 +1.7693e+00 +3.1312e-01 +1.4463e+00 +5.7957e-01 -5.6333e-01
106 +3.242827180e+00 +3.242827180e+00 -9.967571728e+02 -9.967571728e+02 +2.9324e+00 -2.8820e+00 +6.1133e-01 +4.7782e+00 -4.6063e+00
133 +2.284511313e+00 +2.284511313e+00 -9.977154887e+02 -9.977154887e+02 +2.9415e+00 -2.8689e+00 +6.3113e-01 +4.7724e+00 -4.6135e+00
4956 +1.482166308e+00 +1.482166308e+00 -9.985178337e+02 -9.985178337e+02 +2.9366e+00 -2.8674e+00 +6.3392e-01 +4.7630e+00 -4.6101e+00
12469 +8.823453815e-01 +8.823453815e-01 -9.991176546e+02 -9.991176546e+02 +2.8934e+00 -2.8879e+00 +5.5906e-01 +4.7263e+00 -4.5678e+00
% function evaluation | noise-free fitness - Fopt (-4.841800000000e+02) | best noise-free fitness - Fopt | measured fitness | best measured fitness | x1 | x2...
1 +4.638134840e+01 +4.638134840e+01 -4.377986516e+02 -4.377986516e+02 +1.3929e+00 +3.3804e+00 +2.6898e-01 -3.2514e+00 -2.3242e+00
6 +2.577458546e+01 +2.577458546e+01 -4.584054145e+02 -4.584054145e+02 -2.4350e+00 +4.1507e+00 -2.0386e+00 +4.3256e+00 +1.2784e+00
7 +2.259438846e+01 +2.259438846e+01 -4.615856115e+02 -4.615856115e+02 +4.9886e+00 +1.4351e+00 +4.3940e-01 +3.0162e-01 -2.2172e+00
10 +1.345806194e+01 +1.345806194e+01 -4.707219381e+02 -4.707219381e+02 +2.7385e+00 +6.9621e-01 +4.1487e-01 +2.2609e+00 -1.6178e+00
57 +5.785992879e+00 +5.785992879e+00 -4.783940071e+02 -4.783940071e+02 +9.5221e-01 +1.0181e+00 -2.9390e+00 -9.7603e-02 +1.1566e+00
171 +3.864072032e+00 +3.864072032e+00 -4.803159280e+02 -4.803159280e+02 +9.5955e-01 +1.0558e+00 -2.9361e+00 -1.0482e-01 +1.1566e+00
175 +1.990270488e+00 +1.990270488e+00 -4.821897295e+02 -4.821897295e+02 +9.5753e-01 +1.0213e+00 -2.9330e+00 -1.0359e-01 +1.1607e+00
217 +1.502223995e+00 +1.502223995e+00 -4.826777760e+02 -4.826777760e+02 +9.6469e-01 +1.0224e+00 -2.9352e+00 -9.5737e-02 +1.1640e+00
850 +5.534757963e-01 +5.534757963e-01 -4.836265242e+02 -4.836265242e+02 +9.6968e-01 +1.0131e+00 -2.9398e+00 -9.9725e-02 +1.1241e+00
3048 +3.703828987e-01 +3.703828987e-01 -4.838096171e+02 -4.838096171e+02 +9.7245e-01 +1.0177e+00 -2.9407e+00 -9.3661e-02 +1.1264e+00
% function evaluation | noise-free fitness - Fopt (-2.504000000000e+01) | best noise-free fitness - Fopt | measured fitness | best measured fitness | x1 | x2...
1 +5.418897059e+01 +5.418897059e+01 +2.914897059e+01 +2.914897059e+01 +3.2956e+00 +4.1929e+00 +3.9227e+00 +2.3191e+00 +7.7484e-01
2 +2.966098346e+01 +2.966098346e+01 +4.620983463e+00 +4.620983463e+00 +1.4792e+00 +6.5903e-01 +2.2894e+00 +3.0918e+00 -3.3452e+00
6 +1.798315217e+01 +1.798315217e+01 -7.056847826e+00 -7.056847826e+00 -3.7264e-01 +1.3044e+00 -1.6990e+00 -1.3165e+00 -3.4996e+00
15 +1.126834850e+01 +1.126834850e+01 -1.377165150e+01 -1.377165150e+01 +2.8818e+00 +3.7476e-01 -1.5169e+00 +9.6092e-01 -1.2831e+00
67 +8.913657511e+00 +8.913657511e+00 -1.612634249e+01 -1.612634249e+01 +3.5151e-01 +1.2294e+00 +1.2972e+00 -2.2283e+00 +1.4745e+00
110 +3.815364222e+00 +3.815364222e+00 -2.122463578e+01 -2.122463578e+01 +3.7002e-01 +1.2329e+00 +1.2931e+00 -2.2195e+00 +1.4826e+00
922 +2.502093757e+00 +2.502093757e+00 -2.253790624e+01 -2.253790624e+01 +3.4977e-01 +1.2366e+00 +1.2968e+00 -2.2332e+00 +1.4398e+00
% function evaluation | noise-free fitness - Fopt (-1.411900000000e+02) | best noise-free fitness - Fopt | measured fitness | best measured fitness | x1 | x2...
1 +2.589681588e+01 +2.589681588e+01 -1.152931841e+02 -1.152931841e+02 -1.7713e+00 +4.5593e-01 -2.6889e+00 -4.7976e+00 -1.4525e-01
4 +1.201063641e+01 +1.201063641e+01 -1.291793636e+02 -1.291793636e+02 -1.8789e+00 -3.8864e+00 +3.1457e+00 +2.6100e-01 -1.9452e+00
74 +8.572144782e+00 +8.572144782e+00 -1.326178552e+02 -1.326178552e+02 -2.9908e-01 -4.3188e+00 +4.6054e+00 +8.2909e-01 -9.1153e-02
159 +4.601802803e+00 +4.601802803e+00 -1.365881972e+02 -1.365881972e+02 -1.8869e-01 +3.4308e+00 -2.0361e-01 +3.8479e-01 +2.1559e+00
1693 +3.895381817e+00 +3.895381817e+00 -1.372946182e+02 -1.372946182e+02 -1.8467e-01 +3.4122e+00 -1.9441e-01 +3.7458e-01 +2.1499e+00
% function evaluation | noise-free fitness - Fopt (4.889000000000e+02) | best noise-free fitness - Fopt | measured fitness | best measured fitness | x1 | x2...
1 +3.983584077e+01 +3.983584077e+01 +5.287358408e+02 +5.287358408e+02 -1.8769e+00 -4.8078e+00 -1.4470e+00 +1.8394e+00 -3.4523e+00
5 +1.677599941e+01 +1.677599941e+01 +5.056759994e+02 +5.056759994e+02 +2.8140e+00 +7.0425e-01 -1.5023e+00 +2.0416e-01 +3.1073e+00
7 +9.379645402e+00 +9.379645402e+00 +4.982796454e+02 +4.982796454e+02 +1.3923e+00 +4.8892e-01 -8.2493e-01 +7.4131e-01 -3.2334e+00
108 +5.743672374e+00 +5.743672374e+00 +4.946436724e+02 +4.946436724e+02 +1.4035e+00 +4.7586e-01 -8.1358e-01 +7.5033e-01 -3.2352e+00
209 +3.217084666e+00 +3.217084666e+00 +4.921170847e+02 +4.921170847e+02 +1.3829e+00 +4.6661e-01 -7.8332e-01 +7.3842e-01 -3.2402e+00
946 +2.319192380e+00 +2.319192380e+00 +4.912191924e+02 +4.912191924e+02 +1.3846e+00 +4.5713e-01 -7.8943e-01 +7.6708e-01 -3.2244e+00
% function evaluation | noise-free fitness - Fopt (1.190000000000e+00) | best noise-free fitness - Fopt | measured fitness | best measured fitness | x1 | x2...
1 +9.697108319e+01 +9.697108319e+01 +9.816108319e+01 +9.816108319e+01 +2.0840e+00 -3.5836e+00 +4.7942e+00 -1.0894e+00 +2.9000e+00
2 +4.969698361e+01 +4.969698361e+01 +5.088698361e+01 +5.088698361e+01 +3.3400e+00 +1.1894e+00 -4.7991e+00 -2.0893e+00 +1.3135e+00
3 +1.442813064e+01 +1.442813064e+01 +1.561813064e+01 +1.561813064e+01 +2.6156e+00 +9.5166e-01 -1.9504e+00 +4.4816e+00 -9.5064e-01
47 +4.710474143e+00 +4.710474143e+00 +5.900474143e+00 +5.900474143e+00 +3.3744e-01 +2.9790e-01 -2.5648e+00 +7.3534e-01 -5.3513e-01
118 +2.971306878e+00 +2.971306878e+00 +4.161306878e+00 +4.161306878e+00 +3.3842e-01 +2.9805e-01 -2.5626e+00 +7.3605e-01 -5.3180e-01
214 +1.161710830e+00 +1.161710830e+00 +2.351710830e+00 +2.351710830e+00 +3.4598e-01 +3.0892e-01 -2.5585e+00 +7.1578e-01 -5.4846e-01
2556 +9.246913989e-01 +9.246913989e-01 +2.114691399e+00 +2.114691399e+00 +3.8789e-01 +2.6938e-01 -2.5694e+00 +7.2743e-01 -5.5917e-01
% function evaluation | noise-free fitness - Fopt (-6.097000000000e+01) | best noise-free fitness - Fopt | measured fitness | best measured fitness | x1 | x2...
1 +5.113456325e+01 +5.113456325e+01 -9.835436752e+00 -9.835436752e+00 -2.6980e+00 -8.0419e-01 +6.8074e-01 -1.2351e+00 -4.2634e+00
3 +3.274368653e+01 +3.274368653e+01 -2.822631347e+01 -2.822631347e+01 -2.4686e+00 -3.5220e+00 -2.7592e+00 -1.9433e+00 -7.9728e-02
4 +2.110054001e+01 +2.110054001e+01 -3.986945999e+01 -3.986945999e+01 +1.4966e+00 -2.0863e+00 -1.8185e+00 -1.0047e+00 -1.0216e+00
6 +1.325613557e+01 +1.325613557e+01 -4.771386443e+01 -4.771386443e+01 +2.2788e+00 +4.5803e-01 -1.1348e+00 +3.0508e-01 +3.1379e-01
22 +8.752291757e+00 +8.752291757e+00 -5.221770824e+01 -5.221770824e+01 -1.9580e+00 +9.3926e-01 -2.3661e-01 +2.6364e+00 +1.4555e+00
113 +6.106904700e+00 +6.106904700e+00 -5.486309530e+01 -5.486309530e+01 -3.0667e+00 +2.3408e+00 +2.1471e+00 -1.5081e+00 +4.3508e+00
188 +3.172384613e+00 +3.172384613e+00 -5.779761539e+01 -5.779761539e+01 +2.2799e+00 +4.3881e-01 -1.1527e+00 +3.0380e-01 +3.2023e-01
295 +2.383567875e+00 +2.383567875e+00 -5.858643212e+01 -5.858643212e+01 +2.2603e+00 +4.7700e-01 -1.1245e+00 +3.1177e-01 +2.9411e-01
627 +1.549905266e+00 +1.549905266e+00 -5.942009473e+01 -5.942009473e+01 +2.2677e+00 +4.7870e-01 -1.1234e+00 +3.1356e-01 +2.9415e-01
% function evaluation | noise-free fitness - Fopt (1.000000000000e+03) | best noise-free fitness - Fopt | measured fitness | best measured fitness | x1 | x2...
1 +1.692395952e+02 +1.692395952e+02 +1.169239595e+03 +1.169239595e+03 -2.7810e+00 -4.8688e+00 -4.7234e+00 +4.7945e+00 +2.4782e-01
2 +3.160482702e+01 +3.160482702e+01 +1.031604827e+03 +1.031604827e+03 +2.2148e+00 +2.9711e-01 -3.2520e-01 +4.3508e+00 -4.5715e+00
9 +1.839276094e+01 +1.839276094e+01 +1.018392761e+03 +1.018392761e+03 +8.8248e-01 -1.6372e+00 +2.6452e+00 -3.1012e+00 -4.7802e+00
28 +1.312000494e+01 +1.312000494e+01 +1.013120005e+03 +1.013120005e+03 -1.0644e+00 -2.9281e+00 -1.2285e+00 +2.1576e+00 -1.0047e+00
32 +7.846914974e+00 +7.846914974e+00 +1.007846915e+03 +1.007846915e+03 +8.9701e-01 +2.6495e+00 -1.1754e+00 +7.7050e-02 +4.8728e+00
154 +4.198913883e+00 +4.198913883e+00 +1.004198914e+03 +1.004198914e+03 -6.5623e-01 +4.4280e-03 +2.4023e+00 +1.8464e+00 +2.1429e+00
199 +2.768065964e+00 +2.768065964e+00 +1.002768066e+03 +1.002768066e+03 -6.3194e-01 +1.4928e-02 +2.4045e+00 +1.8509e+00 +2.1314e+00
270 +2.321533442e+00 +2.321533442e+00 +1.002321533e+03 +1.002321533e+03 -6.3925e-01 +1.9425e-02 +2.3851e+00 +1.8078e+00 +2.1201e+00
% function evaluation | noise-free fitness - Fopt (5.100000000000e-01) | best noise-free fitness - Fopt | measured fitness | best measured fitness | x1 | x2...
1 +9.134851767e+01 +9.134851767e+01 +9.185851767e+01 +9.185851767e+01 +2.5582e+00 +4.6782e+00 +6.0128e-02 +3.2968e+00 +2.0179e+00
2 +5.363318905e+01 +5.363318905e+01 +5.414318905e+01 +5.414318905e+01 +3.3612e+00 -3.5242e+00 -1.6061e+00 +2.0656e-01 -4.0638e+00
3 +2.237498333e+01 +2.237498333e+01 +2.288498333e+01 +2.288498333e+01 -2.9708e+00 +9.9648e-01 -1.3475e+00 +4.6816e+00 -3.1372e+00
10 +1.284347879e+01 +1.284347879e+01 +1.335347879e+01 +1.335347879e+01 +4.5157e+00 -2.7210e+00 -2.5033e+00 -2.8358e+00 +1.0620e-01
84 +6.110382106e+00 +6.110382106e+00 +6.620382106e+00 +6.620382106e+00 -4.9352e+00 +1.7801e+00 -1.0111e+00 +1.1759e+00 -3.4736e+00
342 +3.721140504e+00 +3.721140504e+00 +4.231140504e+00 +4.231140504e+00 -2.7661e+00 +1.1949e+00 -1.0485e+00 -2.5115e+00 -1.7885e+00
1127 +2.469370624e+00 +2.469370624e+00 +2.979370624e+00 +2.979370624e+00 -2.7762e+00 +1.1868e+00 -1.0290e+00 -2.5248e+00 -1.7921e+00
% function evaluation | noise-free fitness - Fopt (9.318000000000e+01) | best noise-free fitness - Fopt | measured fitness | best measured fitness | x1 | x2...
1 +3.697140230e+01 +3.697140230e+01 +1.301514023e+02 +1.301514023e+02 +4.2138e+00 +2.8892e+00 +2.1040e+00 -1.1479e+00 -1.4594e-01
6 +1.574063075e+01 +1.574063075e+01 +1.089206307e+02 +1.089206307e+02 +2.0871e+00 -4.7723e+00 +3.7005e+00 +4.4970e-01 -3.1029e-01
15 +9.806109254e+00 +9.806109254e+00 +1.029861093e+02 +1.029861093e+02 -3.0859e+00 +2.7910e+00 -2.5488e-01 -1.0823e+00 -1.4073e+00
88 +3.126688621e+00 +3.126688621e+00 +9.630668862e+01 +9.630668862e+01 -2.1677e-01 +3.0045e+00 -2.5016e+00 -6.7695e-01 -4.2760e+00
4076 +2.502036035e+00 +2.502036035e+00 +9.568203603e+01 +9.568203603e+01 -1.8021e-01 +2.9990e+00 -2.5034e+00 -6.7974e-01 -4.2812e+00
