% function evaluation | noise-free fitness - Fopt (-1.000000000000e+03) | best noise-free fitness - Fopt | measured fitness | best measured fitness | x1 | x2...
1 +7.735151615e+01 +7.735151615e+01 -9.226484839e+02 -9.226484839e+02 -2.6825e+00 +4.1782e+00 +2.5646e+00 -1.4309e+00 +3.6965e+00
5 +6.016757439e+01 +6.016757439e+01 -9.398324256e+02 -9.398324256e+02 -4.1024e-02 -2.0619e+00 +4.2708e+00 +4.1607e+00 -4.6128e+00
14 +3.731324147e+01 +3.731324147e+01 -9.626867585e+02 -9.626867585e+02 -7.8222e-01 +1.3850e+00 +4.8030e+00 -7.1455e-02 -4.4492e+00
18 +1.867238916e+01 +1.867238916e+01 -9.813276108e+02 -9.813276108e+02 -4.9616e+00 +2.0954e+00 -2.0516e+00 -4.1072e+00 -1.2409e+00
100 +1.170449546e+01 +1.170449546e+01 -9.882955045e+02 -9.882955045e+02 -1.8399e+00 -1.5601e+00 +4.9782e+00 +2.4241e-01 -3.8367e+00
294 +9.961414612e+00 +9.961414612e+00 -9.900385854e+02 -9.900385854e+02 -1.8414e+00 -1.6254e+00 +4.9317e+00 +2.0311e-01 -3.8554e+00
1719 +6.295835010e+00 +6.295835010e+00 -9.937041650e+02 -9.937041650e+02 -1.8329e+00 -1.8672e+00 +4.6031e+00 +3.0298e-01 -4.0655e+00
3026 +3.958790569e+00 +3.958790569e+00 -9.960412094e+02 -9.960412094e+02 -1.9897e+00 -2.0751e+00 +4.4587e+00 +5.6256e-01 -4.2498e+00
% function evaluation | noise-free fitness - Fopt (1.000000000000e+03) | best noise-free fitness - Fopt | measured fitness | best measured fitness | x1 | x2...
1 +8.171465458e+01 +8.171465458e+01 +1.081714655e+03 +1.081714655e+03 +2.8097e+00 +3.4062e+00 +4.8898e+00 +4.3140e+00 -2.4373e+00
4 +5.542671695e+01 +5.542671695e+01 +1.055426717e+03 +1.055426717e+03 +2.2578e+00 +3.1137e-01 -2.2249e+00 +4.5282e+00 +2.9018e+00
10 +3.977346586e+01 +3.977346586e+01 +1.039773466e+03 +1.039773466e+03 +1.0467e+00 +1.7725e+00 +4.9986e-02 +2.8291e+00 +1.9978e+00
1428 +2.482703159e+01 +2.482703159e+01 +1.024827032e+03 +1.024827032e+03 +1.0588e+00 +1.9987e+00 -2.6985e-01 +2.9753e+00 +1.9061e+00
2702 +1.557289567e+01 +1.557289567e+01 +1.015572896e+03 +1.015572896e+03 +1.1488e+00 +2.1998e+00 -5.9074e-01 +3.0163e+00 +1.7781e+00
3572 +9.985766999e+00 +9.985766999e+00 +1.009985767e+03 +1.009985767e+03 +1.2364e+00 +2.3524e+00 -7.5936e-01 +3.1294e+00 +1.6795e+00
4799 +6.284417255e+00 +6.284417255e+00 +1.006284417e+03 +1.006284417e+03 +1.3918e+00 +2.5770e+00 -1.0915e+00 +3.2195e+00 +1.6825e+00
5459 +3.857442261e+00 +3.857442261e+00 +1.003857442e+03 +1.003857442e+03 +1.4106e+00 +2.6284e+00 -1.3113e+00 +3.3020e+00 +1.6001e+00
6120 +2.468598192e+00 +2.468598192e+00 +1.002468598e+03 +1.002468598e+03 +1.5656e+00 +2.6200e+00 -1.4872e+00 +3.3460e+00 +1.5618e+00
% function evaluation | noise-free fitness - Fopt (-4.913000000000e+01) | best noise-free fitness - Fopt | measured fitness | best measured fitness | x1 | x2...
1 +7.279709189e+01 +7.279709189e+01 +2.366709189e+01 +2.366709189e+01 +3.2281e+00 -9.8077e-01 +2.1612e-01 -3.9352e+00 -2.4583e+00
10 +5.949205794e+01 +5.949205794e+01 +1.036205794e+01 +1.036205794e+01 +2.6675e+00 -9.8040e-01 -2.1256e+00 -7.0869e-01 +1.8031e+00
20 +3.294652520e+01 +3.294652520e+01 -1.618347480e+01 -1.618347480e+01 -3.1388e+00 +2.9325e+00 -4.0648e+00 -3.1515e-01 -7.4258e-01
531 +2.509918565e+01 +2.509918565e+01 -2.403081435e+01 -2.403081435e+01 +4.4089e+00 -4.8371e+00 +2.5199e+00 -4.4905e+00 +1.9583e+00
1426 +3.313929574e+00 +3.313929574e+00 -4.581607043e+01 -4.581607043e+01 +3.5401e+00 +1.5809e+00 +2.5599e+00 -1.4570e+00 +1.0685e+00
1532 +2.367679357e+00 +2.367679357e+00 -4.676232064e+01 -4.676232064e+01 +3.5445e+00 +1.5961e+00 +2.5287e+00 -1.4308e+00 +1.0872e+00
1983 +1.535061126e+00 +1.535061126e+00 -4.759493887e+01 -4.759493887e+01 +3.5116e+00 +1.6216e+00 +2.4415e+00 -1.3533e+00 +1.1360e+00
2084 +9.767569366e-01 +9.767569366e-01 -4.815324306e+01 -4.815324306e+01 +3.5161e+00 +1.6361e+00 +2.4179e+00 -1.3279e+00 +1.1532e+00
2197 +5.926409559e-01 +5.926409559e-01 -4.853735904e+01 -4.853735904e+01 +3.5128e+00 +1.6350e+00 +2.4072e+00 -1.2735e+00 +1.1722e+00
2553 +3.684257093e-01 +3.684257093e-01 -4.876157429e+01 -4.876157429e+01 +3.5343e+00 +1.6509e+00 +2.3393e+00 -1.1823e+00 +1.2305e+00
2679 +2.455694949e-01 +2.455694949e-01 -4.888443051e+01 -4.888443051e+01 +3.5394e+00 +1.6780e+00 +2.3242e+00 -1.1468e+00 +1.2515e+00
2920 +1.559583520e-01 +1.559583520e-01 -4.897404165e+01 -4.897404165e+01 +3.4984e+00 +1.6555e+00 +2.2934e+00 -1.0702e+00 +1.2312e+00
3653 +9.866848406e-02 +9.866848406e-02 -4.903133152e+01 -4.903133152e+01 +3.5380e+00 +1.7857e+00 +2.3908e+00 -9.0186e-01 +1.2129e+00
4090 +6.142719194e-02 +6.142719194e-02 -4.906857281e+01 -4.906857281e+01 +3.5466e+00 +1.8037e+00 +2.4844e+00 -7.9163e-01 +1.1826e+00
4697 +3.980250308e-02 +3.980250308e-02 -4.909019750e+01 -4.909019750e+01 +3.5709e+00 +1.8624e+00 +2.5585e+00 -6.9150e-01 +1.1773e+00
5152 +2.455038861e-02 +2.455038861e-02 -4.910544961e+01 -4.910544961e+01 +3.5927e+00 +1.8434e+00 +2.6481e+00 -5.8733e-01 +1.1673e+00
5552 +1.558623195e-02 +1.558623195e-02 -4.911441377e+01 -4.911441377e+01 +3.5429e+00 +1.8890e+00 +2.6707e+00 -5.0533e-01 +1.1339e+00
6064 +9.726953480e-03 +9.726953480e-03 -4.912027305e+01 -4.912027305e+01 +3.5338e+00 +1.9509e+00 +2.7555e+00 -4.1921e-01 +1.0996e+00
6226 +6.208497897e-03 +6.208497897e-03 -4.912379150e+01 -4.912379150e+01 +3.5362e+00 +1.9552e+00 +2.7978e+00 -3.8659e-01 +1.0875e+00
6427 +3.896879549e-03 +3.896879549e-03 -4.912610312e+01 -4.912610312e+01 +3.5469e+00 +1.9792e+00 +2.8307e+00 -3.2873e-01 +1.0698e+00
6907 +2.478351223e-03 +2.478351223e-03 -4.912752165e+01 -4.912752165e+01 +3.5515e+00 +2.0290e+00 +2.9067e+00 -2.5159e-01 +1.0539e+00
7090 +1.563356420e-03 +1.563356420e-03 -4.912843664e+01 -4.912843664e+01 +3.5615e+00 +2.0373e+00 +2.9297e+00 -2.1527e-01 +1.0542e+00
7358 +9.531730870e-04 +9.531730870e-04 -4.912904683e+01 -4.912904683e+01 +3.5719e+00 +2.0514e+00 +2.9652e+00 -1.7493e-01 +1.0428e+00
7722 +5.659323876e-04 +5.659323876e-04 -4.912943407e+01 -4.912943407e+01 +3.5732e+00 +2.1169e+00 +3.0325e+00 -1.3066e-01 +1.0183e+00
7860 +3.759524735e-04 +3.759524735e-04 -4.912962405e+01 -4.912962405e+01 +3.5787e+00 +2.1269e+00 +3.0373e+00 -9.9335e-02 +1.0148e+00
8071 +2.453596160e-04 +2.453596160e-04 -4.912975464e+01 -4.912975464e+01 +3.5783e+00 +2.1295e+00 +3.0727e+00 -6.9702e-02 +1.0027e+00
8371 +1.493500720e-04 +1.493500720e-04 -4.912985065e+01 -4.912985065e+01 +3.5924e+00 +2.1637e+00 +3.1126e+00 -2.8391e-02 +9.9896e-01
8644 +9.879751136e-05 +9.879751136e-05 -4.912990120e+01 -4.912990120e+01 +3.5869e+00 +2.1846e+00 +3.1334e+00 -9.0095e-03 +9.8365e-01
8882 +6.238767584e-05 +6.238767584e-05 -4.912993761e+01 -4.912993761e+01 +3.5864e+00 +2.2117e+00 +3.1678e+00 +3.0296e-02 +9.6977e-01
9311 +3.605318314e-05 +3.605318314e-05 -4.912996395e+01 -4.912996395e+01 +3.5973e+00 +2.2545e+00 +3.1924e+00 +3.8651e-02 +9.6394e-01
9775 +2.357816056e-05 +2.357816056e-05 -4.912997642e+01 -4.912997642e+01 +3.6310e+00 +2.3116e+00 +3.2250e+00 +4.7206e-02 +9.6449e-01
9984 +1.440281791e-05 +1.440281791e-05 -4.912998560e+01 -4.912998560e+01 +3.6403e+00 +2.3401e+00 +3.2213e+00 +2.8478e-02 +9.6498e-01
10254 +8.509706895e-06 +8.509706895e-06 -4.912999149e+01 -4.912999149e+01 +3.6499e+00 +2.3741e+00 +3.2289e+00 +2.5844e-02 +9.6100e-01
10537 +4.664537443e-06 +4.664537443e-06 -4.912999534e+01 -4.912999534e+01 +3.6763e+00 +2.4197e+00 +3.2522e+00 +2.4710e-02 +9.6522e-01
10740 +2.994684849e-06 +2.994684849e-06 -4.912999701e+01 -4.912999701e+01 +3.6714e+00 +2.4429e+00 +3.2576e+00 +2.3900e-02 +9.5596e-01
10783 +1.945639916e-06 +1.945639916e-06 -4.912999805e+01 -4.912999805e+01 +3.6809e+00 +2.4576e+00 +3.2589e+00 +1.6047e-02 +9.6260e-01
11075 +1.510974357e-06 +1.510974357e-06 -4.912999849e+01 -4.912999849e+01 +3.6985e+00 +2.4745e+00 +3.2766e+00 +2.7486e-02 +9.6192e-01
11274 +6.165150026e-07 +6.165150026e-07 -4.912999938e+01 -4.912999938e+01 +3.7048e+00 +2.5056e+00 +3.2852e+00 +2.5941e-02 +9.6076e-01
11569 +2.611506886e-07 +2.611506886e-07 -4.912999974e+01 -4.912999974e+01 +3.7257e+00 +2.5436e+00 +3.3044e+00 +2.7320e-02 +9.5916e-01
11680 +1.919337009e-07 +1.919337009e-07 -4.912999981e+01 -4.912999981e+01 +3.7258e+00 +2.5443e+00 +3.2906e+00 +9.6275e-03 +9.6445e-01
12345 +8.670686213e-08 +8.670686213e-08 -4.912999991e+01 -4.912999991e+01 +3.7295e+00 +2.5676e+00 +3.3043e+00 +1.3953e-02 +9.6041e-01
12558 +4.771906248e-08 +4.771906248e-08 -4.912999995e+01 -4.912999995e+01 +3.7374e+00 +2.5768e+00 +3.3087e+00 +1.1033e-02 +9.5897e-01
12921 +1.919944737e-08 +1.919944737e-08 -4.912999998e+01 -4.912999998e+01 +3.7413e+00 +2.5950e+00 +3.3098e+00 -1.4637e-03 +9.6014e-01
13024 +1.103335734e-08 +1.103335734e-08 -4.912999999e+01 -4.912999999e+01 +3.7441e+00 +2.6024e+00 +3.3127e+00 +7.0371e-03 +9.5973e-01
13223 +2.759826145e-09 +2.759826145e-09 -4.913000000e+01 -4.913000000e+01 +3.7524e+00 +2.6277e+00 +3.3121e+00 -1.1308e-02 +9.6026e-01
% function evaluation | noise-free fitness - Fopt (2.977300000000e+02) | best noise-free fitness - Fopt | measured fitness | best measured fitness | x1 | x2...
1 +8.222175881e+01 +8.222175881e+01 +3.799517588e+02 +3.799517588e+02 +1.7704e+00 -4.5519e+00 +2.5429e+00 -1.5276e+00 +3.1462e+00
3 +4.019128919e+01 +4.019128919e+01 +3.379212892e+02 +3.379212892e+02 -3.5725e+00 -4.8646e+00 +2.6190e+00 +1.4627e+00 -4.4101e+00
7 +2.010909932e+01 +2.010909932e+01 +3.178390993e+02 +3.178390993e+02 -3.2594e+00 +1.5293e-01 -1.0515e-01 -8.8801e-01 -8.8614e-01
554 +1.582674178e+01 +1.582674178e+01 +3.135567418e+02 +3.135567418e+02 -3.2459e+00 +1.6091e-01 +4.6167e-04 -9.4495e-01 -8.9002e-01
10182 +9.998467545e+00 +9.998467545e+00 +3.077284675e+02 +3.077284675e+02 -8.3569e-01 +5.4608e-01 -4.3168e-01 -1.3064e+00 -1.5755e+00
36467 +6.072616161e+00 +6.072616161e+00 +3.038026162e+02 +3.038026162e+02 +1.0806e+00 +3.5519e+00 +3.6208e+00 -4.0888e+00 +1.2184e+00
36980 +3.945519493e+00 +3.945519493e+00 +3.016755195e+02 +3.016755195e+02 +1.0533e+00 +3.5645e+00 +3.6702e+00 -3.9552e+00 +1.1534e+00
37433 +2.453725988e+00 +2.453725988e+00 +3.001837260e+02 +3.001837260e+02 +1.0906e+00 +3.5335e+00 +3.6527e+00 -3.8358e+00 +1.0428e+00
38659 +1.575471108e+00 +1.575471108e+00 +2.993054711e+02 +2.993054711e+02 +1.1105e+00 +3.4824e+00 +3.7782e+00 -3.5508e+00 +7.8195e-01
39269 +9.628812773e-01 +9.628812773e-01 +2.986928813e+02 +2.986928813e+02 +1.1039e+00 +3.4589e+00 +3.7586e+00 -3.4298e+00 +6.2494e-01
% function evaluation | noise-free fitness - Fopt (5.157000000000e+01) | best noise-free fitness - Fopt | measured fitness | best measured fitness | x1 | x2...
1 +8.090202691e+01 +8.090202691e+01 +1.324720269e+02 +1.324720269e+02 +3.3589e+00 -2.1568e+00 -1.7495e+00 +3.4544e+00 +3.3178e+00
16 +6.278917215e+01 +6.278917215e+01 +1.143591722e+02 +1.143591722e+02 +1.6188e-01 -1.6901e+00 +3.6425e+00 +3.0998e+00 -4.7637e+00
78 +3.900340084e+01 +3.900340084e+01 +9.057340084e+01 +9.057340084e+01 +5.5839e-02 +4.5244e+00 -4.1146e+00 +8.5967e-01 +3.1469e+00
309 +2.510504038e+01 +2.510504038e+01 +7.667504038e+01 +7.667504038e+01 +1.6416e+00 -4.5224e+00 -2.1936e+00 -1.8382e-01 -3.4967e+00
778 +1.575252744e+01 +1.575252744e+01 +6.732252744e+01 +6.732252744e+01 +2.6556e+00 -4.6157e+00 -1.7057e+00 -4.4617e+00 +2.3096e+00
1178 +9.943312461e+00 +9.943312461e+00 +6.151331246e+01 +6.151331246e+01 +2.7519e+00 -4.5443e+00 -1.6369e+00 -4.4641e+00 +2.3003e+00
1867 +6.278367050e+00 +6.278367050e+00 +5.784836705e+01 +5.784836705e+01 +2.8926e+00 -4.4365e+00 -1.5797e+00 -4.4255e+00 +2.4595e+00
2300 +3.927115771e+00 +3.927115771e+00 +5.549711577e+01 +5.549711577e+01 +2.8992e+00 -4.3785e+00 -1.5183e+00 -4.4096e+00 +2.5699e+00
2760 +2.505942225e+00 +2.505942225e+00 +5.407594223e+01 +5.407594223e+01 +2.9622e+00 -4.3199e+00 -1.4536e+00 -4.3418e+00 +2.6893e+00
5671 +1.579480570e+00 +1.579480570e+00 +5.314948057e+01 +5.314948057e+01 +2.6480e+00 -3.7689e+00 -1.0508e+00 -4.0788e+00 +2.7465e+00
6850 +9.763601656e-01 +9.763601656e-01 +5.254636017e+01 +5.254636017e+01 +2.5185e+00 -3.4315e+00 -1.0446e+00 -4.0043e+00 +2.6948e+00
8059 +6.296470818e-01 +6.296470818e-01 +5.219964708e+01 +5.219964708e+01 +2.3815e+00 -3.1339e+00 -9.9695e-01 -3.9652e+00 +2.6563e+00
11631 +3.962804691e-01 +3.962804691e-01 +5.196628047e+01 +5.196628047e+01 +2.1819e+00 -2.2813e+00 -1.0951e+00 -3.6607e+00 +2.4141e+00
12783 +2.497772859e-01 +2.497772859e-01 +5.181977729e+01 +5.181977729e+01 +2.0678e+00 -1.9951e+00 -1.1315e+00 -3.6028e+00 +2.3408e+00
13998 +1.580121597e-01 +1.580121597e-01 +5.172801216e+01 +5.172801216e+01 +2.0675e+00 -1.7128e+00 -1.2492e+00 -3.4815e+00 +2.2601e+00
15992 +9.929958442e-02 +9.929958442e-02 +5.166929958e+01 +5.166929958e+01 +2.0109e+00 -1.2347e+00 -1.3213e+00 -3.2303e+00 +2.1175e+00
17145 +6.195321785e-02 +6.195321785e-02 +5.163195322e+01 +5.163195322e+01 +2.0304e+00 -9.9305e-01 -1.4331e+00 -3.0946e+00 +2.0498e+00
18473 +3.973074663e-02 +3.973074663e-02 +5.160973075e+01 +5.160973075e+01 +1.9923e+00 -7.1409e-01 -1.5062e+00 -2.9794e+00 +1.9638e+00
19535 +2.483241958e-02 +2.483241958e-02 +5.159483242e+01 +5.159483242e+01 +1.9743e+00 -5.0228e-01 -1.5687e+00 -2.8789e+00 +1.9000e+00
20606 +1.540919976e-02 +1.540919976e-02 +5.158540920e+01 +5.158540920e+01 +2.0165e+00 -3.1084e-01 -1.6336e+00 -2.7239e+00 +1.8310e+00
22019 +9.911078957e-03 +9.911078957e-03 +5.157991108e+01 +5.157991108e+01 +2.0254e+00 -1.0024e-01 -1.7427e+00 -2.6153e+00 +1.7643e+00
22365 +6.111951077e-03 +6.111951077e-03 +5.157611195e+01 +5.157611195e+01 +2.0571e+00 -2.0915e-02 -1.7785e+00 -2.5209e+00 +1.7260e+00
22853 +3.946779225e-03 +3.946779225e-03 +5.157394678e+01 +5.157394678e+01 +2.0563e+00 +9.5281e-02 -1.8004e+00 -2.4694e+00 +1.7065e+00
24203 +2.461592618e-03 +2.461592618e-03 +5.157246159e+01 +5.157246159e+01 +2.0858e+00 +2.9720e-01 -1.8976e+00 -2.3422e+00 +1.6380e+00
24601 +1.575619929e-03 +1.575619929e-03 +5.157157562e+01 +5.157157562e+01 +2.0562e+00 +3.6018e-01 -1.8979e+00 -2.3211e+00 +1.6228e+00
24943 +9.876816576e-04 +9.876816576e-04 +5.157098768e+01 +5.157098768e+01 +2.0466e+00 +4.5074e-01 -1.9248e+00 -2.2908e+00 +1.5959e+00
25969 +6.255218503e-04 +6.255218503e-04 +5.157062552e+01 +5.157062552e+01 +2.0609e+00 +5.8443e-01 -1.9903e+00 -2.2006e+00 +1.5442e+00
26121 +3.948242805e-04 +3.948242805e-04 +5.157039482e+01 +5.157039482e+01 +2.0709e+00 +6.3612e-01 -2.0114e+00 -2.1724e+00 +1.5358e+00
26528 +2.480809713e-04 +2.480809713e-04 +5.157024808e+01 +5.157024808e+01 +2.0687e+00 +7.1126e-01 -2.0125e+00 -2.1126e+00 +1.5196e+00
27257 +1.556493677e-04 +1.556493677e-04 +5.157015565e+01 +5.157015565e+01 +2.1099e+00 +7.7405e-01 -2.0635e+00 -2.0527e+00 +1.4913e+00
27642 +9.542251070e-05 +9.542251070e-05 +5.157009542e+01 +5.157009542e+01 +2.0849e+00 +8.3423e-01 -2.0802e+00 -2.0354e+00 +1.4695e+00
28268 +5.930574099e-05 +5.930574099e-05 +5.157005931e+01 +5.157005931e+01 +2.1145e+00 +8.9178e-01 -2.1099e+00 -1.9867e+00 +1.4474e+00
28549 +3.783264851e-05 +3.783264851e-05 +5.157003783e+01 +5.157003783e+01 +2.1276e+00 +9.1942e-01 -2.1370e+00 -1.9618e+00 +1.4382e+00
29023 +2.418400860e-05 +2.418400860e-05 +5.157002418e+01 +5.157002418e+01 +2.0966e+00 +9.7812e-01 -2.1467e+00 -1.9606e+00 +1.4179e+00
29335 +1.314506451e-05 +1.314506451e-05 +5.157001315e+01 +5.157001315e+01 +2.0773e+00 +1.0018e+00 -2.1259e+00 -1.9546e+00 +1.4177e+00
29372 +9.952967346e-06 +9.952967346e-06 +5.157000995e+01 +5.157000995e+01 +2.0798e+00 +1.0168e+00 -2.1274e+00 -1.9410e+00 +1.4188e+00
30048 +5.752010608e-06 +5.752010608e-06 +5.157000575e+01 +5.157000575e+01 +2.0826e+00 +1.0894e+00 -2.1487e+00 -1.9051e+00 +1.3951e+00
30096 +3.840853616e-06 +3.840853616e-06 +5.157000384e+01 +5.157000384e+01 +2.0792e+00 +1.0888e+00 -2.1526e+00 -1.9032e+00 +1.3876e+00
30176 +2.277932303e-06 +2.277932303e-06 +5.157000228e+01 +5.157000228e+01 +2.0569e+00 +1.1120e+00 -2.1406e+00 -1.9090e+00 +1.3921e+00
30657 +1.461092985e-06 +1.461092985e-06 +5.157000146e+01 +5.157000146e+01 +2.0530e+00 +1.1573e+00 -2.1586e+00 -1.8901e+00 +1.3713e+00
30893 +9.689580693e-07 +9.689580693e-07 +5.157000097e+01 +5.157000097e+01 +2.0755e+00 +1.1392e+00 -2.1721e+00 -1.8834e+00 +1.3762e+00
30925 +5.428118115e-07 +5.428118115e-07 +5.157000054e+01 +5.157000054e+01 +2.0659e+00 +1.1747e+00 -2.1624e+00 -1.8614e+00 +1.3705e+00
31000 +3.131728832e-07 +3.131728832e-07 +5.157000031e+01 +5.157000031e+01 +2.0677e+00 +1.1788e+00 -2.1703e+00 -1.8629e+00 +1.3684e+00
31374 +1.800601623e-07 +1.800601623e-07 +5.157000018e+01 +5.157000018e+01 +2.0783e+00 +1.1888e+00 -2.1901e+00 -1.8532e+00 +1.3624e+00
31726 +1.294243859e-07 +1.294243859e-07 +5.157000013e+01 +5.157000013e+01 +2.0782e+00 +1.1936e+00 -2.1879e+00 -1.8499e+00 +1.3618e+00
31740 +9.542836210e-08 +9.542836210e-08 +5.157000010e+01 +5.157000010e+01 +2.0675e+00 +1.2127e+00 -2.1860e+00 -1.8462e+00 +1.3538e+00
31797 +5.782212043e-08 +5.782212043e-08 +5.157000006e+01 +5.157000006e+01 +2.0769e+00 +1.2244e+00 -2.1987e+00 -1.8373e+00 +1.3555e+00
32646 +1.176484687e-08 +1.176484687e-08 +5.157000001e+01 +5.157000001e+01 +2.0760e+00 +1.2547e+00 -2.2029e+00 -1.8190e+00 +1.3460e+00
32783 +1.011969175e-09 +1.011969175e-09 +5.157000000e+01 +5.157000000e+01 +2.0707e+00 +1.2598e+00 -2.2025e+00 -1.8182e+00 +1.3421e+00
% function evaluation | noise-free fitness - Fopt (1.495000000000e+01) | best noise-free fitness - Fopt | measured fitness | best measured fitness | x1 | x2...
1 +7.680701854e+01 +7.680701854e+01 +9.175701854e+01 +9.175701854e+01 +2.4285e+00 -2.2820e+00 +1.0725e+00 -3.8717e+00 +4.6343e+00
9 +1.387062000e+01 +1.387062000e+01 +2.882062000e+01 +2.882062000e+01 -3.0889e+00 -2.5319e+00 +1.9555e+00 +4.3572e+00 -3.9625e+00
1173 +9.977038576e+00 +9.977038576e+00 +2.492703858e+01 +2.492703858e+01 -3.1558e+00 -2.6464e+00 +1.7370e+00 +4.0595e+00 -4.0555e+00
% function evaluation | noise-free fitness - Fopt (6.938000000000e+01) | best noise-free fitness - Fopt | measured fitness | best measured fitness | x1 | x2...
1 +6.831956076e+01 +6.831956076e+01 +1.376995608e+02 +1.376995608e+02 +1.2245e+00 +6.6929e-01 -6.1296e-01 -4.6872e+00 +4.2144e+00
6 +5.974267294e+01 +5.974267294e+01 +1.291226729e+02 +1.291226729e+02 -1.5417e+00 -7.8718e-01 -1.5088e+00 +4.4353e+00 -1.0134e+00
21 +2.677940126e+01 +2.677940126e+01 +9.615940126e+01 +9.615940126e+01 -4.4921e+00 +4.2183e+00 +1.9166e-01 -1.7176e-01 -2.5758e+00
190 +2.499863968e+01 +2.499863968e+01 +9.437863968e+01 +9.437863968e+01 -4.4632e+00 +4.2132e+00 +2.0451e-01 -1.2955e-01 -2.5834e+00
919 +1.482055119e+01 +1.482055119e+01 +8.420055119e+01 +8.420055119e+01 -4.3593e+00 +4.0815e+00 +3.4709e-01 +2.8685e-02 -2.5483e+00
1478 +9.902321780e+00 +9.902321780e+00 +7.928232178e+01 +7.928232178e+01 -4.2335e+00 +3.9162e+00 +3.7698e-01 +4.7292e-02 -2.5236e+00
2455 +6.256608808e+00 +6.256608808e+00 +7.563660881e+01 +7.563660881e+01 -4.0571e+00 +3.7948e+00 +5.0566e-01 +2.5656e-01 -2.5475e+00
3165 +3.926993947e+00 +3.926993947e+00 +7.330699395e+01 +7.330699395e+01 -3.9558e+00 +3.7780e+00 +5.8937e-01 +4.7379e-01 -2.5945e+00
4140 +2.486370081e+00 +2.486370081e+00 +7.186637008e+01 +7.186637008e+01 -3.7951e+00 +3.7227e+00 +5.9758e-01 +5.4765e-01 -2.8120e+00
% function evaluation | noise-free fitness - Fopt (7.255000000000e+01) | best noise-free fitness - Fopt | measured fitness | best measured fitness | x1 | x2...
1 +7.832796451e+01 +7.832796451e+01 +1.508779645e+02 +1.508779645e+02 -1.3179e+00 -1.0608e+00 -1.3868e+00 +6.5717e-02 -4.4717e+00
3 +4.472664602e+01 +4.472664602e+01 +1.172766460e+02 +1.172766460e+02 +1.0467e-02 -3.3365e+00 -2.3240e+00 +1.7397e+00 +7.4586e-01
29 +3.693098079e+01 +3.693098079e+01 +1.094809808e+02 +1.094809808e+02 -2.1093e+00 +4.4562e+00 -1.0723e+00 +7.9531e-01 -4.5142e+00
58 +1.938835080e+01 +1.938835080e+01 +9.193835080e+01 +9.193835080e+01 -4.7406e-01 -2.7851e+00 +1.9674e+00 +9.8560e-01 +1.2715e+00
571 +1.565205595e+01 +1.565205595e+01 +8.820205595e+01 +8.820205595e+01 -4.4438e-01 -2.8516e+00 +1.9439e+00 +1.0806e+00 +1.3472e+00
% function evaluation | noise-free fitness - Fopt (-5.473100000000e+02) | best noise-free fitness - Fopt | measured fitness | best measured fitness | x1 | x2...
1 +8.521411920e+01 +8.521411920e+01 -4.620958808e+02 -4.620958808e+02 -1.4204e+00 +4.9429e+00 +3.3740e+00 +1.7762e+00 +4.2215e-01
11 +5.184176773e+01 +5.184176773e+01 -4.954682323e+02 -4.954682323e+02 -4.1323e+00 -2.3097e+00 +8.0377e-01 +2.1476e+00 +1.9130e+00
44 +3.850615092e+01 +3.850615092e+01 -5.088038491e+02 -5.088038491e+02 -3.2609e+00 -4.6691e-01 -5.3501e-01 +1.5240e+00 +3.6693e+00
92 +1.103762430e+01 +1.103762430e+01 -5.362723757e+02 -5.362723757e+02 -3.6628e+00 +3.2594e+00 -5.7226e-01 -4.0375e+00 +1.4089e+00
158 +9.986024117e+00 +9.986024117e+00 -5.373239759e+02 -5.373239759e+02 -3.6689e+00 +3.2577e+00 -5.3638e-01 -4.0500e+00 +1.3988e+00
764 +6.280321677e+00 +6.280321677e+00 -5.410296783e+02 -5.410296783e+02 -3.6374e+00 +3.3504e+00 -3.9012e-01 -4.0906e+00 +1.3249e+00
1012 +3.787061779e+00 +3.787061779e+00 -5.435229382e+02 -5.435229382e+02 -3.6836e+00 +3.3788e+00 -3.2669e-01 -4.0707e+00 +1.2475e+00
1300 +2.404661869e+00 +2.404661869e+00 -5.449053381e+02 -5.449053381e+02 -3.7035e+00 +3.3938e+00 -2.6602e-01 -4.1136e+00 +1.1926e+00
1939 +1.560824900e+00 +1.560824900e+00 -5.457491751e+02 -5.457491751e+02 -3.7267e+00 +3.5345e+00 -1.5965e-01 -4.1216e+00 +1.0689e+00
2202 +9.939805003e-01 +9.939805003e-01 -5.463160195e+02 -5.463160195e+02 -3.7122e+00 +3.5517e+00 -1.4257e-01 -4.1088e+00 +9.9376e-01
2484 +6.219987419e-01 +6.219987419e-01 -5.466880013e+02 -5.466880013e+02 -3.6701e+00 +3.5995e+00 -1.0031e-01 -4.1010e+00 +9.4457e-01
3222 +3.695241065e-01 +3.695241065e-01 -5.469404759e+02 -5.469404759e+02 -3.5991e+00 +3.7107e+00 -8.7134e-02 -3.9842e+00 +7.7134e-01
3498 +2.511549758e-01 +2.511549758e-01 -5.470588450e+02 -5.470588450e+02 -3.5988e+00 +3.7379e+00 -8.6708e-02 -3.9250e+00 +7.2128e-01
3774 +1.563929836e-01 +1.563929836e-01 -5.471536070e+02 -5.471536070e+02 -3.5196e+00 +3.7827e+00 -1.0962e-01 -3.9035e+00 +6.7148e-01
4477 +9.910081267e-02 +9.910081267e-02 -5.472108992e+02 -5.472108992e+02 -3.3938e+00 +3.8255e+00 -4.7343e-02 -3.8247e+00 +5.8539e-01
5020 +6.248922822e-02 +6.248922822e-02 -5.472475108e+02 -5.472475108e+02 -3.3193e+00 +3.8922e+00 -6.9345e-02 -3.7756e+00 +5.1351e-01
5565 +3.932167027e-02 +3.932167027e-02 -5.472706783e+02 -5.472706783e+02 -3.1649e+00 +3.9279e+00 -7.0312e-02 -3.8170e+00 +4.9703e-01
5971 +2.419725860e-02 +2.419725860e-02 -5.472858027e+02 -5.472858027e+02 -3.0443e+00 +3.9747e+00 -4.8761e-02 -3.8079e+00 +4.5171e-01
6489 +1.576777576e-02 +1.576777576e-02 -5.472942322e+02 -5.472942322e+02 -2.9133e+00 +3.9898e+00 -4.2796e-02 -3.8417e+00 +4.5587e-01
7304 +9.825086979e-03 +9.825086979e-03 -5.473001749e+02 -5.473001749e+02 -2.7301e+00 +3.9448e+00 +3.3931e-02 -3.8638e+00 +4.5637e-01
7600 +6.213961677e-03 +6.213961677e-03 -5.473037860e+02 -5.473037860e+02 -2.6610e+00 +3.9513e+00 +6.5280e-02 -3.8365e+00 +4.3146e-01
8224 +3.895152402e-03 +3.895152402e-03 -5.473061048e+02 -5.473061048e+02 -2.5252e+00 +3.9613e+00 +8.8840e-02 -3.8733e+00 +4.2782e-01
9273 +2.369115919e-03 +2.369115919e-03 -5.473076309e+02 -5.473076309e+02 -2.3495e+00 +3.8635e+00 +2.1709e-01 -3.8544e+00 +4.3268e-01
9589 +1.522820291e-03 +1.522820291e-03 -5.473084772e+02 -5.473084772e+02 -2.3330e+00 +3.8299e+00 +2.6531e-01 -3.8130e+00 +4.0888e-01
9948 +9.905297802e-04 +9.905297802e-04 -5.473090095e+02 -5.473090095e+02 -2.2726e+00 +3.7773e+00 +3.2798e-01 -3.7693e+00 +3.8960e-01
10918 +6.262822359e-04 +6.262822359e-04 -5.473093737e+02 -5.473093737e+02 -2.2007e+00 +3.6875e+00 +4.3434e-01 -3.7446e+00 +3.9887e-01
11338 +3.570292129e-04 +3.570292129e-04 -5.473096430e+02 -5.473096430e+02 -2.1654e+00 +3.6449e+00 +4.9123e-01 -3.7185e+00 +3.9041e-01
11690 +2.494546724e-04 +2.494546724e-04 -5.473097505e+02 -5.473097505e+02 -2.1512e+00 +3.6020e+00 +5.3987e-01 -3.7121e+00 +3.9403e-01
12272 +1.540315823e-04 +1.540315823e-04 -5.473098460e+02 -5.473098460e+02 -2.1394e+00 +3.5415e+00 +6.0001e-01 -3.6781e+00 +3.8914e-01
12695 +9.659183490e-05 +9.659183490e-05 -5.473099034e+02 -5.473099034e+02 -2.1221e+00 +3.4970e+00 +6.5216e-01 -3.6524e+00 +3.8815e-01
13541 +6.140208063e-05 +6.140208063e-05 -5.473099386e+02 -5.473099386e+02 -2.0863e+00 +3.4675e+00 +6.9780e-01 -3.6245e+00 +3.7275e-01
14149 +3.854022134e-05 +3.854022134e-05 -5.473099615e+02 -5.473099615e+02 -2.0832e+00 +3.4348e+00 +7.2124e-01 -3.6216e+00 +3.8395e-01
14783 +2.477961493e-05 +2.477961493e-05 -5.473099752e+02 -5.473099752e+02 -2.0626e+00 +3.3847e+00 +7.9039e-01 -3.5987e+00 +3.6613e-01
15070 +1.570365669e-05 +1.570365669e-05 -5.473099843e+02 -5.473099843e+02 -2.0406e+00 +3.3847e+00 +7.9069e-01 -3.5903e+00 +3.6498e-01
15415 +9.948530305e-06 +9.948530305e-06 -5.473099901e+02 -5.473099901e+02 -2.0593e+00 +3.3551e+00 +8.1441e-01 -3.5808e+00 +3.6898e-01
15799 +6.224399613e-06 +6.224399613e-06 -5.473099938e+02 -5.473099938e+02 -2.0047e+00 +3.3333e+00 +8.4530e-01 -3.5733e+00 +3.6931e-01
16201 +3.473007951e-06 +3.473007951e-06 -5.473099965e+02 -5.473099965e+02 -2.0231e+00 +3.3170e+00 +8.6256e-01 -3.5577e+00 +3.6549e-01
16286 +1.852583978e-06 +1.852583978e-06 -5.473099981e+02 -5.473099981e+02 -2.0017e+00 +3.3029e+00 +8.8016e-01 -3.5548e+00 +3.6424e-01
16752 +1.516713155e-06 +1.516713155e-06 -5.473099985e+02 -5.473099985e+02 -1.9981e+00 +3.2887e+00 +8.9783e-01 -3.5399e+00 +3.5783e-01
17016 +7.228280765e-07 +7.228280765e-07 -5.473099993e+02 -5.473099993e+02 -2.0070e+00 +3.2623e+00 +9.2340e-01 -3.5247e+00 +3.5913e-01
17190 +5.453775884e-07 +5.453775884e-07 -5.473099995e+02 -5.473099995e+02 -2.0074e+00 +3.2446e+00 +9.4235e-01 -3.5256e+00 +3.6236e-01
17519 +3.400909918e-07 +3.400909918e-07 -5.473099997e+02 -5.473099997e+02 -1.9990e+00 +3.2477e+00 +9.4249e-01 -3.5197e+00 +3.5610e-01
18812 +6.743448466e-08 +6.743448466e-08 -5.473099999e+02 -5.473099999e+02 -1.9599e+00 +3.2343e+00 +9.6784e-01 -3.5121e+00 +3.5174e-01
18941 +4.779656138e-08 +4.779656138e-08 -5.473100000e+02 -5.473100000e+02 -1.9569e+00 +3.2277e+00 +9.7754e-01 -3.5102e+00 +3.5075e-01
19355 +2.802994459e-08 +2.802994459e-08 -5.473100000e+02 -5.473100000e+02 -1.9662e+00 +3.2150e+00 +9.8876e-01 -3.5002e+00 +3.4815e-01
19523 +2.354454409e-08 +2.354454409e-08 -5.473100000e+02 -5.473100000e+02 -1.9503e+00 +3.2073e+00 +9.9321e-01 -3.5005e+00 +3.5325e-01
19538 +1.180387699e-08 +1.180387699e-08 -5.473100000e+02 -5.473100000e+02 -1.9513e+00 +3.2144e+00 +9.8888e-01 -3.5039e+00 +3.5100e-01
19889 +2.816250344e-09 +2.816250344e-09 -5.473100000e+02 -5.473100000e+02 -1.9357e+00 +3.1883e+00 +1.0232e+00 -3.4937e+00 +3.4841e-01
% function evaluation | noise-free fitness - Fopt (1.000000000000e+03) | best noise-free fitness - Fopt | measured fitness | best measured fitness | x1 | x2...
1 +8.571311110e+01 +8.571311110e+01 +1.085713111e+03 +1.085713111e+03 +1.8952e+00 -1.8657e-03 +4.0125e+00 -1.4961e+00 -4.3048e+00
8 +2.994898653e+01 +2.994898653e+01 +1.029948987e+03 +1.029948987e+03 -2.2239e+00 -3.2423e+00 -4.6814e+00 +9.4795e-01 +4.7059e-01
517 +2.503915101e+01 +2.503915101e+01 +1.025039151e+03 +1.025039151e+03 +7.7304e-02 +3.0941e+00 +1.0882e+00 +4.4896e+00 -1.3879e+00
1706 +1.569797421e+01 +1.569797421e+01 +1.015697974e+03 +1.015697974e+03 -8.0476e-02 +2.9789e+00 +1.1417e+00 +4.7344e+00 -1.2343e+00
3266 +9.990159065e+00 +9.990159065e+00 +1.009990159e+03 +1.009990159e+03 -3.6425e-01 +2.7627e+00 +1.3205e+00 +5.0000e+00 -1.1668e+00
12085 +2.040727273e+00 +2.040727273e+00 +1.002040727e+03 +1.002040727e+03 -1.3119e+00 +3.8777e+00 -1.1534e+00 +2.1122e+00 +2.4679e+00
13012 +1.552716075e+00 +1.552716075e+00 +1.001552716e+03 +1.001552716e+03 -1.3007e+00 +3.8180e+00 -1.1333e+00 +1.8712e+00 +2.3146e+00
13719 +9.810484523e-01 +9.810484523e-01 +1.000981048e+03 +1.000981048e+03 -1.2744e+00 +3.7530e+00 -1.0293e+00 +1.7007e+00 +2.2390e+00
% function evaluation | noise-free fitness - Fopt (2.935800000000e+02) | best noise-free fitness - Fopt | measured fitness | best measured fitness | x1 | x2...
1 +7.026088706e+01 +7.026088706e+01 +3.638408871e+02 +3.638408871e+02 -2.2134e+00 -1.1985e+00 +2.3209e+00 -3.8346e-01 +2.9951e+00
5 +4.176244284e+01 +4.176244284e+01 +3.353424428e+02 +3.353424428e+02 -9.3351e-01 +3.6112e+00 -3.6544e-01 -2.0151e+00 -4.9533e-01
40 +2.999179406e+01 +2.999179406e+01 +3.235717941e+02 +3.235717941e+02 +2.2682e+00 +3.9391e+00 +3.3626e+00 -1.5509e+00 -3.4186e-01
96 +2.117240664e+01 +2.117240664e+01 +3.147524066e+02 +3.147524066e+02 -4.9989e+00 +3.1461e+00 +2.5042e+00 +2.9377e+00 -1.2135e+00
97 +1.061753855e+01 +1.061753855e+01 +3.041975386e+02 +3.041975386e+02 +2.5762e+00 +2.4939e+00 +3.9535e+00 -1.9650e+00 +7.7280e-01
313 +9.893598338e+00 +9.893598338e+00 +3.034735983e+02 +3.034735983e+02 +2.6273e+00 +2.4572e+00 +3.9293e+00 -1.9198e+00 +7.8999e-01
2668 +6.266019760e+00 +6.266019760e+00 +2.998460198e+02 +2.998460198e+02 +2.9888e+00 +2.4058e+00 +3.4321e+00 -1.5019e+00 +1.0123e+00
% function evaluation | noise-free fitness - Fopt (3.712600000000e+02) | best noise-free fitness - Fopt | measured fitness | best measured fitness | x1 | x2...
1 +8.097171921e+01 +8.097171921e+01 +4.522317192e+02 +4.522317192e+02 +7.6576e-02 -2.0360e+00 +3.6890e-01 +4.1344e-02 +3.6471e+00
12 +5.250248960e+01 +5.250248960e+01 +4.237624896e+02 +4.237624896e+02 +9.3486e-01 +1.2424e+00 -4.7623e+00 +3.2760e+00 +2.1411e+00
14 +3.002124563e+01 +3.002124563e+01 +4.012812456e+02 +4.012812456e+02 -8.6793e-02 +1.3630e+00 +4.4330e-01 -2.9310e-01 -6.8890e-01
16 +2.142231566e+01 +2.142231566e+01 +3.926823157e+02 +3.926823157e+02 -8.5988e-02 +4.2903e+00 -5.0003e-01 +3.1317e+00 +3.7683e+00
869 +1.561958090e+01 +1.561958090e+01 +3.868795809e+02 +3.868795809e+02 +4.5455e-02 +4.4118e+00 -4.0419e-01 +3.3480e+00 +3.8187e+00
1175 +9.999927051e+00 +9.999927051e+00 +3.812599271e+02 +3.812599271e+02 -2.6582e+00 -3.8650e+00 +3.4731e+00 -6.0218e-01 -2.1096e+00
2717 +6.271508753e+00 +6.271508753e+00 +3.775315088e+02 +3.775315088e+02 -3.0045e+00 -3.8317e+00 +3.8032e+00 -6.5018e-01 -1.8589e+00
3579 +3.931112034e+00 +3.931112034e+00 +3.751911120e+02 +3.751911120e+02 -3.2599e+00 -3.8089e+00 +3.9688e+00 -7.1391e-01 -1.7372e+00
% function evaluation | noise-free fitness - Fopt (5.226000000000e+01) | best noise-free fitness - Fopt | measured fitness | best measured fitness | x1 | x2...
1 +8.613384478e+01 +8.613384478e+01 +1.383938448e+02 +1.383938448e+02 -4.8805e+00 +3.4399e+00 +1.4020e+00 +4.8879e+00 -2.8063e+00
8 +3.737154822e+01 +3.737154822e+01 +8.963154822e+01 +8.963154822e+01 +3.1976e+00 -4.3069e+00 -2.5999e-01 -1.8854e+00 -2.8806e+00
84 +2.076879563e+01 +2.076879563e+01 +7.302879563e+01 +7.302879563e+01 +3.0247e+00 -3.2145e+00 -1.5834e+00 -3.1770e+00 +1.7294e-01
87 +1.325685757e+01 +1.325685757e+01 +6.551685757e+01 +6.551685757e+01 -3.0686e+00 -1.1311e+00 +8.3397e-01 +4.9949e+00 +6.2486e-01
566 +9.996727455e+00 +9.996727455e+00 +6.225672745e+01 +6.225672745e+01 -3.0793e+00 -1.1444e+00 +8.3665e-01 +4.8525e+00 +6.0044e-01
1898 +6.303607557e+00 +6.303607557e+00 +5.856360756e+01 +5.856360756e+01 -2.9188e+00 -1.2340e+00 +1.0368e+00 +4.5538e+00 +3.9486e-01
2658 +3.936475158e+00 +3.936475158e+00 +5.619647516e+01 +5.619647516e+01 -2.8462e+00 -1.2327e+00 +1.1298e+00 +4.4078e+00 +2.2905e-01
3482 +2.472667747e+00 +2.472667747e+00 +5.473266775e+01 +5.473266775e+01 -2.7443e+00 -1.2629e+00 +1.1921e+00 +4.2916e+00 +5.2562e-02
5354 +1.542174441e+00 +1.542174441e+00 +5.380217444e+01 +5.380217444e+01 -2.3827e+00 -1.1622e+00 +1.3498e+00 +3.9585e+00 -1.6674e-01
5969 +9.996756968e-01 +9.996756968e-01 +5.325967570e+01 +5.325967570e+01 -2.2666e+00 -1.1621e+00 +1.3338e+00 +3.8088e+00 -2.5044e-01
6582 +6.278821715e-01 +6.278821715e-01 +5.288788217e+01 +5.288788217e+01 -2.1328e+00 -1.0988e+00 +1.3383e+00 +3.7110e+00 -2.6576e-01
8011 +3.958291870e-01 +3.958291870e-01 +5.265582919e+01 +5.265582919e+01 -1.7494e+00 -9.4486e-01 +1.3107e+00 +3.4746e+00 -2.4446e-01
8571 +2.444414846e-01 +2.444414846e-01 +5.250444148e+01 +5.250444148e+01 -1.6227e+00 -9.0807e-01 +1.2766e+00 +3.3917e+00 -2.4296e-01
9007 +1.560333881e-01 +1.560333881e-01 +5.241603339e+01 +5.241603339e+01 -1.5095e+00 -8.8988e-01 +1.2670e+00 +3.2848e+00 -2.6766e-01
9964 +9.966539738e-02 +9.966539738e-02 +5.235966540e+01 +5.235966540e+01 -1.2739e+00 -8.0426e-01 +1.3171e+00 +3.1772e+00 -2.5717e-01
10586 +6.260695575e-02 +6.260695575e-02 +5.232260696e+01 +5.232260696e+01 -1.1503e+00 -7.7156e-01 +1.2772e+00 +3.0698e+00 -2.3733e-01
11189 +3.921042676e-02 +3.921042676e-02 +5.229921043e+01 +5.229921043e+01 -9.9726e-01 -7.0418e-01 +1.3004e+00 +2.9985e+00 -2.6292e-01
11693 +2.418963397e-02 +2.418963397e-02 +5.228418963e+01 +5.228418963e+01 -9.0369e-01 -6.7633e-01 +1.2339e+00 +2.9028e+00 -2.4288e-01
12163 +1.567823264e-02 +1.567823264e-02 +5.227567823e+01 +5.227567823e+01 -7.7505e-01 -6.3846e-01 +1.2495e+00 +2.8262e+00 -2.5900e-01
13017 +9.877096311e-03 +9.877096311e-03 +5.226987710e+01 +5.226987710e+01 -6.6889e-01 -6.2435e-01 +1.1246e+00 +2.6901e+00 -2.5215e-01
13370 +6.178428158e-03 +6.178428158e-03 +5.226617843e+01 +5.226617843e+01 -5.6635e-01 -5.9092e-01 +1.1320e+00 +2.6344e+00 -2.1903e-01
13987 +3.870199940e-03 +3.870199940e-03 +5.226387020e+01 +5.226387020e+01 -4.8521e-01 -5.6455e-01 +1.0633e+00 +2.5664e+00 -2.0018e-01
15106 +2.511584374e-03 +2.511584374e-03 +5.226251158e+01 +5.226251158e+01 -4.4178e-01 -5.8917e-01 +8.9759e-01 +2.4061e+00 -2.3941e-01
15421 +1.531304263e-03 +1.531304263e-03 +5.226153130e+01 +5.226153130e+01 -4.0789e-01 -5.8530e-01 +8.3109e-01 +2.3653e+00 -2.2582e-01
15893 +9.974822057e-04 +9.974822057e-04 +5.226099748e+01 +5.226099748e+01 -4.3454e-01 -6.0513e-01 +7.5329e-01 +2.3290e+00 -2.2455e-01
16684 +6.098141327e-04 +6.098141327e-04 +5.226060981e+01 +5.226060981e+01 -3.9145e-01 -6.1272e-01 +6.0766e-01 +2.2206e+00 -2.1197e-01
17161 +3.714533197e-04 +3.714533197e-04 +5.226037145e+01 +5.226037145e+01 -3.8389e-01 -6.3415e-01 +5.5533e-01 +2.1668e+00 -2.2456e-01
17507 +2.492491677e-04 +2.492491677e-04 +5.226024925e+01 +5.226024925e+01 -3.6941e-01 -6.2890e-01 +5.0131e-01 +2.1184e+00 -2.3654e-01
18162 +1.582748201e-04 +1.582748201e-04 +5.226015827e+01 +5.226015827e+01 -3.7370e-01 -6.4833e-01 +4.1286e-01 +2.0839e+00 -2.1898e-01
18658 +9.729473411e-05 +9.729473411e-05 +5.226009729e+01 +5.226009729e+01 -3.6456e-01 -6.4825e-01 +3.6375e-01 +2.0400e+00 -2.3220e-01
19066 +5.601969578e-05 +5.601969578e-05 +5.226005602e+01 +5.226005602e+01 -3.7296e-01 -6.7023e-01 +3.0421e-01 +2.0060e+00 -2.2674e-01
19244 +3.971307289e-05 +3.971307289e-05 +5.226003971e+01 +5.226003971e+01 -3.7472e-01 -6.7600e-01 +2.8229e-01 +1.9870e+00 -2.2854e-01
20122 +2.192063192e-05 +2.192063192e-05 +5.226002192e+01 +5.226002192e+01 -3.9529e-01 -7.0123e-01 +1.9319e-01 +1.9415e+00 -2.2873e-01
20316 +1.447089710e-05 +1.447089710e-05 +5.226001447e+01 +5.226001447e+01 -3.8417e-01 -6.9569e-01 +1.7873e-01 +1.9250e+00 -2.4572e-01
20417 +8.514096628e-06 +8.514096628e-06 +5.226000851e+01 +5.226000851e+01 -3.7910e-01 -6.9066e-01 +1.6079e-01 +1.9142e+00 -2.3882e-01
20792 +6.171698402e-06 +6.171698402e-06 +5.226000617e+01 +5.226000617e+01 -3.6372e-01 -6.9607e-01 +1.2810e-01 +1.8876e+00 -2.2844e-01
21004 +3.704523422e-06 +3.704523422e-06 +5.226000370e+01 +5.226000370e+01 -3.8806e-01 -7.1003e-01 +9.9872e-02 +1.8783e+00 -2.4283e-01
21329 +1.952004432e-06 +1.952004432e-06 +5.226000195e+01 +5.226000195e+01 -3.7030e-01 -7.1003e-01 +8.2461e-02 +1.8602e+00 -2.3175e-01
21660 +1.544064155e-06 +1.544064155e-06 +5.226000154e+01 +5.226000154e+01 -3.8661e-01 -7.1415e-01 +5.5266e-02 +1.8559e+00 -2.3623e-01
22189 +8.221568635e-07 +8.221568635e-07 +5.226000082e+01 +5.226000082e+01 -3.5485e-01 -7.0699e-01 +2.5791e-02 +1.8140e+00 -2.3916e-01
22240 +5.750927485e-07 +5.750927485e-07 +5.226000058e+01 +5.226000058e+01 -3.5193e-01 -7.1119e-01 +2.0283e-02 +1.8140e+00 -2.3249e-01
22543 +3.978094298e-07 +3.978094298e-07 +5.226000040e+01 +5.226000040e+01 -3.7023e-01 -7.1575e-01 +1.9250e-02 +1.8217e+00 -2.3638e-01
23028 +2.333921643e-07 +2.333921643e-07 +5.226000023e+01 +5.226000023e+01 -3.6735e-01 -7.2173e-01 -4.7347e-04 +1.8048e+00 -2.3148e-01
23327 +9.334003437e-08 +9.334003437e-08 +5.226000009e+01 +5.226000009e+01 -3.8150e-01 -7.2804e-01 -2.0592e-02 +1.8025e+00 -2.3770e-01
23394 +4.811940357e-08 +4.811940357e-08 +5.226000005e+01 +5.226000005e+01 -3.7396e-01 -7.2654e-01 -2.6536e-02 +1.7921e+00 -2.3857e-01
23753 +1.565310015e-08 +1.565310015e-08 +5.226000002e+01 +5.226000002e+01 -3.7041e-01 -7.3061e-01 -5.0998e-02 +1.7764e+00 -2.3215e-01
24681 +2.989246184e-09 +2.989246184e-09 +5.226000000e+01 +5.226000000e+01 -3.7564e-01 -7.3489e-01 -7.6811e-02 +1.7642e+00 -2.3638e-01
% function evaluation | noise-free fitness - Fopt (5.034000000000e+01) | best noise-free fitness - Fopt | measured fitness | best measured fitness | x1 | x2...
1 +7.349931482e+01 +7.349931482e+01 +1.238393148e+02 +1.238393148e+02 +3.4999e+00 +1.1059e+00 -2.6994e+00 +2.7821e+00 +3.4138e+00
5 +5.105739129e+01 +5.105739129e+01 +1.013973913e+02 +1.013973913e+02 +1.3490e-01 -3.0563e+00 -1.4802e+00 -6.4886e-01 -1.6545e+00
9 +2.667934964e+01 +2.667934964e+01 +7.701934964e+01 +7.701934964e+01 -1.4498e+00 -2.3579e+00 -3.2487e+00 -7.8967e-01 -9.2235e-02
70 +1.759793234e+01 +1.759793234e+01 +6.793793234e+01 +6.793793234e+01 +3.8707e+00 -3.5121e+00 -2.9176e+00 +1.6557e-02 +4.4197e+00
156 +1.518446677e+01 +1.518446677e+01 +6.552446677e+01 +6.552446677e+01 -4.4743e+00 -6.3305e-01 -4.0813e-01 -3.2307e+00 +1.5331e+00
317 +9.803473652e+00 +9.803473652e+00 +6.014347365e+01 +6.014347365e+01 -4.4376e+00 -6.8670e-01 -4.0020e-01 -3.2065e+00 +1.5935e+00
622 +5.648376678e+00 +5.648376678e+00 +5.598837668e+01 +5.598837668e+01 -4.4438e+00 -7.7535e-01 -4.5112e-01 -3.1517e+00 +1.5429e+00
772 +3.941104081e+00 +3.941104081e+00 +5.428110408e+01 +5.428110408e+01 -4.4170e+00 -8.1193e-01 -4.4888e-01 -3.1439e+00 +1.5589e+00
917 +2.485588311e+00 +2.485588311e+00 +5.282558831e+01 +5.282558831e+01 -4.4140e+00 -8.5237e-01 -4.7512e-01 -3.1095e+00 +1.5712e+00
2796 +1.571610744e+00 +1.571610744e+00 +5.191161074e+01 +5.191161074e+01 -4.3265e+00 -8.7780e-01 -2.6755e-02 -2.9002e+00 +1.5733e+00
3496 +9.834668526e-01 +9.834668526e-01 +5.132346685e+01 +5.132346685e+01 -4.2939e+00 -8.2165e-01 +1.5140e-01 -2.8095e+00 +1.6162e+00
4200 +6.302309232e-01 +6.302309232e-01 +5.097023092e+01 +5.097023092e+01 -4.2713e+00 -7.9259e-01 +3.2000e-01 -2.7412e+00 +1.6089e+00
5597 +3.977916471e-01 +3.977916471e-01 +5.073779165e+01 +5.073779165e+01 -4.0633e+00 -8.4580e-01 +7.4916e-01 -2.7170e+00 +1.5982e+00
6119 +2.394292933e-01 +2.394292933e-01 +5.057942929e+01 +5.057942929e+01 -3.9958e+00 -8.6089e-01 +9.0479e-01 -2.6950e+00 +1.6120e+00
6632 +1.574202009e-01 +1.574202009e-01 +5.049742020e+01 +5.049742020e+01 -3.9436e+00 -8.3137e-01 +1.0492e+00 -2.6696e+00 +1.6747e+00
7565 +9.995758866e-02 +9.995758866e-02 +5.043995759e+01 +5.043995759e+01 -3.8666e+00 -8.5561e-01 +1.2914e+00 -2.6110e+00 +1.6309e+00
8214 +6.232049006e-02 +6.232049006e-02 +5.040232049e+01 +5.040232049e+01 -3.7904e+00 -8.7038e-01 +1.4320e+00 -2.5994e+00 +1.6687e+00
8850 +3.965402204e-02 +3.965402204e-02 +5.037965402e+01 +5.037965402e+01 -3.7169e+00 -8.7038e-01 +1.5736e+00 -2.5862e+00 +1.7421e+00
9355 +2.470480815e-02 +2.470480815e-02 +5.036470481e+01 +5.036470481e+01 -3.6170e+00 -9.1243e-01 +1.6791e+00 -2.6109e+00 +1.7663e+00
9971 +1.582729095e-02 +1.582729095e-02 +5.035582729e+01 +5.035582729e+01 -3.5569e+00 -9.1122e-01 +1.7959e+00 -2.6055e+00 +1.7807e+00
10703 +9.860745460e-03 +9.860745460e-03 +5.034986075e+01 +5.034986075e+01 -3.4449e+00 -9.5894e-01 +1.9293e+00 -2.6289e+00 +1.8602e+00
11050 +6.282935879e-03 +6.282935879e-03 +5.034628294e+01 +5.034628294e+01 -3.4004e+00 -9.6557e-01 +1.9917e+00 -2.6460e+00 +1.8772e+00
11272 +3.977367606e-03 +3.977367606e-03 +5.034397737e+01 +5.034397737e+01 -3.3489e+00 -9.8396e-01 +2.0476e+00 -2.6546e+00 +1.9221e+00
12026 +2.505910927e-03 +2.505910927e-03 +5.034250591e+01 +5.034250591e+01 -3.2292e+00 -1.0321e+00 +2.1777e+00 -2.6926e+00 +1.9702e+00
12284 +1.567559101e-03 +1.567559101e-03 +5.034156756e+01 +5.034156756e+01 -3.1858e+00 -1.0462e+00 +2.2094e+00 -2.7031e+00 +2.0157e+00
12614 +9.846037240e-04 +9.846037240e-04 +5.034098460e+01 +5.034098460e+01 -3.1364e+00 -1.0651e+00 +2.2829e+00 -2.7138e+00 +2.0136e+00
13534 +5.892281490e-04 +5.892281490e-04 +5.034058923e+01 +5.034058923e+01 -3.0000e+00 -1.1178e+00 +2.3420e+00 -2.7866e+00 +2.1148e+00
13703 +3.931023586e-04 +3.931023586e-04 +5.034039310e+01 +5.034039310e+01 -2.9874e+00 -1.1455e+00 +2.3656e+00 -2.8034e+00 +2.1091e+00
14266 +2.492261829e-04 +2.492261829e-04 +5.034024923e+01 +5.034024923e+01 -2.9369e+00 -1.1801e+00 +2.3678e+00 -2.8507e+00 +2.1481e+00
14761 +1.434318543e-04 +1.434318543e-04 +5.034014343e+01 +5.034014343e+01 -2.8670e+00 -1.2041e+00 +2.4296e+00 -2.8764e+00 +2.1985e+00
15169 +9.751948052e-05 +9.751948052e-05 +5.034009752e+01 +5.034009752e+01 -2.8350e+00 -1.2262e+00 +2.4017e+00 -2.9157e+00 +2.2395e+00
15374 +5.806488230e-05 +5.806488230e-05 +5.034005806e+01 +5.034005806e+01 -2.7859e+00 -1.2498e+00 +2.4425e+00 -2.9351e+00 +2.2715e+00
15620 +3.903918979e-05 +3.903918979e-05 +5.034003904e+01 +5.034003904e+01 -2.7658e+00 -1.2650e+00 +2.4547e+00 -2.9524e+00 +2.2763e+00
16024 +2.485303354e-05 +2.485303354e-05 +5.034002485e+01 +5.034002485e+01 -2.7147e+00 -1.2910e+00 +2.4745e+00 -2.9829e+00 +2.3058e+00
16358 +1.396096879e-05 +1.396096879e-05 +5.034001396e+01 +5.034001396e+01 -2.6944e+00 -1.3111e+00 +2.4612e+00 -3.0137e+00 +2.3241e+00
16493 +9.722585943e-06 +9.722585943e-06 +5.034000972e+01 +5.034000972e+01 -2.6769e+00 -1.3148e+00 +2.4727e+00 -3.0208e+00 +2.3357e+00
17131 +6.293108370e-06 +6.293108370e-06 +5.034000629e+01 +5.034000629e+01 -2.6304e+00 -1.3484e+00 +2.4694e+00 -3.0663e+00 +2.3575e+00
17349 +2.831338882e-06 +2.831338882e-06 +5.034000283e+01 +5.034000283e+01 -2.6253e+00 -1.3531e+00 +2.4678e+00 -3.0684e+00 +2.3677e+00
17503 +1.895704230e-06 +1.895704230e-06 +5.034000190e+01 +5.034000190e+01 -2.6069e+00 -1.3528e+00 +2.4759e+00 -3.0746e+00 +2.3995e+00
17647 +1.581866073e-06 +1.581866073e-06 +5.034000158e+01 +5.034000158e+01 -2.6042e+00 -1.3573e+00 +2.4693e+00 -3.0791e+00 +2.3929e+00
17840 +7.947037020e-07 +7.947037020e-07 +5.034000079e+01 +5.034000079e+01 -2.5800e+00 -1.3833e+00 +2.4643e+00 -3.1078e+00 +2.4058e+00
17884 +6.228680078e-07 +6.228680078e-07 +5.034000062e+01 +5.034000062e+01 -2.5722e+00 -1.3728e+00 +2.4736e+00 -3.1024e+00 +2.4237e+00
18115 +3.687785934e-07 +3.687785934e-07 +5.034000037e+01 +5.034000037e+01 -2.5629e+00 -1.3898e+00 +2.4688e+00 -3.1217e+00 +2.4281e+00
18162 +1.808275627e-07 +1.808275627e-07 +5.034000018e+01 +5.034000018e+01 -2.5408e+00 -1.4031e+00 +2.4800e+00 -3.1371e+00 +2.4390e+00
18206 +1.582806490e-07 +1.582806490e-07 +5.034000016e+01 +5.034000016e+01 -2.5289e+00 -1.4036e+00 +2.4799e+00 -3.1389e+00 +2.4372e+00
18791 +3.398396586e-08 +3.398396586e-08 +5.034000003e+01 +5.034000003e+01 -2.5193e+00 -1.4095e+00 +2.4857e+00 -3.1448e+00 +2.4513e+00
19091 +1.185475895e-08 +1.185475895e-08 +5.034000001e+01 +5.034000001e+01 -2.5110e+00 -1.4122e+00 +2.4931e+00 -3.1489e+00 +2.4569e+00
19470 +3.179550845e-09 +3.179550845e-09 +5.034000000e+01 +5.034000000e+01 -2.5077e+00 -1.4178e+00 +2.4809e+00 -3.1590e+00 +2.4650e+00
% function evaluation | noise-free fitness - Fopt (-2.314000000000e+01) | best noise-free fitness - Fopt | measured fitness | best measured fitness | x1 | x2...
1 +8.517677177e+01 +8.517677177e+01 +6.203677177e+01 +6.203677177e+01 +3.6580e+00 -3.1449e+00 -4.7518e+00 +3.4926e+00 +3.6359e+00
5 +3.283705708e+01 +3.283705708e+01 +9.697057076e+00 +9.697057076e+00 +4.1046e-02 -1.3455e+00 +9.9342e-01 -1.7487e+00 -1.2158e+00
7 +2.166591233e+01 +2.166591233e+01 -1.474087670e+00 -1.474087670e+00 -2.0236e+00 -4.8476e-01 +2.0547e+00 -8.8434e-03 +1.6417e+00
918 +1.574079605e+01 +1.574079605e+01 -7.399203949e+00 -7.399203949e+00 -1.9883e+00 -2.5359e-01 +2.1158e+00 -5.7703e-02 +1.5994e+00
1763 +9.916384183e+00 +9.916384183e+00 -1.322361582e+01 -1.322361582e+01 -1.9626e+00 +4.1215e-03 +2.1228e+00 -1.1391e-01 +1.5408e+00
2960 +6.291943027e+00 +6.291943027e+00 -1.684805697e+01 -1.684805697e+01 -1.9520e+00 +3.9759e-01 +2.1629e+00 -1.4916e-01 +1.4766e+00
3582 +3.875109230e+00 +3.875109230e+00 -1.926489077e+01 -1.926489077e+01 -1.8936e+00 +6.1222e-01 +2.2068e+00 -1.8847e-01 +1.4527e+00
4146 +2.500029540e+00 +2.500029540e+00 -2.063997046e+01 -2.063997046e+01 -1.8450e+00 +7.6334e-01 +2.1981e+00 -3.1818e-01 +1.3912e+00
6389 +1.563748704e+00 +1.563748704e+00 -2.157625130e+01 -2.157625130e+01 -1.7886e+00 +1.3357e+00 +1.9348e+00 -5.6720e-01 +1.6703e+00
7766 +9.919634007e-01 +9.919634007e-01 -2.214803660e+01 -2.214803660e+01 -1.8804e+00 +1.6130e+00 +1.8006e+00 -5.9174e-01 +1.9884e+00
