% function evaluation | noise-free fitness - Fopt (-5.465000000000e+02) | best noise-free fitness - Fopt | measured fitness | best measured fitness | x1 | x2...
1 +1.811628311e+05 +1.811628311e+05 +1.806163311e+05 +1.806163311e+05 -9.7980e-01 +4.3029e+00 +4.4953e+00 -4.8423e+00 -1.8954e-01 +1.6858e+00 -1.2746e+00 +1.3936e+00 +3.5230e+00 -3.1505e+00
2 +6.508132381e+04 +6.508132381e+04 +6.453482381e+04 +6.453482381e+04 +3.4371e+00 -2.6006e-01 -4.6884e+00 -3.8364e+00 +2.6664e+00 -4.2355e+00 +2.4930e+00 +4.4482e+00 +3.6746e+00 +2.5721e+00
7 +5.500179612e+04 +5.500179612e+04 +5.445529612e+04 +5.445529612e+04 +4.3430e-01 +2.3733e+00 +2.7135e+00 -2.5061e+00 +4.6941e+00 -2.3718e+00 -4.5874e+00 -2.0003e+00 -3.0058e+00 +4.7824e+00
9 +2.864452805e+04 +2.864452805e+04 +2.809802805e+04 +2.809802805e+04 +2.2920e-01 -3.9237e+00 +4.4589e+00 -1.8865e+00 +1.1016e+00 -6.5099e-01 -4.3523e+00 -3.0477e-01 -3.0710e+00 +4.1976e+00
14 +1.268383208e+04 +1.268383208e+04 +1.213733208e+04 +1.213733208e+04 +2.5538e+00 -7.9986e-01 +3.5457e+00 -3.9860e+00 -1.6490e+00 -2.8949e+00 +9.8228e-01 +4.7793e+00 -1.7595e+00 +2.6654e+00
20 +8.504807143e+03 +8.504807143e+03 +7.958307143e+03 +7.958307143e+03 -2.0409e+00 -2.8135e+00 -1.5235e+00 -7.3686e-01 -8.4410e-01 -2.8752e+00 -2.7315e+00 -1.4617e+00 -3.2865e+00 +2.1822e+00
181 +6.184852453e+03 +6.184852453e+03 +5.638352453e+03 +5.638352453e+03 +3.0336e+00 -8.4756e-01 -1.4693e-01 -3.7487e+00 -3.2862e+00 -2.7578e+00 -1.3196e-02 +1.3506e+00 -1.9846e+00 +2.1531e+00
184 +1.049590739e+03 +1.049590739e+03 +5.030907386e+02 +5.030907386e+02 +2.7751e+00 +1.5022e+00 +6.3546e-01 -2.2713e+00 -1.3760e+00 -8.8305e-01 +1.9354e-01 +3.0418e+00 -1.7018e+00 +1.2432e+00
301 +7.317452335e+02 +7.317452335e+02 +1.852452335e+02 +1.852452335e+02 +2.9970e+00 +1.4449e+00 +6.6241e-01 -2.4488e+00 -1.3490e+00 -8.3861e-01 +5.7385e-02 +2.8261e+00 -1.7733e+00 +1.4060e+00
362 +2.192923778e+02 +2.192923778e+02 -3.272076222e+02 -3.272076222e+02 +3.1609e+00 +2.4602e+00 +1.1579e+00 -1.6103e+00 -1.6482e-01 -1.3977e+00 +4.6585e-03 +1.3200e+00 -1.3953e+00 +1.4104e+00
438 +1.016281242e+02 +1.016281242e+02 -4.448718758e+02 -4.448718758e+02 +2.9291e+00 +2.4196e+00 +1.1988e+00 -1.5652e+00 -3.0727e-01 -1.4266e+00 -2.0715e-02 +1.4604e+00 -1.2882e+00 +1.4899e+00
451 +3.975382709e+00 +3.975382709e+00 -5.425246173e+02 -5.425246173e+02 +1.2545e+00 +3.1888e+00 +3.0888e-01 -1.1457e+00 +2.0468e-01 -1.7135e+00 -7.5753e-01 +1.0086e+00 -1.9094e+00 +1.1722e+00
905 +2.490931846e+00 +2.490931846e+00 -5.440090682e+02 -5.440090682e+02 +1.4791e+00 +3.0736e+00 +3.9322e-01 -1.1399e+00 +1.2283e-01 -1.9641e+00 -8.6099e-01 +9.0985e-01 -1.6161e+00 +1.1258e+00
% function evaluation | noise-free fitness - Fopt (1.000000000000e+03) | best noise-free fitness - Fopt | measured fitness | best measured fitness | x1 | x2...
1 +1.940620237e+05 +1.940620237e+05 +1.950620237e+05 +1.950620237e+05 -3.4623e+00 +3.2936e+00 -4.0336e-01 -4.4088e+00 -4.3823e+00 +1.6182e+00 +4.1689e+00 -1.4860e+00 +4.9364e+00 -1.8227e+00
2 +1.540425697e+05 +1.540425697e+05 +1.550425697e+05 +1.550425697e+05 +4.7892e+00 +4.1061e+00 +3.4174e+00 +4.1621e+00 -5.0129e-01 +3.1045e+00 +4.7639e+00 +4.8858e+00 -1.6965e+00 +4.0785e+00
3 +6.552166682e+04 +6.552166682e+04 +6.652166682e+04 +6.652166682e+04 +2.7392e+00 -5.2907e-02 -1.1334e+00 +4.8866e+00 +3.0118e+00 -2.9015e+00 +1.0840e+00 +3.6469e+00 +2.1456e-01 -1.5432e+00
5 +3.851806688e+04 +3.851806688e+04 +3.951806688e+04 +3.951806688e+04 +3.7606e-01 +2.5921e+00 -4.7876e+00 +2.0373e+00 -8.5757e-01 +4.8038e+00 +3.8560e+00 +9.7533e-01 -3.1769e+00 -3.2279e+00
11 +1.370838923e+04 +1.370838923e+04 +1.470838923e+04 +1.470838923e+04 +3.2506e+00 +3.3746e+00 -2.7553e+00 +6.5804e-01 +1.9582e+00 +4.6870e+00 +1.6501e+00 -1.7845e-01 -2.6770e+00 -2.1942e+00
149 +9.056909746e+03 +9.056909746e+03 +1.005690975e+04 +1.005690975e+04 +1.4878e+00 +2.6621e+00 -2.5539e+00 -9.4194e-02 +1.5373e+00 +5.0000e+00 +1.0669e+00 +6.9318e-02 -2.5279e+00 -8.2578e-01
169 +5.684436907e+03 +5.684436907e+03 +6.684436907e+03 +6.684436907e+03 +2.0955e+00 +1.5226e+00 -1.7636e+00 -4.5582e-01 +1.8687e+00 +2.6533e+00 +7.4769e-01 +2.1156e-02 -2.3096e+00 -4.3446e-01
271 +2.403067062e+03 +2.403067062e+03 +3.403067062e+03 +3.403067062e+03 +1.0115e+00 +1.5725e+00 -3.1640e+00 +6.3369e-01 +2.8250e-01 +3.9134e+00 -2.1086e-01 +1.1302e+00 -2.9210e+00 -3.8472e-01
406 +8.204369238e+01 +8.204369238e+01 +1.082043692e+03 +1.082043692e+03 +7.4269e-01 +2.3927e-01 -3.2180e+00 -1.1302e+00 -8.7648e-03 +1.4439e+00 -6.6628e-01 +9.1560e-01 -9.4835e-01 -1.9161e+00
471 +6.143404549e+01 +6.143404549e+01 +1.061434045e+03 +1.061434045e+03 +6.2065e-01 +2.6680e-01 -3.1616e+00 -1.2858e+00 -5.8976e-02 +1.6024e+00 -8.3076e-01 +9.5218e-01 -9.0535e-01 -1.9423e+00
575 +6.569042545e+00 +6.569042545e+00 +1.006569043e+03 +1.006569043e+03 +9.1235e-01 +4.6994e-02 -2.9392e+00 -1.2202e+00 +1.4046e-01 +1.7693e+00 -5.9343e-01 +8.6041e-01 -7.3654e-01 -1.9087e+00
622 +5.131980103e+00 +5.131980103e+00 +1.005131980e+03 +1.005131980e+03 +9.1911e-01 +3.5267e-02 -2.9389e+00 -1.2266e+00 +1.3325e-01 +1.7689e+00 -5.9493e-01 +8.7620e-01 -7.4436e-01 -1.9061e+00
671 +3.900089773e+00 +3.900089773e+00 +1.003900090e+03 +1.003900090e+03 +7.9556e-01 -7.4919e-02 -2.9396e+00 -1.1160e+00 +1.5326e-01 +1.2993e+00 -6.1316e-01 +1.0282e+00 -9.7472e-01 -2.0024e+00
1182 +2.477037310e+00 +2.477037310e+00 +1.002477037e+03 +1.002477037e+03 +8.7293e-01 -3.9634e-01 -2.8434e+00 -1.1629e+00 -1.8683e-02 +1.3799e+00 -5.7384e-01 +1.0189e+00 -1.0928e+00 -2.0002e+00
% function evaluation | noise-free fitness - Fopt (2.083800000000e+02) | best noise-free fitness - Fopt | measured fitness | best measured fitness | x1 | x2...
1 +2.703612719e+05 +2.703612719e+05 +2.705696519e+05 +2.705696519e+05 -4.3481e+00 -3.4650e+00 -2.5901e+00 -2.1211e-01 +4.4580e+00 -9.2509e-01 +3.4879e+00 +8.0222e-02 +3.5721e+00 -4.9618e+00
2 +1.198923012e+05 +1.198923012e+05 +1.201006812e+05 +1.201006812e+05 +4.1410e+00 -1.2338e+00 +2.6524e+00 +3.1720e+00 -1.8833e+00 +7.3951e-01 +1.7992e+00 +2.4635e+00 +1.6763e+00 -3.4997e+00
4 +7.494836165e+04 +7.494836165e+04 +7.515674165e+04 +7.515674165e+04 -2.6608e+00 -1.3911e+00 +2.6607e+00 -2.5387e+00 -3.2042e+00 -2.8707e+00 -2.7978e+00 +3.9962e-01 -1.7814e+00 +3.3047e+00
5 +1.626589889e+04 +1.626589889e+04 +1.647427889e+04 +1.647427889e+04 +4.0278e+00 -4.0568e+00 +2.5567e+00 -2.6848e+00 +2.6583e+00 -1.9195e-01 +3.3017e+00 -1.4990e+00 -7.2521e-01 +2.0168e+00
8 +1.097043999e+04 +1.097043999e+04 +1.117881999e+04 +1.117881999e+04 -3.8256e+00 +1.6810e+00 -3.1750e-01 +2.7532e+00 +1.2509e+00 +6.1441e-01 +1.8252e+00 -1.2350e+00 -4.2795e+00 +1.9189e+00
109 +9.918507819e+03 +9.918507819e+03 +1.012688782e+04 +1.012688782e+04 +3.0781e+00 +1.1293e+00 +1.0141e-01 +4.1323e+00 +3.5114e+00 -2.8625e-01 +4.3511e+00 +2.2494e+00 -8.7337e-01 +5.7107e-01
185 +3.102011216e+03 +3.102011216e+03 +3.310391216e+03 +3.310391216e+03 -3.9724e+00 +3.2179e+00 -1.1183e-01 +2.7153e+00 +2.0741e+00 +4.6181e-01 +1.0116e+00 -1.9433e-01 -2.3784e+00 +2.4354e+00
259 +1.933569678e+03 +1.933569678e+03 +2.141949678e+03 +2.141949678e+03 -3.7280e+00 +3.3660e+00 +1.4524e+00 +2.4183e+00 +2.0950e+00 -2.0929e-02 +2.1586e+00 +5.2781e-01 -8.0612e-01 +2.8803e+00
307 +9.610035092e+02 +9.610035092e+02 +1.169383509e+03 +1.169383509e+03 -3.7322e+00 +2.1123e+00 -1.0428e-01 -3.8142e-01 +2.7858e+00 +3.4186e-01 +9.7401e-01 +1.2618e-01 -2.5432e+00 +9.3852e-01
363 +5.388165509e+02 +5.388165509e+02 +7.471965509e+02 +7.471965509e+02 -2.8543e+00 +5.0313e-01 +7.9314e-02 +3.8550e-01 +3.2011e+00 +1.4824e+00 +1.3562e+00 +2.2822e+00 -2.5026e+00 +9.5420e-01
438 +3.783080064e+02 +3.783080064e+02 +5.866880064e+02 +5.866880064e+02 -2.9102e+00 +5.3188e-01 +3.5436e-01 +5.0888e-01 +3.0432e+00 +1.5543e+00 +1.2217e+00 +2.2686e+00 -2.4628e+00 +9.3403e-01
465 +1.925549847e+02 +1.925549847e+02 +4.009349847e+02 +4.009349847e+02 -2.9812e+00 +7.3745e-01 +3.1356e-01 +4.0287e-01 +3.0277e+00 +1.4927e+00 +1.3375e+00 +2.2667e+00 -2.2847e+00 +8.3571e-01
511 +1.233707293e+02 +1.233707293e+02 +3.317507293e+02 +3.317507293e+02 -2.1862e+00 +1.4739e+00 +1.2631e+00 -3.0339e-01 +2.9141e+00 +1.4469e+00 +1.2311e+00 +1.8070e+00 -1.7293e+00 +5.6952e-01
551 +3.178954594e+00 +3.178954594e+00 +2.115589546e+02 +2.115589546e+02 -2.0116e+00 -1.8024e-01 +1.2619e+00 +2.1725e-01 +2.8215e+00 +1.9746e+00 +9.2603e-01 +8.8315e-01 -1.2098e+00 +1.1695e+00
1068 +2.507775208e+00 +2.507775208e+00 +2.108877752e+02 +2.108877752e+02 -1.7484e+00 -2.0733e-01 +1.3766e+00 -3.0679e-03 +2.5281e+00 +1.9569e+00 +7.9520e-01 +9.5596e-01 -1.1035e+00 +1.2182e+00
2484 +1.563354066e+00 +1.563354066e+00 +2.099433541e+02 +2.099433541e+02 -2.0290e+00 -2.7092e-01 +1.3158e+00 -8.4802e-02 +2.6962e+00 +1.9351e+00 +8.9192e-01 +9.3145e-01 -1.1071e+00 +1.2232e+00
% function evaluation | noise-free fitness - Fopt (-1.449600000000e+02) | best noise-free fitness - Fopt | measured fitness | best measured fitness | x1 | x2...
1 +1.473727437e+05 +1.473727437e+05 +1.472277837e+05 +1.472277837e+05 -3.4244e+00 -1.2524e+00 -4.7396e+00 +1.5500e+00 +3.9097e+00 -4.4137e+00 -3.1976e+00 +4.5684e+00 +2.0162e+00 -1.9688e+00
2 +7.281288655e+04 +7.281288655e+04 +7.266792655e+04 +7.266792655e+04 -1.8792e+00 +2.8222e+00 -1.1341e+00 -1.6950e+00 +1.8041e+00 -7.6879e-01 -2.1180e+00 -4.8252e+00 -9.9042e-01 +3.2597e+00
4 +4.097126216e+04 +4.097126216e+04 +4.082630216e+04 +4.082630216e+04 -2.2937e+00 +4.1593e+00 -1.2916e+00 -4.3662e+00 -3.9882e-01 +1.6953e+00 -1.9859e+00 -2.7718e+00 -3.7084e+00 +3.6764e+00
15 +2.508038658e+04 +2.508038658e+04 +2.493542658e+04 +2.493542658e+04 -1.7569e+00 -3.2278e+00 -4.8518e+00 -2.5620e+00 +1.3826e+00 -3.0386e+00 -3.3679e+00 +2.3131e+00 -2.2526e+00 +1.4238e+00
27 +7.070007761e+03 +7.070007761e+03 +6.925047761e+03 +6.925047761e+03 -1.3747e-01 -1.8037e+00 +1.0259e+00 -3.5494e+00 +2.9324e+00 +2.5365e+00 +8.6616e-01 +3.8178e+00 -9.3208e-01 +6.6823e-01
53 +6.063486960e+03 +6.063486960e+03 +5.918526960e+03 +5.918526960e+03 +2.5914e+00 -2.3388e+00 -3.3976e+00 +1.6887e+00 +5.5299e-01 -1.0274e+00 -1.9506e+00 +1.3755e+00 -6.1142e-01 +3.6121e-01
323 +3.221538101e+02 +3.221538101e+02 +1.771938101e+02 +1.771938101e+02 +6.6539e-02 -2.2724e+00 +7.0903e-01 -3.1609e+00 +1.4047e+00 +2.4047e+00 +9.5370e-02 +2.9598e+00 -4.7748e-01 +2.1734e+00
453 +1.366933453e+02 +1.366933453e+02 -8.266654668e+00 -8.266654668e+00 +6.5929e-02 -2.2170e+00 +8.2928e-01 -2.9865e+00 +1.2046e+00 +2.3588e+00 +1.4710e-01 +2.8880e+00 -5.6457e-01 +2.2323e+00
512 +9.007527706e+01 +9.007527706e+01 -5.488472294e+01 -5.488472294e+01 +1.4425e-01 -2.1758e+00 +8.1312e-01 -3.1146e+00 +1.0541e+00 +2.3810e+00 +2.5553e-01 +2.9440e+00 -5.2395e-01 +2.2670e+00
603 +4.628862583e+01 +4.628862583e+01 -9.867137417e+01 -9.867137417e+01 +3.5645e-01 -2.1044e+00 +9.5159e-01 -3.1900e+00 +9.7607e-01 +2.2905e+00 +2.0019e-01 +2.9061e+00 -4.9933e-01 +2.2111e+00
688 +2.919093416e+01 +2.919093416e+01 -1.157690658e+02 -1.157690658e+02 +3.6400e-01 -2.2845e+00 +9.0729e-01 -2.9796e+00 +1.0227e+00 +2.3880e+00 +9.3729e-02 +2.8335e+00 -4.5802e-01 +2.0996e+00
753 +1.051146090e+01 +1.051146090e+01 -1.344485391e+02 -1.344485391e+02 +3.2405e-01 -2.1514e+00 +9.7430e-01 -2.8167e+00 +8.2933e-01 +2.3274e+00 -1.0092e-02 +2.8402e+00 -2.7722e-01 +2.1784e+00
766 +4.605513590e+00 +4.605513590e+00 -1.403544864e+02 -1.403544864e+02 +3.9152e-01 -2.4344e+00 +9.0150e-01 -3.1123e+00 +8.9284e-01 +2.4015e+00 -3.8457e-02 +2.7096e+00 -2.8435e-01 +2.0114e+00
832 +3.927411715e+00 +3.927411715e+00 -1.410325883e+02 -1.410325883e+02 +3.8182e-01 -2.4322e+00 +9.1234e-01 -3.1025e+00 +9.0605e-01 +2.3951e+00 -2.9427e-02 +2.7025e+00 -2.9543e-01 +1.9999e+00
1787 +2.505989847e+00 +2.505989847e+00 -1.424540102e+02 -1.424540102e+02 +2.1935e-01 -2.4510e+00 +7.5752e-01 -2.8286e+00 +7.6333e-01 +2.3378e+00 +9.6427e-02 +2.6791e+00 -6.3916e-01 +1.6474e+00
% function evaluation | noise-free fitness - Fopt (-6.300000000000e+00) | best noise-free fitness - Fopt | measured fitness | best measured fitness | x1 | x2...
1 +2.145145940e+05 +2.145145940e+05 +2.145082940e+05 +2.145082940e+05 +3.0358e+00 -1.1757e+00 -2.2853e+00 -2.4435e+00 -2.4580e+00 -2.1869e+00 +2.3981e-01 +2.0929e-01 -3.3349e+00 -4.1535e+00
3 +5.393657721e+04 +5.393657721e+04 +5.393027721e+04 +5.393027721e+04 +9.4448e-01 -4.7561e+00 +9.5880e-02 -2.0358e+00 +4.3035e+00 -1.1418e+00 -2.2329e+00 -3.7318e+00 +2.9720e+00 +3.5896e+00
4 +3.548041973e+04 +3.548041973e+04 +3.547411973e+04 +3.547411973e+04 +2.3876e+00 -8.4996e-01 -4.8244e+00 -8.1257e-01 -7.6763e-01 +1.1367e-01 +2.9577e+00 +9.3385e-01 -1.9060e+00 +3.4996e+00
10 +1.963737960e+04 +1.963737960e+04 +1.963107960e+04 +1.963107960e+04 +4.2116e-01 -5.6694e-01 -2.5551e-01 +4.0081e+00 -3.3595e+00 +1.2235e+00 +8.9419e-01 -3.3631e+00 +3.8733e+00 +2.5446e+00
15 +9.019152153e+03 +9.019152153e+03 +9.012852153e+03 +9.012852153e+03 +4.5095e+00 -2.4496e+00 +1.3376e+00 +2.2249e+00 +2.7695e+00 -1.9002e+00 +9.1862e-01 -9.0899e-01 +2.3083e+00 -1.7384e-01
106 +5.430767254e+03 +5.430767254e+03 +5.424467254e+03 +5.424467254e+03 +5.1080e-01 -2.6738e+00 +2.4253e+00 -1.3300e+00 +1.2972e+00 -7.9473e-01 -2.6995e-01 -1.6335e+00 +2.5565e+00 +8.4121e-01
194 +1.898503323e+03 +1.898503323e+03 +1.892203323e+03 +1.892203323e+03 +9.9225e-01 -1.9674e+00 +4.6066e-01 -1.7224e+00 -1.6153e+00 -1.8248e+00 -2.9556e-01 -2.1011e+00 +2.4760e+00 +1.2454e+00
209 +4.450231192e+02 +4.450231192e+02 +4.387231192e+02 +4.387231192e+02 +6.4688e-01 +5.9943e-03 +7.1411e-01 -4.9847e-01 -2.6677e-01 -8.5693e-01 -1.9350e-01 -2.6977e+00 +1.9678e+00 +1.8935e+00
271 +3.945552735e+02 +3.945552735e+02 +3.882552735e+02 +3.882552735e+02 +5.5287e-01 +1.1269e-01 +7.4324e-01 -3.3049e-01 -2.2090e-01 -9.1858e-01 -1.9354e-01 -2.8197e+00 +1.9825e+00 +1.9624e+00
311 +2.428289033e+02 +2.428289033e+02 +2.365289033e+02 +2.365289033e+02 +6.6838e-01 -2.2128e-01 +5.7659e-01 -7.0270e-01 -3.6003e-01 -8.9798e-01 -3.0144e-03 -2.7661e+00 +1.7264e+00 +2.0261e+00
366 +1.306611643e+02 +1.306611643e+02 +1.243611643e+02 +1.243611643e+02 -2.3862e-01 -9.4979e-01 -9.4254e-01 -1.1249e+00 -2.4253e+00 -7.1213e-01 +1.9557e+00 -5.0096e-01 +8.8990e-01 +1.3417e+00
373 +5.102725039e+01 +5.102725039e+01 +4.472725039e+01 +4.472725039e+01 -1.0287e-01 -4.3394e-01 +4.6604e-01 +2.5545e-01 +1.5319e-02 -2.3487e+00 -2.5390e-01 -2.6855e+00 +1.1896e+00 +1.1958e+00
501 +4.292761477e+00 +4.292761477e+00 -2.007238523e+00 -2.007238523e+00 +9.1531e-02 -4.0584e-01 +5.1002e-01 +3.6184e-01 +9.1381e-02 -2.4886e+00 -1.3949e-01 -2.4541e+00 +1.2131e+00 +1.2118e+00
580 +3.610434797e+00 +3.610434797e+00 -2.689565203e+00 -2.689565203e+00 -9.2672e-02 -3.5399e-01 +5.1165e-01 +4.1948e-01 +2.0050e-01 -2.3911e+00 -9.2588e-02 -2.6210e+00 +1.2823e+00 +1.2116e+00
2333 +2.507334233e+00 +2.507334233e+00 -3.792665767e+00 -3.792665767e+00 -1.7725e-01 -2.9930e-01 +5.6463e-01 +3.1077e-01 +2.1319e-01 -2.6641e+00 -1.7629e-01 -2.6877e+00 +1.3197e+00 +1.1575e+00
% function evaluation | noise-free fitness - Fopt (-2.206000000000e+01) | best noise-free fitness - Fopt | measured fitness | best measured fitness | x1 | x2...
1 +1.206625918e+05 +1.206625918e+05 +1.206405318e+05 +1.206405318e+05 -4.2421e+00 -3.4560e+00 +3.1727e+00 +1.8439e-01 +2.6853e+00 -4.4492e+00 +5.2538e-01 -4.7352e+00 +1.7445e+00 -2.9379e+00
3 +4.222276570e+04 +4.222276570e+04 +4.220070570e+04 +4.220070570e+04 -9.9860e-01 -1.2122e+00 -9.5630e-01 -1.6067e+00 +2.6417e+00 +6.5429e-01 -2.6650e-01 -2.9564e+00 -4.6380e+00 -2.1938e+00
8 +2.196200581e+04 +2.196200581e+04 +2.193994581e+04 +2.193994581e+04 -1.3020e+00 +4.2888e+00 -1.6050e+00 -4.4816e+00 -1.2951e+00 -3.6012e+00 +4.8409e+00 +3.9602e-01 -3.6325e-01 +8.0083e-01
11 +1.297777220e+04 +1.297777220e+04 +1.295571220e+04 +1.295571220e+04 +2.0109e+00 -3.5864e+00 -2.2855e+00 -2.0343e+00 -3.1558e+00 -2.5142e+00 -7.4483e-01 -4.1164e+00 -1.8332e+00 +2.7079e+00
59 +1.180257854e+03 +1.180257854e+03 +1.158197854e+03 +1.158197854e+03 -1.6315e+00 +1.9357e+00 +1.5396e+00 -4.2468e+00 -1.6193e-01 -2.7776e+00 -4.9727e-01 -7.7499e-01 -5.3866e-01 +2.2170e+00
206 +6.607425989e+02 +6.607425989e+02 +6.386825989e+02 +6.386825989e+02 -1.6935e+00 +2.0365e+00 +1.7405e+00 -4.0772e+00 -2.3986e-01 -2.9019e+00 -4.0296e-01 -7.6706e-01 -6.5105e-01 +2.1458e+00
366 +6.287112141e+02 +6.287112141e+02 +6.066512141e+02 +6.066512141e+02 -1.5833e+00 +2.0023e+00 +1.5166e+00 -3.9260e+00 -2.4255e-01 -2.8978e+00 -4.9340e-01 -7.9266e-01 -5.8276e-01 +2.0439e+00
501 +2.717629799e+02 +2.717629799e+02 +2.497029799e+02 +2.497029799e+02 -1.6520e+00 +1.8480e+00 +1.7483e+00 -3.8000e+00 -1.9344e-01 -2.8586e+00 -1.2452e-01 -1.0506e+00 -8.4995e-01 +2.3140e+00
596 +2.455545404e+02 +2.455545404e+02 +2.234945404e+02 +2.234945404e+02 -1.4192e+00 +1.8121e+00 +1.4992e+00 -3.7514e+00 -1.2033e-01 -3.0056e+00 -3.1676e-01 -9.9930e-01 -6.8585e-01 +2.5314e+00
740 +1.192794366e+02 +1.192794366e+02 +9.721943660e+01 +9.721943660e+01 -1.4777e+00 +1.9103e+00 +1.7317e+00 -3.5671e+00 -3.3510e-01 -2.9046e+00 -1.6821e-01 -1.1097e+00 -7.2928e-01 +2.1911e+00
783 +8.324859269e+01 +8.324859269e+01 +6.118859269e+01 +6.118859269e+01 -1.5085e+00 +1.9123e+00 +1.6953e+00 -3.3050e+00 -4.2174e-01 -2.8869e+00 -3.2501e-01 -9.9510e-01 -6.7063e-01 +2.3746e+00
828 +6.122794338e+01 +6.122794338e+01 +3.916794338e+01 +3.916794338e+01 -1.4312e+00 +1.8986e+00 +1.6410e+00 -3.4588e+00 -4.5943e-01 -2.9940e+00 -2.0509e-01 -1.1561e+00 -7.6010e-01 +2.2002e+00
857 +3.953335522e+01 +3.953335522e+01 +1.747335522e+01 +1.747335522e+01 -1.4283e+00 +1.9262e+00 +1.6509e+00 -3.2117e+00 -3.6365e-01 -2.8647e+00 -1.8154e-01 -8.7845e-01 -8.0007e-01 +2.4089e+00
907 +1.113032709e+01 +1.113032709e+01 -1.092967291e+01 -1.092967291e+01 -1.4941e+00 +1.8906e+00 +1.5084e+00 -3.2886e+00 -4.1439e-01 -2.9543e+00 -1.4123e-01 -1.0568e+00 -6.9747e-01 +2.4291e+00
976 +7.748624580e+00 +7.748624580e+00 -1.431137542e+01 -1.431137542e+01 -1.4880e+00 +1.8982e+00 +1.4854e+00 -3.2680e+00 -3.9755e-01 -2.9535e+00 -1.2009e-01 -1.0797e+00 -6.9834e-01 +2.4138e+00
1202 +6.136918583e+00 +6.136918583e+00 -1.592308142e+01 -1.592308142e+01 -1.4996e+00 +1.8832e+00 +1.4705e+00 -3.2840e+00 -4.2097e-01 -2.9019e+00 -1.6413e-01 -1.0861e+00 -7.1145e-01 +2.4510e+00
1468 +3.546366190e+00 +3.546366190e+00 -1.851363381e+01 -1.851363381e+01 -1.5213e+00 +1.9051e+00 +1.4105e+00 -3.2567e+00 -4.2533e-01 -2.9423e+00 -1.7342e-01 -1.0670e+00 -7.0798e-01 +2.4024e+00
2923 +2.489616048e+00 +2.489616048e+00 -1.957038395e+01 -1.957038395e+01 -1.4943e+00 +1.9842e+00 +1.3599e+00 -2.9603e+00 -4.4411e-01 -2.7852e+00 -1.7918e-01 -1.0758e+00 -7.1745e-01 +2.4890e+00
3848 +1.577209888e+00 +1.577209888e+00 -2.048279011e+01 -2.048279011e+01 -1.5192e+00 +2.0987e+00 +1.4540e+00 -3.0116e+00 -2.9803e-01 -2.7050e+00 -1.8991e-01 -1.1634e+00 -6.8141e-01 +2.4088e+00
% function evaluation | noise-free fitness - Fopt (7.129000000000e+01) | best noise-free fitness - Fopt | measured fitness | best measured fitness | x1 | x2...
1 +7.377852807e+04 +7.377852807e+04 +7.384981807e+04 +7.384981807e+04 +1.4985e+00 -1.4754e+00 -4.6077e-01 -2.2926e+00 +3.1082e+00 +1.4662e+00 -4.7926e+00 +3.0975e+00 -2.7955e+00 +4.6200e+00
2 +3.768009891e+04 +3.768009891e+04 +3.775138891e+04 +3.775138891e+04 +2.5900e+00 -2.1791e+00 +8.5429e-01 +2.0190e+00 -3.8302e+00 -3.3793e+00 +1.2036e+00 -4.4790e+00 +1.3385e+00 -7.6316e-01
11 +1.929434564e+04 +1.929434564e+04 +1.936563564e+04 +1.936563564e+04 -2.3019e+00 -2.1463e+00 -3.5985e-02 +4.8448e-01 +3.6677e+00 -4.6057e+00 -2.4710e+00 -1.9838e+00 -8.4446e-02 +3.6766e+00
19 +4.939329997e+03 +4.939329997e+03 +5.010619997e+03 +5.010619997e+03 +3.4232e+00 +4.2585e+00 +1.8242e+00 +2.6832e+00 +7.6229e-01 +9.4032e-01 -1.1723e+00 -1.3367e+00 -1.6274e-01 +5.8977e-01
20 +3.335816628e+03 +3.335816628e+03 +3.407106628e+03 +3.407106628e+03 +2.6943e+00 +3.5893e+00 -1.2700e+00 +4.4764e+00 -2.5540e+00 -2.8208e+00 -2.6727e+00 -1.2835e+00 -2.6212e+00 +6.5292e-01
197 +1.158632068e+03 +1.158632068e+03 +1.229922068e+03 +1.229922068e+03 +2.8735e+00 +3.6190e+00 -1.9067e+00 +4.4082e+00 -2.1251e+00 -2.4328e+00 -1.6684e+00 -8.3808e-01 -7.5201e-01 +9.2898e-01
210 +9.310854670e+02 +9.310854670e+02 +1.002375467e+03 +1.002375467e+03 +2.7590e+00 +3.5611e+00 -1.9239e+00 +4.3190e+00 -2.0456e+00 -2.3994e+00 -1.6777e+00 -8.0889e-01 -6.4346e-01 +9.8553e-01
391 +5.751772993e+02 +5.751772993e+02 +6.464672993e+02 +6.464672993e+02 +3.0682e+00 +2.6647e+00 -1.5629e+00 +3.3117e+00 -2.4951e+00 -2.5991e+00 -2.1596e+00 -1.3227e+00 -1.0915e+00 +1.1309e+00
508 +3.202612376e+02 +3.202612376e+02 +3.915512376e+02 +3.915512376e+02 +2.6365e+00 +3.8158e+00 -1.7113e+00 +3.6072e+00 +7.8621e-01 -2.4634e-01 -2.9065e+00 -2.2789e+00 -2.3133e+00 +2.0431e+00
651 +2.448591931e+02 +2.448591931e+02 +3.161491931e+02 +3.161491931e+02 +3.0518e+00 +3.9428e+00 -1.9958e+00 +3.6344e+00 +4.6534e-01 -1.8918e-01 -2.8778e+00 -1.8671e+00 -2.2675e+00 +1.3174e+00
728 +1.293252545e+02 +1.293252545e+02 +2.006152545e+02 +2.006152545e+02 +2.8901e+00 +3.8750e+00 -2.0164e+00 +3.5660e+00 +2.8753e-01 -2.3975e-01 -2.8458e+00 -1.8819e+00 -2.3137e+00 +1.2407e+00
821 +9.386292729e+01 +9.386292729e+01 +1.651529273e+02 +1.651529273e+02 +2.8904e+00 +3.8807e+00 -1.8447e+00 +3.4759e+00 +2.2453e-01 -3.1809e-01 -2.7424e+00 -1.8444e+00 -2.2844e+00 +1.2751e+00
904 +5.003528395e+01 +5.003528395e+01 +1.213252840e+02 +1.213252840e+02 +2.7894e+00 +3.7461e+00 -1.9735e+00 +3.3648e+00 +3.0038e-01 -2.6223e-01 -2.7690e+00 -1.9088e+00 -2.3236e+00 +1.1005e+00
989 +3.949619075e+01 +3.949619075e+01 +1.107861908e+02 +1.107861908e+02 +2.6784e+00 +3.8577e+00 -1.8898e+00 +3.3015e+00 +1.1984e-01 -2.3071e-01 -2.6602e+00 -1.7983e+00 -2.3198e+00 +1.1196e+00
1147 +2.440195795e+01 +2.440195795e+01 +9.569195795e+01 +9.569195795e+01 +2.6819e+00 +3.7652e+00 -1.7906e+00 +3.3039e+00 +8.4160e-02 -2.4089e-01 -2.7598e+00 -1.8185e+00 -2.2491e+00 +1.1783e+00
1290 +1.199359262e+01 +1.199359262e+01 +8.328359262e+01 +8.328359262e+01 +2.6461e+00 +3.5281e+00 -1.8410e+00 +3.3728e+00 +5.9972e-02 -2.4225e-01 -2.6400e+00 -1.9042e+00 -2.1370e+00 +1.1148e+00
1368 +5.247266836e+00 +5.247266836e+00 +7.653726684e+01 +7.653726684e+01 +2.4816e+00 +3.5966e+00 -1.8520e+00 +3.3251e+00 +2.2358e-01 -2.1850e-01 -2.6321e+00 -1.9377e+00 -2.0530e+00 +8.9284e-01
1434 +3.449387291e+00 +3.449387291e+00 +7.473938729e+01 +7.473938729e+01 +2.4953e+00 +3.4885e+00 -1.7094e+00 +3.2289e+00 +8.6217e-02 -3.0526e-01 -2.5574e+00 -2.0541e+00 -2.1912e+00 +1.1160e+00
1868 +2.455776581e+00 +2.455776581e+00 +7.374577658e+01 +7.374577658e+01 +2.5026e+00 +3.2596e+00 -1.7530e+00 +3.2512e+00 -6.5014e-02 -2.6157e-01 -2.5471e+00 -2.0137e+00 -2.0574e+00 +1.0695e+00
2421 +1.543713771e+00 +1.543713771e+00 +7.283371377e+01 +7.283371377e+01 +2.4398e+00 +3.2427e+00 -1.7284e+00 +3.1586e+00 -1.2337e-01 -1.7808e-01 -2.5781e+00 -1.9648e+00 -2.1315e+00 +9.6210e-01
% function evaluation | noise-free fitness - Fopt (-1.054000000000e+01) | best noise-free fitness - Fopt | measured fitness | best measured fitness | x1 | x2...
1 +1.420205543e+05 +1.420205543e+05 +1.420100143e+05 +1.420100143e+05 -4.2574e+00 +1.9404e+00 +2.6849e+00 +4.0020e+00 +3.0996e+00 +4.8991e+00 +1.8542e+00 -2.3760e-01 -3.0076e+00 -1.5711e+00
2 +3.988201751e+04 +3.988201751e+04 +3.987147751e+04 +3.987147751e+04 +4.2327e+00 -9.1668e-01 +4.9131e-01 -2.2558e-01 +5.6449e-01 -4.2378e+00 -1.9177e+00 -1.3619e+00 +1.4319e+00 +3.8429e+00
4 +3.326761254e+04 +3.326761254e+04 +3.325707254e+04 +3.325707254e+04 -3.2001e+00 +2.6399e+00 +7.4212e-01 -3.9542e+00 -1.0935e+00 +1.1276e+00 -5.1933e-01 -3.4326e+00 -2.9284e+00 +2.9273e+00
16 +1.904261290e+04 +1.904261290e+04 +1.903207290e+04 +1.903207290e+04 +1.7856e+00 -2.9304e+00 +5.1475e-01 +4.4005e+00 -1.3801e+00 +2.8582e+00 -3.0057e+00 -1.1873e+00 +3.4432e-01 +3.5283e+00
38 +8.428112203e+03 +8.428112203e+03 +8.417572203e+03 +8.417572203e+03 -3.1274e+00 -3.0731e+00 +2.4939e+00 -1.2464e+00 -3.1226e+00 -1.5521e+00 -1.0779e+00 -2.1774e+00 +8.4589e-01 -2.7463e-01
40 +5.723442827e+03 +5.723442827e+03 +5.712902827e+03 +5.712902827e+03 +2.8277e+00 +3.3909e+00 -9.1751e-01 -3.0696e+00 -1.6302e+00 -1.8539e+00 -3.5383e+00 -2.4371e+00 +2.2181e+00 +1.8792e+00
160 +3.135124052e+03 +3.135124052e+03 +3.124584052e+03 +3.124584052e+03 +3.0034e+00 +3.6050e+00 -2.9009e+00 -3.2988e+00 -1.7943e+00 +3.8356e-01 -3.3979e+00 -2.0402e+00 +6.5576e-01 +2.1087e+00
314 +2.184595213e+03 +2.184595213e+03 +2.174055213e+03 +2.174055213e+03 +3.0643e+00 +2.3688e+00 -1.9913e+00 -2.1514e+00 -4.5214e-01 -1.0976e+00 -3.1713e+00 -1.9996e+00 +1.3157e+00 +1.4178e+00
372 +1.262216117e+03 +1.262216117e+03 +1.251676117e+03 +1.251676117e+03 +3.1404e+00 +5.2738e-01 -1.5824e+00 -2.6239e+00 -2.0353e+00 -9.6854e-01 -3.3738e+00 -1.9899e+00 +2.4443e+00 +2.3522e+00
532 +8.313490850e+02 +8.313490850e+02 +8.208090850e+02 +8.208090850e+02 +2.2753e+00 +1.5457e+00 -9.4495e-01 -3.5213e+00 -1.8367e+00 -6.2509e-01 -2.9462e+00 -1.7304e+00 +1.1336e+00 +1.2620e+00
583 +4.440882109e+02 +4.440882109e+02 +4.335482109e+02 +4.335482109e+02 +3.5082e+00 +1.7686e+00 -2.0023e-01 -2.2656e+00 -6.2081e-01 -8.9464e-02 -2.4322e+00 -1.1734e+00 +2.0342e+00 +2.2891e+00
714 +3.891427082e+02 +3.891427082e+02 +3.786027082e+02 +3.786027082e+02 +2.6986e+00 +7.1340e-01 -1.3516e+00 -2.6307e+00 -2.4074e+00 -8.2933e-01 -3.1610e+00 -1.7267e+00 +2.4180e+00 +1.9894e+00
760 +6.640091646e+01 +6.640091646e+01 +5.586091646e+01 +5.586091646e+01 +2.0981e+00 +1.8784e+00 +7.7339e-01 -2.8799e+00 +2.9783e-01 +4.6935e-01 -1.9955e+00 -8.1629e-01 +2.3116e+00 +1.1873e+00
852 +5.970619454e+01 +5.970619454e+01 +4.916619454e+01 +4.916619454e+01 +2.0125e+00 +1.8626e+00 +7.5473e-01 -2.5696e+00 +1.0918e-01 +3.8530e-01 -1.9766e+00 -1.0225e+00 +2.5407e+00 +1.1574e+00
884 +3.968883213e+01 +3.968883213e+01 +2.914883213e+01 +2.914883213e+01 +2.1241e+00 +1.8426e+00 +7.0779e-01 -2.8604e+00 +3.5897e-01 +6.4476e-01 -1.9127e+00 -9.0419e-01 +2.1368e+00 +1.1784e+00
902 +2.511543689e+01 +2.511543689e+01 +1.457543689e+01 +1.457543689e+01 +2.1614e+00 +1.8091e+00 +6.6215e-01 -2.8388e+00 +4.1810e-01 +4.8801e-01 -2.0943e+00 -6.4011e-01 +2.2609e+00 +1.1474e+00
907 +3.662418106e+00 +3.662418106e+00 -6.877581894e+00 -6.877581894e+00 +2.1506e+00 +1.8758e+00 +4.7359e-01 -2.8584e+00 +3.8292e-01 +6.4746e-01 -1.8920e+00 -8.9641e-01 +2.2081e+00 +1.2224e+00
1329 +2.507941247e+00 +2.507941247e+00 -8.032058753e+00 -8.032058753e+00 +2.0716e+00 +1.8615e+00 +4.6188e-01 -2.9116e+00 +3.1364e-01 +8.8234e-01 -1.8303e+00 -7.1425e-01 +2.1024e+00 +1.1895e+00
4035 +1.584572686e+00 +1.584572686e+00 -8.955427314e+00 -8.955427314e+00 +2.0993e+00 +1.9465e+00 +4.4471e-01 -2.7726e+00 +2.3620e-01 +7.8876e-01 -1.9334e+00 -6.7081e-01 +2.0820e+00 +1.2512e+00
% function evaluation | noise-free fitness - Fopt (3.860100000000e+02) | best noise-free fitness - Fopt | measured fitness | best measured fitness | x1 | x2...
1 +8.554683978e+04 +8.554683978e+04 +8.593284978e+04 +8.593284978e+04 -2.5890e+00 +1.5508e+00 -4.3199e+00 -1.1133e-01 -1.1011e+00 +2.8495e+00 +9.8701e-01 +8.9791e-01 +1.0330e+00 +3.6510e+00
4 +6.126619781e+04 +6.126619781e+04 +6.165220781e+04 +6.165220781e+04 +4.2635e+00 -2.5844e+00 +4.8727e+00 -4.5722e+00 +3.3161e+00 -3.3883e+00 +2.3935e+00 -7.1808e-01 +3.7047e+00 -3.6979e+00
16 +3.187766872e+04 +3.187766872e+04 +3.226367872e+04 +3.226367872e+04 +2.6674e-01 +1.1570e+00 +2.7241e+00 +1.0723e+00 -1.1478e+00 -1.7481e+00 +1.2716e+00 +4.2895e-01 -1.7454e+00 -1.7413e+00
66 +2.007767464e+04 +2.007767464e+04 +2.046368464e+04 +2.046368464e+04 +3.3842e-01 +1.9517e+00 +2.1855e-01 -2.5537e+00 -1.2432e-01 +4.2688e+00 -2.5176e+00 +3.1507e+00 -3.2042e-01 -1.2725e-01
67 +5.505055927e+03 +5.505055927e+03 +5.891065927e+03 +5.891065927e+03 -2.4314e+00 +1.3201e+00 -4.6196e+00 -1.0820e+00 +3.8390e+00 -9.3985e-02 +4.1762e+00 -6.3372e-01 +1.1596e+00 -1.5610e+00
76 +3.348431053e+03 +3.348431053e+03 +3.734441053e+03 +3.734441053e+03 -1.5868e+00 -3.7717e+00 +1.6247e-01 -8.6259e-01 -2.1668e-01 +3.8658e+00 -1.4204e+00 +2.1360e+00 +1.3502e+00 -8.3384e-01
219 +6.240657866e+02 +6.240657866e+02 +1.010075787e+03 +1.010075787e+03 -2.6384e+00 -3.2293e+00 -1.1856e+00 +6.4905e-01 +2.6946e-01 +1.4336e+00 -1.0820e-01 +1.1925e+00 +1.2715e+00 -5.0241e-01
258 +1.396719678e+02 +1.396719678e+02 +5.256819678e+02 +5.256819678e+02 -3.0211e+00 -3.0459e+00 +5.5602e-01 +1.6730e+00 +7.4779e-01 +1.1263e+00 +9.0925e-02 +2.0536e+00 +1.3204e+00 -1.3872e+00
421 +6.273390765e+01 +6.273390765e+01 +4.487439076e+02 +4.487439076e+02 -2.7278e+00 -2.9680e+00 -1.2977e+00 +8.9354e-01 +3.1928e-01 +1.5885e+00 +2.7508e-01 +1.3308e+00 +1.0190e+00 -8.2191e-01
473 +2.824699265e+01 +2.824699265e+01 +4.142569926e+02 +4.142569926e+02 -2.6206e+00 -3.0069e+00 -1.0695e+00 +8.7260e-01 +1.2129e-01 +1.6837e+00 -6.2160e-04 +1.1973e+00 +1.0580e+00 -8.5914e-01
474 +2.422244471e+01 +2.422244471e+01 +4.102324447e+02 +4.102324447e+02 -2.6401e+00 -2.9845e+00 -1.2379e+00 +9.1490e-01 +4.0113e-01 +1.5914e+00 +7.1579e-02 +1.2269e+00 +1.0207e+00 -8.6343e-01
559 +1.334701458e+01 +1.334701458e+01 +3.993570146e+02 +3.993570146e+02 -2.5008e+00 -2.8355e+00 -1.3716e+00 +1.0675e+00 +5.0439e-02 +1.8938e+00 +1.7329e-02 +1.0796e+00 +1.0677e+00 -8.5792e-01
607 +5.923824119e+00 +5.923824119e+00 +3.919338241e+02 +3.919338241e+02 -2.4930e+00 -2.8311e+00 -1.3722e+00 +1.0726e+00 +6.7966e-02 +1.9023e+00 +3.2705e-02 +1.0785e+00 +1.0805e+00 -8.7996e-01
687 +3.767142958e+00 +3.767142958e+00 +3.897771430e+02 +3.897771430e+02 -2.4112e+00 -3.1193e+00 -1.2323e+00 +1.0247e+00 +3.9039e-01 +1.7929e+00 +3.0243e-01 +1.0946e+00 +1.1271e+00 -1.1657e+00
1363 +2.454142113e+00 +2.454142113e+00 +3.884641421e+02 +3.884641421e+02 -2.4896e+00 -3.1447e+00 -1.1967e+00 +1.1230e+00 +2.3775e-01 +2.0196e+00 +6.1777e-01 +9.9564e-01 +1.0719e+00 -1.2146e+00
% function evaluation | noise-free fitness - Fopt (-1.257000000000e+01) | best noise-free fitness - Fopt | measured fitness | best measured fitness | x1 | x2...
1 +3.072367326e+05 +3.072367326e+05 +3.072241626e+05 +3.072241626e+05 -3.4902e-01 -2.1759e-01 -2.9032e+00 +2.3302e+00 +4.0926e+00 +9.9970e-01 -3.3273e+00 -4.5964e+00 -4.6681e+00 -2.9695e+00
2 +2.059107240e+05 +2.059107240e+05 +2.058981540e+05 +2.058981540e+05 -3.1214e-01 -3.1054e+00 -3.9241e+00 +1.8933e+00 -3.1269e+00 +1.7734e+00 -2.8298e+00 -3.7670e+00 -1.1206e+00 -4.1781e+00
3 +1.544228255e+05 +1.544228255e+05 +1.544102555e+05 +1.544102555e+05 -4.5576e+00 -1.1035e+00 +9.2357e-01 +4.4282e+00 -3.7559e+00 -3.7944e+00 +4.1629e+00 +4.7492e+00 -2.5050e+00 +3.8511e+00
7 +5.977441826e+04 +5.977441826e+04 +5.976184826e+04 +5.976184826e+04 -4.7226e+00 -4.0084e+00 +3.3974e+00 -2.5356e+00 -3.0482e+00 -3.9683e+00 -2.3107e+00 +7.6175e-01 +3.3166e+00 +1.8841e+00
8 +1.404330403e+04 +1.404330403e+04 +1.403073403e+04 +1.403073403e+04 -4.1353e+00 +2.8960e+00 -7.4273e-02 +3.4220e+00 +2.8131e-01 +3.7465e-01 +3.7267e-01 -1.7370e-02 +8.5452e-01 +3.3461e+00
137 +4.487916135e+03 +4.487916135e+03 +4.475346135e+03 +4.475346135e+03 -3.6938e+00 +2.9907e+00 +3.2866e-01 +2.2020e+00 +1.2002e+00 +3.1816e+00 +6.0918e-02 +2.6757e-01 +1.6033e+00 +2.3582e+00
240 +3.281579819e+03 +3.281579819e+03 +3.269009819e+03 +3.269009819e+03 -3.5216e+00 +3.2796e+00 +3.9795e-01 +1.9921e+00 +1.0696e+00 +3.0235e+00 -3.2134e-02 +3.3346e-01 +1.4859e+00 +2.2434e+00
262 +2.054928931e+03 +2.054928931e+03 +2.042358931e+03 +2.042358931e+03 -1.9936e+00 +2.4228e+00 +1.6395e+00 +7.1318e-01 +3.3023e-01 +3.8491e+00 -6.3462e-01 +1.4368e+00 +1.8244e+00 +2.0892e+00
332 +9.776685102e+02 +9.776685102e+02 +9.650985102e+02 +9.650985102e+02 -1.0792e+00 +2.3617e+00 +1.1145e+00 +7.8586e-01 +1.5879e+00 +3.0434e+00 -1.7041e+00 +1.2142e+00 +5.3177e-01 +2.7992e+00
381 +3.676107747e+02 +3.676107747e+02 +3.550407747e+02 +3.550407747e+02 -2.0228e+00 +3.8072e+00 +1.2117e+00 -6.8113e-01 +1.0802e-01 +3.2635e+00 -1.4137e+00 +1.0220e+00 +6.4654e-01 +2.3216e+00
520 +1.525716129e+02 +1.525716129e+02 +1.400016129e+02 +1.400016129e+02 -8.4307e-01 +3.3894e+00 +5.9028e-01 +5.3107e-01 +1.4826e+00 +2.6601e+00 -1.4988e+00 +2.3441e+00 +1.7818e+00 +2.4206e+00
611 +7.888595198e+01 +7.888595198e+01 +6.631595198e+01 +6.631595198e+01 -7.2899e-01 +2.9981e+00 +3.7601e-01 +2.6169e-01 +1.6004e+00 +2.6047e+00 -1.7136e+00 +2.1772e+00 +1.9874e+00 +2.3521e+00
637 +3.509529588e+00 +3.509529588e+00 -9.060470412e+00 -9.060470412e+00 -1.4771e+00 +2.9720e+00 -5.9634e-01 +2.4589e-02 +2.2746e+00 +2.2591e+00 -5.1076e-01 +1.0191e+00 +1.5716e+00 +2.0118e+00
801 +2.445381133e+00 +2.445381133e+00 -1.012461887e+01 -1.012461887e+01 -1.4596e+00 +3.1956e+00 -4.9968e-01 -3.2837e-04 +2.0109e+00 +2.1002e+00 -4.4609e-01 +1.0759e+00 +1.5809e+00 +2.0049e+00
% function evaluation | noise-free fitness - Fopt (-1.270400000000e+02) | best noise-free fitness - Fopt | measured fitness | best measured fitness | x1 | x2...
1 +2.203690699e+04 +2.203690699e+04 +2.190986699e+04 +2.190986699e+04 +3.6714e+00 +2.7669e+00 -5.9568e-01 -1.4544e-01 -1.9920e+00 -4.2628e+00 +2.2976e+00 +4.5362e+00 -6.4671e-02 +2.4920e+00
12 +1.521270691e+04 +1.521270691e+04 +1.508566691e+04 +1.508566691e+04 +1.5175e+00 -1.9471e-01 +4.0098e+00 -2.8680e+00 -4.5583e+00 -1.0913e+00 -2.0531e+00 +3.8188e+00 +1.5078e+00 +2.9894e+00
118 +5.000793871e+03 +5.000793871e+03 +4.873753871e+03 +4.873753871e+03 -3.1516e-01 +1.1217e-01 +3.3446e+00 -3.0625e+00 -4.2709e+00 -9.2146e-01 -7.3047e-01 +3.1410e+00 +1.8270e+00 +1.0661e+00
337 +1.136487586e+03 +1.136487586e+03 +1.009447586e+03 +1.009447586e+03 -5.2935e-01 -6.0241e-01 +3.7875e+00 +2.5974e+00 -1.5929e+00 +4.6960e-01 +2.5996e+00 +1.4605e+00 +1.7536e+00 +1.8505e+00
389 +8.799394881e+02 +8.799394881e+02 +7.528994881e+02 +7.528994881e+02 -6.7479e-01 -5.3429e-01 +3.8198e+00 +2.3230e+00 -1.5085e+00 +3.8636e-01 +2.5417e+00 +1.4316e+00 +1.9771e+00 +1.8380e+00
505 +5.893103274e+02 +5.893103274e+02 +4.622703274e+02 +4.622703274e+02 -4.6698e-01 -4.7852e-01 +3.5881e+00 +2.3221e+00 -1.4975e+00 +4.3921e-01 +2.6271e+00 +1.5279e+00 +1.8397e+00 +1.8866e+00
532 +3.530516192e+02 +3.530516192e+02 +2.260116192e+02 +2.260116192e+02 -1.4963e+00 +2.7561e-01 +2.8998e+00 +1.6071e+00 -1.6334e+00 +6.9719e-01 +2.4087e+00 +1.8524e-01 +2.7481e+00 +1.2404e+00
657 +1.925532537e+02 +1.925532537e+02 +6.551325374e+01 +6.551325374e+01 -1.5601e+00 +3.2546e-01 +3.0073e+00 +1.5858e+00 -1.5234e+00 +5.3979e-01 +2.6283e+00 +1.9182e-01 +2.7301e+00 +1.2984e+00
687 +1.406840326e+02 +1.406840326e+02 +1.364403256e+01 +1.364403256e+01 -1.3711e+00 +4.1728e-01 +2.9465e+00 +1.3610e+00 -1.7521e+00 +5.2307e-01 +2.4284e+00 +5.6168e-02 +2.7388e+00 +1.2566e+00
799 +8.226463836e+01 +8.226463836e+01 -4.477536164e+01 -4.477536164e+01 -1.6607e+00 +4.8582e-01 +3.0282e+00 +1.5116e+00 -1.7237e+00 +4.5957e-01 +2.5252e+00 +2.1160e-01 +2.7335e+00 +1.2679e+00
863 +4.471974759e+01 +4.471974759e+01 -8.232025241e+01 -8.232025241e+01 -1.5132e+00 +4.1613e-01 +3.0499e+00 +1.7549e+00 -1.8079e+00 +4.1677e-01 +2.5964e+00 +2.0286e-01 +2.7085e+00 +1.3380e+00
873 +1.741477161e+01 +1.741477161e+01 -1.096252284e+02 -1.096252284e+02 -1.6246e+00 +3.6171e-01 +3.0229e+00 +1.7361e+00 -1.6609e+00 +3.0892e-01 +2.3674e+00 +1.3987e-01 +2.5788e+00 +1.3163e+00
934 +1.286728939e+01 +1.286728939e+01 -1.141727106e+02 -1.141727106e+02 -1.6191e+00 +3.6968e-01 +3.0253e+00 +1.7334e+00 -1.6577e+00 +2.8642e-01 +2.3619e+00 +1.3442e-01 +2.5882e+00 +1.3189e+00
948 +4.919187516e+00 +4.919187516e+00 -1.221208125e+02 -1.221208125e+02 -1.6781e+00 +6.3466e-01 +2.8960e+00 +1.5304e+00 -1.8240e+00 +2.5927e-01 +2.4159e+00 +3.1732e-01 +2.6050e+00 +1.6989e+00
1064 +3.762496460e+00 +3.762496460e+00 -1.232775035e+02 -1.232775035e+02 -1.7708e+00 +2.4126e-01 +2.7349e+00 +1.2609e+00 -1.8767e+00 +4.1605e-02 +2.2153e+00 +2.2143e-01 +2.4824e+00 +1.7080e+00
1574 +2.432404575e+00 +2.432404575e+00 -1.246075954e+02 -1.246075954e+02 -2.0252e+00 +4.1478e-01 +2.6297e+00 +1.1921e+00 -2.1991e+00 -3.0594e-01 +2.5386e+00 +1.8886e-01 +2.6612e+00 +1.6088e+00
2517 +1.504533106e+00 +1.504533106e+00 -1.255354669e+02 -1.255354669e+02 -2.0579e+00 +3.7713e-01 +2.7012e+00 +1.2230e+00 -2.2788e+00 -2.8278e-01 +2.5042e+00 +1.2346e-01 +2.5963e+00 +1.6372e+00
% function evaluation | noise-free fitness - Fopt (-3.752000000000e+01) | best noise-free fitness - Fopt | measured fitness | best measured fitness | x1 | x2...
1 +1.047880542e+05 +1.047880542e+05 +1.047505342e+05 +1.047505342e+05 -3.2225e+00 -4.1986e+00 +3.1998e-01 +3.3126e+00 +2.5445e+00 -1.2572e+00 +4.6606e+00 +2.5917e+00 -3.6273e+00 +4.3704e+00
2 +6.799781776e+04 +6.799781776e+04 +6.796029776e+04 +6.796029776e+04 +3.5209e+00 -2.8637e+00 +1.9122e+00 -3.5488e+00 -4.3894e+00 -2.8688e+00 +5.6412e-01 -3.3892e+00 +1.4278e+00 +1.3017e+00
7 +6.302653983e+04 +6.302653983e+04 +6.298901983e+04 +6.298901983e+04 -2.2045e+00 -8.3884e-01 +2.9699e+00 -1.4689e+00 +1.2185e+00 -2.9910e+00 +3.3734e+00 +2.5733e+00 -2.9842e-01 -9.9521e-01
8 +3.955977349e+04 +3.955977349e+04 +3.952225349e+04 +3.952225349e+04 -1.1009e+00 -3.4952e+00 +2.3076e+00 +3.9148e-01 +2.4004e+00 -2.5547e+00 +2.3696e+00 -3.2573e-02 -2.0014e+00 +4.4104e+00
11 +6.554015260e+03 +6.554015260e+03 +6.516495260e+03 +6.516495260e+03 -3.9922e+00 +1.0109e+00 -2.7083e-01 +1.3844e+00 -1.6746e+00 -3.8311e-01 +2.6543e+00 -3.1364e+00 +1.7160e+00 +1.8264e+00
122 +5.635072086e+03 +5.635072086e+03 +5.597552086e+03 +5.597552086e+03 -4.0060e+00 +1.0089e+00 -2.9318e-01 +1.5398e+00 -1.5265e+00 -4.4430e-01 +2.7601e+00 -2.9893e+00 +1.7986e+00 +1.8068e+00
214 +1.122227865e+03 +1.122227865e+03 +1.084707865e+03 +1.084707865e+03 -3.4837e+00 +1.3090e+00 -1.8538e+00 +1.1622e+00 -2.9403e-01 +1.4165e+00 +2.9422e+00 -2.0758e+00 +1.3541e+00 +1.3565e+00
319 +9.777504416e+02 +9.777504416e+02 +9.402304416e+02 +9.402304416e+02 -3.3750e+00 +1.2437e+00 -1.8289e+00 +1.1076e+00 -4.8388e-01 +1.4144e+00 +2.9427e+00 -2.0452e+00 +1.4249e+00 +1.3644e+00
443 +5.288244079e+02 +5.288244079e+02 +4.913044079e+02 +4.913044079e+02 -3.1637e+00 +1.1069e+00 -3.3408e+00 +1.0929e+00 -6.2898e-01 +7.6763e-01 +2.9193e+00 -1.6326e+00 +1.2168e+00 +1.2803e+00
514 +3.957839726e+02 +3.957839726e+02 +3.582639726e+02 +3.582639726e+02 -3.0276e+00 +1.0575e+00 -3.2753e+00 +1.2517e+00 -5.0296e-01 +7.9172e-01 +2.9391e+00 -1.5898e+00 +1.1882e+00 +1.3382e+00
620 +2.429587877e+02 +2.429587877e+02 +2.054387877e+02 +2.054387877e+02 -3.1066e+00 +8.8982e-01 -3.3132e+00 +1.0314e+00 -5.6301e-01 +5.5370e-01 +2.7496e+00 -1.6459e+00 +1.1309e+00 +1.5143e+00
805 +9.655427348e+01 +9.655427348e+01 +5.903427348e+01 +5.903427348e+01 -2.5944e+00 +8.8146e-01 -3.4152e+00 +1.1663e+00 -6.0751e-01 +4.6823e-01 +2.6063e+00 -1.7644e+00 +1.1019e+00 +1.7802e+00
960 +5.911275524e+01 +5.911275524e+01 +2.159275524e+01 +2.159275524e+01 -2.5602e+00 +8.9508e-01 -3.1706e+00 +1.4631e+00 -4.3418e-01 +3.4504e-01 +2.8856e+00 -1.6793e+00 +1.0307e+00 +1.6542e+00
977 +2.375804448e+01 +2.375804448e+01 -1.376195552e+01 -1.376195552e+01 -2.5788e+00 +8.5096e-01 -3.2560e+00 +1.3127e+00 -5.3418e-01 +4.9350e-01 +2.6469e+00 -1.7267e+00 +1.2262e+00 +1.8344e+00
1175 +1.177366598e+01 +1.177366598e+01 -2.574633402e+01 -2.574633402e+01 -2.5448e+00 +8.0726e-01 -3.2373e+00 +1.3393e+00 -3.3853e-01 +4.2310e-01 +2.4965e+00 -1.9062e+00 +1.2905e+00 +1.9835e+00
1224 +8.703045409e+00 +8.703045409e+00 -2.881695459e+01 -2.881695459e+01 -2.6124e+00 +7.3302e-01 -3.0734e+00 +1.5461e+00 -4.8421e-01 +7.7182e-01 +2.5094e+00 -1.8081e+00 +9.8844e-01 +1.6880e+00
1242 +5.307272731e+00 +5.307272731e+00 -3.221272727e+01 -3.221272727e+01 -2.4781e+00 +7.5362e-01 -3.1650e+00 +1.1904e+00 -3.0468e-01 +3.6778e-01 +2.5179e+00 -1.8093e+00 +1.4253e+00 +1.8980e+00
1261 +3.859868386e+00 +3.859868386e+00 -3.366013161e+01 -3.366013161e+01 -2.5377e+00 +6.9167e-01 -3.0768e+00 +1.2019e+00 -3.4052e-01 +3.3093e-01 +2.5008e+00 -1.9435e+00 +1.2280e+00 +1.9368e+00
1782 +2.462053383e+00 +2.462053383e+00 -3.505794662e+01 -3.505794662e+01 -2.4623e+00 +8.1249e-01 -2.8871e+00 +1.7743e+00 -4.8484e-01 +9.0437e-01 +2.3820e+00 -1.5751e+00 +9.7579e-01 +1.9260e+00
4653 +1.584852550e+00 +1.584852550e+00 -3.593514745e+01 -3.593514745e+01 -2.4979e+00 +8.0108e-01 -2.9004e+00 +1.8675e+00 -5.9839e-01 +8.6210e-01 +2.4206e+00 -1.5823e+00 +9.3820e-01 +1.8334e+00
% function evaluation | noise-free fitness - Fopt (-3.311600000000e+02) | best noise-free fitness - Fopt | measured fitness | best measured fitness | x1 | x2...
1 +1.136442087e+05 +1.136442087e+05 +1.133130487e+05 +1.133130487e+05 +3.1829e+00 +2.6065e+00 +7.0167e-02 +3.3494e+00 -2.2244e+00 -4.4602e-01 +1.2736e+00 +2.7290e+00 +3.5006e-02 +2.7776e+00
2 +6.176133341e+04 +6.176133341e+04 +6.143017341e+04 +6.143017341e+04 -4.9589e+00 -2.2066e+00 -4.1072e+00 +1.1697e+00 +2.4417e-02 +1.5775e+00 -3.1049e+00 -2.2167e+00 -1.7651e+00 +2.8975e+00
14 +1.558164058e+04 +1.558164058e+04 +1.525048058e+04 +1.525048058e+04 +1.8961e+00 -1.1359e+00 +3.0218e+00 -1.3624e+00 +1.4243e+00 -4.1667e+00 -1.7966e+00 -1.8274e+00 -1.3330e+00 -3.7545e+00
21 +6.929571511e+03 +6.929571511e+03 +6.598411511e+03 +6.598411511e+03 +1.5844e+00 +3.1307e+00 +2.7661e+00 +4.2361e+00 +1.7881e-01 +4.7947e-01 -2.4929e+00 -2.2497e+00 -2.6187e+00 -5.9585e-01
53 +2.113039597e+03 +2.113039597e+03 +1.781879597e+03 +1.781879597e+03 -4.1924e+00 -2.9712e+00 +3.2441e-01 -7.9064e-01 -6.0113e-01 -2.4218e+00 -2.4624e+00 -3.6762e-01 -1.1642e+00 -2.7047e+00
217 +1.538629924e+03 +1.538629924e+03 +1.207469924e+03 +1.207469924e+03 -3.9849e+00 -2.9059e+00 +3.6317e-01 -9.7184e-01 -4.3160e-01 -2.5008e+00 -2.2741e+00 -5.8637e-01 -1.0527e+00 -2.5920e+00
332 +4.908381378e+02 +4.908381378e+02 +1.596781378e+02 +1.596781378e+02 -2.9342e+00 -2.7439e+00 -1.7724e-02 +5.1993e-01 +6.9857e-01 -3.1997e+00 -1.1625e+00 -1.7139e+00 -6.7692e-01 -2.0487e+00
401 +2.500423929e+02 +2.500423929e+02 -8.111760705e+01 -8.111760705e+01 -2.9237e+00 -2.7591e+00 +1.1808e-01 +8.1531e-01 +6.9424e-01 -3.0144e+00 -1.1320e+00 -1.8255e+00 -7.5536e-01 -2.0689e+00
472 +1.002902951e+01 +1.002902951e+01 -3.211309705e+02 -3.211309705e+02 -2.6339e+00 -2.4369e+00 -1.0869e+00 +6.6352e-01 +1.6726e-01 -2.6324e+00 -1.1304e+00 -1.3939e+00 -9.8399e-01 -1.4369e+00
519 +5.679280866e+00 +5.679280866e+00 -3.254807191e+02 -3.254807191e+02 -2.5737e+00 -2.3739e+00 -1.1818e+00 +6.7318e-01 +9.6560e-02 -2.7440e+00 -9.6937e-01 -1.4501e+00 -1.1792e+00 -1.2388e+00
565 +3.368327139e+00 +3.368327139e+00 -3.277916729e+02 -3.277916729e+02 -2.4984e+00 -2.4425e+00 -9.9105e-01 +6.0016e-01 +2.0734e-01 -2.6153e+00 -1.2208e+00 -1.2152e+00 -9.4273e-01 -1.3862e+00
916 +2.510917348e+00 +2.510917348e+00 -3.286490827e+02 -3.286490827e+02 -2.4984e+00 -2.3747e+00 -1.1414e+00 +8.1725e-01 +2.8272e-01 -2.5397e+00 -1.0750e+00 -1.6494e+00 -8.9545e-01 -1.5540e+00
% function evaluation | noise-free fitness - Fopt (4.481000000000e+01) | best noise-free fitness - Fopt | measured fitness | best measured fitness | x1 | x2...
1 +9.276749192e+03 +9.276749192e+03 +9.321559192e+03 +9.321559192e+03 +8.1116e-01 -1.1998e+00 +2.9198e+00 +4.2828e+00 +2.6214e+00 -5.5660e-01 +4.3482e+00 -2.4442e-01 +1.1123e+00 -3.8492e-01
122 +4.208262907e+03 +4.208262907e+03 +4.253072907e+03 +4.253072907e+03 +4.0896e-01 -2.9339e+00 +3.8413e+00 -8.6042e-01 +1.0941e+00 -8.3852e-01 +2.7573e+00 +2.8084e-01 +3.5376e+00 -5.7585e-02
201 +3.285172151e+03 +3.285172151e+03 +3.329982151e+03 +3.329982151e+03 +5.1975e-01 -2.8165e+00 +3.7023e+00 -8.4616e-01 +1.1024e+00 -7.1100e-01 +2.8247e+00 +2.2672e-01 +3.4040e+00 -5.2595e-02
327 +1.217508010e+03 +1.217508010e+03 +1.262318010e+03 +1.262318010e+03 +1.7737e-01 -8.9975e-01 +4.5034e+00 -1.0358e+00 +1.7875e+00 +5.2959e-01 +2.4342e+00 -1.1382e+00 +2.5492e+00 -1.0004e+00
431 +8.909878994e+02 +8.909878994e+02 +9.357978994e+02 +9.357978994e+02 +1.2847e-01 -9.0167e-01 +4.2327e+00 -1.0688e+00 +1.7464e+00 +6.3476e-01 +2.4587e+00 -9.4703e-01 +2.7352e+00 -1.0119e+00
475 +4.624558262e+02 +4.624558262e+02 +5.072658262e+02 +5.072658262e+02 +2.4874e+00 +6.8863e-01 +2.9659e+00 +1.1249e-01 +7.8949e-01 -8.7259e-03 +4.1389e-02 -6.0057e-01 +2.6368e+00 -8.1983e-01
544 +3.654488527e+02 +3.654488527e+02 +4.102588527e+02 +4.102588527e+02 +3.4497e+00 +1.1688e+00 +1.1123e+00 -9.7787e-02 -6.2946e-02 +1.8270e+00 +5.0825e-01 -7.5005e-01 +1.8504e+00 -1.5771e+00
612 +2.476856241e+02 +2.476856241e+02 +2.924956241e+02 +2.924956241e+02 +9.2680e-01 -1.2253e+00 +3.7302e+00 -1.7510e+00 +2.4841e+00 +8.6345e-01 +1.6449e+00 -8.0952e-01 +1.0138e+00 -9.0139e-01
712 +1.401637685e+02 +1.401637685e+02 +1.849737685e+02 +1.849737685e+02 +8.7566e-01 -1.2229e+00 +3.6836e+00 -1.5096e+00 +2.5874e+00 +8.6932e-01 +1.7555e+00 -9.5251e-01 +9.9864e-01 -9.5596e-01
832 +7.867240116e+01 +7.867240116e+01 +1.234824012e+02 +1.234824012e+02 +8.9702e-01 -1.3549e+00 +3.5560e+00 -1.1797e+00 +2.7579e+00 +8.1500e-01 +1.7987e+00 -7.8720e-01 +8.8034e-01 -9.0782e-01
891 +4.319066845e+01 +4.319066845e+01 +8.800066845e+01 +8.800066845e+01 +9.6607e-01 -1.3121e+00 +3.4752e+00 -1.2983e+00 +2.9058e+00 +7.3422e-01 +1.6216e+00 -7.4379e-01 +7.9970e-01 -9.5715e-01
902 +3.637301117e+01 +3.637301117e+01 +8.118301117e+01 +8.118301117e+01 +8.7934e-01 -1.3969e+00 +3.4114e+00 -1.0590e+00 +2.6982e+00 +7.9976e-01 +1.7687e+00 -7.7840e-01 +9.3635e-01 -9.2190e-01
957 +6.543255403e+00 +6.543255403e+00 +5.135325540e+01 +5.135325540e+01 +8.4506e-01 -1.2766e+00 +3.2115e+00 -9.3130e-01 +2.7444e+00 +7.3758e-01 +1.8001e+00 -6.4767e-01 +8.3401e-01 -1.0613e+00
1066 +6.300568178e+00 +6.300568178e+00 +5.111056818e+01 +5.111056818e+01 +7.8185e-01 -1.2514e+00 +3.2962e+00 -9.4709e-01 +2.8754e+00 +7.8964e-01 +1.7678e+00 -9.0499e-01 +1.0670e+00 -1.0745e+00
1461 +3.903436630e+00 +3.903436630e+00 +4.871343663e+01 +4.871343663e+01 +8.5218e-01 -1.1671e+00 +3.1359e+00 -1.0482e+00 +2.1816e+00 +6.2763e-01 +1.9795e+00 -1.0330e+00 +1.1542e+00 -9.2024e-01
2492 +2.502619267e+00 +2.502619267e+00 +4.731261927e+01 +4.731261927e+01 +7.5062e-01 -1.2012e+00 +2.9656e+00 -1.2134e+00 +2.2579e+00 +6.0180e-01 +2.0015e+00 -1.0226e+00 +1.0470e+00 -9.1117e-01
% function evaluation | noise-free fitness - Fopt (-1.764600000000e+02) | best noise-free fitness - Fopt | measured fitness | best measured fitness | x1 | x2...
1 +3.874558779e+04 +3.874558779e+04 +3.856912779e+04 +3.856912779e+04 +2.2166e-01 -2.8829e+00 -2.0617e-02 -2.0902e-01 -5.4934e-01 -2.1406e+00 -1.4475e+00 -2.0002e+00 +4.2657e+00 -1.9019e+00
11 +2.073268084e+04 +2.073268084e+04 +2.055622084e+04 +2.055622084e+04 -9.1764e-01 -2.8831e+00 +3.5785e+00 +1.5039e-01 +4.2594e+00 -3.4860e+00 -2.7694e+00 +2.1186e-01 +1.4612e+00 +1.0045e+00
21 +6.024212792e+03 +6.024212792e+03 +5.847752792e+03 +5.847752792e+03 +2.9866e+00 +2.0410e+00 -1.6176e+00 -1.8568e+00 +1.3183e+00 -1.2639e+00 -3.3827e-01 -1.2664e+00 -3.0543e-01 +2.6762e+00
77 +1.756886519e+03 +1.756886519e+03 +1.580426519e+03 +1.580426519e+03 +8.1639e-01 -2.1603e+00 -4.0641e+00 +2.1231e+00 -8.7101e-01 +1.1351e+00 -2.7448e+00 -1.9623e-01 +1.3901e+00 +3.5895e-01
183 +1.486152191e+03 +1.486152191e+03 +1.309692191e+03 +1.309692191e+03 +7.1946e-01 -2.0702e+00 -4.1743e+00 +2.1139e+00 -8.6383e-01 +1.0088e+00 -2.7958e+00 -2.4398e-01 +1.3353e+00 +4.6202e-01
238 +5.030739380e+02 +5.030739380e+02 +3.266139380e+02 +3.266139380e+02 +1.1960e-01 -2.1728e+00 -3.4924e+00 +1.1129e+00 +6.6018e-02 -1.7010e-01 -2.5475e+00 -9.2908e-02 +1.7772e+00 +1.7501e+00
333 +2.620317391e+02 +2.620317391e+02 +8.557173908e+01 +8.557173908e+01 -7.2296e-02 -2.0046e+00 -3.5799e+00 +1.1675e+00 +8.4757e-02 -5.3894e-02 -2.5897e+00 -2.0282e-01 +1.7727e+00 +1.7164e+00
358 +2.508536873e+02 +2.508536873e+02 +7.439368735e+01 +7.439368735e+01 -8.3158e-02 -1.9899e+00 -3.5816e+00 +1.1558e+00 +8.8883e-02 -5.1802e-02 -2.6037e+00 -2.0512e-01 +1.7747e+00 +1.7171e+00
456 +1.537955963e+02 +1.537955963e+02 -2.266440373e+01 -2.266440373e+01 -1.5976e-01 -1.9644e+00 -3.5730e+00 +1.4413e+00 +1.0222e-01 +1.1696e-01 -2.5565e+00 -1.9804e-01 +1.9158e+00 +1.7768e+00
457 +4.457421026e+01 +4.457421026e+01 -1.318857897e+02 -1.318857897e+02 -2.1213e-01 -1.6931e+00 -3.4816e+00 +1.2690e+00 +2.2580e-01 +7.9070e-02 -2.4590e+00 -1.5018e-01 +1.8878e+00 +1.8759e+00
554 +3.723242575e+01 +3.723242575e+01 -1.392275742e+02 -1.392275742e+02 -1.9757e-01 -1.6739e+00 -3.4637e+00 +1.2723e+00 +2.3169e-01 +8.9581e-02 -2.4498e+00 -1.5403e-01 +1.8841e+00 +1.8940e+00
625 +1.408476222e+01 +1.408476222e+01 -1.623752378e+02 -1.623752378e+02 -7.2981e-02 -1.5490e+00 -3.3981e+00 +1.1875e+00 +3.2699e-01 +1.5570e-01 -2.6244e+00 -2.3913e-01 +1.7977e+00 +1.7400e+00
661 +8.731566546e+00 +8.731566546e+00 -1.677284335e+02 -1.677284335e+02 +3.4947e-02 -1.4691e+00 -3.3763e+00 +9.7551e-01 +3.4199e-01 +1.1693e-01 -2.5028e+00 -1.3811e-01 +1.8199e+00 +1.7009e+00
733 +4.149809346e+00 +4.149809346e+00 -1.723101907e+02 -1.723101907e+02 -9.5722e-02 -1.4464e+00 -3.2924e+00 +1.1403e+00 +3.8975e-01 +1.1774e-01 -2.5059e+00 -1.7156e-01 +2.0180e+00 +1.9835e+00
910 +3.692901675e+00 +3.692901675e+00 -1.727670983e+02 -1.727670983e+02 +3.2920e-02 -1.3520e+00 -3.2145e+00 +1.1207e+00 +3.2858e-01 +1.6837e-01 -2.5819e+00 -1.4763e-01 +1.9575e+00 +2.0056e+00
1752 +2.472641195e+00 +2.472641195e+00 -1.739873588e+02 -1.739873588e+02 -1.0672e-02 -1.4117e+00 -3.1808e+00 +1.1668e+00 +2.6969e-01 +1.3972e-01 -2.5882e+00 -1.0255e-01 +1.9613e+00 +2.0887e+00
