% function evaluation | noise-free fitness - Fopt (-5.465000000000e+02) | best noise-free fitness - Fopt | measured fitness | best measured fitness | x1 | x2...
1 +3.286362854e+04 +3.286362854e+04 +3.231712854e+04 +3.231712854e+04 -1.5249e+00 -4.7878e+00 -3.7872e+00 +1.4866e+00 +2.8318e+00 -2.3697e+00 -1.2570e+00 +1.5206e+00 +1.5320e+00 +2.7379e+00
50 +1.370504332e+04 +1.370504332e+04 +1.315854332e+04 +1.315854332e+04 +3.5426e+00 +1.7899e+00 -4.5086e+00 +1.7471e+00 +1.7416e+00 +1.2591e+00 -3.1996e+00 -4.5226e-01 -1.7679e+00 +1.3532e+00
103 +3.878063879e+03 +3.878063879e+03 +3.331563879e+03 +3.331563879e+03 +3.0776e+00 +3.6871e+00 -5.2633e-01 -3.5950e+00 +1.1415e+00 +1.6061e+00 -2.8396e+00 +2.2974e+00 -2.2322e+00 +2.2652e+00
430 +2.225919912e+03 +2.225919912e+03 +1.679419912e+03 +1.679419912e+03 +3.2030e+00 +4.2746e+00 -1.2028e+00 -3.5372e+00 +1.0572e+00 +8.9811e-01 -2.8106e+00 +2.6661e+00 -1.3692e+00 +2.0051e+00
721 +1.422999381e+03 +1.422999381e+03 +8.764993810e+02 +8.764993810e+02 +1.9420e+00 +4.2295e+00 -4.2491e-01 -3.8092e+00 -1.0969e-01 -1.6441e-01 -3.3211e+00 +1.3075e+00 -1.7496e+00 +1.3394e+00
753 +8.435250924e+02 +8.435250924e+02 +2.970250924e+02 +2.970250924e+02 +7.6948e-01 +3.0749e+00 -1.1399e+00 -3.5837e+00 -7.1146e-01 -1.8327e+00 -2.2844e+00 +3.8440e-01 -1.6062e+00 +3.5454e-01
788 +1.914309793e+02 +1.914309793e+02 -3.550690207e+02 -3.550690207e+02 +2.9230e+00 +3.4953e+00 -1.5510e+00 -2.7337e+00 +1.7033e+00 -3.2361e-01 -1.7751e+00 +6.6475e-01 -1.2664e+00 +6.8758e-01
874 +1.301725439e+02 +1.301725439e+02 -4.163274561e+02 -4.163274561e+02 +2.0000e+00 +3.8230e+00 +1.5549e+00 -2.7845e+00 +1.3201e+00 -1.4002e+00 -2.4102e+00 +6.1778e-01 -2.0294e+00 +1.3340e+00
967 +8.825788673e+01 +8.825788673e+01 -4.582421133e+02 -4.582421133e+02 +2.9536e+00 +3.4485e+00 -1.6089e+00 -2.7908e+00 +1.7526e+00 -3.1258e-01 -1.6527e+00 +4.4600e-01 -1.4355e+00 +7.9148e-01
1075 +5.616371537e+01 +5.616371537e+01 -4.903362846e+02 -4.903362846e+02 +2.1658e+00 +3.6792e+00 +1.4657e+00 -2.7438e+00 +1.3664e+00 -1.3361e+00 -2.2480e+00 +6.6951e-01 -1.9460e+00 +1.3705e+00
1076 +1.170501040e+01 +1.170501040e+01 -5.347949896e+02 -5.347949896e+02 +1.8187e+00 +2.7594e+00 +2.3504e+00 -2.1992e+00 +1.1547e+00 -1.6489e+00 -1.7333e+00 +1.4666e+00 -1.1033e+00 +1.5493e+00
1202 +9.802891123e+00 +9.802891123e+00 -5.366971089e+02 -5.366971089e+02 +1.7718e+00 +3.5263e+00 +1.1546e+00 -2.4963e+00 +1.0272e+00 -1.6415e+00 -2.2761e+00 +5.7047e-01 -1.9838e+00 +1.3940e+00
1206 +5.630598496e+00 +5.630598496e+00 -5.408694015e+02 -5.408694015e+02 +1.9812e+00 +3.5059e+00 +1.3786e+00 -2.5211e+00 +9.1962e-01 -1.4680e+00 -2.3845e+00 +7.2381e-01 -1.9066e+00 +1.5710e+00
1265 +3.334460336e+00 +3.334460336e+00 -5.431655397e+02 -5.431655397e+02 +1.9062e+00 +3.3922e+00 +9.9753e-01 -2.3398e+00 +8.9943e-01 -1.7290e+00 -2.2862e+00 +6.0870e-01 -1.8072e+00 +1.4252e+00
1553 +1.956860746e+00 +1.956860746e+00 -5.445431393e+02 -5.445431393e+02 +1.3388e+00 +2.7512e+00 +1.9897e+00 -2.1854e+00 +1.1159e+00 -1.1183e+00 -2.3666e+00 +2.0882e+00 -2.1012e+00 +1.4169e+00
1820 +1.519662354e+00 +1.519662354e+00 -5.449803376e+02 -5.449803376e+02 +1.4107e+00 +2.8678e+00 +1.9294e+00 -2.1541e+00 +1.0334e+00 -9.5573e-01 -2.4197e+00 +2.0936e+00 -2.1392e+00 +1.4377e+00
% function evaluation | noise-free fitness - Fopt (1.000000000000e+03) | best noise-free fitness - Fopt | measured fitness | best measured fitness | x1 | x2...
1 +1.004307191e+04 +1.004307191e+04 +1.104307191e+04 +1.104307191e+04 -4.1367e+00 -6.5245e-01 -4.0623e+00 -2.2546e+00 -2.4173e+00 +3.2464e+00 -3.8349e+00 +1.1120e+00 -1.5996e+00 -4.1707e-01
75 +6.491839613e+03 +6.491839613e+03 +7.491839613e+03 +7.491839613e+03 -7.3460e-01 +2.9159e+00 -1.9153e+00 -8.0830e-01 -4.7406e-01 +6.5797e-01 -3.8442e+00 +1.9873e+00 -1.7167e+00 -3.2983e+00
276 +3.031394007e+03 +3.031394007e+03 +4.031394007e+03 +4.031394007e+03 +2.8130e+00 +4.1559e+00 -3.3225e+00 -2.7195e+00 +3.9388e-01 -5.7137e-01 -4.5252e-01 +2.4858e+00 -1.2066e+00 -2.2176e+00
322 +1.019548986e+03 +1.019548986e+03 +2.019548986e+03 +2.019548986e+03 +3.9008e+00 +3.7313e+00 -2.4349e+00 -2.3022e+00 -1.6170e+00 -1.7398e-01 -3.0098e-01 +2.7481e+00 -1.1862e+00 -1.8693e+00
388 +9.453564991e+02 +9.453564991e+02 +1.945356499e+03 +1.945356499e+03 +3.8562e+00 +3.7599e+00 -2.4644e+00 -2.3747e+00 -1.6300e+00 -6.6067e-02 -3.5646e-01 +2.7594e+00 -1.2236e+00 -1.8477e+00
566 +3.410057277e+02 +3.410057277e+02 +1.341005728e+03 +1.341005728e+03 +3.3511e+00 +3.0085e+00 -2.4442e+00 -2.2464e+00 -1.9550e+00 +3.0195e-01 -5.3994e-01 +2.6736e+00 -7.9279e-01 -1.8336e+00
791 +2.507412350e+02 +2.507412350e+02 +1.250741235e+03 +1.250741235e+03 +3.2052e+00 +3.0615e+00 -2.4094e+00 -2.2648e+00 -1.7947e+00 +2.7226e-01 -5.7639e-01 +2.7062e+00 -8.1582e-01 -1.7860e+00
990 +1.364727778e+02 +1.364727778e+02 +1.136472778e+03 +1.136472778e+03 +2.9512e+00 +3.3751e+00 -2.3426e+00 -2.4110e+00 -2.0583e+00 +1.7358e-01 -4.1662e-01 +2.6301e+00 -8.2542e-01 -1.6640e+00
1187 +8.501018606e+01 +8.501018606e+01 +1.085010186e+03 +1.085010186e+03 +2.8674e+00 +3.2408e+00 -1.9059e+00 -2.5388e+00 -1.9780e+00 +3.6156e-01 -3.0726e-01 +2.6694e+00 -9.0473e-01 -1.6127e+00
1339 +5.712580488e+01 +5.712580488e+01 +1.057125805e+03 +1.057125805e+03 +2.8163e+00 +3.2482e+00 -1.8511e+00 -2.4794e+00 -1.9708e+00 +4.0935e-01 -3.0722e-01 +2.6964e+00 -8.8054e-01 -1.5290e+00
1461 +2.986243452e+01 +2.986243452e+01 +1.029862435e+03 +1.029862435e+03 +2.7294e+00 +3.1604e+00 -1.7762e+00 -2.5364e+00 -1.9433e+00 +3.5652e-01 -5.1256e-01 +2.6299e+00 -9.0574e-01 -1.5006e+00
1518 +1.562310530e+01 +1.562310530e+01 +1.015623105e+03 +1.015623105e+03 +2.6548e+00 +3.3046e+00 -2.0790e+00 -2.2372e+00 -1.9317e+00 +3.5752e-01 -3.6177e-01 +2.6697e+00 -8.1230e-01 -1.7422e+00
1648 +3.363890063e+00 +3.363890063e+00 +1.003363890e+03 +1.003363890e+03 +2.5160e+00 +3.1730e+00 -1.8221e+00 -2.4249e+00 -1.6967e+00 +5.3751e-01 -3.7149e-01 +2.5613e+00 -9.6551e-01 -1.6039e+00
2156 +2.379929586e+00 +2.379929586e+00 +1.002379930e+03 +1.002379930e+03 +2.5308e+00 +3.1737e+00 -1.7850e+00 -2.3162e+00 -1.3462e+00 +4.6769e-01 -3.7921e-01 +2.6303e+00 -9.8917e-01 -1.5154e+00
3489 +1.580902141e+00 +1.580902141e+00 +1.001580902e+03 +1.001580902e+03 +2.4952e+00 +3.2447e+00 -1.7581e+00 -2.2643e+00 -1.3832e+00 +4.0142e-01 -3.9275e-01 +2.5618e+00 -9.8470e-01 -1.5122e+00
% function evaluation | noise-free fitness - Fopt (2.083800000000e+02) | best noise-free fitness - Fopt | measured fitness | best measured fitness | x1 | x2...
1 +1.188968509e+05 +1.188968509e+05 +1.191052309e+05 +1.191052309e+05 -1.0087e+00 -2.2803e+00 -2.2679e-01 -4.3348e+00 +4.7452e+00 +4.9026e+00 +3.6023e+00 -1.5062e+00 -4.5470e+00 -4.1994e+00
3 +5.852891588e+04 +5.852891588e+04 +5.873729588e+04 +5.873729588e+04 +3.2079e+00 +4.2567e+00 -4.3673e-03 +4.9686e+00 +3.6388e-01 -2.4166e-01 +1.3958e+00 +4.2492e+00 -1.3008e+00 -2.5608e+00
17 +8.328356679e+03 +8.328356679e+03 +8.536736679e+03 +8.536736679e+03 -3.1928e+00 +3.0567e+00 -1.7935e+00 -3.1213e-01 -2.1497e+00 +7.3617e-01 +3.7139e+00 +1.2335e+00 -2.9007e+00 +4.0518e-01
65 +5.446051420e+03 +5.446051420e+03 +5.654431420e+03 +5.654431420e+03 +4.2104e+00 -1.2294e+00 +3.7899e+00 -1.0925e+00 -4.2253e-01 +4.2028e+00 -1.3121e+00 +2.7019e+00 -1.5626e+00 +1.6663e+00
316 +2.885186607e+03 +2.885186607e+03 +3.093566607e+03 +3.093566607e+03 +3.7516e+00 +8.8651e-01 +2.6533e+00 -6.8331e-01 +2.4839e+00 +2.9928e+00 -4.3619e-01 +3.1571e+00 +4.2899e-01 +1.9412e+00
363 +1.312593351e+03 +1.312593351e+03 +1.520973351e+03 +1.520973351e+03 +3.6286e+00 +1.6366e+00 +3.1918e+00 -1.6448e+00 +2.3103e+00 +2.2600e+00 -2.1481e-01 +2.0784e+00 -1.1247e-01 +2.6512e+00
508 +7.082860522e+02 +7.082860522e+02 +9.166660522e+02 +9.166660522e+02 +3.6231e+00 +9.8886e-01 +2.4656e+00 -3.2199e-02 +2.5400e+00 +2.2979e+00 +8.5243e-01 +2.8582e+00 -5.2484e-01 +1.6003e+00
624 +5.295583954e+02 +5.295583954e+02 +7.379383954e+02 +7.379383954e+02 +3.5754e+00 +9.4490e-01 +2.5175e+00 -6.7408e-02 +2.7113e+00 +2.3511e+00 +8.0500e-01 +2.6549e+00 -4.8260e-01 +1.7991e+00
746 +3.853904666e+02 +3.853904666e+02 +5.937704666e+02 +5.937704666e+02 +3.4088e+00 +1.1031e+00 +2.5763e+00 -1.9262e-01 +2.5905e+00 +2.2861e+00 +8.2734e-01 +2.7100e+00 -6.8545e-01 +1.6625e+00
752 +1.928816512e+02 +1.928816512e+02 +4.012616512e+02 +4.012616512e+02 +2.5998e+00 -3.9644e-01 +2.3913e+00 -7.2756e-01 +3.4567e+00 +1.9556e+00 +1.3083e+00 +2.1342e+00 -1.3710e+00 +1.1797e+00
821 +1.354024959e+02 +1.354024959e+02 +3.437824959e+02 +3.437824959e+02 +2.6027e+00 -2.1432e-01 +2.3708e+00 -5.9670e-01 +3.3550e+00 +1.9689e+00 +1.3925e+00 +2.1641e+00 -1.3515e+00 +1.1091e+00
983 +2.361971759e+01 +2.361971759e+01 +2.319997176e+02 +2.319997176e+02 +2.5912e+00 -4.5311e-01 +2.3101e+00 -1.0788e+00 +3.2561e+00 +1.7733e+00 +1.3221e+00 +2.1389e+00 -1.3970e+00 +1.5105e+00
1160 +3.818623760e+00 +3.818623760e+00 +2.121986238e+02 +2.121986238e+02 +1.8414e+00 +1.4261e+00 +1.2242e+00 +5.4060e-01 +2.4343e+00 +1.8417e+00 +1.1868e+00 +2.1429e+00 -2.0373e+00 +1.2968e+00
1749 +2.080223174e+00 +2.080223174e+00 +2.104602232e+02 +2.104602232e+02 +1.6760e+00 +1.4758e+00 +8.9219e-01 +4.6457e-01 +2.6243e+00 +1.9603e+00 +1.0426e+00 +2.3569e+00 -2.0503e+00 +9.7843e-01
% function evaluation | noise-free fitness - Fopt (-1.449600000000e+02) | best noise-free fitness - Fopt | measured fitness | best measured fitness | x1 | x2...
1 +1.240025185e+05 +1.240025185e+05 +1.238575585e+05 +1.238575585e+05 -3.8831e+00 +1.4424e-01 +1.7445e+00 +4.8921e+00 +3.0899e+00 -2.1625e+00 +1.1897e+00 -1.7800e+00 +1.3208e+00 -5.8371e-01
3 +5.253842086e+04 +5.253842086e+04 +5.239346086e+04 +5.239346086e+04 -3.1892e+00 -4.5911e+00 -3.0942e+00 -1.0931e+00 +3.7725e+00 +2.3456e+00 +2.0003e-01 -1.5545e+00 -2.2052e+00 -1.7349e+00
8 +2.174732845e+04 +2.174732845e+04 +2.160236845e+04 +2.160236845e+04 +9.1306e-01 -3.2527e+00 -2.3832e+00 +3.4838e+00 +3.0328e+00 +1.5191e+00 +2.7316e-01 +2.0118e+00 -2.7374e+00 +1.4833e+00
34 +1.535386380e+04 +1.535386380e+04 +1.520890380e+04 +1.520890380e+04 +4.5176e+00 -2.9386e+00 -1.5346e+00 +1.5190e+00 -3.8906e+00 -3.1209e+00 -3.4168e+00 +3.2875e+00 +2.9164e-01 +2.5087e+00
66 +5.815958378e+03 +5.815958378e+03 +5.670998378e+03 +5.670998378e+03 -3.3908e+00 -1.8116e+00 +3.8144e+00 -1.7206e-01 -1.9873e+00 +2.5160e+00 -1.1731e+00 +1.8162e+00 +2.5834e-02 +3.1251e+00
335 +3.588137633e+03 +3.588137633e+03 +3.443177633e+03 +3.443177633e+03 -1.8627e+00 +1.3306e+00 -5.0000e+00 -5.9237e-01 +7.1922e-02 +3.8835e+00 -1.5079e+00 +2.1294e+00 -2.9174e-01 +2.4206e+00
385 +1.113973888e+03 +1.113973888e+03 +9.690138880e+02 +9.690138880e+02 -1.7315e+00 +1.5542e+00 -4.4062e+00 +1.8232e+00 -5.0085e-01 +2.6413e+00 -9.8818e-01 +2.1649e+00 -1.2901e-01 +1.3479e+00
490 +8.921030438e+02 +8.921030438e+02 +7.471430438e+02 +7.471430438e+02 -1.6689e+00 +1.6007e+00 -4.3613e+00 +1.8789e+00 -4.2139e-01 +2.7009e+00 -8.7151e-01 +2.3162e+00 -2.0035e-01 +1.1726e+00
624 +2.178572135e+02 +2.178572135e+02 +7.289721346e+01 +7.289721346e+01 -1.7168e+00 +1.0929e+00 -2.7465e+00 +1.5451e+00 -1.8716e+00 +2.4398e+00 -1.6998e+00 +1.3591e+00 -5.0062e-01 +9.4482e-01
650 +1.362987227e+02 +1.362987227e+02 -8.661277318e+00 -8.661277318e+00 -1.8042e+00 +1.0462e+00 -2.6676e+00 +1.4638e+00 -1.9674e+00 +2.3802e+00 -1.5851e+00 +1.4459e+00 -4.8132e-01 +1.0216e+00
666 +3.460280635e+00 +3.460280635e+00 -1.414997194e+02 -1.414997194e+02 -1.7750e+00 +5.7602e-02 -1.7007e+00 +1.6349e-01 -1.6667e+00 +1.5655e+00 -4.5014e-01 +2.0897e+00 -1.6453e+00 +1.5346e+00
2675 +2.502004697e+00 +2.502004697e+00 -1.424579953e+02 -1.424579953e+02 -1.8887e+00 +2.6060e-01 -1.4086e+00 +1.9405e-01 -1.6534e+00 +1.6564e+00 -5.5036e-01 +2.0626e+00 -1.7331e+00 +1.3387e+00
% function evaluation | noise-free fitness - Fopt (-6.300000000000e+00) | best noise-free fitness - Fopt | measured fitness | best measured fitness | x1 | x2...
1 +2.295429202e+05 +2.295429202e+05 +2.295366202e+05 +2.295366202e+05 -3.1979e+00 -3.1068e+00 -3.9318e-01 +4.6451e+00 +4.2419e+00 +2.6659e+00 +4.2382e+00 +1.4865e+00 -1.5208e+00 -4.8610e+00
2 +1.011706623e+04 +1.011706623e+04 +1.011076623e+04 +1.011076623e+04 -4.7521e+00 -2.7322e+00 +4.5758e-01 +4.8373e+00 +2.6488e+00 -1.4252e+00 +4.9106e-01 -1.2015e+00 -3.5835e-01 +2.0060e+00
36 +9.660729243e+03 +9.660729243e+03 +9.654429243e+03 +9.654429243e+03 -1.7161e+00 +1.8847e+00 +2.3475e-01 +2.8455e+00 -8.3478e-01 +5.0730e-01 -3.2518e-01 -4.5909e+00 +1.5431e+00 +5.9406e-01
72 +4.659841707e+03 +4.659841707e+03 +4.653541707e+03 +4.653541707e+03 -3.9074e+00 -3.9570e-01 -2.8362e+00 +1.2782e+00 +1.2536e+00 -1.2140e+00 -1.2115e-01 -2.5105e+00 -6.2936e-01 +2.1337e+00
437 +3.909979350e+03 +3.909979350e+03 +3.903679350e+03 +3.903679350e+03 -4.0119e+00 -4.0363e-01 -2.7417e+00 +1.3998e+00 +1.3199e+00 -1.1809e+00 -8.1637e-02 -2.5488e+00 -4.7669e-01 +2.0580e+00
445 +5.978794887e+02 +5.978794887e+02 +5.915794887e+02 +5.915794887e+02 -3.6067e+00 -4.1712e-01 -2.5687e+00 +1.0363e+00 -9.3895e-01 -1.9812e+00 -1.9205e-01 -1.9561e+00 +3.7743e-01 +1.9333e+00
764 +3.628409857e+02 +3.628409857e+02 +3.565409857e+02 +3.565409857e+02 -3.4387e+00 -3.0260e-01 -2.6284e+00 +1.0612e+00 -9.3129e-01 -2.2138e+00 -9.8966e-02 -1.9507e+00 +4.5232e-01 +1.9152e+00
855 +2.339498167e+02 +2.339498167e+02 +2.276498167e+02 +2.276498167e+02 -9.8512e-01 +2.4397e-02 -3.1561e+00 -4.2240e-01 +4.4543e-01 -2.9720e+00 +4.0596e-01 -2.0635e+00 +8.8911e-01 +9.4544e-01
1084 +1.432167195e+02 +1.432167195e+02 +1.369167195e+02 +1.369167195e+02 -9.8797e-01 +1.2498e-01 -3.0579e+00 -3.6823e-01 +2.4655e-01 -3.1427e+00 +3.3009e-01 -2.0285e+00 +9.7963e-01 +1.0564e+00
1120 +4.616663002e+01 +4.616663002e+01 +3.986663002e+01 +3.986663002e+01 -1.1602e+00 +5.9466e-02 -2.9252e+00 -5.6418e-01 +7.4507e-02 -2.7163e+00 +3.8184e-01 -1.6733e+00 +6.8817e-01 +9.0943e-01
1211 +3.270702233e+01 +3.270702233e+01 +2.640702233e+01 +2.640702233e+01 -1.1962e+00 +2.1270e-01 -2.8361e+00 -5.4610e-01 +1.4897e-01 -2.7737e+00 +3.4508e-01 -1.5254e+00 +6.2696e-01 +9.8888e-01
1267 +1.696120485e+01 +1.696120485e+01 +1.066120485e+01 +1.066120485e+01 -1.2083e+00 +3.2423e-01 -2.7724e+00 -2.7892e-01 -1.8620e-02 -2.7680e+00 +3.9276e-01 -1.5834e+00 +5.6570e-01 +9.7572e-01
1327 +5.490671746e+00 +5.490671746e+00 -8.093282541e-01 -8.093282541e-01 -9.7210e-01 +5.0412e-01 -2.8266e+00 -5.3395e-01 +3.8422e-02 -2.8061e+00 +2.8533e-01 -1.5466e+00 +6.2076e-01 +1.1235e+00
1338 +3.537826722e+00 +3.537826722e+00 -2.762173278e+00 -2.762173278e+00 -1.1659e+00 +1.1651e-01 -2.8732e+00 -5.8091e-01 -3.8991e-02 -2.6527e+00 +5.0952e-01 -1.7048e+00 +8.2094e-01 +1.0151e+00
2174 +2.492571887e+00 +2.492571887e+00 -3.807428113e+00 -3.807428113e+00 -1.3784e+00 +1.6487e-01 -2.6409e+00 -7.6050e-01 -9.7284e-02 -2.6430e+00 +2.7280e-01 -1.6194e+00 +8.8379e-01 +9.7172e-01
7951 +1.584705712e+00 +1.584705712e+00 -4.715294288e+00 -4.715294288e+00 -1.5283e+00 +2.0329e-01 -2.6837e+00 -6.0167e-01 -1.8590e-02 -2.6163e+00 +3.0597e-01 -1.6252e+00 +9.1287e-01 +9.4585e-01
% function evaluation | noise-free fitness - Fopt (-2.206000000000e+01) | best noise-free fitness - Fopt | measured fitness | best measured fitness | x1 | x2...
1 +4.969695119e+04 +4.969695119e+04 +4.967489119e+04 +4.967489119e+04 -3.3454e+00 +4.6072e+00 -4.2497e+00 -1.0620e+00 -1.0085e+00 -3.7922e+00 -4.3924e+00 -1.1400e+00 -4.6074e+00 +2.5885e-01
9 +3.676164290e+04 +3.676164290e+04 +3.673958290e+04 +3.673958290e+04 -1.8805e+00 +7.5318e-01 -1.3838e+00 -1.2828e+00 -2.6973e+00 +3.6387e+00 +2.3909e+00 -2.9800e+00 -2.3661e+00 +1.9266e+00
41 +6.598174114e+03 +6.598174114e+03 +6.576114114e+03 +6.576114114e+03 +3.8622e+00 -4.2641e+00 +3.5997e-01 -1.4340e+00 -1.6983e+00 -2.5089e+00 +2.6437e+00 -2.6573e+00 -2.2609e-01 +3.2402e+00
319 +6.238222304e+03 +6.238222304e+03 +6.216162304e+03 +6.216162304e+03 +3.9237e+00 -4.3822e+00 +4.5860e-01 -1.4473e+00 -1.5762e+00 -2.4871e+00 +2.6545e+00 -2.6703e+00 -3.2276e-01 +3.1038e+00
664 +3.694455389e+03 +3.694455389e+03 +3.672395389e+03 +3.672395389e+03 +3.8808e+00 -3.7262e+00 +1.9146e-01 -1.7884e+00 -1.3557e+00 -2.4877e+00 +2.4528e+00 -2.0397e+00 +1.4294e-01 +2.8824e+00
820 +2.481763932e+03 +2.481763932e+03 +2.459703932e+03 +2.459703932e+03 +4.4165e+00 -3.5677e+00 +4.1147e-01 -2.1243e+00 +1.3548e-01 -2.4374e+00 +6.7000e-01 -2.4390e+00 -2.8153e-02 +1.8976e+00
951 +1.441192376e+02 +1.441192376e+02 +1.220592376e+02 +1.220592376e+02 +2.7982e+00 -2.5693e+00 -4.4581e-01 -2.6223e+00 +1.0317e+00 -2.5959e+00 +4.0822e-01 -1.1401e+00 -1.7153e+00 +9.2409e-01
1156 +9.814236368e+01 +9.814236368e+01 +7.608236368e+01 +7.608236368e+01 +2.5260e+00 -2.4776e+00 -3.3468e-01 -2.7061e+00 +1.1822e+00 -2.5331e+00 +4.7578e-01 -1.2529e+00 -1.5110e+00 +9.0327e-01
1243 +5.170979368e+01 +5.170979368e+01 +2.964979368e+01 +2.964979368e+01 +2.6001e+00 -2.3611e+00 -2.9954e-01 -2.4927e+00 +1.2801e+00 -2.5154e+00 +5.5185e-01 -1.2012e+00 -1.4632e+00 +9.9518e-01
1310 +3.503035661e+01 +3.503035661e+01 +1.297035661e+01 +1.297035661e+01 +2.7742e+00 -2.1510e+00 -3.5580e-01 -2.3605e+00 +8.7457e-01 -2.6399e+00 +1.9009e-01 -1.0818e+00 -1.6246e+00 +1.0435e+00
1444 +3.759853483e+00 +3.759853483e+00 -1.830014652e+01 -1.830014652e+01 +2.2706e+00 -1.5027e+00 -7.4346e-01 -1.6057e+00 +5.3102e-01 -2.4175e+00 +2.1703e+00 -2.2299e+00 -1.0265e+00 +9.3119e-01
1783 +2.427556521e+00 +2.427556521e+00 -1.963244348e+01 -1.963244348e+01 +2.1729e+00 -1.2628e+00 -6.7248e-01 -1.7769e+00 +8.2250e-01 -2.4121e+00 +1.9730e+00 -2.1211e+00 -9.0820e-01 +9.7957e-01
3421 +1.582305755e+00 +1.582305755e+00 -2.047769425e+01 -2.047769425e+01 +2.1842e+00 -1.1961e+00 -7.3039e-01 -1.7219e+00 +8.7288e-01 -2.4079e+00 +2.0020e+00 -2.1057e+00 -8.1742e-01 +9.7021e-01
% function evaluation | noise-free fitness - Fopt (7.129000000000e+01) | best noise-free fitness - Fopt | measured fitness | best measured fitness | x1 | x2...
1 +4.192254793e+04 +4.192254793e+04 +4.199383793e+04 +4.199383793e+04 +4.8527e-03 -3.0210e+00 +3.0142e+00 +6.2138e-01 -2.9163e+00 +2.7290e+00 -2.9737e+00 -3.4376e+00 -1.1298e+00 -1.7980e+00
4 +2.510003832e+04 +2.510003832e+04 +2.517132832e+04 +2.517132832e+04 +9.4615e-01 +6.1778e-01 +4.2135e+00 -5.7372e-01 +2.7897e+00 -5.4132e-01 +1.4292e+00 -6.0256e-01 +8.0425e-01 +1.2954e+00
15 +7.106940382e+03 +7.106940382e+03 +7.178230382e+03 +7.178230382e+03 -2.8721e+00 +3.9444e+00 -1.3992e+00 +2.0295e+00 +2.7357e-01 +4.9699e-01 -4.2501e-01 -8.5944e-01 -3.7856e+00 +9.4318e-01
311 +2.314034151e+03 +2.314034151e+03 +2.385324151e+03 +2.385324151e+03 -9.9485e-01 +3.6218e+00 +5.7687e-01 +2.9608e+00 +3.1831e-01 +6.3408e-01 -2.2955e-01 -4.7625e-01 -2.9172e+00 +1.0123e+00
411 +9.315899964e+02 +9.315899964e+02 +1.002879996e+03 +1.002879996e+03 -2.0770e+00 +3.0391e+00 +3.5334e-01 +3.5816e+00 -1.7731e+00 +5.8266e-01 -1.5697e+00 -1.7811e-01 -1.7190e+00 +8.1975e-01
519 +5.913826247e+02 +5.913826247e+02 +6.626726247e+02 +6.626726247e+02 -1.9494e+00 +2.8192e+00 +4.0868e-01 +3.4952e+00 -2.0700e+00 +5.7111e-01 -1.4860e+00 -3.0361e-01 -1.6771e+00 +7.7198e-01
656 +3.327041396e+00 +3.327041396e+00 +7.461704140e+01 +7.461704140e+01 -2.2684e+00 +1.5980e+00 -1.3520e-01 +2.7366e+00 -2.0413e+00 -1.4836e+00 -4.6501e-01 -9.7260e-01 -1.6906e+00 +1.3068e+00
891 +2.471027006e+00 +2.471027006e+00 +7.376102701e+01 +7.376102701e+01 -2.1238e+00 +1.8340e+00 +8.2561e-03 +2.7078e+00 -1.8939e+00 -1.5400e+00 -6.2694e-01 -1.1266e+00 -1.5973e+00 +1.3468e+00
2670 +1.572592518e+00 +1.572592518e+00 +7.286259252e+01 +7.286259252e+01 -2.0243e+00 +2.1822e+00 -6.4044e-02 +2.6286e+00 -1.9593e+00 -1.5155e+00 -5.5707e-01 -1.0178e+00 -1.5721e+00 +1.3850e+00
% function evaluation | noise-free fitness - Fopt (-1.054000000000e+01) | best noise-free fitness - Fopt | measured fitness | best measured fitness | x1 | x2...
1 +7.936953678e+04 +7.936953678e+04 +7.935899678e+04 +7.935899678e+04 -2.1193e+00 -4.2244e+00 +4.8371e+00 -4.9509e+00 -3.9147e+00 -2.0204e+00 +1.3519e+00 -3.2016e+00 +3.3899e+00 -3.1566e+00
6 +1.323889587e+04 +1.323889587e+04 +1.322835587e+04 +1.322835587e+04 -3.3822e+00 +4.9481e-01 -1.1906e+00 -1.5209e-01 +3.2183e+00 +2.7217e-01 -2.0470e+00 -2.7852e+00 +4.6573e-01 +5.1599e-01
72 +7.417473438e+03 +7.417473438e+03 +7.406933438e+03 +7.406933438e+03 +8.2624e-01 +2.3503e+00 -3.9860e+00 +2.7006e+00 -1.6433e+00 +2.3019e+00 -1.6982e+00 -3.0401e+00 +5.8184e-01 +3.6924e+00
315 +5.744353122e+03 +5.744353122e+03 +5.733813122e+03 +5.733813122e+03 -4.0534e+00 -6.2507e-01 -1.9644e+00 -1.6152e+00 +9.8167e-01 +8.1757e-01 -2.4996e+00 -3.5193e+00 +2.8062e-01 +8.9889e-01
387 +3.419403755e+03 +3.419403755e+03 +3.408863755e+03 +3.408863755e+03 -3.3827e+00 -1.0206e+00 -2.7481e+00 -2.1821e+00 -3.5803e-01 +1.7282e+00 -2.1876e+00 -3.1973e+00 -3.7048e-01 +2.2587e+00
433 +2.448455874e+03 +2.448455874e+03 +2.437915874e+03 +2.437915874e+03 +2.3268e+00 +2.1042e+00 -4.0484e+00 +2.9968e+00 -1.8207e+00 +2.8623e+00 -1.8763e+00 -1.9228e+00 +5.7264e-01 +2.0849e+00
592 +8.751617996e+02 +8.751617996e+02 +8.646217996e+02 +8.646217996e+02 +1.9925e+00 +3.0796e+00 -2.5818e+00 +4.4011e-01 -1.0268e+00 +1.9803e+00 +1.9125e-01 -3.0531e+00 +4.7235e-01 +1.6698e+00
808 +6.103993621e+02 +6.103993621e+02 +5.998593621e+02 +5.998593621e+02 +2.0747e+00 +2.9440e+00 -2.6288e+00 +3.2640e-01 -1.2282e+00 +1.9719e+00 +1.8083e-01 -2.9367e+00 +6.4237e-01 +1.6564e+00
936 +1.829276169e+02 +1.829276169e+02 +1.723876169e+02 +1.723876169e+02 +2.2294e+00 +1.6795e+00 -3.8410e+00 +2.5916e-01 +2.0754e-01 +2.1416e+00 -2.2424e-01 -1.9844e+00 +1.6515e+00 +1.1418e+00
1051 +1.436710502e+02 +1.436710502e+02 +1.331310502e+02 +1.331310502e+02 +2.1165e+00 +1.6123e+00 -3.7948e+00 +2.3591e-01 +1.1044e-01 +2.1534e+00 -2.4541e-01 -2.1450e+00 +1.5739e+00 +1.3224e+00
1057 +6.867994394e+01 +6.867994394e+01 +5.813994394e+01 +5.813994394e+01 +2.0786e+00 +1.7694e+00 -3.6898e+00 +1.0390e-01 +9.3918e-02 +2.4236e+00 -2.2991e-01 -2.0091e+00 +1.5589e+00 +1.1471e+00
1112 +3.930670933e+01 +3.930670933e+01 +2.876670933e+01 +2.876670933e+01 +2.0841e+00 +1.7508e+00 -3.6044e+00 +2.4276e-01 +1.3979e-02 +2.4850e+00 -3.4143e-01 -2.0468e+00 +1.5944e+00 +1.1504e+00
1141 +1.744949955e+01 +1.744949955e+01 +6.909499548e+00 +6.909499548e+00 +2.1726e+00 +1.6720e+00 -3.4959e+00 +3.8787e-01 +2.1323e-02 +2.5301e+00 -2.7035e-01 -2.0781e+00 +1.5079e+00 +1.2200e+00
1231 +1.098969046e+01 +1.098969046e+01 +4.496904640e-01 +4.496904640e-01 +2.2174e+00 +1.6067e+00 -3.4389e+00 +2.3882e-01 +4.7835e-02 +2.5390e+00 -2.0254e-01 -2.0210e+00 +1.3452e+00 +1.2108e+00
1264 +7.837326088e+00 +7.837326088e+00 -2.702673912e+00 -2.702673912e+00 +1.9999e+00 +1.7743e+00 -3.4462e+00 -1.0618e-02 +3.3955e-02 +2.4705e+00 -6.1917e-02 -1.9561e+00 +1.4692e+00 +1.2175e+00
1330 +3.235519577e+00 +3.235519577e+00 -7.304480423e+00 -7.304480423e+00 +2.0950e+00 +1.8341e+00 -3.3743e+00 +3.8801e-02 +1.3888e-01 +2.5472e+00 -2.8746e-01 -2.0423e+00 +1.6552e+00 +1.0358e+00
1860 +2.509217155e+00 +2.509217155e+00 -8.030782845e+00 -8.030782845e+00 +2.0684e+00 +1.9164e+00 -3.2437e+00 +1.0183e-01 +1.2850e-02 +2.6656e+00 -4.6890e-01 -2.0488e+00 +1.7321e+00 +1.0634e+00
4881 +1.556786447e+00 +1.556786447e+00 -8.983213553e+00 -8.983213553e+00 +2.1412e+00 +1.9608e+00 -3.2169e+00 +2.3051e-02 +1.2542e-01 +2.6458e+00 -2.9772e-01 -2.1324e+00 +1.7207e+00 +1.0439e+00
% function evaluation | noise-free fitness - Fopt (3.860100000000e+02) | best noise-free fitness - Fopt | measured fitness | best measured fitness | x1 | x2...
1 +6.113561904e+04 +6.113561904e+04 +6.152162904e+04 +6.152162904e+04 +1.0011e+00 -1.6402e+00 -4.9591e-01 +1.9770e+00 +4.4456e+00 -1.3249e+00 +1.3060e+00 -9.8924e-02 +2.8421e+00 +3.2586e+00
2 +2.362832492e+04 +2.362832492e+04 +2.401433492e+04 +2.401433492e+04 -4.3931e+00 -2.6295e+00 -1.1478e+00 +1.9837e+00 -1.4747e+00 -2.7372e+00 +4.5725e+00 +6.1152e-01 +2.5567e+00 +4.0224e-01
15 +1.020438652e+04 +1.020438652e+04 +1.059039652e+04 +1.059039652e+04 -3.5925e+00 +2.4377e+00 -1.5198e-01 +3.6191e+00 +2.2456e+00 +2.8280e+00 +3.2841e-01 +3.5972e+00 -9.3715e-01 -3.6497e+00
84 +8.082704451e+03 +8.082704451e+03 +8.468714451e+03 +8.468714451e+03 +1.1126e+00 -1.5074e+00 +7.6092e-01 +4.9091e+00 +3.4354e+00 -1.2623e+00 +6.8911e-01 +1.5862e+00 +1.5771e+00 -2.5814e-01
201 +4.822417494e+03 +4.822417494e+03 +5.208427494e+03 +5.208427494e+03 +1.1712e+00 -4.5276e-02 -3.1792e+00 -3.3593e+00 +6.4221e-02 +1.4551e+00 -2.9911e-03 +1.9875e+00 +1.4264e+00 -4.2318e-01
342 +3.151648137e+03 +3.151648137e+03 +3.537658137e+03 +3.537658137e+03 -2.4595e-01 -1.8732e-01 -2.0068e+00 -2.8209e+00 +2.3248e-01 +3.1382e+00 +2.6223e-01 +2.0689e+00 +2.2464e+00 -8.3072e-01
500 +5.899529544e+02 +5.899529544e+02 +9.759629544e+02 +9.759629544e+02 +9.5074e-01 +3.7885e-01 -2.5680e+00 -1.9684e+00 +3.3542e-01 +2.7317e+00 -1.2891e-01 +2.8681e+00 +1.4409e+00 -1.4285e+00
515 +3.340923441e+02 +3.340923441e+02 +7.201023441e+02 +7.201023441e+02 -8.6426e-02 +1.6636e+00 -1.6495e+00 -1.5003e+00 +1.1029e+00 +1.8708e+00 +4.1045e-02 +2.0536e+00 +2.1137e+00 -6.1898e-01
769 +1.799514138e+02 +1.799514138e+02 +5.659614138e+02 +5.659614138e+02 +1.1421e+00 +3.8616e-01 -2.4351e+00 -1.5650e+00 +3.3901e-01 +2.7198e+00 +8.2295e-03 +2.7966e+00 +1.4367e+00 -1.3200e+00
885 +1.487683722e+02 +1.487683722e+02 +5.347783722e+02 +5.347783722e+02 +8.2393e-01 +2.0223e-01 -2.5099e+00 -1.4774e+00 +3.9806e-01 +2.8912e+00 -1.7140e-01 +2.8964e+00 +1.3046e+00 -1.4942e+00
993 +1.753523112e+01 +1.753523112e+01 +4.035452311e+02 +4.035452311e+02 -5.2795e-01 +5.7580e-01 -2.7669e+00 -6.0920e-01 +2.4155e-01 +2.8002e+00 -2.9129e-01 +2.6263e+00 +1.0607e+00 -2.2081e+00
1078 +1.298445446e+01 +1.298445446e+01 +3.989944545e+02 +3.989944545e+02 -5.2334e-01 +5.7692e-01 -2.7649e+00 -5.9912e-01 +2.4169e-01 +2.8018e+00 -2.7550e-01 +2.6347e+00 +1.0681e+00 -2.2208e+00
1107 +3.683202833e+00 +3.683202833e+00 +3.896932028e+02 +3.896932028e+02 -6.6104e-01 +6.2867e-01 -2.8111e+00 -6.2336e-01 +2.1879e-01 +2.6622e+00 -1.8666e-01 +2.5162e+00 +1.1223e+00 -2.4157e+00
1517 +2.495686804e+00 +2.495686804e+00 +3.885056868e+02 +3.885056868e+02 -5.7628e-01 +5.5175e-01 -2.5878e+00 -6.5134e-01 +4.7273e-02 +2.6260e+00 -1.0190e-01 +2.6067e+00 +1.1583e+00 -2.3554e+00
3139 +1.566605305e+00 +1.566605305e+00 +3.875766053e+02 +3.875766053e+02 -6.0388e-01 +4.2758e-01 -2.7257e+00 -5.1209e-01 -5.3508e-03 +2.5711e+00 -1.5031e-01 +2.6658e+00 +1.0924e+00 -2.3606e+00
% function evaluation | noise-free fitness - Fopt (-1.257000000000e+01) | best noise-free fitness - Fopt | measured fitness | best measured fitness | x1 | x2...
1 +2.031622032e+05 +2.031622032e+05 +2.031496332e+05 +2.031496332e+05 +2.0734e+00 +4.1063e+00 +1.4338e+00 +2.9051e+00 -9.1137e-01 +2.7516e+00 +2.1166e+00 -3.0261e+00 -4.6362e+00 +3.5061e-01
4 +3.199449707e+04 +3.199449707e+04 +3.198192707e+04 +3.198192707e+04 -2.8258e-01 +1.6320e+00 -4.3702e+00 -1.3912e+00 +4.5805e+00 +4.4262e+00 +1.1127e+00 +6.9011e-01 +2.7855e+00 -1.3539e+00
10 +2.386573666e+04 +2.386573666e+04 +2.385316666e+04 +2.385316666e+04 +2.2946e+00 +1.5744e-01 -3.1641e+00 -4.8210e+00 +1.7219e+00 +3.8064e+00 +1.3319e+00 +4.1118e+00 +3.6050e+00 +2.0800e+00
66 +1.135270340e+04 +1.135270340e+04 +1.134013340e+04 +1.134013340e+04 +3.3439e+00 -3.4708e+00 -4.6576e-01 +2.6979e+00 +2.1245e+00 +2.8512e+00 -3.9239e+00 -1.0270e-01 +2.8096e+00 +8.7054e-01
83 +9.522528057e+03 +9.522528057e+03 +9.509958057e+03 +9.509958057e+03 -2.2823e+00 +4.7374e-01 +1.6460e-01 -3.2364e+00 -2.8656e+00 +2.9906e+00 -9.5886e-01 +1.1890e+00 +3.7848e+00 +1.8240e+00
155 +5.554851136e+03 +5.554851136e+03 +5.542281136e+03 +5.542281136e+03 -2.2757e+00 +1.7804e+00 +3.9504e-02 -7.5681e-01 +3.6909e+00 -2.5295e-01 -1.3917e+00 -7.6060e-01 +5.9076e-01 +8.3989e-01
347 +3.403032104e+02 +3.403032104e+02 +3.277332104e+02 +3.277332104e+02 -3.3439e+00 +2.7728e+00 -3.2210e-01 -1.6299e+00 +2.6415e+00 +2.4859e-01 -1.6783e+00 +2.5549e-01 +1.0138e+00 +1.5885e+00
430 +2.305694780e+02 +2.305694780e+02 +2.179994780e+02 +2.179994780e+02 -3.1569e+00 +2.6943e+00 -3.9171e-01 -1.6392e+00 +2.6517e+00 +4.0310e-01 -1.7448e+00 +2.4372e-01 +9.3695e-01 +1.7530e+00
630 +1.535715804e+02 +1.535715804e+02 +1.410015804e+02 +1.410015804e+02 -2.9073e+00 +2.8673e+00 -4.3486e-01 -1.7377e+00 +2.6302e+00 +2.7580e-01 -1.7048e+00 +1.9433e-01 +9.2367e-01 +1.7122e+00
645 +5.584485349e+00 +5.584485349e+00 -6.985514651e+00 -6.985514651e+00 -2.5491e+00 +2.0057e+00 -4.3778e-01 -1.3732e+00 +2.5285e+00 -2.2058e-01 -1.2681e+00 +1.2995e+00 +1.3265e+00 +2.2122e+00
919 +3.736099083e+00 +3.736099083e+00 -8.833900917e+00 -8.833900917e+00 -2.5015e+00 +1.9876e+00 -4.5572e-01 -1.3141e+00 +2.4666e+00 -1.5451e-01 -1.3879e+00 +1.3249e+00 +1.3005e+00 +2.2920e+00
2332 +2.480924786e+00 +2.480924786e+00 -1.008907521e+01 -1.008907521e+01 -2.4730e+00 +2.3112e+00 -2.5106e-01 -1.4147e+00 +2.2859e+00 -3.6831e-01 -1.4260e+00 +1.3802e+00 +1.0227e+00 +2.3809e+00
% function evaluation | noise-free fitness - Fopt (-1.270400000000e+02) | best noise-free fitness - Fopt | measured fitness | best measured fitness | x1 | x2...
1 +7.968678941e+04 +7.968678941e+04 +7.955974941e+04 +7.955974941e+04 -1.7668e+00 +6.0017e-01 +4.2525e+00 -3.1825e+00 +8.1498e-01 -2.0791e+00 +3.4873e+00 +9.2354e-01 -1.5831e+00 -2.1261e+00
2 +2.154975187e+04 +2.154975187e+04 +2.142271187e+04 +2.142271187e+04 -2.0914e+00 -1.5137e+00 -1.0364e+00 -2.1560e+00 -5.4426e-01 +1.1480e-01 +3.8126e+00 +1.3567e+00 -1.3320e+00 +4.3510e-01
17 +1.272774938e+04 +1.272774938e+04 +1.260070938e+04 +1.260070938e+04 -1.5642e+00 -2.7346e+00 -1.2509e+00 +2.1809e+00 +3.6409e+00 -4.0374e+00 -8.8065e-02 +5.4972e-01 -9.0031e-02 +1.1519e+00
19 +4.752866747e+03 +4.752866747e+03 +4.625826747e+03 +4.625826747e+03 -2.7384e+00 +9.0451e-01 -2.7130e+00 +2.4431e+00 +1.9644e-01 -1.7788e-01 +1.0367e+00 +3.4070e-01 +8.3149e-01 +3.2501e+00
358 +3.282717673e+03 +3.282717673e+03 +3.155677673e+03 +3.155677673e+03 +5.0000e+00 -5.0000e+00 -2.6879e+00 +2.9137e+00 -2.6084e+00 -2.3879e+00 +1.4991e+00 +2.2952e+00 +1.3772e+00 +1.4011e+00
448 +1.958591754e+03 +1.958591754e+03 +1.831551754e+03 +1.831551754e+03 -1.1744e+00 +7.1379e-01 -1.7110e+00 +1.0304e+00 -3.7885e-01 +1.1589e-01 +1.4417e+00 +9.8024e-01 +8.9511e-02 +2.6947e+00
530 +1.277043023e+03 +1.277043023e+03 +1.150003023e+03 +1.150003023e+03 +3.8050e+00 -5.0000e+00 -1.8135e+00 +1.9961e+00 -2.1579e+00 -1.9516e+00 +6.4756e-01 +6.9848e-01 +1.9700e+00 +9.3823e-01
686 +3.108459694e+02 +3.108459694e+02 +1.838059694e+02 +1.838059694e+02 +3.0851e+00 -4.3237e+00 -1.8172e+00 +8.7604e-01 -6.8571e-01 -2.3930e+00 +4.1351e-01 +1.2898e+00 +1.3795e+00 +1.4006e+00
757 +2.064906935e+02 +2.064906935e+02 +7.945069352e+01 +7.945069352e+01 +3.0424e+00 -4.1432e+00 -1.7758e+00 +8.4301e-01 -6.0655e-01 -2.3864e+00 +3.6404e-01 +1.2542e+00 +1.3950e+00 +1.4833e+00
822 +1.561851930e+02 +1.561851930e+02 +2.914519297e+01 +2.914519297e+01 +2.9864e+00 -4.0602e+00 -1.8083e+00 +6.2488e-01 -4.5288e-01 -2.3901e+00 +2.7887e-01 +1.1344e+00 +1.2805e+00 +1.4763e+00
1134 +8.510474760e+01 +8.510474760e+01 -4.193525240e+01 -4.193525240e+01 +2.8404e+00 -3.9476e+00 -1.8412e+00 +3.3478e-01 -5.8217e-01 -2.3540e+00 +3.5588e-01 +1.2073e+00 +1.5864e+00 +1.3897e+00
1136 +2.995548388e+01 +2.995548388e+01 -9.708451612e+01 -9.708451612e+01 +2.4993e+00 -3.0174e+00 -1.2192e+00 +1.1686e+00 +5.7552e-01 -1.5113e+00 +4.9624e-01 +1.2169e+00 +1.8590e+00 +1.4983e+00
1266 +1.025979783e+01 +1.025979783e+01 -1.167802022e+02 -1.167802022e+02 +2.5496e+00 -3.2001e+00 -1.2218e+00 +1.1971e+00 +5.0503e-01 -1.4616e+00 +5.3462e-01 +1.3043e+00 +1.9471e+00 +1.3007e+00
1390 +5.934009889e+00 +5.934009889e+00 -1.211059901e+02 -1.211059901e+02 +2.5580e+00 -2.8489e+00 -1.2592e+00 +1.0685e+00 +3.9592e-01 -1.4660e+00 +3.8043e-01 +1.1932e+00 +1.8909e+00 +1.3774e+00
1539 +3.755151486e+00 +3.755151486e+00 -1.232848485e+02 -1.232848485e+02 +2.3975e+00 -3.1481e+00 -1.0600e+00 +7.8364e-01 +3.2587e-01 -1.7411e+00 +5.9445e-02 +9.3297e-01 +2.0280e+00 +1.6662e+00
2039 +2.476924169e+00 +2.476924169e+00 -1.245630758e+02 -1.245630758e+02 +2.4625e+00 -3.4137e+00 -9.5201e-01 +1.0412e+00 +3.7069e-01 -1.3192e+00 +6.7061e-01 +1.3117e+00 +1.9082e+00 +1.0411e+00
% function evaluation | noise-free fitness - Fopt (-3.752000000000e+01) | best noise-free fitness - Fopt | measured fitness | best measured fitness | x1 | x2...
1 +2.682255334e+04 +2.682255334e+04 +2.678503334e+04 +2.678503334e+04 -4.5591e+00 +4.7993e+00 +1.6302e-01 -3.1044e-01 +1.0217e+00 +7.3911e-01 +1.1128e+00 -3.4447e-01 +4.7384e+00 +2.1586e+00
12 +2.447705540e+04 +2.447705540e+04 +2.443953540e+04 +2.443953540e+04 +3.3911e+00 +4.4120e+00 -7.0147e-01 +3.5179e+00 +1.6400e+00 +2.2916e+00 -1.5959e+00 -7.3734e-01 +3.2568e+00 +3.8898e+00
28 +1.427381043e+04 +1.427381043e+04 +1.423629043e+04 +1.423629043e+04 +2.0785e-01 +3.2803e+00 -4.5315e+00 -3.6768e+00 -2.7806e-01 +1.4514e+00 -7.7700e-01 -4.1490e+00 +1.2773e+00 +3.2380e+00
273 +5.662635073e+03 +5.662635073e+03 +5.625115073e+03 +5.625115073e+03 +4.7040e+00 -1.0121e+00 +2.6271e+00 +7.5782e-01 +2.1335e+00 +8.7071e-01 +1.1457e+00 -3.1267e+00 +2.6655e+00 +1.4264e+00
489 +3.075218422e+03 +3.075218422e+03 +3.037698422e+03 +3.037698422e+03 +5.0000e+00 -1.8297e+00 +2.2119e+00 +1.5464e+00 +1.4175e+00 +6.2270e-01 +1.5175e+00 -2.6327e+00 +1.2005e+00 +1.9621e+00
653 +1.517137206e+03 +1.517137206e+03 +1.479617206e+03 +1.479617206e+03 +4.3441e+00 +9.5290e-03 -7.7171e-01 +1.5329e+00 +1.1557e+00 +2.7673e+00 +1.5412e+00 -2.5282e+00 +2.2656e+00 +2.0585e+00
916 +3.309255035e+02 +3.309255035e+02 +2.934055035e+02 +2.934055035e+02 +3.1990e+00 +1.4547e+00 -1.7961e+00 +1.4137e+00 -4.6125e-01 +2.9254e+00 +1.7475e+00 -2.5902e+00 +2.0021e+00 +1.3088e+00
1042 +2.374041186e+02 +2.374041186e+02 +1.998841186e+02 +1.998841186e+02 +3.2492e+00 +6.9554e-01 -1.4431e+00 +4.8450e-01 +2.0090e+00 +2.4155e+00 +7.7323e-01 -1.4038e+00 +2.3557e+00 +1.0052e+00
1200 +1.440533819e+02 +1.440533819e+02 +1.065333819e+02 +1.065333819e+02 +3.0917e+00 +7.7174e-01 -1.4129e+00 +4.6307e-01 +2.0938e+00 +2.2628e+00 +1.0040e+00 -1.2709e+00 +2.2953e+00 +1.1319e+00
1206 +9.611328543e+01 +9.611328543e+01 +5.859328543e+01 +5.859328543e+01 +2.9778e+00 +7.5105e-01 -1.1505e+00 +5.5066e-01 +2.2381e+00 +2.2701e+00 +8.3552e-01 -1.4514e+00 +2.2087e+00 +1.0757e+00
1326 +4.846756958e+01 +4.846756958e+01 +1.094756958e+01 +1.094756958e+01 +2.8358e+00 +8.1946e-01 -1.3153e+00 +8.2787e-01 +1.8369e+00 +2.1222e+00 +4.4188e-01 -1.3597e+00 +2.2878e+00 +9.0635e-01
1340 +2.183532878e+01 +2.183532878e+01 -1.568467122e+01 -1.568467122e+01 +2.7111e+00 +6.6967e-01 -1.1714e+00 +7.5005e-01 +1.7934e+00 +2.2384e+00 +3.5783e-01 -1.5127e+00 +2.3327e+00 +1.0824e+00
1431 +1.502578084e+01 +1.502578084e+01 -2.249421916e+01 -2.249421916e+01 +2.6637e+00 +6.9890e-01 -1.0428e+00 +7.0543e-01 +1.7463e+00 +2.3717e+00 +3.3697e-01 -1.5208e+00 +2.2221e+00 +1.0754e+00
1465 +4.515792151e+00 +4.515792151e+00 -3.300420785e+01 -3.300420785e+01 +2.5392e+00 +5.8255e-01 -1.0362e+00 +7.2688e-01 +1.7247e+00 +2.0969e+00 +2.2732e-01 -1.3966e+00 +2.2463e+00 +9.7816e-01
1514 +3.359509194e+00 +3.359509194e+00 -3.416049081e+01 -3.416049081e+01 +2.4792e+00 +5.4986e-01 -1.3051e+00 +6.6823e-01 +1.6872e+00 +2.2708e+00 +3.7103e-01 -1.5184e+00 +2.2963e+00 +1.1583e+00
1959 +2.198141686e+00 +2.198141686e+00 -3.532185831e+01 -3.532185831e+01 +2.1148e+00 +1.1174e+00 -1.8090e+00 -4.6912e-01 +2.0016e+00 +9.9853e-01 +7.0565e-01 -2.4754e+00 +2.0357e+00 +1.0229e+00
3521 +1.581065740e+00 +1.581065740e+00 -3.593893426e+01 -3.593893426e+01 +2.1155e+00 +1.0731e+00 -1.8972e+00 -3.7044e-01 +2.0763e+00 +8.8921e-01 +7.2998e-01 -2.4539e+00 +1.9930e+00 +9.8442e-01
% function evaluation | noise-free fitness - Fopt (-3.311600000000e+02) | best noise-free fitness - Fopt | measured fitness | best measured fitness | x1 | x2...
1 +4.727720225e+04 +4.727720225e+04 +4.694604225e+04 +4.694604225e+04 -4.3474e-01 -1.2457e+00 -1.1446e-01 -3.1967e+00 -4.3228e+00 -1.9586e+00 -2.9137e+00 -1.6111e+00 +1.1096e+00 -4.5127e-01
6 +3.883439577e+04 +3.883439577e+04 +3.850323577e+04 +3.850323577e+04 +3.8527e-01 -4.7942e+00 -1.0513e+00 +4.1477e+00 +2.2619e+00 -4.9080e+00 -2.2098e+00 +1.1581e+00 +2.2879e-01 -4.5988e+00
7 +1.216171684e+04 +1.216171684e+04 +1.183055684e+04 +1.183055684e+04 +4.7858e+00 +1.4193e+00 -5.5443e-01 -4.7441e-01 +3.4940e+00 +1.2826e-01 +6.9162e-01 -3.4849e+00 -3.3372e+00 -9.2197e-01
103 +8.905976531e+03 +8.905976531e+03 +8.574816531e+03 +8.574816531e+03 +3.7407e+00 +3.2154e+00 -2.9003e-01 +3.7833e+00 -2.8887e-01 -2.2041e+00 +6.0593e-01 -3.0596e+00 +1.2404e+00 -2.4462e+00
237 +1.421584323e+03 +1.421584323e+03 +1.090424323e+03 +1.090424323e+03 +6.4132e-01 -5.7867e-01 -2.6637e-01 +1.6361e+00 -1.1903e+00 +1.1991e-01 -1.3065e+00 -2.0297e-02 -1.1453e+00 -1.8028e+00
256 +9.016164297e+02 +9.016164297e+02 +5.704564297e+02 +5.704564297e+02 +6.7601e-01 -4.2351e-01 -2.3050e-01 +1.5961e+00 -1.0443e+00 +3.3063e-03 -1.3279e+00 -7.2472e-02 -1.2176e+00 -1.9071e+00
409 +3.798123610e+02 +3.798123610e+02 +4.865236100e+01 +4.865236100e+01 -2.0965e+00 -6.8871e-01 -1.2496e+00 -1.3527e-01 -6.7608e-01 -8.1366e-01 -1.0254e+00 -2.0610e+00 -1.3224e+00 -1.9626e+00
437 +8.761019263e+01 +8.761019263e+01 -2.435498074e+02 -2.435498074e+02 +9.3052e-01 -9.3146e-01 +2.7750e-01 +1.8079e+00 -8.5749e-01 -8.9524e-01 -1.5271e+00 -8.1973e-01 -2.3136e+00 -1.4894e+00
474 +5.008462453e+01 +5.008462453e+01 -2.810753755e+02 -2.810753755e+02 +9.5909e-01 -9.4865e-01 +2.1607e-01 +1.7120e+00 -7.6363e-01 -8.9492e-01 -1.4694e+00 -7.8117e-01 -2.3386e+00 -1.4805e+00
505 +1.622241327e+01 +1.622241327e+01 -3.149375867e+02 -3.149375867e+02 +9.6131e-01 -8.6826e-01 +2.6267e-01 +1.7701e+00 -6.8030e-01 -8.6651e-01 -1.4846e+00 -8.7246e-01 -2.2455e+00 -1.4777e+00
544 +1.584421347e+01 +1.584421347e+01 -3.153157865e+02 -3.153157865e+02 +8.1967e-01 -1.0252e+00 +1.5934e-01 +1.8430e+00 -6.9689e-01 -9.8908e-01 -1.6454e+00 -8.5428e-01 -2.4097e+00 -1.3527e+00
598 +6.884121363e+00 +6.884121363e+00 -3.242758786e+02 -3.242758786e+02 +9.6868e-01 -1.2979e+00 +6.9057e-01 +1.7143e+00 -6.1261e-01 -7.5491e-01 -1.3968e+00 -8.2085e-01 -2.2503e+00 -1.5905e+00
623 +4.693323082e+00 +4.693323082e+00 -3.264666769e+02 -3.264666769e+02 +3.4085e-02 -1.3555e+00 -5.0654e-01 +2.6712e+00 -6.3618e-01 -5.9966e-01 -1.4057e+00 -6.3414e-01 -2.5239e+00 -9.1050e-01
742 +3.902654109e+00 +3.902654109e+00 -3.272573459e+02 -3.272573459e+02 +7.4431e-01 -9.1217e-01 -4.0282e-02 +1.9407e+00 -4.3694e-01 -9.0888e-01 -1.7425e+00 -7.3440e-01 -2.4018e+00 -1.2674e+00
2323 +2.507228295e+00 +2.507228295e+00 -3.286527717e+02 -3.286527717e+02 +1.0447e+00 -8.1043e-01 -8.3699e-02 +1.8630e+00 -5.9572e-01 -9.1906e-01 -1.8864e+00 -6.9099e-01 -2.4603e+00 -1.2991e+00
% function evaluation | noise-free fitness - Fopt (4.481000000000e+01) | best noise-free fitness - Fopt | measured fitness | best measured fitness | x1 | x2...
1 +7.747059449e+04 +7.747059449e+04 +7.751540449e+04 +7.751540449e+04 -3.5471e+00 +1.3627e+00 +4.6380e+00 +2.7168e+00 +1.7608e+00 -3.8907e+00 -1.8783e+00 -4.5922e+00 +2.9376e+00 -4.4662e+00
4 +4.140707792e+04 +4.140707792e+04 +4.145188792e+04 +4.145188792e+04 -1.0442e+00 +2.2683e+00 -3.6093e+00 -4.5771e+00 +8.6830e-01 -6.0789e-01 +2.7932e+00 +2.2369e+00 +4.4732e+00 -1.5136e+00
13 +1.886644418e+04 +1.886644418e+04 +1.891125418e+04 +1.891125418e+04 +2.8593e+00 -4.1769e+00 +2.3436e+00 -1.8323e-01 +1.1421e+00 -1.9918e+00 +9.9217e-01 -9.6150e-02 +9.7207e-01 -3.8318e+00
23 +1.012199481e+04 +1.012199481e+04 +1.016680481e+04 +1.016680481e+04 +2.2917e-02 -1.4164e+00 -3.9402e+00 +1.5198e+00 +1.6369e+00 -1.2144e+00 +2.9907e+00 -2.7309e+00 +1.5344e+00 -2.2944e+00
301 +9.781552499e+03 +9.781552499e+03 +9.826362499e+03 +9.826362499e+03 +1.2275e-01 -1.5137e+00 -3.8072e+00 +1.4432e+00 +1.5807e+00 -1.2812e+00 +2.8896e+00 -2.7214e+00 +1.5712e+00 -2.3259e+00
356 +6.133134954e+03 +6.133134954e+03 +6.177944954e+03 +6.177944954e+03 +3.0563e-01 -1.5745e+00 -2.2037e+00 +1.8766e+00 +1.6876e+00 -1.9407e+00 +2.5680e+00 -1.8630e+00 +5.9454e-01 -1.7017e+00
566 +3.473360675e+03 +3.473360675e+03 +3.518170675e+03 +3.518170675e+03 -1.8582e+00 -9.4515e-01 -2.0023e+00 +2.6148e+00 +2.1657e+00 -8.1498e-01 +2.8931e+00 -1.2402e+00 -1.3944e-01 -1.2906e+00
582 +2.355347659e+03 +2.355347659e+03 +2.400157659e+03 +2.400157659e+03 -3.5495e-01 -1.3676e+00 -1.6194e+00 +8.0548e-01 +2.8891e+00 -1.5688e+00 +1.8874e+00 -1.8381e+00 +1.2410e+00 -8.0990e-01
731 +1.074065806e+03 +1.074065806e+03 +1.118875806e+03 +1.118875806e+03 -9.6085e-02 -1.0685e+00 -9.1020e-01 +8.6432e-02 +3.8083e+00 -4.9559e-01 +1.9963e+00 -9.5860e-01 +1.9808e+00 -1.2650e+00
803 +2.828932170e+02 +2.828932170e+02 +3.277032170e+02 +3.277032170e+02 -8.2325e-01 -1.6986e+00 -5.2286e-01 -3.0774e-01 +3.4304e+00 -7.5687e-01 +2.6392e+00 -1.4923e+00 +7.5024e-01 -1.5837e+00
842 +5.925976618e+00 +5.925976618e+00 +5.073597662e+01 +5.073597662e+01 -1.1526e+00 -1.4844e+00 +1.8350e-01 +1.2085e+00 +2.3659e+00 -2.5450e-01 +1.1713e+00 -2.3977e+00 +1.4257e+00 -7.9354e-01
946 +3.710577628e+00 +3.710577628e+00 +4.852057763e+01 +4.852057763e+01 -1.1406e+00 -1.4727e+00 +1.7636e-01 +1.2124e+00 +2.3431e+00 -2.4607e-01 +1.2018e+00 -2.3943e+00 +1.4258e+00 -8.2187e-01
2134 +2.486593802e+00 +2.486593802e+00 +4.729659380e+01 +4.729659380e+01 -1.0383e+00 -1.6896e+00 +3.5066e-01 +1.1988e+00 +2.2076e+00 -3.5429e-01 +1.1364e+00 -2.3876e+00 +1.6370e+00 -1.0052e+00
% function evaluation | noise-free fitness - Fopt (-1.764600000000e+02) | best noise-free fitness - Fopt | measured fitness | best measured fitness | x1 | x2...
1 +1.854432537e+05 +1.854432537e+05 +1.852667937e+05 +1.852667937e+05 -3.2388e-01 +2.8090e+00 +3.3922e+00 +1.3647e+00 -2.9627e+00 -5.2574e-01 +3.8349e+00 +3.9281e+00 -1.5673e+00 -7.6505e-01
3 +1.530640853e+05 +1.530640853e+05 +1.528876253e+05 +1.528876253e+05 -2.8410e-01 -4.9359e+00 -2.0263e+00 +4.1853e+00 +4.6767e-01 -3.3050e+00 +4.2790e+00 -8.8221e-01 -3.8347e+00 +1.4118e+00
4 +2.195213494e+04 +2.195213494e+04 +2.177567494e+04 +2.177567494e+04 +1.7939e+00 +4.2866e+00 -3.8211e+00 +1.0185e+00 +1.8752e-01 -2.4779e+00 +2.4281e-01 -3.4064e+00 +1.1681e+00 -2.2392e-01
41 +1.992284522e+03 +1.992284522e+03 +1.815824522e+03 +1.815824522e+03 -7.5663e-01 -3.0293e+00 -4.7579e+00 -1.1584e+00 +3.3100e+00 +4.8381e-01 -3.3431e-01 -2.9707e+00 +1.7432e+00 +7.5188e-01
607 +1.575594836e+03 +1.575594836e+03 +1.399134836e+03 +1.399134836e+03 -6.2282e-01 -2.9771e+00 -4.2554e+00 -1.3463e+00 +3.0709e+00 +4.3400e-01 -3.9300e-01 -3.0554e+00 +1.6572e+00 +6.7912e-01
649 +6.324759735e+02 +6.324759735e+02 +4.560159735e+02 +4.560159735e+02 -3.3439e-01 -2.5812e+00 -3.7884e+00 -1.3949e+00 +2.8943e+00 +1.0360e+00 -5.9229e-01 -2.2717e+00 +2.0362e+00 +8.0011e-01
790 +4.350806691e+02 +4.350806691e+02 +2.586206691e+02 +2.586206691e+02 -4.0565e-01 -2.3870e+00 -3.7317e+00 -1.3502e+00 +2.8919e+00 +9.7643e-01 -6.1725e-01 -2.4404e+00 +2.2383e+00 +8.5221e-01
1001 +2.234601553e+02 +2.234601553e+02 +4.700015528e+01 +4.700015528e+01 -4.4823e-01 -2.1666e+00 -3.5618e+00 -1.2846e+00 +2.9928e+00 +9.3026e-01 -6.4250e-01 -2.3722e+00 +2.2267e+00 +8.3092e-01
1076 +1.445306717e+02 +1.445306717e+02 -3.192932826e+01 -3.192932826e+01 -5.0370e-01 -1.9515e+00 -3.3898e+00 -1.2567e+00 +3.1150e+00 +1.0075e+00 -5.6615e-01 -2.2850e+00 +2.3354e+00 +9.3020e-01
1307 +6.422568287e+01 +6.422568287e+01 -1.122343171e+02 -1.122343171e+02 -3.8338e-01 -1.7878e+00 -3.5444e+00 -1.4767e+00 +2.9466e+00 +8.1412e-01 -8.7237e-01 -2.2775e+00 +2.1102e+00 +6.6933e-01
1341 +5.556642655e+01 +5.556642655e+01 -1.208935734e+02 -1.208935734e+02 -3.3730e-01 -1.8107e+00 -3.4611e+00 -1.2339e+00 +2.8213e+00 +1.2012e+00 -6.4968e-01 -1.9266e+00 +1.9826e+00 +7.0399e-01
1452 +3.621224460e+01 +3.621224460e+01 -1.402477554e+02 -1.402477554e+02 -4.8759e-01 -1.7906e+00 -3.3955e+00 -1.3807e+00 +2.8372e+00 +8.7287e-01 -9.7527e-01 -2.2189e+00 +2.0367e+00 +8.1848e-01
1627 +8.043978172e+00 +8.043978172e+00 -1.684160218e+02 -1.684160218e+02 -3.2153e-01 -1.5631e+00 -3.2613e+00 -1.3305e+00 +2.9985e+00 +1.3416e+00 -7.6367e-01 -2.6366e+00 +1.9002e+00 +7.0822e-01
1712 +5.257698589e+00 +5.257698589e+00 -1.712023014e+02 -1.712023014e+02 -5.1173e-01 -1.5989e+00 -3.3325e+00 -1.1156e+00 +2.9357e+00 +7.2856e-01 -8.1352e-01 -2.2176e+00 +1.9531e+00 +9.4727e-01
1951 +3.880382036e+00 +3.880382036e+00 -1.725796180e+02 -1.725796180e+02 -4.2324e-01 -1.4744e+00 -3.1866e+00 -1.0882e+00 +3.0011e+00 +6.9648e-01 -7.5634e-01 -2.1057e+00 +1.8492e+00 +9.7537e-01
3689 +2.482398645e+00 +2.482398645e+00 -1.739776014e+02 -1.739776014e+02 -7.3111e-01 -1.6009e+00 -3.2007e+00 -1.3132e+00 +2.9971e+00 +7.1994e-01 -8.0041e-01 -1.7121e+00 +1.8063e+00 +1.0552e+00
