% function evaluation | noise-free fitness - Fopt (-5.465000000000e+02) | best noise-free fitness - Fopt | measured fitness | best measured fitness | x1 | x2...
1 +2.555042569e+04 +2.555042569e+04 +2.500392569e+04 +2.500392569e+04 -1.3094e+00 -4.6183e+00 +2.5229e+00 +1.6896e+00 +2.5112e+00 +1.5588e+00 +1.3515e+00 -7.8781e-01 -3.6057e+00 +4.1217e-02
4 +6.330577654e+03 +6.330577654e+03 +5.784077654e+03 +5.784077654e+03 +4.7019e+00 +1.8441e+00 +5.2458e-01 -1.3936e+00 +2.3761e+00 +1.7172e+00 -2.7290e+00 +1.0464e+00 +6.1255e-02 +1.5233e+00
46 +4.156516715e+03 +4.156516715e+03 +3.610016715e+03 +3.610016715e+03 -2.5273e-01 +3.4792e+00 +3.3701e+00 +3.1318e+00 +3.2305e+00 -1.4555e+00 -2.6984e+00 +6.7671e-01 -1.7152e+00 +1.4715e+00
317 +3.585967984e+03 +3.585967984e+03 +3.039467984e+03 +3.039467984e+03 +4.6565e+00 +1.7336e+00 -3.3735e-01 -1.2211e+00 +2.2356e+00 +1.4346e+00 -1.8404e+00 +8.4924e-01 -6.3180e-01 +1.7554e+00
355 +2.253008413e+03 +2.253008413e+03 +1.706508413e+03 +1.706508413e+03 +1.3773e+00 +1.7631e+00 -2.6147e+00 -3.5276e+00 +6.9251e-01 +4.2428e-01 -3.8859e-01 +6.5159e-01 -1.4809e+00 +3.4474e-01
653 +1.418479088e+03 +1.418479088e+03 +8.719790879e+02 +8.719790879e+02 +1.2917e+00 +2.3669e+00 +1.1690e+00 +1.9409e+00 +2.6756e+00 -1.9334e+00 -2.3848e+00 +8.6965e-01 -1.2361e+00 +2.7138e+00
860 +9.707713274e+02 +9.707713274e+02 +4.242713274e+02 +4.242713274e+02 +1.7636e+00 +7.6304e-01 -2.0504e+00 -3.6961e+00 +2.7424e-01 -1.1445e+00 -7.5096e-01 +1.9439e-01 -1.6598e+00 +1.0751e+00
977 +6.266446668e+02 +6.266446668e+02 +8.014466677e+01 +8.014466677e+01 +1.3428e+00 +1.3822e+00 +2.2300e+00 +1.7269e+00 +2.4512e+00 -2.0508e+00 -2.5699e+00 +8.5327e-01 -2.2162e+00 +2.3676e+00
1310 +3.540888421e+02 +3.540888421e+02 -1.924111579e+02 -1.924111579e+02 +1.8108e+00 +4.2460e+00 -1.9837e+00 -3.4024e+00 +1.6943e+00 +2.6001e-01 -1.7751e+00 +2.5388e-01 -1.9047e+00 +1.0698e+00
1378 +2.348402760e+02 +2.348402760e+02 -3.116597240e+02 -3.116597240e+02 +3.1057e+00 +2.2805e+00 +2.0687e+00 +2.1146e-01 +2.5948e+00 -2.4310e+00 -1.8137e-01 +1.3194e+00 -1.8933e+00 +2.2992e+00
1524 +2.788815003e+01 +2.788815003e+01 -5.186118500e+02 -5.186118500e+02 +2.4181e+00 +2.8394e+00 -1.8321e+00 -2.0392e+00 +1.8270e+00 -6.1951e-01 -1.4287e+00 +3.8452e-01 -1.9778e+00 +1.3390e+00
1982 +2.502160577e+01 +2.502160577e+01 -5.214783942e+02 -5.214783942e+02 +2.4074e+00 +2.8398e+00 -1.8209e+00 -2.0478e+00 +1.8493e+00 -6.0673e-01 -1.4517e+00 +3.8770e-01 -1.9830e+00 +1.3351e+00
2057 +9.259137512e+00 +9.259137512e+00 -5.372408625e+02 -5.372408625e+02 +2.4254e+00 +2.8713e+00 -1.7400e+00 -2.1967e+00 +1.9140e+00 -4.5814e-01 -1.4056e+00 +4.3072e-01 -1.9958e+00 +1.4059e+00
2173 +4.998370485e+00 +4.998370485e+00 -5.415016295e+02 -5.415016295e+02 +2.3494e+00 +2.8572e+00 -1.6727e+00 -2.0282e+00 +1.8260e+00 -5.1915e-01 -1.3438e+00 +4.0740e-01 -2.1557e+00 +1.3421e+00
2219 +2.993371823e+00 +2.993371823e+00 -5.435066282e+02 -5.435066282e+02 +2.2153e+00 +3.1871e+00 -1.0799e+00 -2.7255e+00 +2.0190e+00 -2.1819e+00 -1.5193e+00 +1.0165e+00 -2.0527e+00 +1.2241e+00
2885 +2.511399679e+00 +2.511399679e+00 -5.439886003e+02 -5.439886003e+02 +2.1242e+00 +3.2648e+00 -1.0812e+00 -2.8018e+00 +2.0170e+00 -2.1574e+00 -1.5554e+00 +1.0324e+00 -1.9826e+00 +1.0407e+00
4310 +1.490873027e+00 +1.490873027e+00 -5.450091270e+02 -5.450091270e+02 +2.4776e+00 +3.3277e+00 -1.0244e+00 -2.8490e+00 +1.9253e+00 -2.1913e+00 -1.6000e+00 +8.1348e-01 -1.9722e+00 +9.5568e-01
% function evaluation | noise-free fitness - Fopt (1.000000000000e+03) | best noise-free fitness - Fopt | measured fitness | best measured fitness | x1 | x2...
1 +8.143241761e+04 +8.143241761e+04 +8.243241761e+04 +8.243241761e+04 -5.7715e-01 +3.4444e+00 -1.7761e+00 +3.3607e+00 +1.2952e+00 -3.3462e+00 -4.9407e+00 +1.0561e+00 -4.7631e+00 +2.8166e+00
2 +2.158547613e+04 +2.158547613e+04 +2.258547613e+04 +2.258547613e+04 -3.1629e+00 +4.2221e+00 -1.5514e+00 -1.4314e+00 -4.2533e+00 +8.6171e-01 +1.0264e+00 +2.7592e+00 -2.0469e+00 -4.0280e+00
5 +1.477769376e+04 +1.477769376e+04 +1.577769376e+04 +1.577769376e+04 +2.6158e+00 +1.3558e+00 +1.8280e+00 -4.8431e+00 -4.2130e+00 -1.4452e+00 -3.4664e-01 +3.9848e+00 +3.8119e-01 -1.1338e+00
39 +5.248079255e+03 +5.248079255e+03 +6.248079255e+03 +6.248079255e+03 +3.1574e+00 -4.8516e-01 -2.3565e+00 -1.4557e+00 -4.0234e+00 +2.7603e+00 +9.1736e-01 +3.3764e+00 -3.9662e-01 -1.1564e+00
204 +2.071955959e+03 +2.071955959e+03 +3.071955959e+03 +3.071955959e+03 +2.2025e+00 +9.1770e-01 +2.0602e+00 -1.2796e+00 -1.7876e+00 -1.0267e-01 -3.2408e+00 +1.3200e+00 -1.0640e+00 -3.5351e-01
743 +1.578489874e+02 +1.578489874e+02 +1.157848987e+03 +1.157848987e+03 +2.7978e+00 +2.2888e+00 +1.5368e+00 -3.3568e-01 -1.1310e+00 +1.5357e+00 -1.8132e+00 +2.3842e+00 -2.2857e+00 -4.6519e-01
1180 +3.214070712e+01 +3.214070712e+01 +1.032140707e+03 +1.032140707e+03 +1.5177e+00 -6.9692e-02 +3.4665e-01 -2.0180e+00 -2.3015e+00 +1.8043e+00 -2.2191e+00 +2.3464e+00 -1.8675e+00 -1.0423e+00
1205 +4.136502806e+00 +4.136502806e+00 +1.004136503e+03 +1.004136503e+03 +7.7473e-01 +1.4985e+00 +1.1995e-01 -1.5486e+00 -5.2850e-01 +1.0150e+00 -2.4130e+00 +1.4639e+00 -7.0968e-01 -1.3324e+00
1627 +3.978040358e+00 +3.978040358e+00 +1.003978040e+03 +1.003978040e+03 +7.0950e-01 +1.3834e+00 +4.7320e-02 -1.4726e+00 -3.4883e-01 +1.0004e+00 -2.4349e+00 +1.3890e+00 -8.7769e-01 -1.2837e+00
4778 +2.487276664e+00 +2.487276664e+00 +1.002487277e+03 +1.002487277e+03 +6.6606e-01 +1.2622e+00 +4.0914e-01 -1.4601e+00 -5.2348e-01 +1.0016e+00 -2.3896e+00 +1.5995e+00 -9.4797e-01 -1.2553e+00
% function evaluation | noise-free fitness - Fopt (2.083800000000e+02) | best noise-free fitness - Fopt | measured fitness | best measured fitness | x1 | x2...
1 +4.252851129e+04 +4.252851129e+04 +4.273689129e+04 +4.273689129e+04 +1.3129e+00 -3.0672e-01 +4.7917e-02 +7.6976e-02 +2.8683e+00 -8.0471e-02 -2.9679e+00 +5.4074e-01 -4.7305e+00 -1.0425e+00
12 +2.304731916e+04 +2.304731916e+04 +2.325569916e+04 +2.325569916e+04 +1.4295e+00 +2.9839e+00 -2.1696e+00 +3.2566e+00 -4.4320e+00 +4.1220e+00 +1.7289e+00 +1.3325e+00 -3.8210e+00 -7.0059e-01
48 +6.583905777e+03 +6.583905777e+03 +6.792285777e+03 +6.792285777e+03 +6.4975e-01 -1.8997e+00 +4.9976e+00 -2.4266e-01 +1.1328e+00 -8.5483e-01 +3.8133e+00 +2.0212e+00 -2.3490e+00 -2.1580e-01
96 +7.731922658e+02 +7.731922658e+02 +9.815722658e+02 +9.815722658e+02 +2.7306e+00 -1.2219e-01 -1.9438e+00 +2.2801e+00 +2.4496e+00 +2.4785e-01 +2.3534e+00 +1.3185e+00 -1.1102e+00 +1.7973e+00
318 +4.231269158e+02 +4.231269158e+02 +6.315069158e+02 +6.315069158e+02 +1.6885e+00 +8.2015e-01 -8.2406e-01 +2.6837e+00 +1.2251e+00 +5.2074e-01 +3.0738e+00 +2.2633e+00 -6.0520e-01 +1.9614e+00
477 +2.694451327e+02 +2.694451327e+02 +4.778251327e+02 +4.778251327e+02 +1.5975e+00 +7.6603e-01 -7.5665e-01 +2.8279e+00 +1.4595e+00 +2.4421e-01 +3.0338e+00 +2.2566e+00 -5.0751e-01 +1.9524e+00
573 +1.174968258e+02 +1.174968258e+02 +3.258768258e+02 +3.258768258e+02 +1.3999e+00 -2.1429e-01 -8.5073e-01 +1.8069e+00 +1.4576e+00 +1.2441e+00 +2.3414e+00 +2.4254e+00 -5.9611e-01 +2.4741e+00
860 +7.010028683e+01 +7.010028683e+01 +2.784802868e+02 +2.784802868e+02 +1.6937e+00 +8.8573e-01 -8.9363e-01 +2.6153e+00 +1.2022e+00 +5.0220e-01 +2.8719e+00 +2.1053e+00 -5.8146e-01 +2.0477e+00
873 +8.213414171e+00 +8.213414171e+00 +2.165934142e+02 +2.165934142e+02 +1.4606e+00 -2.4531e-01 -8.1304e-01 +1.9284e+00 +1.2937e+00 +1.2128e+00 +2.3020e+00 +2.2609e+00 -6.7746e-01 +2.5443e+00
1074 +4.187485857e+00 +4.187485857e+00 +2.125674859e+02 +2.125674859e+02 +1.2289e+00 -3.1250e-01 -8.7164e-01 +1.6222e+00 +1.4530e+00 +1.3166e+00 +2.2158e+00 +2.2544e+00 -4.4556e-01 +2.4413e+00
1195 +3.430197825e+00 +3.430197825e+00 +2.118101978e+02 +2.118101978e+02 +1.1891e+00 -3.9410e-01 -7.6077e-01 +1.9777e+00 +1.5994e+00 +1.3063e+00 +2.1210e+00 +2.2183e+00 -7.5628e-01 +2.3839e+00
2260 +2.495214355e+00 +2.495214355e+00 +2.108752144e+02 +2.108752144e+02 +1.3533e+00 -4.5300e-01 -8.1103e-01 +1.7092e+00 +1.4682e+00 +1.3102e+00 +2.2522e+00 +2.1265e+00 -4.4409e-01 +2.5563e+00
% function evaluation | noise-free fitness - Fopt (-1.449600000000e+02) | best noise-free fitness - Fopt | measured fitness | best measured fitness | x1 | x2...
1 +1.056871997e+05 +1.056871997e+05 +1.055422397e+05 +1.055422397e+05 +2.3422e+00 -3.1789e+00 +1.6352e+00 -1.0735e-02 -3.2717e+00 +2.2442e+00 -7.4201e-01 +9.7668e-01 -4.1653e+00 -4.7943e+00
4 +2.641670558e+04 +2.641670558e+04 +2.627174558e+04 +2.627174558e+04 -1.8544e+00 -1.0390e-01 -1.6682e+00 +1.2526e+00 +6.5951e-01 -4.8552e-01 -1.4338e+00 +4.4073e+00 +2.3373e+00 +2.3104e+00
23 +1.332758687e+04 +1.332758687e+04 +1.318262687e+04 +1.318262687e+04 -1.1071e-01 -4.2833e+00 +4.2872e+00 -7.8066e-01 +9.3347e-01 -1.6679e-01 -4.3671e+00 +2.1780e+00 -2.0361e+00 +3.1432e+00
45 +3.569088697e+03 +3.569088697e+03 +3.424128697e+03 +3.424128697e+03 +6.0470e-01 -1.1707e+00 -2.9145e+00 -1.4375e+00 +1.9094e+00 -2.2065e-01 -9.7157e-01 +7.2168e-01 -6.1061e-01 +1.5244e+00
603 +1.494110916e+03 +1.494110916e+03 +1.349150916e+03 +1.349150916e+03 -1.2045e+00 +6.5005e-01 -2.7323e+00 -3.5305e+00 +1.0720e+00 +1.1671e+00 -1.5311e+00 +7.0066e-01 -1.0268e+00 +2.3551e+00
870 +1.905106212e+02 +1.905106212e+02 +4.555062120e+01 +4.555062120e+01 +1.0879e+00 -1.7675e+00 -1.6950e+00 -7.0833e-01 +1.5628e-01 +1.2117e-01 -1.6523e-01 +8.3935e-01 -1.0650e+00 +2.2131e+00
1179 +1.323243163e+02 +1.323243163e+02 -1.263568367e+01 -1.263568367e+01 +1.0785e+00 -1.7399e+00 -1.6802e+00 -7.8300e-01 +1.1351e-01 +8.2542e-02 -2.4505e-01 +9.1988e-01 -1.0902e+00 +2.1514e+00
1196 +1.045737116e+01 +1.045737116e+01 -1.345026288e+02 -1.345026288e+02 +2.0329e+00 -1.0658e+00 -2.7644e+00 -2.6346e-01 +1.7056e-01 +7.3273e-01 -9.2270e-01 +5.5476e-01 -1.4641e+00 +1.9056e+00
1200 +6.007875138e+00 +6.007875138e+00 -1.389521249e+02 -1.389521249e+02 +1.3743e+00 -3.9644e-01 -2.1772e+00 -1.1426e+00 +4.5069e-01 +4.8292e-01 -1.9637e+00 +7.7471e-01 -1.7537e+00 +8.9310e-01
2063 +3.577202054e+00 +3.577202054e+00 -1.413827979e+02 -1.413827979e+02 +2.9446e-01 -2.5240e+00 -1.1051e+00 -6.2040e-01 +2.7329e-01 +6.6022e-01 -1.4559e+00 +4.5482e-01 -1.1561e+00 +8.9638e-01
3365 +2.474319605e+00 +2.474319605e+00 -1.424856804e+02 -1.424856804e+02 -1.0446e+00 -2.1718e+00 -1.9678e+00 -6.0667e-01 -8.5623e-01 +4.9876e-01 -8.5381e-01 +1.7819e+00 -1.7817e+00 +1.8550e+00
% function evaluation | noise-free fitness - Fopt (-6.300000000000e+00) | best noise-free fitness - Fopt | measured fitness | best measured fitness | x1 | x2...
1 +1.453870805e+05 +1.453870805e+05 +1.453807805e+05 +1.453807805e+05 -4.9488e+00 -3.7435e+00 +4.1288e+00 -2.9149e+00 -3.9379e-01 +1.0750e+00 -4.1620e+00 -1.2882e-02 -3.9311e+00 +3.9868e+00
3 +3.653664442e+04 +3.653664442e+04 +3.653034442e+04 +3.653034442e+04 +2.3412e+00 +1.0403e+00 -3.3801e-01 -4.2755e+00 -4.8204e+00 -4.1993e+00 -3.3234e+00 -1.3451e+00 +2.5209e+00 +3.6275e-01
5 +8.813867150e+03 +8.813867150e+03 +8.807567150e+03 +8.807567150e+03 -1.6986e+00 +1.7374e-02 +1.0387e+00 +2.0174e+00 -1.5209e+00 +1.0764e+00 +3.6881e+00 -2.4608e+00 +3.1069e+00 -5.1566e-01
319 +4.756944070e+03 +4.756944070e+03 +4.750644070e+03 +4.750644070e+03 -1.2946e+00 -1.8902e+00 -2.2497e+00 +1.6935e-01 -2.2318e+00 -2.2807e+00 +3.8442e+00 -1.8307e+00 +2.0230e+00 +1.0830e+00
560 +3.285943693e+03 +3.285943693e+03 +3.279643693e+03 +3.279643693e+03 +3.7024e-01 -1.9659e+00 -2.2586e+00 -1.1592e+00 -2.5889e+00 -2.1878e+00 +3.5959e+00 -3.4815e-01 +1.9964e+00 +1.5096e+00
913 +9.266995617e+02 +9.266995617e+02 +9.203995617e+02 +9.203995617e+02 -1.3043e-01 -6.3324e-01 -1.4198e+00 +4.0695e-01 -2.4364e+00 -1.1316e+00 +2.1982e+00 -2.8633e+00 +1.8372e+00 +1.4846e+00
968 +4.848638210e+02 +4.848638210e+02 +4.785638210e+02 +4.785638210e+02 +4.4955e-01 -2.6403e+00 -3.1265e+00 +4.7582e-01 -3.3980e-01 -9.3810e-01 +2.5032e+00 -2.5820e-01 +1.7731e+00 +1.1314e+00
998 +3.813075661e+02 +3.813075661e+02 +3.750075661e+02 +3.750075661e+02 +8.2243e-01 +6.2584e-01 -1.1132e-01 -1.2090e-01 -1.4832e+00 -2.3454e-01 +1.5067e+00 -2.4786e+00 +1.2474e+00 +2.7475e+00
1094 +1.769072352e+02 +1.769072352e+02 +1.706072352e+02 +1.706072352e+02 +1.7755e+00 -2.0354e+00 -2.5555e+00 -1.5472e+00 -2.1737e+00 +7.2353e-02 +2.4373e+00 -2.2773e+00 +1.2316e+00 +1.0857e+00
1176 +1.186516183e+02 +1.186516183e+02 +1.123516183e+02 +1.123516183e+02 +1.8385e+00 -2.0171e+00 -2.5345e+00 -1.4930e+00 -2.3094e+00 +1.3952e-01 +2.4196e+00 -2.1205e+00 +1.4030e+00 +1.2241e+00
1266 +6.329958090e+01 +6.329958090e+01 +5.699958090e+01 +5.699958090e+01 +9.3620e-01 +6.8315e-01 -1.5992e-01 -3.0327e-01 -1.3987e+00 -1.0775e-01 +1.5340e+00 -2.4537e+00 +1.0625e+00 +2.6057e+00
1445 +4.309333765e+01 +4.309333765e+01 +3.679333765e+01 +3.679333765e+01 +1.8825e+00 -1.8015e+00 -2.4677e+00 -1.3363e+00 -2.1590e+00 +1.0135e-01 +2.4752e+00 -2.0506e+00 +1.1919e+00 +1.2901e+00
1478 +1.935859604e+01 +1.935859604e+01 +1.305859604e+01 +1.305859604e+01 -2.1001e-01 -1.4242e+00 -1.0358e+00 +4.4122e-01 +1.6384e-01 -1.2538e+00 +2.5880e+00 -1.8214e+00 +1.5941e+00 +9.3309e-01
1547 +5.152944944e+00 +5.152944944e+00 -1.147055056e+00 -1.147055056e+00 +5.3831e-01 -2.6741e+00 -8.9412e-01 -4.9842e-01 -1.8263e+00 -9.6689e-03 +2.1201e+00 -1.8378e+00 +1.6002e+00 +1.8129e+00
1870 +3.814906444e+00 +3.814906444e+00 -2.485093556e+00 -2.485093556e+00 +1.2694e+00 +8.0915e-01 -2.3869e-01 -4.4687e-01 -1.3458e+00 -7.2700e-02 +1.4363e+00 -2.3289e+00 +1.1066e+00 +2.3809e+00
3349 +2.328369548e+00 +2.328369548e+00 -3.971630452e+00 -3.971630452e+00 +1.1983e+00 +7.6677e-01 -7.5442e-02 -5.2967e-01 -1.4485e+00 -3.7253e-01 +1.3497e+00 -2.2585e+00 +1.3607e+00 +2.2991e+00
% function evaluation | noise-free fitness - Fopt (-2.206000000000e+01) | best noise-free fitness - Fopt | measured fitness | best measured fitness | x1 | x2...
1 +6.976235299e+04 +6.976235299e+04 +6.974029299e+04 +6.974029299e+04 +3.1928e+00 +1.5475e-01 -1.4574e+00 +4.1605e+00 +1.4533e+00 +2.4458e+00 -4.1966e+00 -1.4937e+00 -2.8552e-01 +1.0481e+00
5 +4.044850748e+04 +4.044850748e+04 +4.042644748e+04 +4.042644748e+04 +4.1588e+00 -4.5762e+00 -3.6480e+00 +4.8680e+00 +9.9929e-01 -4.5428e+00 +9.6129e-01 -3.6125e+00 +2.3767e+00 +2.7875e+00
7 +1.185334822e+04 +1.185334822e+04 +1.183128822e+04 +1.183128822e+04 +9.6454e-01 -2.1807e-01 +2.2414e-01 +1.3515e+00 +2.1903e+00 +3.0895e+00 +3.2917e+00 +4.4016e-01 -2.3585e+00 +1.9883e+00
41 +7.486845796e+03 +7.486845796e+03 +7.464785796e+03 +7.464785796e+03 -4.7082e+00 -4.2596e-01 +3.1651e+00 +4.1281e-02 -5.2759e-01 -2.2225e+00 +2.4084e+00 +1.4211e-01 -3.5936e-01 +2.7541e+00
165 +5.720442801e+03 +5.720442801e+03 +5.698382801e+03 +5.698382801e+03 -4.5058e+00 +3.9100e+00 -1.8915e+00 -7.1013e-01 +1.3077e+00 -4.0686e+00 -1.1046e+00 -1.6793e+00 -5.3421e-01 +1.6231e+00
487 +2.181057027e+03 +2.181057027e+03 +2.158997027e+03 +2.158997027e+03 -4.3934e+00 +4.7927e+00 -2.2806e+00 -3.2409e-01 +1.6379e+00 -2.3791e+00 -4.9112e-01 -1.0499e+00 -8.4736e-01 +1.8268e+00
546 +1.015053612e+03 +1.015053612e+03 +9.929936119e+02 +9.929936119e+02 -4.0807e+00 +3.1484e+00 -1.6250e+00 -1.3069e+00 +1.6919e+00 -2.4777e+00 -1.8639e-01 -2.2084e+00 -7.9428e-01 +1.5781e+00
736 +9.209083877e+02 +9.209083877e+02 +8.988483877e+02 +8.988483877e+02 -3.9970e+00 +3.2772e+00 -1.6622e+00 -1.2686e+00 +1.6585e+00 -2.4935e+00 -2.1584e-01 -2.1457e+00 -6.3085e-01 +1.3628e+00
1070 +2.151913376e+02 +2.151913376e+02 +1.931313376e+02 +1.931313376e+02 -2.8811e+00 +2.2150e+00 -1.2868e+00 -8.4334e-01 +2.1872e+00 -2.1888e+00 -3.4156e-01 -2.2380e+00 -2.2100e+00 +1.7045e+00
1110 +1.142264086e+02 +1.142264086e+02 +9.216640865e+01 +9.216640865e+01 -3.0252e+00 +2.6786e+00 -1.3445e+00 -1.6328e+00 -5.0890e-01 -2.8530e+00 -1.7287e-01 -1.7592e+00 -7.4558e-01 +1.5280e+00
1230 +8.115038473e+01 +8.115038473e+01 +5.909038473e+01 +5.909038473e+01 -2.9014e+00 +2.5498e+00 -1.3647e+00 -1.5952e+00 -6.3661e-01 -2.9744e+00 -1.4995e-01 -1.6001e+00 -7.6586e-01 +1.7131e+00
1392 +3.638375829e+00 +3.638375829e+00 -1.842162417e+01 -1.842162417e+01 -2.4898e+00 +2.3497e+00 -1.0637e+00 -2.3380e+00 -5.2624e-01 -2.9374e+00 +3.0240e-01 -1.3812e+00 -1.5041e+00 +1.6263e+00
2179 +2.483931722e+00 +2.483931722e+00 -1.957606828e+01 -1.957606828e+01 -2.4529e+00 +2.3549e+00 -1.0989e+00 -2.2564e+00 -6.7842e-01 -2.8251e+00 +2.6301e-01 -1.1537e+00 -1.4025e+00 +1.4977e+00
% function evaluation | noise-free fitness - Fopt (7.129000000000e+01) | best noise-free fitness - Fopt | measured fitness | best measured fitness | x1 | x2...
1 +7.670836018e+04 +7.670836018e+04 +7.677965018e+04 +7.677965018e+04 +1.0550e+00 +1.5486e+00 -2.7670e+00 +4.3691e+00 -2.1063e+00 -7.8706e-01 -4.9112e+00 +2.7269e+00 +7.8352e-01 -1.5581e+00
5 +5.912248196e+04 +5.912248196e+04 +5.919377196e+04 +5.919377196e+04 +2.8295e+00 +1.0008e+00 +3.4299e+00 -4.5679e+00 +2.9657e+00 -5.5261e-01 +2.0949e+00 -1.0252e+00 -4.1130e+00 +3.5192e+00
6 +3.069039280e+04 +3.069039280e+04 +3.076168280e+04 +3.076168280e+04 -4.4069e+00 +2.4938e+00 +2.8934e+00 +4.0383e+00 +2.5476e+00 -9.2978e-02 +2.6590e+00 -1.7749e+00 +5.6009e-01 +8.3061e-01
25 +6.986789449e+03 +6.986789449e+03 +7.058079449e+03 +7.058079449e+03 +3.4879e+00 +3.3512e+00 +2.6008e+00 +5.5329e-01 -2.0478e+00 -5.3505e-01 -1.3830e+00 -7.3772e-01 -4.0287e+00 +5.9885e-01
351 +2.933010031e+03 +2.933010031e+03 +3.004300031e+03 +3.004300031e+03 +2.8088e+00 +2.2616e+00 +1.8571e+00 +8.7645e-01 +3.8643e-01 +5.8402e-02 -2.5481e+00 -9.0107e-01 -3.4828e+00 +1.2209e+00
361 +2.185001204e+03 +2.185001204e+03 +2.256291204e+03 +2.256291204e+03 +3.3012e+00 +3.5594e+00 +2.3897e+00 +1.5443e+00 -3.4821e+00 -6.5949e-02 -7.4530e-01 -2.2406e-01 -2.8274e+00 +1.4626e-01
738 +1.502150787e+03 +1.502150787e+03 +1.573440787e+03 +1.573440787e+03 +3.5332e+00 +1.5408e+00 +2.3716e+00 +2.8938e-01 -2.7850e+00 -1.8757e+00 +2.4455e-01 -1.8795e+00 -2.6241e+00 +1.2599e-01
821 +7.465104645e+02 +7.465104645e+02 +8.178004645e+02 +8.178004645e+02 +3.8598e+00 +3.7129e+00 +1.9390e+00 +1.0402e+00 -1.7759e+00 -1.0332e+00 -1.9496e+00 -4.2035e-01 -2.5160e+00 +2.1521e+00
1109 +5.502079815e+02 +5.502079815e+02 +6.214979815e+02 +6.214979815e+02 +3.6592e+00 +3.7146e+00 +2.0845e+00 +1.0387e+00 -1.5986e+00 -1.1359e+00 -1.9891e+00 -4.2767e-01 -2.4706e+00 +2.1665e+00
1156 +3.862621113e+02 +3.862621113e+02 +4.575521113e+02 +4.575521113e+02 +2.7108e+00 +3.9297e+00 +2.2039e+00 +2.9047e+00 -1.7401e+00 -1.3454e+00 -1.9618e+00 -3.1570e-01 -2.1242e+00 +2.2912e+00
1172 +1.199215777e+02 +1.199215777e+02 +1.912115777e+02 +1.912115777e+02 +2.1634e-01 +1.5146e+00 +1.4648e+00 -5.2482e-01 +1.9010e-01 -3.9819e-01 -1.0286e+00 -3.3943e-01 -8.1298e-01 +1.7777e+00
1569 +8.342514787e+01 +8.342514787e+01 +1.547151479e+02 +1.547151479e+02 +2.7036e-01 +1.6060e+00 +1.4174e+00 -4.2556e-01 +1.1067e-01 -3.8921e-01 -1.0102e+00 -3.3620e-01 -8.3777e-01 +1.7244e+00
1618 +6.279253673e+01 +6.279253673e+01 +1.340825367e+02 +1.340825367e+02 +3.0307e-01 +1.6818e+00 +1.4267e+00 -3.7461e-01 +1.7484e-01 -4.3087e-01 -9.8116e-01 -3.9048e-01 -8.3097e-01 +1.7153e+00
1649 +8.195570061e+00 +8.195570061e+00 +7.948557006e+01 +7.948557006e+01 +3.6499e-01 +1.5219e+00 +1.4162e+00 -5.2954e-01 +5.6119e-02 -4.2057e-01 -8.8135e-01 -5.2341e-01 -1.0572e+00 +1.5385e+00
1869 +5.337808153e+00 +5.337808153e+00 +7.662780815e+01 +7.662780815e+01 +6.2841e-01 +1.6060e+00 +1.3261e+00 -2.5634e-01 +1.0496e-01 -4.6432e-01 -1.0080e+00 -4.9427e-01 -8.4861e-01 +1.7154e+00
2035 +3.941064132e+00 +3.941064132e+00 +7.523106413e+01 +7.523106413e+01 +2.4932e+00 +2.5021e-01 +2.0467e+00 -9.9456e-01 -1.4432e+00 -1.7099e-01 -1.1714e+00 -7.5013e-01 -2.0135e+00 +2.1387e+00
3852 +2.499487413e+00 +2.499487413e+00 +7.378948741e+01 +7.378948741e+01 +2.4880e+00 +7.9885e-02 +2.0260e+00 -9.9689e-01 -1.3719e+00 -3.7167e-01 -1.2715e+00 -8.5967e-01 -2.0068e+00 +2.1286e+00
% function evaluation | noise-free fitness - Fopt (-1.054000000000e+01) | best noise-free fitness - Fopt | measured fitness | best measured fitness | x1 | x2...
1 +1.766199228e+05 +1.766199228e+05 +1.766093828e+05 +1.766093828e+05 +8.4858e-01 -1.8796e+00 -2.7619e-01 -4.2767e-01 -3.8978e+00 +6.7343e-01 +6.5477e-01 -4.3662e+00 -1.9831e+00 -4.6108e+00
2 +5.025583904e+04 +5.025583904e+04 +5.024529904e+04 +5.024529904e+04 +1.2023e-01 +4.2151e+00 -4.7324e+00 -4.3832e+00 +3.6739e+00 -6.6111e-01 -4.3262e+00 -4.9118e+00 +9.0139e-01 +2.9319e+00
8 +7.674270696e+03 +7.674270696e+03 +7.663730696e+03 +7.663730696e+03 +2.7991e+00 -1.4268e+00 +1.5451e+00 +7.2723e-01 -1.9359e+00 +3.0391e+00 -7.4548e-01 -1.1607e+00 +5.4709e-01 +3.8980e+00
108 +3.701284738e+03 +3.701284738e+03 +3.690744738e+03 +3.690744738e+03 +1.4933e+00 +2.9471e+00 -2.9160e+00 +5.6563e-01 -4.3130e+00 +8.9422e-01 -3.3666e+00 -1.0506e+00 +1.1227e+00 +2.0878e+00
501 +7.881617802e+02 +7.881617802e+02 +7.776217802e+02 +7.776217802e+02 -3.6173e+00 -8.3922e-01 -3.0361e+00 -2.0015e+00 -6.9869e-01 +3.3707e-02 -2.3181e+00 -1.0745e+00 +2.7690e+00 +2.0897e+00
947 +5.834143842e+02 +5.834143842e+02 +5.728743842e+02 +5.728743842e+02 -3.4898e+00 -8.2488e-01 -3.0278e+00 -2.0068e+00 -9.2697e-01 -2.4189e-02 -2.4021e+00 -1.0897e+00 +2.7031e+00 +2.0519e+00
990 +2.353546205e+02 +2.353546205e+02 +2.248146205e+02 +2.248146205e+02 -3.2583e+00 -1.1687e+00 -2.6765e+00 -2.1018e+00 -1.8269e+00 +1.0562e+00 -1.3226e+00 -1.5522e+00 +1.5046e+00 +2.1425e+00
1214 +1.576259266e+02 +1.576259266e+02 +1.470859266e+02 +1.470859266e+02 -3.1188e+00 -1.8766e+00 -2.4195e+00 -2.0953e+00 -3.2591e-01 +1.5856e+00 -4.0485e-01 -1.3176e+00 +2.4545e+00 +2.1000e+00
1359 +8.525382055e+00 +8.525382055e+00 -2.014617945e+00 -2.014617945e+00 -1.8569e+00 +1.3622e-02 -2.7086e+00 -3.2737e-01 -2.8496e+00 +1.0785e+00 -1.4111e+00 -1.4387e+00 +6.0957e-01 +1.6345e+00
1766 +4.337017392e+00 +4.337017392e+00 -6.202982608e+00 -6.202982608e+00 -1.7375e+00 +2.1315e-01 -2.7850e+00 -2.3658e-01 -2.8319e+00 +1.0060e+00 -1.4682e+00 -1.5079e+00 +6.1745e-01 +1.7314e+00
1829 +3.438620694e+00 +3.438620694e+00 -7.101379306e+00 -7.101379306e+00 -1.8292e+00 +2.1525e-01 -2.8463e+00 -9.6383e-02 -2.7708e+00 +1.0251e+00 -1.5594e+00 -1.5321e+00 +6.3097e-01 +1.6227e+00
2246 +2.336906312e+00 +2.336906312e+00 -8.203093688e+00 -8.203093688e+00 -1.7556e+00 +6.5664e-02 -2.6019e+00 -1.4903e-01 -2.6252e+00 +1.3289e+00 -1.4497e+00 -1.4106e+00 +6.3003e-01 +1.3292e+00
% function evaluation | noise-free fitness - Fopt (3.860100000000e+02) | best noise-free fitness - Fopt | measured fitness | best measured fitness | x1 | x2...
1 +1.847183379e+05 +1.847183379e+05 +1.851043479e+05 +1.851043479e+05 -3.7563e+00 +3.6784e+00 -2.3539e+00 -1.2108e+00 -3.2171e+00 -3.8329e+00 +2.3967e+00 +2.3321e-01 -1.8542e+00 +3.5707e+00
2 +1.349892818e+05 +1.349892818e+05 +1.353752918e+05 +1.353752918e+05 -2.4099e+00 -3.1753e-01 +1.8464e+00 -4.0190e+00 +2.6077e+00 -1.5080e+00 +3.6832e-01 -2.1019e+00 +1.0130e+00 +4.0741e+00
3 +7.712512925e+04 +7.712512925e+04 +7.751113925e+04 +7.751113925e+04 -4.5814e+00 -2.6605e+00 +2.4279e+00 +3.0923e+00 +4.4909e+00 +2.3259e+00 -3.6303e+00 -1.1469e+00 +1.5334e+00 +1.7502e+00
5 +2.903738275e+04 +2.903738275e+04 +2.942339275e+04 +2.942339275e+04 +3.3524e+00 -4.7340e+00 +4.7630e+00 +4.5845e+00 -3.0452e+00 +4.7114e+00 -6.0715e-01 +3.0226e+00 +3.6554e+00 +1.0435e+00
14 +7.118071226e+03 +7.118071226e+03 +7.504081226e+03 +7.504081226e+03 +4.6657e+00 +2.4193e+00 -1.7476e+00 +4.1207e+00 -2.0160e+00 +2.5936e+00 +1.6904e+00 +3.2290e+00 -1.3285e-01 -1.4382e+00
235 +5.407020611e+03 +5.407020611e+03 +5.793030611e+03 +5.793030611e+03 +2.1344e+00 +1.2343e+00 +2.2364e+00 -1.8694e+00 +3.1893e+00 -1.8772e-01 +1.2764e+00 +5.7086e-01 +1.0533e+00 -2.8419e+00
706 +3.836901343e+03 +3.836901343e+03 +4.222911343e+03 +4.222911343e+03 +2.1191e+00 +1.1184e+00 +1.9692e+00 -1.7106e+00 +3.1287e+00 -2.4761e-01 +1.2768e+00 +5.4071e-01 +8.6334e-01 -2.7636e+00
893 +2.139281887e+03 +2.139281887e+03 +2.525291887e+03 +2.525291887e+03 +1.1940e+00 +8.4953e-01 +1.3400e+00 -1.1392e+00 +3.9438e+00 +9.4582e-02 +2.4563e+00 +2.4396e+00 +2.4254e+00 -1.9443e+00
1377 +9.399652255e+02 +9.399652255e+02 +1.325975225e+03 +1.325975225e+03 +2.1244e+00 +2.1327e+00 -1.1019e+00 +2.9171e+00 -8.5923e-01 -1.7445e-02 +6.3389e-01 +2.1982e+00 -3.6091e-03 -1.5732e+00
2083 +6.241208058e+01 +6.241208058e+01 +4.484220806e+02 +4.484220806e+02 +2.1942e+00 +1.0825e+00 -1.9026e+00 +2.6847e+00 -8.8173e-02 +1.9628e+00 +4.6553e-01 +1.4904e+00 +7.3403e-01 -1.9822e+00
2396 +1.102711697e+01 +1.102711697e+01 +3.970371170e+02 +3.970371170e+02 +2.0352e+00 +1.1044e+00 -1.7298e+00 +2.5571e+00 +6.2504e-03 +1.9258e+00 +4.9209e-01 +1.4844e+00 +7.2026e-01 -2.0587e+00
2551 +2.741614295e+00 +2.741614295e+00 +3.887516143e+02 +3.887516143e+02 +2.2361e+00 +1.1373e+00 -1.7103e+00 +2.4381e+00 -1.6839e-01 +2.0099e+00 +5.2923e-01 +1.6065e+00 +9.2470e-01 -2.0931e+00
3233 +2.404513297e+00 +2.404513297e+00 +3.884145133e+02 +3.884145133e+02 +2.1595e+00 +1.0547e+00 -1.6861e+00 +2.2659e+00 -1.4587e-02 +1.9528e+00 +4.3320e-01 +1.4241e+00 +9.1980e-01 -1.7929e+00
7457 +1.582731575e+00 +1.582731575e+00 +3.875927316e+02 +3.875927316e+02 +2.1133e+00 +1.1085e+00 -1.5456e+00 +2.2654e+00 -1.2355e-01 +2.0953e+00 +4.1499e-01 +1.4182e+00 +9.7612e-01 -2.0460e+00
% function evaluation | noise-free fitness - Fopt (-1.257000000000e+01) | best noise-free fitness - Fopt | measured fitness | best measured fitness | x1 | x2...
1 +1.763689274e+04 +1.763689274e+04 +1.762432274e+04 +1.762432274e+04 -2.9001e+00 +7.2175e-01 -4.0074e+00 +3.7624e+00 +4.2074e+00 -2.0250e-01 +1.2139e+00 +4.7074e+00 +1.3358e+00 +9.7282e-01
44 +8.290424730e+02 +8.290424730e+02 +8.164724730e+02 +8.164724730e+02 +1.4612e+00 +2.1569e+00 +1.9393e+00 -2.1470e+00 +2.3646e-01 +4.5775e-01 -2.9201e+00 +2.5121e+00 +2.3291e+00 +1.5102e+00
695 +3.059034028e+02 +3.059034028e+02 +2.933334028e+02 +2.933334028e+02 -1.4150e+00 +4.3242e-01 +1.7145e+00 -2.4058e+00 +9.9863e-01 +5.3173e-01 -9.4689e-01 +7.9838e-01 +1.8568e+00 +8.4697e-01
1024 +1.433201557e+02 +1.433201557e+02 +1.307501557e+02 +1.307501557e+02 +1.3241e+00 +5.8260e-01 +1.5366e+00 -2.9149e+00 +2.0743e-01 +1.5943e+00 -1.9478e+00 +4.4176e-01 +2.5104e+00 +1.5466e+00
1173 +3.757759752e+01 +3.757759752e+01 +2.500759752e+01 +2.500759752e+01 -2.7937e+00 +1.6182e+00 -1.5493e+00 -8.4970e-02 +3.6303e-01 +1.0741e+00 -6.0225e-01 +1.0393e+00 +1.7029e+00 +1.5272e+00
1254 +4.489991777e+00 +4.489991777e+00 -8.080008223e+00 -8.080008223e+00 -2.5165e+00 +1.2807e+00 +3.9403e-01 -1.7849e+00 +1.7097e+00 +5.6353e-01 -1.0021e+00 +5.1884e-01 +1.3654e+00 +1.3826e+00
1500 +3.885066589e+00 +3.885066589e+00 -8.684933411e+00 -8.684933411e+00 -3.8015e-01 -8.5308e-01 +2.7471e-01 -1.8306e+00 -1.1642e-01 +8.1780e-01 -1.0870e+00 +1.9213e+00 +2.0667e+00 +1.7979e+00
3026 +2.450257856e+00 +2.450257856e+00 -1.011974214e+01 -1.011974214e+01 +1.8466e+00 +2.1623e-01 +3.1463e-01 -9.5514e-01 +2.6369e-01 +2.5392e+00 +1.4365e-01 +2.1375e+00 +7.6455e-01 +9.8456e-01
% function evaluation | noise-free fitness - Fopt (-1.270400000000e+02) | best noise-free fitness - Fopt | measured fitness | best measured fitness | x1 | x2...
1 +1.333694958e+05 +1.333694958e+05 +1.332424558e+05 +1.332424558e+05 +3.6414e+00 -4.2116e+00 -1.4340e+00 -5.9248e-01 +2.7373e+00 -1.3039e+00 +9.8627e-01 -4.8352e+00 +3.3474e+00 -3.3975e+00
4 +5.711944726e+04 +5.711944726e+04 +5.699240726e+04 +5.699240726e+04 +1.9026e+00 +4.8010e+00 +4.3214e+00 -2.3167e+00 +2.0012e-01 +1.8678e+00 +3.1408e+00 +3.1297e+00 +2.7580e+00 -2.5634e+00
6 +2.834543483e+04 +2.834543483e+04 +2.821839483e+04 +2.821839483e+04 +8.3336e-01 -5.2900e-01 +2.3334e+00 -1.0012e+00 +3.2993e-01 -4.7387e+00 -6.7555e-01 -1.8107e+00 +4.4860e+00 +2.0164e+00
14 +5.509559855e+03 +5.509559855e+03 +5.382519855e+03 +5.382519855e+03 -7.6913e-01 -3.7362e+00 -4.2192e+00 +2.0708e+00 -1.7406e+00 -3.3046e+00 +2.2991e+00 +2.0563e+00 +1.3305e+00 +2.4636e+00
280 +7.248047370e+02 +7.248047370e+02 +5.977647370e+02 +5.977647370e+02 -2.6117e-01 -4.0159e+00 -2.3129e+00 +1.8209e+00 -1.5743e+00 -2.1118e+00 +1.7458e+00 +9.1198e-01 +1.2225e+00 +2.0513e+00
546 +6.006346089e+02 +6.006346089e+02 +4.735946089e+02 +4.735946089e+02 -2.3472e-01 -3.9341e+00 -2.2325e+00 +1.8564e+00 -1.4947e+00 -1.9350e+00 +1.6806e+00 +8.6170e-01 +1.3485e+00 +2.1331e+00
742 +2.701894818e+01 +2.701894818e+01 -1.000210518e+02 -1.000210518e+02 -3.3816e-01 -2.9432e+00 -1.1787e+00 +4.3835e-01 -1.4807e+00 -1.8839e+00 +2.1031e+00 +2.3606e+00 +1.0958e+00 +1.9312e+00
1169 +2.283012658e+01 +2.283012658e+01 -1.042098734e+02 -1.042098734e+02 -3.5301e-01 -2.9478e+00 -1.1967e+00 +4.2853e-01 -1.4730e+00 -1.8939e+00 +2.0950e+00 +2.3515e+00 +1.1170e+00 +1.9392e+00
1177 +4.278584236e+00 +4.278584236e+00 -1.227614158e+02 -1.227614158e+02 -3.0807e-01 -2.0962e+00 -1.3942e+00 +1.7263e+00 -1.6833e+00 -1.2892e+00 +8.2413e-01 +9.3657e-01 +1.8080e+00 +2.2870e+00
1203 +3.929845247e+00 +3.929845247e+00 -1.231101548e+02 -1.231101548e+02 -3.4806e-01 -2.9206e+00 -1.0924e+00 +5.4962e-01 -1.4911e+00 -1.9893e+00 +2.0904e+00 +2.1805e+00 +1.0936e+00 +1.9854e+00
2144 +2.347432207e+00 +2.347432207e+00 -1.246925678e+02 -1.246925678e+02 -4.0983e-01 -2.6404e+00 -9.2011e-01 +5.0610e-01 -1.8358e+00 -2.0346e+00 +2.1299e+00 +2.0832e+00 +1.1502e+00 +2.1106e+00
3922 +1.543981164e+00 +1.543981164e+00 -1.254960188e+02 -1.254960188e+02 -2.1244e-01 -2.5498e+00 -8.5151e-01 +3.9682e-01 -1.5101e+00 -2.2840e+00 +2.1003e+00 +2.0753e+00 +8.4451e-01 +2.0506e+00
% function evaluation | noise-free fitness - Fopt (-3.752000000000e+01) | best noise-free fitness - Fopt | measured fitness | best measured fitness | x1 | x2...
1 +7.847513452e+04 +7.847513452e+04 +7.843761452e+04 +7.843761452e+04 -4.7546e+00 +4.6042e+00 -3.7021e+00 +1.1870e+00 +5.5214e-01 +1.6990e+00 +3.8828e+00 +4.5988e+00 -1.2470e-02 +3.5158e+00
7 +4.377894686e+04 +4.377894686e+04 +4.374142686e+04 +4.374142686e+04 +4.6329e+00 -5.2524e-01 +4.8648e+00 -3.1302e+00 +2.3813e+00 +5.9111e-01 +3.4195e+00 -1.3886e+00 +4.4540e+00 -1.1453e+00
10 +3.617891878e+04 +3.617891878e+04 +3.614139878e+04 +3.614139878e+04 -3.3131e+00 +3.1161e+00 +2.8973e+00 -4.8192e+00 +4.2893e+00 -1.4328e-01 +3.5743e-01 -4.1328e+00 -1.7071e-01 +3.2129e+00
46 +1.198987450e+04 +1.198987450e+04 +1.195235450e+04 +1.195235450e+04 -3.7955e+00 -4.9311e+00 -3.7313e-01 +2.3860e+00 +3.0821e+00 -1.4780e-01 +1.6258e+00 +7.6515e-01 +1.8226e+00 -6.1445e-01
202 +9.594434958e+03 +9.594434958e+03 +9.556914958e+03 +9.556914958e+03 +8.3766e-02 -4.4837e+00 -5.9179e-02 -1.7828e-01 -1.6299e+00 -8.5448e-01 +2.6277e+00 -7.2632e-01 +1.5001e+00 +3.1946e+00
396 +3.927809191e+03 +3.927809191e+03 +3.890289191e+03 +3.890289191e+03 -9.5395e-01 +1.4159e+00 +2.9831e-01 -1.5231e+00 -1.0359e+00 +2.7659e+00 -9.4125e-01 -1.9991e+00 +8.9248e-01 +1.5180e+00
650 +1.238572335e+03 +1.238572335e+03 +1.201052335e+03 +1.201052335e+03 -2.1049e+00 +1.8122e+00 -4.9177e-01 -4.0372e-01 -4.4496e-02 +3.5262e+00 +3.7868e-01 -2.1715e+00 +3.5623e-01 +9.0923e-01
808 +8.676728106e+02 +8.676728106e+02 +8.301528106e+02 +8.301528106e+02 +3.9926e-01 -3.6456e+00 +6.7855e-01 +2.4593e+00 -1.4305e+00 +4.0336e-01 +1.7773e+00 -1.6692e+00 +7.7609e-01 +1.1498e+00
840 +6.986868729e+00 +6.986868729e+00 -3.053313127e+01 -3.053313127e+01 +5.2819e-01 -2.7359e+00 -7.6410e-01 -5.3467e-01 +1.6699e-01 +4.8829e-01 +3.3661e-01 -1.1183e+00 +9.3180e-01 +1.8819e+00
1384 +5.111830143e+00 +5.111830143e+00 -3.240816986e+01 -3.240816986e+01 -1.8778e+00 +3.7794e-01 -6.0186e-01 -5.0839e-01 +2.9186e-01 +1.5721e+00 +2.2099e-01 -1.8078e+00 +9.3815e-01 +9.6180e-01
1468 +3.848479764e+00 +3.848479764e+00 -3.367152024e+01 -3.367152024e+01 -1.4164e+00 +9.3017e-01 -1.1449e+00 -7.2627e-02 +2.6880e-01 +2.4664e+00 +7.5789e-01 -5.4569e-01 +1.8129e+00 +1.4577e+00
4153 +2.501636258e+00 +2.501636258e+00 -3.501836374e+01 -3.501836374e+01 -1.5671e+00 +1.0287e+00 -1.3057e+00 -6.0276e-02 +4.8038e-01 +2.4758e+00 +6.9976e-01 -5.7180e-01 +1.8472e+00 +1.4574e+00
150052 +1.294506454e+00 +1.294506454e+00 -3.622549355e+01 -3.622549355e+01 -1.6295e+00 +1.1918e-01 +1.2030e-01 +1.9791e-01 +4.0579e-01 +2.4628e+00 +2.0593e+00 -2.5275e-01 +2.5773e+00 +8.7530e-01
% function evaluation | noise-free fitness - Fopt (-3.311600000000e+02) | best noise-free fitness - Fopt | measured fitness | best measured fitness | x1 | x2...
1 +6.837885320e+04 +6.837885320e+04 +6.804769320e+04 +6.804769320e+04 -1.4018e+00 -4.4703e+00 +4.6265e+00 -1.9562e+00 +1.3272e+00 +1.0670e-01 -7.3206e-02 +3.5358e+00 -3.3200e+00 +1.4837e+00
2 +5.080084741e+04 +5.080084741e+04 +5.046968741e+04 +5.046968741e+04 +1.1924e+00 -4.7526e+00 -2.2419e-01 +9.3957e-01 +1.5502e+00 -7.2305e-01 +4.7552e+00 -1.9604e+00 -1.3722e+00 -3.6124e-01
8 +2.014088603e+04 +2.014088603e+04 +1.980972603e+04 +1.980972603e+04 +4.1249e+00 +3.5822e+00 -4.9394e+00 -4.1853e+00 -2.0144e+00 -3.5023e+00 +1.3920e+00 -4.7679e-01 -2.7563e+00 -1.1832e+00
55 +1.366149135e+04 +1.366149135e+04 +1.333033135e+04 +1.333033135e+04 +3.7041e-01 +1.0608e+00 -3.8620e+00 -1.3912e+00 +1.9161e+00 +2.8474e+00 -2.7973e+00 -1.3157e+00 -7.5715e-01 -3.5502e+00
132 +5.836557799e+03 +5.836557799e+03 +5.505397799e+03 +5.505397799e+03 +4.2701e+00 +1.9997e+00 +7.2254e-01 -1.7903e+00 +2.6808e+00 -1.9870e+00 -3.5182e+00 -1.0079e+00 -1.2713e+00 -1.1902e+00
349 +3.822454262e+03 +3.822454262e+03 +3.491294262e+03 +3.491294262e+03 -2.8003e+00 -2.6217e+00 +4.1130e-01 +2.7559e+00 -2.6332e+00 -2.9099e+00 -2.3094e+00 -9.7791e-01 -1.9469e+00 -2.3460e+00
441 +1.677639555e+03 +1.677639555e+03 +1.346479555e+03 +1.346479555e+03 -2.7205e+00 -2.9467e+00 +8.3386e-01 +2.1940e+00 -1.7359e+00 -2.9017e+00 -2.5592e+00 -1.4156e+00 -8.7844e-01 -2.4902e+00
639 +1.493757824e+03 +1.493757824e+03 +1.162597824e+03 +1.162597824e+03 -1.3795e+00 -1.9417e+00 -1.0056e+00 +1.2169e+00 -1.2860e+00 -1.4228e+00 -3.0645e+00 -5.1484e-01 -1.5880e+00 -2.0669e+00
691 +8.006048083e+02 +8.006048083e+02 +4.694448083e+02 +4.694448083e+02 -1.8236e+00 -2.8252e+00 +6.8071e-01 +2.6201e+00 -1.6113e+00 -2.2422e+00 -2.3903e+00 -1.4322e+00 -1.4901e+00 -8.2806e-01
724 +5.320810344e+02 +5.320810344e+02 +2.009210344e+02 +2.009210344e+02 -3.4513e+00 -2.9720e+00 -1.1062e+00 +2.6638e+00 -8.0480e-01 -3.3784e+00 -5.8500e-01 -1.9650e+00 -1.3414e+00 -1.1954e+00
791 +2.214991125e+02 +2.214991125e+02 -1.096608875e+02 -1.096608875e+02 -2.1627e+00 -1.2290e+00 -1.8994e-01 +2.2442e+00 -1.1319e+00 -3.0546e+00 -1.7139e+00 -3.5069e-01 -2.1596e+00 -6.6740e-01
971 +1.402463775e+02 +1.402463775e+02 -1.909136225e+02 -1.909136225e+02 -2.2281e+00 -1.1573e+00 -1.2297e-01 +2.1869e+00 -1.0239e+00 -3.1177e+00 -1.8598e+00 -3.5370e-01 -2.2606e+00 -6.7004e-01
1050 +3.450380994e+00 +3.450380994e+00 -3.277096190e+02 -3.277096190e+02 -1.2552e+00 -3.0211e+00 +4.6608e-01 +2.8350e+00 -2.7720e-01 -1.6099e+00 -2.4029e+00 -1.2255e+00 -1.1707e+00 -2.4108e+00
1578 +2.202311571e+00 +2.202311571e+00 -3.289576884e+02 -3.289576884e+02 -1.4360e+00 -3.0658e+00 +3.0671e-01 +2.8031e+00 -1.0727e-01 -1.5064e+00 -2.2914e+00 -1.2909e+00 -1.0037e+00 -2.2936e+00
3508 +1.549786557e+00 +1.549786557e+00 -3.296102134e+02 -3.296102134e+02 -1.3572e+00 -2.9127e+00 +7.8739e-01 +2.8395e+00 -2.7102e-01 -1.6990e+00 -2.2164e+00 -1.2383e+00 -1.0261e+00 -2.3827e+00
% function evaluation | noise-free fitness - Fopt (4.481000000000e+01) | best noise-free fitness - Fopt | measured fitness | best measured fitness | x1 | x2...
1 +1.101786644e+05 +1.101786644e+05 +1.102234744e+05 +1.102234744e+05 +6.5479e-01 +1.7753e+00 -5.2536e-01 +1.4532e+00 +4.1278e+00 +4.2563e+00 +4.2517e+00 -1.9964e+00 -4.7900e+00 -1.8933e+00
3 +7.583046013e+04 +7.583046013e+04 +7.587527013e+04 +7.587527013e+04 -2.0810e+00 +4.4770e+00 +2.9176e+00 -4.4769e+00 -2.9064e+00 +2.3963e+00 +1.6121e+00 -2.1116e+00 -3.4459e+00 -3.4759e+00
11 +3.689050992e+04 +3.689050992e+04 +3.693531992e+04 +3.693531992e+04 +5.7794e-02 -3.5944e+00 +4.8277e-01 +2.3532e+00 +1.8796e+00 -4.5118e+00 +3.8834e+00 +9.9878e-01 +4.5334e+00 -6.0045e-01
46 +1.842268789e+04 +1.842268789e+04 +1.846749789e+04 +1.846749789e+04 +2.9495e+00 -9.8650e-01 +3.8536e+00 -5.3600e-01 +1.4752e+00 +4.8621e+00 +2.7806e+00 -3.8274e+00 +1.6570e+00 -1.5140e+00
68 +9.915946311e+03 +9.915946311e+03 +9.960756311e+03 +9.960756311e+03 +2.3441e+00 +3.1079e+00 +7.9230e-01 +3.2601e+00 -1.7624e+00 +1.1759e+00 -5.4997e-01 -3.7630e+00 +3.2461e+00 -1.9243e+00
140 +3.513702441e+03 +3.513702441e+03 +3.558512441e+03 +3.558512441e+03 -2.9184e+00 -4.1916e+00 -1.0312e+00 +3.3840e+00 +1.1772e+00 +3.0444e+00 +4.9545e-01 -5.5959e-01 +1.7179e+00 -1.3936e+00
415 +1.669571350e+02 +1.669571350e+02 +2.117671350e+02 +2.117671350e+02 +4.5876e-01 -5.3468e-02 +6.5341e-01 -3.0241e-01 +1.9430e+00 +1.2592e+00 +1.4969e+00 -2.0989e+00 +2.2253e-01 -2.1288e+00
500 +9.078053268e+01 +9.078053268e+01 +1.355905327e+02 +1.355905327e+02 +5.2237e-01 -5.3055e-02 +7.2386e-01 -2.1781e-01 +2.1165e+00 +1.2177e+00 +1.5396e+00 -2.0124e+00 +3.0584e-01 -2.0469e+00
502 +5.186594843e+01 +5.186594843e+01 +9.667594843e+01 +9.667594843e+01 +4.4952e-01 -1.2240e-01 +4.8533e-01 -3.8508e-01 +1.8572e+00 +1.2661e+00 +1.4295e+00 -2.3107e+00 +2.7374e-01 -2.1744e+00
544 +3.975897246e+01 +3.975897246e+01 +8.456897246e+01 +8.456897246e+01 +6.3402e-01 -1.5141e-02 +5.4025e-01 -2.3636e-01 +1.8402e+00 +1.3758e+00 +1.5714e+00 -2.0210e+00 +3.6426e-01 -2.0804e+00
716 +4.933573665e+00 +4.933573665e+00 +4.974357366e+01 +4.974357366e+01 +8.8427e-01 +6.3661e-02 +1.6219e+00 +1.3739e+00 +5.8487e-01 +7.1308e-01 +1.1138e+00 -2.0390e+00 +1.9542e+00 -8.6494e-01
759 +3.270116546e+00 +3.270116546e+00 +4.808011655e+01 +4.808011655e+01 +1.0844e+00 -3.1595e-01 +1.7627e+00 +1.0622e+00 +2.2656e+00 +1.9781e+00 +2.0362e+00 -2.1174e+00 +5.6036e-01 -2.0213e+00
1599 +2.423125855e+00 +2.423125855e+00 +4.723312585e+01 +4.723312585e+01 +1.0607e+00 -3.7076e-01 +1.8455e+00 +1.0711e+00 +2.5227e+00 +1.9309e+00 +2.1104e+00 -2.1297e+00 +4.4747e-01 -2.1953e+00
4728 +1.579958787e+00 +1.579958787e+00 +4.638995879e+01 +4.638995879e+01 +1.4794e+00 -2.7047e-01 +1.9533e+00 +9.8527e-01 +2.4553e+00 +1.9786e+00 +2.1473e+00 -2.0485e+00 +4.9686e-01 -2.4918e+00
% function evaluation | noise-free fitness - Fopt (-1.764600000000e+02) | best noise-free fitness - Fopt | measured fitness | best measured fitness | x1 | x2...
1 +1.173491002e+05 +1.173491002e+05 +1.171726402e+05 +1.171726402e+05 +3.0594e+00 -4.5875e+00 -2.5197e+00 +4.7479e+00 -6.2022e-01 -3.4015e+00 -4.6538e+00 -1.5912e+00 -4.5615e+00 +2.8047e+00
2 +2.022575468e+04 +2.022575468e+04 +2.004929468e+04 +2.004929468e+04 +4.3656e+00 +1.8372e+00 -2.0093e+00 +7.6851e-01 +1.6405e+00 +1.2765e+00 +2.9434e+00 -4.0996e+00 +4.8579e-01 +2.0957e+00
10 +1.389090290e+04 +1.389090290e+04 +1.371444290e+04 +1.371444290e+04 -2.4343e+00 -3.7300e+00 -4.8310e-01 -2.8507e+00 +4.8624e+00 -1.1666e-02 +9.2590e-01 -2.8323e+00 +2.9714e+00 +1.4498e+00
244 +6.042688728e+03 +6.042688728e+03 +5.866228728e+03 +5.866228728e+03 -1.7962e+00 +1.2078e+00 -4.3805e+00 +2.9224e+00 -1.4686e+00 +3.6118e+00 -2.9899e+00 +2.0659e-01 +9.5415e-01 +2.0768e+00
402 +3.388923718e+03 +3.388923718e+03 +3.212463718e+03 +3.212463718e+03 -2.2245e+00 -8.9886e-01 +1.6528e+00 +4.1647e-01 -8.9293e-01 +1.5550e-01 -7.3173e-01 -2.0832e+00 +3.0954e+00 +1.4553e+00
549 +3.328007011e+02 +3.328007011e+02 +1.563407011e+02 +1.563407011e+02 -2.7062e+00 -8.4912e-01 +2.0230e-01 +7.3929e-01 -8.2993e-01 +3.0710e-01 -1.5820e+00 -1.4796e+00 +1.3134e+00 +1.6645e+00
747 +2.328980506e+01 +2.328980506e+01 -1.531701949e+02 -1.531701949e+02 -2.4906e+00 -1.8970e+00 +3.0471e-02 +2.6263e+00 +8.4383e-01 +1.3350e+00 -1.0997e+00 -2.6053e+00 +1.8413e+00 +7.1426e-01
839 +5.026029905e+00 +5.026029905e+00 -1.714339701e+02 -1.714339701e+02 -2.2608e+00 -1.7614e+00 +3.1344e-01 +4.5868e-01 +6.4222e-01 +1.5360e+00 -9.8611e-02 -9.4358e-01 +2.4443e+00 +7.3048e-01
1214 +3.797991248e+00 +3.797991248e+00 -1.726620088e+02 -1.726620088e+02 -2.2283e+00 -1.8443e+00 -5.2408e-03 +2.5886e+00 +7.4731e-01 +1.2732e+00 -1.0259e+00 -2.4796e+00 +1.8845e+00 +7.6389e-01
2523 +2.428467049e+00 +2.428467049e+00 -1.740315330e+02 -1.740315330e+02 -2.0016e+00 -1.8122e+00 -2.4070e-01 +2.5239e+00 +8.7124e-01 +1.2519e+00 -9.3143e-01 -2.3645e+00 +2.0528e+00 +6.7501e-01
