% function evaluation | noise-free fitness - Fopt (6.870000000000e+00) | best noise-free fitness - Fopt | measured fitness | best measured fitness | x1 | x2...
1 +6.175092213e+00 +6.175092213e+00 +1.304509221e+01 +1.304509221e+01 +2.8280e-01 +4.1231e+00 -3.4269e+00 +4.5213e+00 -4.3961e+00 +8.6944e-01 +3.5057e-01 -1.4954e+00 +2.2010e+00 +9.6915e-01
68 +3.614937624e+00 +3.614937624e+00 +1.048493762e+01 +1.048493762e+01 -3.5533e+00 +2.5007e+00 -1.3911e+00 +1.5568e+00 +1.9590e+00 -4.3759e+00 +2.8563e+00 +1.3286e+00 -1.5437e+00 +2.4500e-02
566 +2.430058673e+00 +2.430058673e+00 +9.300058673e+00 +9.300058673e+00 -3.5572e+00 +2.5074e+00 -1.3865e+00 +1.5632e+00 +1.9559e+00 -4.3776e+00 +2.8503e+00 +1.3387e+00 -1.5250e+00 +2.7239e-02
986 +1.577637992e+00 +1.577637992e+00 +8.447637992e+00 +8.447637992e+00 -3.5605e+00 +2.5078e+00 -1.3950e+00 +1.5590e+00 +1.9543e+00 -4.3732e+00 +2.8456e+00 +1.3387e+00 -1.5291e+00 +2.5760e-02
% function evaluation | noise-free fitness - Fopt (1.000000000000e-02) | best noise-free fitness - Fopt | measured fitness | best measured fitness | x1 | x2...
1 +8.363654383e+00 +8.363654383e+00 +8.373654383e+00 +8.373654383e+00 +2.7271e+00 +1.5989e+00 +4.4640e-02 -3.4911e+00 +4.5059e+00 -1.9779e+00 +1.6305e+00 -6.3220e-04 -2.4244e+00 +4.9432e+00
48 +5.711423344e+00 +5.711423344e+00 +5.721423344e+00 +5.721423344e+00 -4.5509e+00 +1.3063e+00 -2.5871e+00 -1.4809e+00 -2.0485e+00 -3.1727e+00 +3.3647e+00 +2.1885e+00 +9.5914e-01 +3.6720e+00
263 +3.745162324e+00 +3.745162324e+00 +3.755162324e+00 +3.755162324e+00 -4.7292e+00 +1.2333e+00 -2.6225e+00 -1.5862e+00 -1.9038e+00 -3.2236e+00 +3.1212e+00 +2.3573e+00 +8.2422e-01 +3.9328e+00
500 +2.498021687e+00 +2.498021687e+00 +2.508021687e+00 +2.508021687e+00 -4.7311e+00 +1.2357e+00 -2.6333e+00 -1.5768e+00 -1.9069e+00 -3.2163e+00 +3.1134e+00 +2.3504e+00 +8.1573e-01 +3.9548e+00
623 +1.578559931e+00 +1.578559931e+00 +1.588559931e+00 +1.588559931e+00 -4.7395e+00 +1.2484e+00 -2.6438e+00 -1.5768e+00 -1.9057e+00 -3.2154e+00 +3.1124e+00 +2.3485e+00 +8.0527e-01 +3.9510e+00
6746 +9.418200841e-01 +9.418200841e-01 +9.518200841e-01 +9.518200841e-01 -4.7269e+00 +1.2422e+00 -2.6445e+00 -1.5763e+00 -1.9048e+00 -3.2061e+00 +3.0978e+00 +2.3446e+00 +7.8656e-01 +3.9542e+00
9581 +5.512801340e-01 +5.512801340e-01 +5.612801340e-01 +5.612801340e-01 -4.7230e+00 +1.2369e+00 -2.6495e+00 -1.5817e+00 -1.8975e+00 -3.2102e+00 +3.0997e+00 +2.3427e+00 +7.8433e-01 +3.9474e+00
10689 +3.879924180e-01 +3.879924180e-01 +3.979924180e-01 +3.979924180e-01 -4.7226e+00 +1.2375e+00 -2.6503e+00 -1.5817e+00 -1.8981e+00 -3.2103e+00 +3.0988e+00 +2.3425e+00 +7.8408e-01 +3.9489e+00
% function evaluation | noise-free fitness - Fopt (-1.306100000000e+02) | best noise-free fitness - Fopt | measured fitness | best measured fitness | x1 | x2...
1 +2.169837772e+01 +2.169837772e+01 -1.089116223e+02 -1.089116223e+02 -1.2759e+00 -2.0569e+00 +4.5109e+00 +1.4985e+00 +4.9832e+00 -4.4683e-01 -2.2287e+00 -3.0785e+00 -1.3167e-03 +1.7161e+00
3 +5.594752153e+00 +5.594752153e+00 -1.250152478e+02 -1.250152478e+02 -1.1825e+00 -1.1217e+00 -2.5190e+00 +3.5102e+00 -4.0887e+00 -1.5690e+00 -3.5944e+00 +3.5059e+00 -4.4827e+00 +2.9231e+00
5 +2.709046933e+00 +2.709046933e+00 -1.279009531e+02 -1.279009531e+02 +1.1885e+00 -1.9079e+00 +3.5733e+00 -2.7126e+00 +2.6337e+00 -3.1403e+00 -1.8797e+00 -4.0599e+00 -4.2764e+00 +3.1656e+00
197 +2.421497964e+00 +2.421497964e+00 -1.281885020e+02 -1.281885020e+02 +1.1885e+00 -1.9076e+00 +3.5730e+00 -2.7123e+00 +2.6337e+00 -3.1404e+00 -1.8800e+00 -4.0600e+00 -4.2766e+00 +3.1657e+00
2631 +1.579246737e+00 +1.579246737e+00 -1.290307533e+02 -1.290307533e+02 +1.7347e+00 -2.7439e+00 +3.2037e+00 -2.4213e+00 +2.7086e+00 -3.4816e+00 -2.6359e+00 -4.9997e+00 -4.9997e+00 +3.9306e+00
% function evaluation | noise-free fitness - Fopt (-2.231200000000e+02) | best noise-free fitness - Fopt | measured fitness | best measured fitness | x1 | x2...
1 +2.033050998e+01 +2.033050998e+01 -2.027894900e+02 -2.027894900e+02 +2.2794e+00 +2.9622e+00 +2.8951e+00 -2.2115e+00 -3.7303e+00 +4.7981e+00 +4.5801e+00 +2.3627e+00 +3.9520e+00 +3.4210e+00
4 +1.406313660e+01 +1.406313660e+01 -2.090568634e+02 -2.090568634e+02 +1.2693e+00 -1.7438e+00 -1.8174e+00 +3.6150e+00 +2.6792e+00 -4.9134e+00 -4.5881e+00 +4.0246e+00 +3.4914e+00 -4.6694e+00
8 +8.963517645e+00 +8.963517645e+00 -2.141564824e+02 -2.141564824e+02 +2.2854e+00 +2.9803e+00 +4.1256e+00 +3.0603e+00 -1.4924e+00 -2.4902e+00 -2.5465e+00 -2.3702e+00 -4.5974e+00 +2.7486e+00
28 +6.278423747e+00 +6.278423747e+00 -2.168415763e+02 -2.168415763e+02 -4.2238e-01 +4.7486e+00 +1.7395e-01 -9.8704e-01 +2.9421e+00 -9.3729e-01 +4.8981e+00 -3.1544e+00 -2.0120e+00 -4.9390e+00
206 +3.755758258e+00 +3.755758258e+00 -2.193642417e+02 -2.193642417e+02 +7.9066e-01 +3.5716e+00 +3.0710e+00 -9.7110e-02 +4.7138e+00 -3.6881e+00 +6.0112e-01 +4.2488e+00 +1.8989e+00 -4.8818e+00
207 +2.101064338e+00 +2.101064338e+00 -2.210189357e+02 -2.210189357e+02 +7.9236e-01 +3.5576e+00 +3.0720e+00 -8.3836e-02 +4.6960e+00 -3.6763e+00 +5.9819e-01 +4.2774e+00 +1.8680e+00 -4.8760e+00
544 +1.424504944e+00 +1.424504944e+00 -2.216954951e+02 -2.216954951e+02 +7.9406e-01 +3.5740e+00 +3.0703e+00 -7.7573e-02 +4.6940e+00 -3.6530e+00 +6.1788e-01 +4.3100e+00 +1.8589e+00 -4.8774e+00
1093 +9.874575581e-01 +9.874575581e-01 -2.221325424e+02 -2.221325424e+02 +7.7515e-01 +3.5783e+00 +3.0899e+00 -7.7796e-02 +4.7012e+00 -3.6431e+00 +6.3812e-01 +4.3104e+00 +1.8793e+00 -4.8842e+00
1577 +6.302336057e-01 +6.302336057e-01 -2.224897664e+02 -2.224897664e+02 +7.7507e-01 +3.5769e+00 +3.0896e+00 -7.7736e-02 +4.7014e+00 -3.6432e+00 +6.3798e-01 +4.3097e+00 +1.8792e+00 -4.8838e+00
% function evaluation | noise-free fitness - Fopt (-4.443000000000e+01) | best noise-free fitness - Fopt | measured fitness | best measured fitness | x1 | x2...
1 +1.628636583e+01 +1.628636583e+01 -2.814363417e+01 -2.814363417e+01 -4.5726e+00 -6.3158e-01 -1.2950e+00 +4.3553e+00 +1.8673e+00 -6.0624e-01 -1.7665e+00 -4.8616e+00 +2.7959e+00 -2.2440e+00
2 +8.310761939e+00 +8.310761939e+00 -3.611923806e+01 -3.611923806e+01 -3.3261e+00 +2.1172e+00 +3.0114e-01 -1.9450e+00 -3.0976e+00 -2.2395e+00 -4.6647e-01 -2.1424e+00 -4.7851e+00 -1.3324e+00
20 +4.973159832e+00 +4.973159832e+00 -3.945684017e+01 -3.945684017e+01 -7.0505e-01 +4.2588e+00 +2.4748e+00 +4.6731e-01 -2.6830e+00 +2.2178e+00 +1.6406e-01 +3.0690e+00 +3.2734e+00 +3.7870e+00
67 +3.773454515e+00 +3.773454515e+00 -4.065654549e+01 -4.065654549e+01 +6.4965e-01 +4.6675e+00 -8.7937e-01 +3.2205e+00 +1.3451e+00 -1.9325e+00 +2.0215e+00 +1.7636e+00 +3.9332e+00 +1.9357e-01
335 +2.253100781e+00 +2.253100781e+00 -4.217689922e+01 -4.217689922e+01 -1.0630e+00 +5.0000e+00 -3.7530e+00 +8.6472e-01 +1.7734e+00 +2.1670e+00 -2.2732e+00 +2.6951e+00 +3.9167e+00 +4.6098e+00
402 +1.408622697e+00 +1.408622697e+00 -4.302137730e+01 -4.302137730e+01 -1.0460e+00 +5.0000e+00 -3.7432e+00 +8.5491e-01 +1.7759e+00 +2.1805e+00 -2.2776e+00 +2.6834e+00 +3.9051e+00 +4.6023e+00
1348 +9.863479323e-01 +9.863479323e-01 -4.344365207e+01 -4.344365207e+01 -1.0524e+00 +4.9997e+00 -3.7528e+00 +8.5137e-01 +1.7720e+00 +2.1843e+00 -2.3009e+00 +2.6801e+00 +3.9003e+00 +4.6049e+00
% function evaluation | noise-free fitness - Fopt (8.539000000000e+01) | best noise-free fitness - Fopt | measured fitness | best measured fitness | x1 | x2...
1 +1.247453439e+01 +1.247453439e+01 +9.786453439e+01 +9.786453439e+01 -3.6898e+00 -3.7598e+00 -4.2984e+00 +3.1626e-01 +2.4347e+00 +1.2214e+00 -4.7334e+00 -3.2228e+00 -2.0841e+00 -4.7487e-01
6 +4.924744411e+00 +4.924744411e+00 +9.031474441e+01 +9.031474441e+01 -3.1414e+00 -2.4094e+00 +5.0302e-01 -3.9560e+00 -3.0042e+00 +7.2429e-01 +5.7664e-01 +1.9804e+00 -2.9654e+00 -4.2144e+00
159 +3.511089018e+00 +3.511089018e+00 +8.890108902e+01 +8.890108902e+01 +7.4417e-01 -4.7518e+00 +2.4731e-01 +2.9425e+00 -4.0837e-01 +4.7135e+00 +1.7460e+00 -4.4421e+00 +1.3740e-01 +1.9836e+00
252 +2.440940949e+00 +2.440940949e+00 +8.783094095e+01 +8.783094095e+01 +7.3567e-01 -4.7406e+00 +2.5154e-01 +2.9588e+00 -4.0578e-01 +4.7095e+00 +1.7294e+00 -4.4481e+00 +1.3807e-01 +1.9704e+00
1836 +1.566679025e+00 +1.566679025e+00 +8.695667903e+01 +8.695667903e+01 +7.2783e-01 -4.7410e+00 +2.4303e-01 +2.9710e+00 -3.8403e-01 +4.6867e+00 +1.7189e+00 -4.4581e+00 +1.2236e-01 +1.9494e+00
2233 +9.910293705e-01 +9.910293705e-01 +8.638102937e+01 +8.638102937e+01 +7.3268e-01 -4.7385e+00 +2.5482e-01 +2.9777e+00 -3.8931e-01 +4.6858e+00 +1.7191e+00 -4.4640e+00 +1.2179e-01 +1.9638e+00
3059 +6.283264403e-01 +6.283264403e-01 +8.601832644e+01 +8.601832644e+01 +7.3291e-01 -4.7377e+00 +2.5497e-01 +2.9762e+00 -3.8952e-01 +4.6861e+00 +1.7192e+00 -4.4639e+00 +1.2199e-01 +1.9638e+00
% function evaluation | noise-free fitness - Fopt (-9.872900000000e+02) | best noise-free fitness - Fopt | measured fitness | best measured fitness | x1 | x2...
1 +1.527754232e+01 +1.527754232e+01 -9.720124577e+02 -9.720124577e+02 +3.1078e+00 +1.9265e+00 +2.2353e+00 -3.7770e+00 +3.3605e+00 +4.1715e+00 +4.1274e+00 -4.8154e+00 +4.2580e+00 -2.6860e-01
5 +9.388670840e+00 +9.388670840e+00 -9.779013292e+02 -9.779013292e+02 +4.2099e+00 +4.4207e+00 -4.2975e+00 +4.6813e-01 -5.4349e-02 -3.5923e+00 -1.2570e+00 +2.2172e+00 -4.2102e+00 +8.0101e-01
17 +5.761430687e+00 +5.761430687e+00 -9.815285693e+02 -9.815285693e+02 +4.2092e+00 -5.7673e-01 +3.7871e+00 +2.6385e+00 +3.4627e+00 -4.6640e+00 +1.2710e+00 -1.7632e+00 -4.9537e+00 -3.0718e+00
158 +3.801341025e+00 +3.801341025e+00 -9.834886590e+02 -9.834886590e+02 +3.5258e+00 +4.1951e+00 -4.1285e+00 +4.8385e+00 -6.2587e-01 +4.0711e+00 -4.4545e-01 +3.3024e+00 -2.5270e+00 +1.6487e+00
635 +2.509962088e+00 +2.509962088e+00 -9.847800379e+02 -9.847800379e+02 +3.4956e+00 +4.1334e+00 -4.0250e+00 +4.8678e+00 -5.3844e-01 +4.0043e+00 -3.9760e-01 +3.2389e+00 -2.3618e+00 +1.4772e+00
816 +1.486281086e+00 +1.486281086e+00 -9.858037189e+02 -9.858037189e+02 +3.5065e+00 +4.1448e+00 -4.0205e+00 +4.8768e+00 -5.4961e-01 +3.9843e+00 -3.9590e-01 +3.2251e+00 -2.3628e+00 +1.4835e+00
1074 +9.923132190e-01 +9.923132190e-01 -9.862976868e+02 -9.862976868e+02 +3.5060e+00 +4.1449e+00 -4.0201e+00 +4.8766e+00 -5.4951e-01 +3.9838e+00 -3.9546e-01 +3.2249e+00 -2.3624e+00 +1.4832e+00
% function evaluation | noise-free fitness - Fopt (-1.517600000000e+02) | best noise-free fitness - Fopt | measured fitness | best measured fitness | x1 | x2...
1 +2.012852138e+01 +2.012852138e+01 -1.316314786e+02 -1.316314786e+02 -2.0026e+00 +1.7307e+00 +4.5335e-01 -4.7574e+00 -1.5848e+00 -2.7651e+00 -1.9701e+00 -2.5965e+00 -2.9910e+00 +2.8552e+00
2 +8.964095005e+00 +8.964095005e+00 -1.427959050e+02 -1.427959050e+02 -8.5792e-01 +4.3483e+00 +2.6880e+00 -2.2798e+00 -4.7645e+00 +4.9949e+00 -3.7635e+00 -3.0577e+00 -1.5604e+00 -2.0197e+00
13 +4.603715040e+00 +4.603715040e+00 -1.471562850e+02 -1.471562850e+02 -3.5672e+00 -3.8371e+00 -3.0531e+00 +2.7119e+00 -1.7274e+00 -4.2695e+00 +1.5471e+00 -4.9349e+00 +8.8270e-01 -3.8717e+00
126 +3.761140032e+00 +3.761140032e+00 -1.479988600e+02 -1.479988600e+02 -3.5683e+00 -3.8345e+00 -3.0653e+00 +2.7194e+00 -1.7367e+00 -4.2594e+00 +1.5414e+00 -4.9424e+00 +8.8627e-01 -3.8530e+00
348 +1.841426886e+00 +1.841426886e+00 -1.499185731e+02 -1.499185731e+02 -3.6347e+00 -2.8630e+00 -3.6231e+00 +9.6280e-01 -2.1338e+00 -3.8233e+00 +2.7138e+00 -4.5937e+00 +1.3890e+00 -2.6038e+00
703 +1.568837515e+00 +1.568837515e+00 -1.501911625e+02 -1.501911625e+02 -3.6352e+00 -2.8627e+00 -3.6234e+00 +9.6284e-01 -2.1346e+00 -3.8232e+00 +2.7135e+00 -4.5931e+00 +1.3897e+00 -2.6047e+00
2684 +9.964121619e-01 +9.964121619e-01 -1.507635878e+02 -1.507635878e+02 -3.6375e+00 -2.8618e+00 -3.6230e+00 +9.6260e-01 -2.1358e+00 -3.8233e+00 +2.7158e+00 -4.5926e+00 +1.3907e+00 -2.6069e+00
% function evaluation | noise-free fitness - Fopt (6.680000000000e+01) | best noise-free fitness - Fopt | measured fitness | best measured fitness | x1 | x2...
1 +2.304962718e+01 +2.304962718e+01 +8.984962718e+01 +8.984962718e+01 -8.9853e-02 +3.6779e+00 -3.2302e+00 +2.7294e+00 +4.3478e+00 +2.2206e+00 -1.7718e+00 +3.3848e+00 -1.4810e+00 +4.8842e+00
2 +1.263599427e+01 +1.263599427e+01 +7.943599427e+01 +7.943599427e+01 +9.9019e-01 +4.7933e+00 +3.3136e+00 +3.5865e+00 -2.2263e+00 +2.5664e+00 -1.0650e+00 +2.4163e+00 +4.3139e+00 +2.5619e+00
7 +9.464325437e+00 +9.464325437e+00 +7.626432544e+01 +7.626432544e+01 -2.3441e+00 -4.2335e-01 -2.8946e+00 +1.6222e+00 +4.1450e+00 +3.8497e+00 -1.1893e+00 +3.6906e+00 -2.3079e+00 +5.1816e-01
19 +4.402461122e+00 +4.402461122e+00 +7.120246112e+01 +7.120246112e+01 +2.1817e+00 -4.1009e+00 +1.4260e+00 -8.3871e-01 -4.6240e+00 +3.5780e+00 -3.7377e+00 +1.7187e+00 +1.5496e+00 -2.1986e+00
72 +3.670254943e+00 +3.670254943e+00 +7.047025494e+01 +7.047025494e+01 +4.8097e+00 -3.2761e+00 +9.8042e-01 +1.0855e+00 +1.1722e+00 -2.2530e+00 -4.2516e+00 +4.0291e+00 -2.0767e+00 +4.8741e+00
254 +2.121078577e+00 +2.121078577e+00 +6.892107858e+01 +6.892107858e+01 +4.7897e+00 -3.3067e+00 +9.9570e-01 +1.1069e+00 +1.1674e+00 -2.2880e+00 -4.2355e+00 +3.9937e+00 -2.0701e+00 +4.8517e+00
373 +1.523596396e+00 +1.523596396e+00 +6.832359640e+01 +6.832359640e+01 +4.7916e+00 -3.2971e+00 +9.9004e-01 +1.1088e+00 +1.1694e+00 -2.2776e+00 -4.2304e+00 +4.0110e+00 -2.0795e+00 +4.8529e+00
1540 +9.999383363e-01 +9.999383363e-01 +6.779993834e+01 +6.779993834e+01 +4.7926e+00 -3.3004e+00 +9.9304e-01 +1.1066e+00 +1.1716e+00 -2.2794e+00 -4.2180e+00 +4.0104e+00 -2.0937e+00 +4.8539e+00
3785 +6.203630171e-01 +6.203630171e-01 +6.742036302e+01 +6.742036302e+01 +4.7927e+00 -3.3018e+00 +9.9136e-01 +1.1061e+00 +1.1697e+00 -2.2785e+00 -4.2170e+00 +4.0106e+00 -2.0921e+00 +4.8542e+00
% function evaluation | noise-free fitness - Fopt (9.625000000000e+01) | best noise-free fitness - Fopt | measured fitness | best measured fitness | x1 | x2...
1 +1.422588642e+01 +1.422588642e+01 +1.104758864e+02 +1.104758864e+02 +8.7771e-01 -1.1899e+00 +1.7158e+00 +2.3724e+00 +1.9815e+00 +2.9711e+00 -3.7273e+00 -3.4641e+00 +2.2522e+00 -3.9563e-01
3 +6.476357243e+00 +6.476357243e+00 +1.027263572e+02 +1.027263572e+02 +1.8655e+00 +2.6477e+00 +4.0076e+00 -1.6446e+00 +3.3589e+00 -3.8479e+00 -5.8096e-01 +3.4583e+00 +2.2629e+00 +3.3435e+00
8 +5.327434026e+00 +5.327434026e+00 +1.015774340e+02 +1.015774340e+02 +3.2894e+00 -2.4248e+00 -2.1657e+00 +1.2742e+00 +3.5698e+00 -1.6344e-01 +4.3360e+00 -2.0567e+00 -4.0697e+00 -3.4937e+00
167 +3.924991127e+00 +3.924991127e+00 +1.001749911e+02 +1.001749911e+02 -3.8136e+00 +2.9049e+00 -1.5201e+00 +2.3560e+00 -1.7378e+00 -3.2994e+00 +4.4880e+00 +4.2513e+00 +1.4306e+00 -2.6112e+00
281 +2.428101671e+00 +2.428101671e+00 +9.867810167e+01 +9.867810167e+01 -3.8231e+00 +2.9240e+00 -1.5223e+00 +2.3517e+00 -1.7487e+00 -3.3129e+00 +4.5227e+00 +4.2419e+00 +1.4310e+00 -2.6206e+00
625 +1.578868798e+00 +1.578868798e+00 +9.782886880e+01 +9.782886880e+01 -3.8062e+00 +2.9094e+00 -1.5341e+00 +2.3602e+00 -1.7427e+00 -3.3180e+00 +4.5240e+00 +4.2537e+00 +1.4266e+00 -2.6111e+00
2447 +9.899639942e-01 +9.899639942e-01 +9.723996399e+01 +9.723996399e+01 -3.8004e+00 +2.9153e+00 -1.5155e+00 +2.3925e+00 -1.7204e+00 -3.3127e+00 +4.5230e+00 +4.2791e+00 +1.4197e+00 -2.6070e+00
2923 +5.725699417e-01 +5.725699417e-01 +9.682256994e+01 +9.682256994e+01 -3.8063e+00 +2.9131e+00 -1.5203e+00 +2.3903e+00 -1.7294e+00 -3.3101e+00 +4.5268e+00 +4.2687e+00 +1.4138e+00 -2.5984e+00
3457 +3.927739486e-01 +3.927739486e-01 +9.664277395e+01 +9.664277395e+01 -3.8228e+00 +2.9109e+00 -1.5304e+00 +2.3931e+00 -1.7393e+00 -3.3044e+00 +4.5256e+00 +4.2638e+00 +1.4076e+00 -2.6047e+00
% function evaluation | noise-free fitness - Fopt (1.467200000000e+02) | best noise-free fitness - Fopt | measured fitness | best measured fitness | x1 | x2...
1 +1.897481730e+01 +1.897481730e+01 +1.656948173e+02 +1.656948173e+02 +4.0970e+00 +4.2659e+00 -4.4842e+00 +3.6441e+00 +2.1885e+00 -2.4004e-01 +4.3895e+00 +1.7986e+00 +2.7978e-01 -2.0903e+00
3 +1.448149661e+01 +1.448149661e+01 +1.612014966e+02 +1.612014966e+02 +6.9150e-01 -1.1370e+00 +1.2978e+00 -3.5731e+00 -4.9824e+00 -2.4628e+00 -1.1171e-01 +1.1183e+00 +2.8242e+00 +2.1540e+00
14 +7.142064109e+00 +7.142064109e+00 +1.538620641e+02 +1.538620641e+02 +2.7019e+00 +2.5641e+00 +3.4525e+00 +1.9654e+00 -4.4401e+00 -3.5225e+00 +4.6112e+00 +2.2497e+00 -3.5561e+00 -3.1234e+00
34 +4.012172983e+00 +4.012172983e+00 +1.507321730e+02 +1.507321730e+02 -6.5910e-01 +3.7038e+00 -3.3509e+00 +3.4033e+00 -1.6753e+00 -1.4400e+00 +6.3966e-01 +4.9823e+00 +2.3484e+00 -4.1865e+00
35 +3.283767881e+00 +3.283767881e+00 +1.500037679e+02 +1.500037679e+02 +4.5545e+00 -3.9604e+00 -4.4817e+00 +2.8821e+00 +2.4332e+00 -1.2549e+00 -3.5246e+00 +1.4539e+00 -4.6184e+00 -8.0693e-01
325 +2.418196291e+00 +2.418196291e+00 +1.491381963e+02 +1.491381963e+02 +4.5546e+00 -3.9611e+00 -4.4812e+00 +2.8818e+00 +2.4337e+00 -1.2545e+00 -3.5244e+00 +1.4538e+00 -4.6179e+00 -8.0735e-01
961 +1.584818787e+00 +1.584818787e+00 +1.483048188e+02 +1.483048188e+02 +4.5506e+00 -3.9700e+00 -4.4849e+00 +2.8561e+00 +2.4178e+00 -1.2756e+00 -3.5156e+00 +1.4552e+00 -4.6132e+00 -8.2080e-01
% function evaluation | noise-free fitness - Fopt (-5.919800000000e+02) | best noise-free fitness - Fopt | measured fitness | best measured fitness | x1 | x2...
1 +4.670842257e+00 +4.670842257e+00 -5.873091577e+02 -5.873091577e+02 -3.6552e+00 -1.6029e+00 -3.9735e+00 +3.2323e+00 -2.3667e+00 -2.1120e-01 -3.8103e+00 -4.8918e+00 -4.2368e+00 -1.6128e+00
28 +3.795756147e+00 +3.795756147e+00 -5.881842439e+02 -5.881842439e+02 +2.2447e-01 +3.4055e+00 +9.2711e-01 +1.9076e-01 +3.2605e+00 -4.2422e+00 -1.3513e+00 -4.3352e+00 -4.0046e+00 -3.3931e-01
144 +2.196630274e+00 +2.196630274e+00 -5.897833697e+02 -5.897833697e+02 -3.8857e+00 -7.9060e-01 -3.8158e-01 -1.5692e-01 -4.5798e+00 +2.5302e+00 +4.5344e+00 -2.6349e+00 +2.9295e+00 +4.5803e+00
327 +1.447427425e+00 +1.447427425e+00 -5.905325726e+02 -5.905325726e+02 -3.8903e+00 -8.0569e-01 -4.0233e-01 -1.3024e-01 -4.5883e+00 +2.5439e+00 +4.5465e+00 -2.6385e+00 +2.9345e+00 +4.5798e+00
834 +9.935232038e-01 +9.935232038e-01 -5.909864768e+02 -5.909864768e+02 -3.8893e+00 -8.0583e-01 -4.0151e-01 -1.3022e-01 -4.5879e+00 +2.5448e+00 +4.5469e+00 -2.6381e+00 +2.9356e+00 +4.5798e+00
5784 +6.218111133e-01 +6.218111133e-01 -5.913581889e+02 -5.913581889e+02 -3.8882e+00 -8.0686e-01 -3.9932e-01 -1.3090e-01 -4.5899e+00 +2.5461e+00 +4.5480e+00 -2.6383e+00 +2.9357e+00 +4.5793e+00
% function evaluation | noise-free fitness - Fopt (7.429000000000e+01) | best noise-free fitness - Fopt | measured fitness | best measured fitness | x1 | x2...
1 +3.435374067e+01 +3.435374067e+01 +1.086437407e+02 +1.086437407e+02 +5.5952e-01 -3.7664e+00 -1.3905e+00 -2.9093e+00 -2.4360e+00 +1.7999e+00 -2.3659e-01 -7.7727e-01 -3.1262e+00 -1.3902e+00
2 +1.044442244e+01 +1.044442244e+01 +8.473442244e+01 +8.473442244e+01 -2.4404e+00 -3.8035e+00 -2.9385e+00 -4.8208e+00 +3.1569e+00 +4.0896e+00 +4.2225e+00 -4.0839e+00 +2.8617e+00 +2.6347e+00
4 +7.219057528e+00 +7.219057528e+00 +8.150905753e+01 +8.150905753e+01 -1.6036e+00 +1.3115e+00 +3.1487e+00 -3.1335e+00 -1.0828e-01 -3.0347e+00 -5.2093e-01 +3.3622e+00 -2.1734e-01 +9.2984e-01
7 +5.773004947e+00 +5.773004947e+00 +8.006300495e+01 +8.006300495e+01 +2.8496e+00 -3.0135e+00 -8.1341e-01 +2.1920e+00 +2.6482e+00 +2.4549e+00 +4.6984e+00 -1.9785e+00 -1.3016e+00 +1.1373e+00
14 +3.481706369e+00 +3.481706369e+00 +7.777170637e+01 +7.777170637e+01 +2.0336e+00 -2.3427e+00 -4.4975e+00 -4.4385e+00 +2.3655e+00 +4.4287e+00 -4.7725e+00 -9.4830e-01 -1.9330e+00 +2.5056e+00
1271 +2.181495240e+00 +2.181495240e+00 +7.647149524e+01 +7.647149524e+01 +2.0196e+00 -2.3394e+00 -4.4714e+00 -4.4182e+00 +2.3315e+00 +4.4322e+00 -4.7758e+00 -9.2346e-01 -1.9359e+00 +2.5047e+00
2924 +1.568792097e+00 +1.568792097e+00 +7.585879210e+01 +7.585879210e+01 +2.0166e+00 -2.3380e+00 -4.4787e+00 -4.4197e+00 +2.3243e+00 +4.4218e+00 -4.7645e+00 -9.0974e-01 -1.9435e+00 +2.4999e+00
3594 +9.965159975e-01 +9.965159975e-01 +7.528651600e+01 +7.528651600e+01 +2.0163e+00 -2.3373e+00 -4.4752e+00 -4.4183e+00 +2.3273e+00 +4.4201e+00 -4.7677e+00 -9.1140e-01 -1.9316e+00 +2.5067e+00
% function evaluation | noise-free fitness - Fopt (-3.490000000000e+00) | best noise-free fitness - Fopt | measured fitness | best measured fitness | x1 | x2...
1 +2.523293278e+01 +2.523293278e+01 +2.174293278e+01 +2.174293278e+01 -4.4856e+00 +4.3543e+00 -1.7654e-01 +6.6655e-02 -3.3852e+00 -2.8141e+00 +4.5665e+00 +1.9820e-01 +4.0924e+00 +1.8571e+00
3 +1.411149625e+01 +1.411149625e+01 +1.062149625e+01 +1.062149625e+01 +3.2921e+00 +1.3465e+00 +4.7465e+00 -4.8230e-01 +1.9603e+00 +4.3349e+00 +4.6341e+00 -2.4908e-01 -2.7140e+00 -2.3373e+00
5 +5.795473515e+00 +5.795473515e+00 +2.305473515e+00 +2.305473515e+00 +3.4039e+00 +3.6602e+00 +4.5028e+00 +9.8099e-01 +2.3276e+00 +2.2997e+00 -3.7370e+00 -2.1186e+00 +3.3408e+00 +4.3194e+00
171 +3.610068746e+00 +3.610068746e+00 +1.200687458e-01 +1.200687458e-01 +3.2841e+00 +2.4673e-01 +3.8809e+00 +1.0614e+00 +3.9637e+00 -3.0504e+00 +1.4558e-01 -4.1306e+00 +1.4641e+00 -1.3301e+00
205 +1.785633554e+00 +1.785633554e+00 -1.704366446e+00 -1.704366446e+00 +3.2615e+00 +2.4942e-01 +3.8669e+00 +1.0491e+00 +3.9676e+00 -3.0397e+00 +1.5614e-01 -4.1580e+00 +1.4356e+00 -1.3095e+00
241 +1.492613371e+00 +1.492613371e+00 -1.997386629e+00 -1.997386629e+00 +3.2779e+00 +2.5877e-01 +3.8646e+00 +1.0657e+00 +3.9581e+00 -3.0380e+00 +1.5498e-01 -4.1682e+00 +1.4334e+00 -1.3056e+00
5183 +9.935275602e-01 +9.935275602e-01 -2.496472440e+00 -2.496472440e+00 +3.2879e+00 +2.5796e-01 +3.8761e+00 +1.0610e+00 +3.9531e+00 -3.0270e+00 +1.6614e-01 -4.1673e+00 +1.4226e+00 -1.3149e+00
% function evaluation | noise-free fitness - Fopt (-1.283000000000e+01) | best noise-free fitness - Fopt | measured fitness | best measured fitness | x1 | x2...
1 +1.881664548e+01 +1.881664548e+01 +5.986645480e+00 +5.986645480e+00 +4.3623e+00 -4.5791e+00 +1.7086e+00 -3.8712e+00 +1.9040e+00 -4.0487e+00 -2.7711e+00 -2.3949e-01 +3.5658e+00 -9.7839e-01
3 +1.264013146e+01 +1.264013146e+01 -1.898685384e-01 -1.898685384e-01 +1.1936e+00 -1.9354e+00 +1.9894e+00 -3.3294e+00 +4.0751e+00 +4.5728e-01 +3.9590e+00 -1.3590e+00 +9.3453e-01 -3.3857e+00
4 +9.897709054e+00 +9.897709054e+00 -2.932290946e+00 -2.932290946e+00 +2.5745e+00 -4.6240e+00 -3.2294e+00 +3.5961e+00 -4.5352e+00 +4.5821e+00 +2.0414e+00 -4.7904e+00 -3.2645e+00 -4.1444e+00
14 +5.300348196e+00 +5.300348196e+00 -7.529651804e+00 -7.529651804e+00 +1.2956e+00 +1.9736e+00 -3.2542e-01 +2.0693e+00 +2.0407e+00 -3.3363e-03 +3.2934e+00 -4.9917e+00 +1.4017e+00 -1.2775e+00
143 +3.207325683e+00 +3.207325683e+00 -9.622674317e+00 -9.622674317e+00 +5.0000e+00 -2.0911e+00 +1.5052e+00 +1.5212e+00 -5.0000e+00 +2.3860e+00 +1.3658e-01 -3.7894e+00 -2.5618e+00 -1.5500e+00
325 +2.467180956e+00 +2.467180956e+00 -1.036281904e+01 -1.036281904e+01 +5.0000e+00 -2.0918e+00 +1.4972e+00 +1.5162e+00 -5.0000e+00 +2.3842e+00 +1.3349e-01 -3.7847e+00 -2.5480e+00 -1.5435e+00
455 +1.445169234e+00 +1.445169234e+00 -1.138483077e+01 -1.138483077e+01 +4.9336e+00 -2.0882e+00 +1.4057e+00 +1.3360e+00 -4.8959e+00 +2.3617e+00 +1.8280e-01 -3.7965e+00 -2.5337e+00 -1.6112e+00
784 +9.741680299e-01 +9.741680299e-01 -1.185583197e+01 -1.185583197e+01 +4.9343e+00 -2.0884e+00 +1.4053e+00 +1.3358e+00 -4.8959e+00 +2.3618e+00 +1.8346e-01 -3.7959e+00 -2.5344e+00 -1.6112e+00
3492 +6.307000806e-01 +6.307000806e-01 -1.219929992e+01 -1.219929992e+01 +4.9350e+00 -2.0880e+00 +1.4048e+00 +1.3348e+00 -4.8959e+00 +2.3625e+00 +1.8427e-01 -3.7946e+00 -2.5345e+00 -1.6107e+00
