% function evaluation | noise-free fitness - Fopt (2.997000000000e+01) | best noise-free fitness - Fopt | measured fitness | best measured fitness | x1 | x2...
1 +2.338055172e+03 +2.338055172e+03 +2.368025172e+03 +2.368025172e+03 -3.2765e+00 -6.0300e-01 +4.3202e+00 +1.0305e+00 -2.3296e+00 +2.2436e+00 -1.3818e+00 -1.2715e+00 +1.8916e+00 -2.0437e+00
2 +1.536870091e+03 +1.536870091e+03 +1.566840091e+03 +1.566840091e+03 +2.9811e+00 +1.0697e+00 -2.4665e+00 -3.9490e+00 +6.2131e-01 +3.8282e+00 +2.8434e+00 -4.8295e+00 +3.0508e+00 -2.7323e+00
264 +8.071092424e+02 +8.071092424e+02 +8.370792424e+02 +8.370792424e+02 -2.4502e+00 -1.1166e+00 -3.0304e+00 -9.2446e-01 +3.9809e+00 +1.6630e+00 -4.1915e+00 -1.4361e+00 +1.2274e+00 -1.5517e+00
906 +5.641380154e+02 +5.641380154e+02 +5.941080154e+02 +5.941080154e+02 +2.2183e-01 -1.6471e+00 -2.9414e+00 -6.9379e-01 +5.0000e+00 +1.7363e+00 -4.8497e+00 -3.0294e+00 -1.1380e+00 -2.2199e+00
1781 +3.955014155e+02 +3.955014155e+02 +4.254714155e+02 +4.254714155e+02 +2.4915e+00 -1.3777e+00 -2.8686e+00 -1.1999e+00 +5.0000e+00 +2.9686e+00 -4.9197e+00 -1.7096e+00 -6.3915e-01 -2.3965e+00
2976 +2.089818720e+02 +2.089818720e+02 +2.389518720e+02 +2.389518720e+02 +1.7770e+00 -8.9879e-01 -2.9774e+00 -1.0451e+00 +4.9212e+00 +2.2686e+00 -4.2438e+00 -3.1708e+00 -1.0845e-01 +3.8010e-01
3310 +1.487593956e+02 +1.487593956e+02 +1.787293956e+02 +1.787293956e+02 +1.6245e+00 -1.2066e+00 -2.7350e+00 -8.6885e-01 +4.7176e+00 +2.2234e+00 -4.2158e+00 -3.0349e+00 +1.7039e-01 +2.7037e-01
5250 +9.611363089e+01 +9.611363089e+01 +1.260836309e+02 +1.260836309e+02 +1.8090e+00 -1.4095e+00 -2.6028e+00 -8.5861e-01 +4.7016e+00 +2.1213e+00 -4.0868e+00 -2.9174e+00 +1.8692e-01 -1.3597e-01
7059 +6.206640644e+01 +6.206640644e+01 +9.203640644e+01 +9.203640644e+01 +1.6880e+00 -1.5530e+00 -2.6907e+00 -9.2104e-01 +4.6157e+00 +2.3652e+00 -4.2603e+00 -2.9624e+00 +2.1785e-01 -6.2316e-01
8698 +3.912246828e+01 +3.912246828e+01 +6.909246828e+01 +6.909246828e+01 +1.7479e+00 -1.5070e+00 -2.7792e+00 -9.3741e-01 +4.5753e+00 +2.4202e+00 -4.1764e+00 -2.8899e+00 +1.2283e-01 -7.6549e-01
11951 +2.421796756e+01 +2.421796756e+01 +5.418796756e+01 +5.418796756e+01 +1.7105e+00 -1.5014e+00 -2.7507e+00 -9.6327e-01 +4.5086e+00 +2.3962e+00 -4.1415e+00 -2.8469e+00 +1.0116e-01 -7.3801e-01
% function evaluation | noise-free fitness - Fopt (-5.171000000000e+01) | best noise-free fitness - Fopt | measured fitness | best measured fitness | x1 | x2...
1 +2.473809161e+03 +2.473809161e+03 +2.422099161e+03 +2.422099161e+03 +7.9392e-01 -4.4962e+00 -1.0579e+00 -1.7856e+00 +7.6853e-02 -3.0503e-01 -1.1668e+00 -3.5930e+00 -3.4564e+00 -2.6033e+00
22 +1.455167783e+03 +1.455167783e+03 +1.403457783e+03 +1.403457783e+03 +6.6842e-01 -2.2773e+00 -1.1293e+00 -4.9646e+00 -1.0993e+00 +2.6962e+00 -1.2323e+00 -1.0776e-01 -2.9828e+00 +2.4973e-01
267 +9.962510855e+02 +9.962510855e+02 +9.445410855e+02 +9.445410855e+02 -8.9406e-01 +1.8386e+00 -4.0491e+00 -1.3349e+00 +2.8431e+00 +1.0285e+00 -2.1630e+00 +2.6202e+00 -3.3390e+00 +3.3224e+00
1102 +5.550277257e+02 +5.550277257e+02 +5.033177257e+02 +5.033177257e+02 +8.2410e-01 +1.8467e+00 -4.4617e+00 -3.3598e+00 +1.0561e+00 +7.3318e-02 -1.4447e+00 +1.3979e+00 -3.4298e+00 +2.0516e+00
1971 +3.939905090e+02 +3.939905090e+02 +3.422805090e+02 +3.422805090e+02 +2.1093e+00 +1.8773e+00 -3.6474e+00 -2.8878e+00 +1.4837e+00 +5.1597e-01 -2.2240e+00 +2.3791e+00 -2.3296e+00 +1.8058e+00
3462 +2.489853176e+02 +2.489853176e+02 +1.972753176e+02 +1.972753176e+02 +2.3895e+00 +1.7173e+00 -3.4789e+00 -3.0720e+00 +8.3883e-01 +6.7050e-01 -2.9728e+00 +2.0815e+00 -2.9744e+00 +1.4037e+00
4639 +1.578635718e+02 +1.578635718e+02 +1.061535718e+02 +1.061535718e+02 +2.7174e+00 +1.8220e+00 -3.7779e+00 -3.2737e+00 +1.0114e+00 +8.8942e-01 -2.7634e+00 +2.4658e+00 -2.9750e+00 +7.0716e-01
5547 +9.946019076e+01 +9.946019076e+01 +4.775019076e+01 +4.775019076e+01 +2.7037e+00 +1.6974e+00 -4.0335e+00 -3.3470e+00 +1.0432e+00 +9.2009e-01 -2.9668e+00 +2.5032e+00 -2.9845e+00 +1.8215e-01
6342 +5.607416274e+01 +5.607416274e+01 +4.364162741e+00 +4.364162741e+00 +2.8248e+00 +1.9695e+00 -4.0128e+00 -3.1199e+00 +1.1508e+00 +9.4497e-01 -3.2387e+00 +2.5577e+00 -2.9876e+00 +1.2792e-01
8161 +3.956393670e+01 +3.956393670e+01 -1.214606330e+01 -1.214606330e+01 +2.7908e+00 +2.0651e+00 -4.0429e+00 -3.1338e+00 +1.1458e+00 +9.5115e-01 -3.2521e+00 +2.5462e+00 -2.9987e+00 +4.5401e-02
10411 +2.450031974e+01 +2.450031974e+01 -2.720968026e+01 -2.720968026e+01 +2.7781e+00 +2.1255e+00 -4.0806e+00 -3.1227e+00 +1.1542e+00 +9.9225e-01 -3.3022e+00 +2.5923e+00 -3.0896e+00 -5.5345e-03
12317 +1.583906717e+01 +1.583906717e+01 -3.587093283e+01 -3.587093283e+01 +2.7345e+00 +2.1323e+00 -4.1097e+00 -3.1175e+00 +1.1465e+00 +9.8232e-01 -3.3411e+00 +2.5973e+00 -3.0726e+00 -3.3706e-02
14436 +9.791721802e+00 +9.791721802e+00 -4.191827820e+01 -4.191827820e+01 +2.7209e+00 +2.1609e+00 -4.1378e+00 -3.0808e+00 +1.1652e+00 +9.6186e-01 -3.3441e+00 +2.6139e+00 -3.0895e+00 -7.1718e-02
% function evaluation | noise-free fitness - Fopt (-2.799500000000e+02) | best noise-free fitness - Fopt | measured fitness | best measured fitness | x1 | x2...
1 +1.735186133e+03 +1.735186133e+03 +1.455236133e+03 +1.455236133e+03 -2.0569e+00 -6.1577e-01 +3.3439e+00 +2.9322e+00 +8.1271e-01 -6.1861e-02 -7.0989e-01 +4.8046e+00 +6.7967e-01 -3.4437e+00
4 +1.292272110e+03 +1.292272110e+03 +1.012322110e+03 +1.012322110e+03 -1.1493e+00 -1.6214e+00 -1.3730e+00 -2.4478e+00 -1.7491e+00 -4.2690e+00 -3.1292e+00 -9.5477e-01 -2.4027e+00 -1.1606e+00
96 +9.290079226e+02 +9.290079226e+02 +6.490579226e+02 +6.490579226e+02 -9.3183e-01 -3.9995e+00 +2.3283e+00 +5.5803e-01 -1.9704e+00 -2.2186e+00 -2.0318e-01 -1.0094e+00 -1.9216e+00 -4.5963e-01
502 +6.131358592e+02 +6.131358592e+02 +3.331858592e+02 +3.331858592e+02 -3.4807e+00 -3.7757e+00 +5.0000e+00 -1.9744e-01 -3.9111e+00 -3.6705e+00 -3.1152e+00 +9.2147e-01 +2.2206e+00 -3.0868e+00
1286 +3.755808511e+02 +3.755808511e+02 +9.563085110e+01 +9.563085110e+01 -2.6071e+00 -3.5111e+00 +5.0000e+00 -4.0926e-01 -3.7036e+00 -3.3792e+00 -2.3764e+00 -2.4785e-01 +2.1859e+00 -4.4475e+00
2099 +2.472290862e+02 +2.472290862e+02 -3.272091384e+01 -3.272091384e+01 -3.0961e+00 -3.8483e+00 +3.7340e+00 -4.4292e-01 -3.6632e+00 -2.5134e+00 -1.6880e+00 +2.5951e-01 +2.4213e+00 -3.0125e+00
2696 +1.569868221e+02 +1.569868221e+02 -1.229631779e+02 -1.229631779e+02 -3.4886e+00 -3.6704e+00 +3.6728e+00 -5.3367e-01 -3.5167e+00 -2.6758e+00 -1.6028e+00 +1.9036e-02 +2.3817e+00 -3.3199e+00
3858 +9.737307053e+01 +9.737307053e+01 -1.825769295e+02 -1.825769295e+02 -3.5352e+00 -4.2507e+00 +3.4531e+00 -6.5637e-01 -3.2845e+00 -2.7697e+00 -1.6580e+00 -7.3090e-02 +1.8622e+00 -3.5455e+00
4501 +5.310870236e+01 +5.310870236e+01 -2.268412976e+02 -2.268412976e+02 -3.3564e+00 -3.7822e+00 +3.4960e+00 -9.7903e-01 -3.5413e+00 -2.8114e+00 -1.5755e+00 -3.0623e-01 +1.8262e+00 -3.6104e+00
4888 +3.588174528e+01 +3.588174528e+01 -2.440682547e+02 -2.440682547e+02 -3.5045e+00 -3.8158e+00 +3.3915e+00 -9.3845e-01 -3.5634e+00 -2.8221e+00 -1.6197e+00 -2.7813e-01 +1.8326e+00 -3.5689e+00
6589 +2.432993554e+01 +2.432993554e+01 -2.556200645e+02 -2.556200645e+02 -3.5555e+00 -3.8455e+00 +3.3627e+00 -9.1066e-01 -3.5035e+00 -2.8313e+00 -1.6266e+00 -3.0794e-01 +1.7785e+00 -3.5458e+00
8345 +1.371701029e+01 +1.371701029e+01 -2.662329897e+02 -2.662329897e+02 -3.6153e+00 -3.8720e+00 +3.3085e+00 -9.4222e-01 -3.4844e+00 -2.8586e+00 -1.6214e+00 -3.5531e-01 +1.7266e+00 -3.5738e+00
9181 +9.818990302e+00 +9.818990302e+00 -2.701310097e+02 -2.701310097e+02 -3.5989e+00 -3.9091e+00 +3.2954e+00 -9.6001e-01 -3.4947e+00 -2.8414e+00 -1.6236e+00 -3.3309e-01 +1.7128e+00 -3.5939e+00
10376 +6.253809305e+00 +6.253809305e+00 -2.736961907e+02 -2.736961907e+02 -3.6273e+00 -3.8939e+00 +3.2674e+00 -9.7551e-01 -3.4817e+00 -2.8347e+00 -1.6318e+00 -3.1612e-01 +1.6938e+00 -3.5954e+00
11553 +3.715906824e+00 +3.715906824e+00 -2.762340932e+02 -2.762340932e+02 -3.6225e+00 -3.8986e+00 +3.2358e+00 -9.7661e-01 -3.4803e+00 -2.8158e+00 -1.6106e+00 -2.9930e-01 +1.6717e+00 -3.5940e+00
12135 +2.503377464e+00 +2.503377464e+00 -2.774466225e+02 -2.774466225e+02 -3.6338e+00 -3.9087e+00 +3.2426e+00 -9.7431e-01 -3.4771e+00 -2.8112e+00 -1.6191e+00 -2.9895e-01 +1.6829e+00 -3.5944e+00
20299 +1.582647501e+00 +1.582647501e+00 -2.783673525e+02 -2.783673525e+02 -3.6346e+00 -3.9128e+00 +3.2462e+00 -9.7606e-01 -3.4677e+00 -2.8138e+00 -1.6210e+00 -3.0338e-01 +1.6839e+00 -3.6014e+00
25825 +9.965149626e-01 +9.965149626e-01 -2.789534850e+02 -2.789534850e+02 -3.6331e+00 -3.9143e+00 +3.2467e+00 -9.7469e-01 -3.4669e+00 -2.8160e+00 -1.6197e+00 -3.0219e-01 +1.6822e+00 -3.5999e+00
30014 +6.281091710e-01 +6.281091710e-01 -2.793218908e+02 -2.793218908e+02 -3.6321e+00 -3.9157e+00 +3.2470e+00 -9.7426e-01 -3.4665e+00 -2.8153e+00 -1.6191e+00 -3.0111e-01 +1.6810e+00 -3.5993e+00
32781 +3.956244130e-01 +3.956244130e-01 -2.795543756e+02 -2.795543756e+02 -3.6312e+00 -3.9168e+00 +3.2475e+00 -9.7383e-01 -3.4656e+00 -2.8158e+00 -1.6191e+00 -3.0128e-01 +1.6807e+00 -3.5987e+00
34092 +2.484404107e-01 +2.484404107e-01 -2.797015596e+02 -2.797015596e+02 -3.6304e+00 -3.9169e+00 +3.2473e+00 -9.7344e-01 -3.4659e+00 -2.8159e+00 -1.6184e+00 -3.0091e-01 +1.6800e+00 -3.5985e+00
35364 +1.563321211e-01 +1.563321211e-01 -2.797936679e+02 -2.797936679e+02 -3.6303e+00 -3.9172e+00 +3.2475e+00 -9.7346e-01 -3.4654e+00 -2.8161e+00 -1.6181e+00 -3.0091e-01 +1.6798e+00 -3.5982e+00
36530 +8.253853718e-02 +8.253853718e-02 -2.798674615e+02 -2.798674615e+02 -3.6300e+00 -3.9177e+00 +3.2475e+00 -9.7352e-01 -3.4653e+00 -2.8163e+00 -1.6180e+00 -3.0090e-01 +1.6795e+00 -3.5981e+00
38044 +6.284864457e-02 +6.284864457e-02 -2.798871514e+02 -2.798871514e+02 -3.6299e+00 -3.9177e+00 +3.2475e+00 -9.7353e-01 -3.4651e+00 -2.8162e+00 -1.6180e+00 -3.0086e-01 +1.6791e+00 -3.5981e+00
42008 +3.977245761e-02 +3.977245761e-02 -2.799102275e+02 -2.799102275e+02 -3.6299e+00 -3.9178e+00 +3.2474e+00 -9.7351e-01 -3.4651e+00 -2.8164e+00 -1.6180e+00 -3.0098e-01 +1.6791e+00 -3.5981e+00
56391 +2.504744198e-02 +2.504744198e-02 -2.799249526e+02 -2.799249526e+02 -3.6299e+00 -3.9178e+00 +3.2474e+00 -9.7351e-01 -3.4651e+00 -2.8164e+00 -1.6180e+00 -3.0101e-01 +1.6792e+00 -3.5981e+00
% function evaluation | noise-free fitness - Fopt (9.319900000000e+02) | best noise-free fitness - Fopt | measured fitness | best measured fitness | x1 | x2...
1 +2.158298364e+03 +2.158298364e+03 +3.090288364e+03 +3.090288364e+03 -4.0050e+00 -4.5135e+00 +2.4679e+00 +1.2931e+00 -8.3101e-01 +4.2182e-01 -4.5725e+00 +1.9777e+00 +4.5584e+00 +3.5594e-02
6 +1.539178268e+03 +1.539178268e+03 +2.471168268e+03 +2.471168268e+03 +9.9375e-01 -3.0413e+00 -3.2046e+00 -1.5669e+00 +2.2450e+00 +1.0918e+00 -2.2446e-01 -2.6358e+00 -2.8403e+00 +1.6506e+00
72 +8.540247366e+02 +8.540247366e+02 +1.786014737e+03 +1.786014737e+03 -7.7412e-01 -2.2291e+00 +2.8218e+00 -2.4056e+00 +2.0674e+00 -1.1368e+00 +2.7772e+00 -4.5388e+00 -4.0916e+00 +6.7632e-01
758 +5.956901445e+02 +5.956901445e+02 +1.527680145e+03 +1.527680145e+03 +4.8731e-01 +1.0244e+00 +2.8250e+00 -3.4785e+00 +2.1572e+00 -3.0308e+00 +3.2212e+00 -4.7538e+00 -8.7933e-01 -4.0078e-01
2246 +3.930276840e+02 +3.930276840e+02 +1.325017684e+03 +1.325017684e+03 +2.0783e+00 +1.3790e+00 +3.2606e+00 -5.9123e-01 +3.1109e+00 -1.5892e+00 +2.6416e+00 -2.6825e+00 -4.7758e-01 +1.2587e+00
3439 +1.995142442e+02 +1.995142442e+02 +1.131504244e+03 +1.131504244e+03 +1.2386e+00 +1.0953e+00 +3.2677e+00 -3.5257e-04 +2.4155e+00 -2.5526e+00 +2.1559e+00 -3.1469e+00 -1.2183e+00 +1.7312e+00
4229 +1.514533122e+02 +1.514533122e+02 +1.083443312e+03 +1.083443312e+03 +1.4767e+00 +1.0792e+00 +3.2851e+00 -1.4554e-01 +2.6729e+00 -2.4041e+00 +2.3604e+00 -3.3835e+00 -1.2965e+00 +1.7016e+00
5256 +9.884048476e+01 +9.884048476e+01 +1.030830485e+03 +1.030830485e+03 +1.2824e+00 +8.4455e-01 +3.0965e+00 -3.0218e-01 +2.6112e+00 -2.4530e+00 +2.5843e+00 -3.5728e+00 -1.4400e+00 +1.8392e+00
6355 +5.615378431e+01 +5.615378431e+01 +9.881437843e+02 +9.881437843e+02 +1.4668e+00 +5.9819e-01 +3.0351e+00 -6.4340e-01 +2.5742e+00 -2.6413e+00 +2.7867e+00 -3.5949e+00 -1.6298e+00 +1.7926e+00
7053 +2.821993023e+01 +2.821993023e+01 +9.602099302e+02 +9.602099302e+02 +1.4867e+00 +8.7710e-01 +3.0484e+00 -6.5510e-01 +2.6257e+00 -2.7337e+00 +2.7587e+00 -3.7056e+00 -1.6426e+00 +1.9432e+00
7506 +2.400793543e+01 +2.400793543e+01 +9.559979354e+02 +9.559979354e+02 +1.5016e+00 +8.8457e-01 +3.0690e+00 -6.4016e-01 +2.6051e+00 -2.7214e+00 +2.7894e+00 -3.6879e+00 -1.6171e+00 +1.9364e+00
8760 +1.502905335e+01 +1.502905335e+01 +9.470190533e+02 +9.470190533e+02 +1.5047e+00 +8.3267e-01 +3.0446e+00 -6.2327e-01 +2.5801e+00 -2.7760e+00 +2.7869e+00 -3.6621e+00 -1.6303e+00 +1.9727e+00
9723 +9.438847597e+00 +9.438847597e+00 +9.414288476e+02 +9.414288476e+02 +1.5276e+00 +8.4013e-01 +3.0391e+00 -6.1425e-01 +2.5562e+00 -2.7661e+00 +2.8084e+00 -3.6777e+00 -1.6220e+00 +1.9979e+00
10783 +6.227178451e+00 +6.227178451e+00 +9.382171785e+02 +9.382171785e+02 +1.5377e+00 +8.3492e-01 +3.0317e+00 -6.2769e-01 +2.5405e+00 -2.7720e+00 +2.8189e+00 -3.6605e+00 -1.6396e+00 +2.0335e+00
12000 +3.857936181e+00 +3.857936181e+00 +9.358479362e+02 +9.358479362e+02 +1.5336e+00 +8.1893e-01 +3.0294e+00 -6.0203e-01 +2.5256e+00 -2.7832e+00 +2.8133e+00 -3.6723e+00 -1.6571e+00 +2.0633e+00
15069 +2.501891053e+00 +2.501891053e+00 +9.344918911e+02 +9.344918911e+02 +1.5149e+00 +8.4119e-01 +3.0192e+00 -6.2455e-01 +2.5189e+00 -2.7759e+00 +2.8003e+00 -3.6784e+00 -1.6405e+00 +2.0637e+00
25105 +1.583050463e+00 +1.583050463e+00 +9.335730505e+02 +9.335730505e+02 +1.5134e+00 +8.3931e-01 +3.0220e+00 -6.2229e-01 +2.5165e+00 -2.7773e+00 +2.8025e+00 -3.6791e+00 -1.6402e+00 +2.0627e+00
31479 +9.961012589e-01 +9.961012589e-01 +9.329861013e+02 +9.329861013e+02 +1.5133e+00 +8.3698e-01 +3.0224e+00 -6.2052e-01 +2.5144e+00 -2.7786e+00 +2.8029e+00 -3.6792e+00 -1.6411e+00 +2.0621e+00
35409 +6.222604526e-01 +6.222604526e-01 +9.326122605e+02 +9.326122605e+02 +1.5131e+00 +8.3568e-01 +3.0226e+00 -6.1897e-01 +2.5130e+00 -2.7797e+00 +2.8027e+00 -3.6795e+00 -1.6409e+00 +2.0615e+00
40521 +3.957749821e-01 +3.957749821e-01 +9.323857750e+02 +9.323857750e+02 +1.5135e+00 +8.3448e-01 +3.0219e+00 -6.1886e-01 +2.5120e+00 -2.7806e+00 +2.8031e+00 -3.6795e+00 -1.6412e+00 +2.0611e+00
% function evaluation | noise-free fitness - Fopt (1.133100000000e+02) | best noise-free fitness - Fopt | measured fitness | best measured fitness | x1 | x2...
1 +1.029128460e+03 +1.029128460e+03 +1.142438460e+03 +1.142438460e+03 +2.1838e+00 -1.1911e+00 +2.8989e+00 +6.9869e-01 +2.8714e+00 -4.0050e+00 -6.6113e-01 -3.2449e+00 +4.3758e+00 -1.1544e+00
151 +9.901605623e+02 +9.901605623e+02 +1.103470562e+03 +1.103470562e+03 +8.8209e-01 -7.7072e-01 +1.1365e+00 -2.0320e+00 -7.9307e-01 +2.1526e+00 -1.6396e+00 -1.9835e+00 -2.5122e-01 -1.4255e+00
820 +4.846299155e+02 +4.846299155e+02 +5.979399155e+02 +5.979399155e+02 +1.8925e+00 +3.3033e+00 -8.2190e-02 +1.7677e+00 +8.1205e-01 -1.1580e+00 -4.6844e-01 -2.7848e+00 +4.6504e+00 +1.7850e-01
1691 +3.551488786e+02 +3.551488786e+02 +4.684588786e+02 +4.684588786e+02 +1.7027e+00 +2.7524e+00 +2.7500e-01 +6.4195e-02 +1.9797e-01 -3.9534e-01 -1.4230e+00 -1.2619e+00 +2.7721e+00 -1.5710e+00
2769 +2.295208000e+02 +2.295208000e+02 +3.428308000e+02 +3.428308000e+02 +1.7727e+00 +3.0565e+00 +6.4736e-01 -8.4888e-01 +7.7508e-01 -1.6053e-01 -3.4803e-01 -2.0524e+00 +2.7888e+00 -1.2300e+00
3780 +1.564435093e+02 +1.564435093e+02 +2.697535093e+02 +2.697535093e+02 +1.9363e+00 +2.7087e+00 +3.4649e-01 -1.8182e-01 +7.3501e-01 -4.6204e-01 -7.5418e-01 -1.6171e+00 +2.6828e+00 -1.1458e+00
4420 +9.410903494e+01 +9.410903494e+01 +2.074190349e+02 +2.074190349e+02 +2.3736e+00 +2.8958e+00 +6.2356e-01 +1.7743e-01 +4.8788e-01 -5.8771e-01 -4.5986e-01 -1.7156e+00 +3.0858e+00 -9.6717e-01
5129 +6.271202883e+01 +6.271202883e+01 +1.760220288e+02 +1.760220288e+02 +2.1395e+00 +2.9971e+00 +5.9858e-01 +4.5234e-01 +7.9184e-01 -6.5327e-01 -6.0187e-01 -1.8235e+00 +2.9743e+00 -8.0377e-01
6633 +3.566660151e+01 +3.566660151e+01 +1.489766015e+02 +1.489766015e+02 +2.1556e+00 +3.2783e+00 +7.9706e-01 +4.1912e-01 +4.7095e-01 -7.7150e-01 -4.7064e-01 -1.6954e+00 +2.8963e+00 -6.9487e-01
7587 +2.508017641e+01 +2.508017641e+01 +1.383901764e+02 +1.383901764e+02 +2.1630e+00 +3.2873e+00 +8.0550e-01 +4.0935e-01 +5.0722e-01 -7.6636e-01 -4.5854e-01 -1.7053e+00 +2.9201e+00 -7.2094e-01
8568 +1.494466314e+01 +1.494466314e+01 +1.282546631e+02 +1.282546631e+02 +2.1712e+00 +3.2843e+00 +7.9778e-01 +3.9212e-01 +5.0035e-01 -7.7101e-01 -4.2234e-01 -1.7303e+00 +2.9547e+00 -7.4573e-01
9884 +8.686829354e+00 +8.686829354e+00 +1.219968294e+02 +1.219968294e+02 +2.1380e+00 +3.2370e+00 +7.6436e-01 +4.0597e-01 +4.8513e-01 -7.1104e-01 -3.7718e-01 -1.7177e+00 +2.9613e+00 -7.4541e-01
10477 +5.557482710e+00 +5.557482710e+00 +1.188674827e+02 +1.188674827e+02 +2.1591e+00 +3.2481e+00 +7.5299e-01 +4.0722e-01 +4.8511e-01 -7.0128e-01 -3.7550e-01 -1.7227e+00 +2.9804e+00 -7.4475e-01
12087 +2.964750716e+00 +2.964750716e+00 +1.162747507e+02 +1.162747507e+02 +2.1560e+00 +3.2445e+00 +7.5569e-01 +4.1607e-01 +4.9535e-01 -7.1849e-01 -3.8380e-01 -1.7225e+00 +2.9984e+00 -7.4148e-01
15855 +2.510481703e+00 +2.510481703e+00 +1.158204817e+02 +1.158204817e+02 +2.1572e+00 +3.2414e+00 +7.3624e-01 +4.1221e-01 +5.0282e-01 -7.0476e-01 -3.9188e-01 -1.7227e+00 +2.9955e+00 -7.3464e-01
25555 +1.572446174e+00 +1.572446174e+00 +1.148824462e+02 +1.148824462e+02 +2.1558e+00 +3.2418e+00 +7.3911e-01 +4.1472e-01 +5.0184e-01 -7.0624e-01 -3.9303e-01 -1.7229e+00 +2.9984e+00 -7.3776e-01
32795 +9.976800834e-01 +9.976800834e-01 +1.143076801e+02 +1.143076801e+02 +2.1545e+00 +3.2415e+00 +7.4082e-01 +4.1665e-01 +5.0151e-01 -7.0831e-01 -3.9410e-01 -1.7226e+00 +3.0010e+00 -7.3889e-01
38946 +6.258818982e-01 +6.258818982e-01 +1.139358819e+02 +1.139358819e+02 +2.1548e+00 +3.2422e+00 +7.4097e-01 +4.1798e-01 +5.0109e-01 -7.1112e-01 -3.9431e-01 -1.7230e+00 +3.0023e+00 -7.3934e-01
43799 +3.886614800e-01 +3.886614800e-01 +1.136986615e+02 +1.136986615e+02 +2.1549e+00 +3.2432e+00 +7.4151e-01 +4.1892e-01 +5.0086e-01 -7.1271e-01 -3.9402e-01 -1.7229e+00 +3.0032e+00 -7.3966e-01
% function evaluation | noise-free fitness - Fopt (-3.000200000000e+02) | best noise-free fitness - Fopt | measured fitness | best measured fitness | x1 | x2...
1 +1.758249033e+03 +1.758249033e+03 +1.458229033e+03 +1.458229033e+03 +1.5402e+00 -3.9723e-01 +2.7949e+00 +3.0143e+00 +3.2720e-02 -3.9247e+00 +2.0782e+00 -5.5290e-02 +1.7575e+00 +1.1467e+00
6 +1.500465303e+03 +1.500465303e+03 +1.200445303e+03 +1.200445303e+03 -4.0235e+00 +1.4964e+00 -4.3193e+00 +3.1848e+00 -1.0577e+00 -2.6550e+00 +4.8340e+00 +5.8957e-01 +2.6136e+00 -4.4024e+00
65 +8.525542761e+02 +8.525542761e+02 +5.525342761e+02 +5.525342761e+02 -3.3451e+00 -3.1134e-01 -2.5917e+00 -3.8131e+00 -4.2501e-03 -3.4736e-01 -3.8549e-01 -3.0886e+00 +1.7658e+00 -1.0040e+00
677 +6.141334178e+02 +6.141334178e+02 +3.141134178e+02 +3.141134178e+02 -3.4738e+00 +3.9723e-01 -2.8286e+00 -4.1825e+00 -7.6800e-02 -4.9882e-01 +1.4789e+00 -2.7633e-01 +1.9205e+00 -6.2520e-01
1950 +3.868346289e+02 +3.868346289e+02 +8.681462888e+01 +8.681462888e+01 +3.2369e-01 +6.8093e-02 -2.4228e+00 -3.5036e+00 +5.3445e-03 -1.7910e+00 +1.2639e+00 +7.8113e-01 +8.1472e-01 -1.6194e+00
2511 +2.508254471e+02 +2.508254471e+02 -4.919455286e+01 -4.919455286e+01 +7.9614e-01 -6.9516e-01 -2.5289e+00 -3.9089e+00 -6.0181e-01 -2.6333e+00 +1.2819e+00 -4.9908e-01 +1.2896e+00 -1.3988e+00
3649 +1.541155622e+02 +1.541155622e+02 -1.459044378e+02 -1.459044378e+02 +5.6586e-01 -4.8479e-01 -2.8720e+00 -3.5546e+00 -5.8680e-01 -2.1471e+00 +1.2505e+00 -8.6028e-01 +1.1612e+00 -1.3482e+00
4669 +9.242907045e+01 +9.242907045e+01 -2.075909295e+02 -2.075909295e+02 +1.4178e-01 -3.2682e-01 -3.1074e+00 -3.2377e+00 -3.8378e-01 -2.2852e+00 +1.0370e+00 -7.9867e-01 +1.4359e+00 -1.4499e+00
6873 +6.258529636e+01 +6.258529636e+01 -2.374347036e+02 -2.374347036e+02 +6.1699e-02 -1.9058e-01 -3.0631e+00 -2.7750e+00 -3.4657e-01 -2.1950e+00 +1.1873e+00 -8.5704e-01 +1.2660e+00 -1.2942e+00
8262 +3.909659541e+01 +3.909659541e+01 -2.609234046e+02 -2.609234046e+02 -3.1620e-03 -3.1302e-02 -2.9569e+00 -2.8761e+00 -2.4559e-01 -2.2395e+00 +1.2892e+00 -9.1558e-01 +1.3350e+00 -1.3589e+00
10035 +2.437596038e+01 +2.437596038e+01 -2.756440396e+02 -2.756440396e+02 -4.0075e-02 +5.1149e-04 -2.9438e+00 -2.8818e+00 -1.7583e-01 -2.2511e+00 +1.2870e+00 -9.3665e-01 +1.3094e+00 -1.3780e+00
11370 +1.494893519e+01 +1.494893519e+01 -2.850710648e+02 -2.850710648e+02 -7.5670e-02 +1.5069e-02 -2.9593e+00 -2.8377e+00 -1.3024e-01 -2.2823e+00 +1.2660e+00 -9.7314e-01 +1.3035e+00 -1.3970e+00
% function evaluation | noise-free fitness - Fopt (4.471000000000e+01) | best noise-free fitness - Fopt | measured fitness | best measured fitness | x1 | x2...
1 +1.824821457e+03 +1.824821457e+03 +1.869531457e+03 +1.869531457e+03 -1.7869e+00 -6.4747e-03 -1.7309e+00 -2.5082e+00 +1.1162e+00 +2.9465e+00 -2.5718e+00 -7.6476e-01 +7.0120e-01 -5.4596e-01
5 +1.547846468e+03 +1.547846468e+03 +1.592556468e+03 +1.592556468e+03 -4.5595e+00 -5.8414e-01 +4.2302e+00 -3.0445e+00 -5.9454e-01 -4.3977e+00 +1.5446e+00 -3.0905e-01 +2.0188e+00 +3.8606e+00
196 +9.802805066e+02 +9.802805066e+02 +1.024990507e+03 +1.024990507e+03 +2.1309e+00 -2.9235e+00 -3.2051e+00 -9.1622e-01 +1.2398e+00 -3.8527e+00 +3.8590e+00 -2.4581e+00 +8.3689e-01 +2.2668e+00
435 +5.598527212e+02 +5.598527212e+02 +6.045627212e+02 +6.045627212e+02 +1.9523e+00 -2.0247e-01 +3.5008e+00 -7.2287e-02 -1.2825e-01 -1.7461e+00 +2.3599e-02 -4.3476e+00 +4.1181e-01 +3.7097e+00
945 +3.109146494e+02 +3.109146494e+02 +3.556246494e+02 +3.556246494e+02 +1.9776e+00 -5.8701e-01 +1.7712e+00 -1.9902e-01 +4.7366e-01 -2.6146e+00 +2.9931e-01 -4.1869e+00 -3.4879e-01 +3.5486e+00
1669 +2.420730977e+02 +2.420730977e+02 +2.867830977e+02 +2.867830977e+02 +3.5476e+00 -1.3202e+00 +4.5556e+00 +3.7036e-01 +1.8994e+00 -3.1799e+00 +4.8067e-01 -4.6293e+00 -3.9250e-01 +3.4452e+00
2549 +1.565645400e+02 +1.565645400e+02 +2.012745400e+02 +2.012745400e+02 +3.6924e+00 -8.1712e-01 +4.2901e+00 +5.0564e-01 +1.6302e+00 -3.3689e+00 +4.7935e-01 -4.8620e+00 -2.2478e-01 +3.5175e+00
3320 +9.590427647e+01 +9.590427647e+01 +1.406142765e+02 +1.406142765e+02 +3.8901e+00 -5.4640e-01 +4.1431e+00 +4.8191e-01 +1.4969e+00 -3.4670e+00 +2.7807e-01 -4.8458e+00 +6.4405e-02 +3.4838e+00
4344 +6.195860019e+01 +6.195860019e+01 +1.066686002e+02 +1.066686002e+02 +3.6969e+00 -6.8650e-01 +3.6772e+00 +2.3425e-01 +1.3963e+00 -3.6530e+00 +4.7106e-01 -4.5271e+00 +1.8269e-01 +3.2799e+00
4755 +3.960396312e+01 +3.960396312e+01 +8.431396312e+01 +8.431396312e+01 +3.7765e+00 -6.6220e-01 +3.6575e+00 +2.8380e-01 +1.3032e+00 -3.6030e+00 +3.1863e-01 -4.5330e+00 +2.7544e-01 +3.1901e+00
6502 +2.487763217e+01 +2.487763217e+01 +6.958763217e+01 +6.958763217e+01 +3.7688e+00 -6.0372e-01 +3.6516e+00 +3.1823e-01 +1.2980e+00 -3.5659e+00 +2.8554e-01 -4.4817e+00 +2.7341e-01 +3.1911e+00
8839 +1.536917461e+01 +1.536917461e+01 +6.007917461e+01 +6.007917461e+01 +3.7596e+00 -5.8232e-01 +3.6169e+00 +3.4868e-01 +1.2993e+00 -3.5115e+00 +2.5371e-01 -4.4796e+00 +2.7074e-01 +3.1800e+00
21552 +9.985144396e+00 +9.985144396e+00 +5.469514440e+01 +5.469514440e+01 +3.7736e+00 -5.8652e-01 +3.6178e+00 +3.6447e-01 +1.2962e+00 -3.4937e+00 +2.4505e-01 -4.4800e+00 +2.4870e-01 +3.1920e+00
% function evaluation | noise-free fitness - Fopt (-1.000000000000e+03) | best noise-free fitness - Fopt | measured fitness | best measured fitness | x1 | x2...
1 +2.955691078e+03 +2.955691078e+03 +1.955691078e+03 +1.955691078e+03 +1.8320e+00 +2.5863e+00 -2.4367e+00 -2.1138e+00 -4.6145e+00 +2.1007e+00 +1.2091e+00 +2.2643e+00 -4.2470e+00 -1.9199e+00
2 +1.601675380e+03 +1.601675380e+03 +6.016753795e+02 +6.016753795e+02 -3.9063e+00 +7.3533e-01 +4.3955e+00 +8.8075e-01 +2.2787e+00 +1.1119e+00 +4.6758e+00 -2.2517e+00 +1.4596e+00 -3.2574e+00
19 +1.443293305e+03 +1.443293305e+03 +4.432933055e+02 +4.432933055e+02 -4.8253e+00 +2.9752e+00 -1.7720e+00 -4.8619e+00 -2.3139e+00 -2.2964e+00 +4.2166e+00 -3.2757e+00 -1.6003e+00 +1.6078e+00
51 +5.262230372e+02 +5.262230372e+02 -4.737769628e+02 -4.737769628e+02 -8.1331e-02 +1.3382e+00 +4.0352e+00 -2.7389e+00 +3.8003e+00 -3.9085e+00 +2.4070e+00 -7.9777e-02 -2.7250e+00 -4.2451e-01
1197 +3.718182933e+02 +3.718182933e+02 -6.281817067e+02 -6.281817067e+02 -1.3954e+00 +2.5497e+00 +3.8878e+00 -3.9561e+00 +3.6103e+00 -2.9475e+00 +2.2331e+00 -1.2429e+00 -6.0222e-01 -2.3717e+00
2434 +2.499509197e+02 +2.499509197e+02 -7.500490803e+02 -7.500490803e+02 -1.9010e+00 +2.0872e+00 +3.6570e+00 -3.8108e+00 +3.6434e+00 -3.0817e+00 +2.4776e+00 -1.0795e+00 -7.6438e-01 -2.1838e+00
3320 +1.501572687e+02 +1.501572687e+02 -8.498427313e+02 -8.498427313e+02 -2.1646e+00 +1.7701e+00 +3.4112e+00 -3.8535e+00 +3.4051e+00 -3.3707e+00 +2.6126e+00 -1.1704e+00 -4.1317e-01 -1.5185e+00
4122 +9.960158905e+01 +9.960158905e+01 -9.003984109e+02 -9.003984109e+02 -2.2864e+00 +1.9001e+00 +3.2647e+00 -3.6438e+00 +3.2242e+00 -3.4877e+00 +2.6984e+00 -1.2143e+00 -5.7581e-01 -1.4829e+00
5017 +5.462061504e+01 +5.462061504e+01 -9.453793850e+02 -9.453793850e+02 -2.2166e+00 +2.1324e+00 +3.1916e+00 -3.6153e+00 +3.1310e+00 -3.4158e+00 +2.8041e+00 -1.2731e+00 -8.8873e-01 -1.2475e+00
5151 +3.920041337e+01 +3.920041337e+01 -9.607995866e+02 -9.607995866e+02 -2.3458e+00 +2.1764e+00 +3.0498e+00 -3.5522e+00 +2.9544e+00 -3.5404e+00 +2.7782e+00 -1.3160e+00 -9.8642e-01 -1.2082e+00
6693 +2.416673823e+01 +2.416673823e+01 -9.758332618e+02 -9.758332618e+02 -2.2995e+00 +2.1966e+00 +3.1069e+00 -3.5589e+00 +2.9399e+00 -3.5721e+00 +2.8050e+00 -1.3576e+00 -9.7288e-01 -1.2259e+00
7959 +1.457991950e+01 +1.457991950e+01 -9.854200805e+02 -9.854200805e+02 -2.3123e+00 +2.1968e+00 +3.1340e+00 -3.5533e+00 +2.9493e+00 -3.6039e+00 +2.8380e+00 -1.4084e+00 -9.4493e-01 -1.2103e+00
8892 +9.494629294e+00 +9.494629294e+00 -9.905053707e+02 -9.905053707e+02 -2.2808e+00 +2.2040e+00 +3.1256e+00 -3.5265e+00 +2.9911e+00 -3.5848e+00 +2.8388e+00 -1.4292e+00 -9.5847e-01 -1.2229e+00
9792 +6.205855520e+00 +6.205855520e+00 -9.937941445e+02 -9.937941445e+02 -2.2626e+00 +2.1865e+00 +3.1315e+00 -3.5329e+00 +2.9662e+00 -3.5895e+00 +2.8790e+00 -1.4481e+00 -9.6809e-01 -1.2021e+00
10814 +3.813834960e+00 +3.813834960e+00 -9.961861650e+02 -9.961861650e+02 -2.2727e+00 +2.2122e+00 +3.1266e+00 -3.5297e+00 +2.9889e+00 -3.5734e+00 +2.8958e+00 -1.4496e+00 -9.5912e-01 -1.1962e+00
11518 +2.103822556e+00 +2.103822556e+00 -9.978961774e+02 -9.978961774e+02 -2.2703e+00 +2.2191e+00 +3.1252e+00 -3.5242e+00 +2.9833e+00 -3.5781e+00 +2.8929e+00 -1.4588e+00 -9.5932e-01 -1.1960e+00
15600 +1.575558345e+00 +1.575558345e+00 -9.984244417e+02 -9.984244417e+02 -2.2686e+00 +2.2183e+00 +3.1263e+00 -3.5249e+00 +2.9813e+00 -3.5786e+00 +2.8931e+00 -1.4587e+00 -9.5962e-01 -1.1962e+00
21714 +9.809729545e-01 +9.809729545e-01 -9.990190270e+02 -9.990190270e+02 -2.2669e+00 +2.2162e+00 +3.1277e+00 -3.5262e+00 +2.9795e+00 -3.5795e+00 +2.8940e+00 -1.4590e+00 -9.6024e-01 -1.1949e+00
26234 +6.171654625e-01 +6.171654625e-01 -9.993828345e+02 -9.993828345e+02 -2.2664e+00 +2.2142e+00 +3.1287e+00 -3.5272e+00 +2.9794e+00 -3.5798e+00 +2.8952e+00 -1.4583e+00 -9.6002e-01 -1.1941e+00
29547 +3.962400684e-01 +3.962400684e-01 -9.996037599e+02 -9.996037599e+02 -2.2657e+00 +2.2131e+00 +3.1296e+00 -3.5269e+00 +2.9792e+00 -3.5793e+00 +2.8953e+00 -1.4583e+00 -9.6005e-01 -1.1933e+00
31965 +2.510235527e-01 +2.510235527e-01 -9.997489764e+02 -9.997489764e+02 -2.2651e+00 +2.2121e+00 +3.1300e+00 -3.5270e+00 +2.9794e+00 -3.5794e+00 +2.8958e+00 -1.4585e+00 -9.6028e-01 -1.1933e+00
% function evaluation | noise-free fitness - Fopt (3.042000000000e+02) | best noise-free fitness - Fopt | measured fitness | best measured fitness | x1 | x2...
1 +1.898218641e+03 +1.898218641e+03 +2.202418641e+03 +2.202418641e+03 -4.4051e+00 -3.0712e-01 -4.4869e+00 +3.8349e+00 -2.7830e+00 -1.9397e+00 +8.9890e-01 -1.0534e+00 -4.0693e+00 +3.9322e+00
9 +1.558137129e+03 +1.558137129e+03 +1.862337129e+03 +1.862337129e+03 +3.5976e+00 +3.8346e-01 +2.8562e+00 -4.7708e+00 -2.8321e+00 +1.1393e-01 -2.0935e+00 -1.7361e+00 +4.7318e+00 -9.4808e-01
187 +8.447586494e+02 +8.447586494e+02 +1.148958649e+03 +1.148958649e+03 -3.4193e+00 +3.6199e+00 +9.0625e-01 -1.5788e+00 -4.0997e+00 +9.6122e-01 -3.7752e+00 -4.3463e+00 +4.8842e+00 +1.2836e+00
458 +5.671976963e+02 +5.671976963e+02 +8.713976963e+02 +8.713976963e+02 -2.5862e+00 +3.5563e+00 +1.6297e+00 -5.0856e-01 -3.0574e+00 +3.3645e-01 -2.6362e+00 -2.1638e+00 +5.0000e+00 +1.3887e+00
1488 +3.959449775e+02 +3.959449775e+02 +7.001449775e+02 +7.001449775e+02 -3.1398e+00 +2.9337e+00 +1.7400e+00 -3.1012e+00 -2.6410e+00 +1.0369e+00 -2.6761e+00 -2.5821e+00 +1.4232e+00 +2.2484e+00
3101 +2.427253642e+02 +2.427253642e+02 +5.469253642e+02 +5.469253642e+02 -2.7051e+00 +3.0957e+00 +1.4729e+00 -3.3278e+00 -2.3923e+00 +6.1221e-01 -2.8272e+00 -2.6728e+00 +1.0826e+00 +2.8851e+00
4589 +1.516755701e+02 +1.516755701e+02 +4.558755701e+02 +4.558755701e+02 -2.5620e+00 +2.7962e+00 +9.2980e-01 -3.0847e+00 -1.9954e+00 +4.5670e-01 -2.9228e+00 -2.8069e+00 +1.1357e+00 +3.4070e+00
5377 +9.845699412e+01 +9.845699412e+01 +4.026569941e+02 +4.026569941e+02 -2.3602e+00 +3.0366e+00 +9.0432e-01 -3.2616e+00 -1.9666e+00 +3.5860e-01 -3.1241e+00 -2.5845e+00 +1.1127e+00 +3.4589e+00
6837 +6.304858581e+01 +6.304858581e+01 +3.672485858e+02 +3.672485858e+02 -2.4048e+00 +3.0591e+00 +6.4709e-01 -2.9962e+00 -1.9275e+00 +1.4940e-01 -3.3695e+00 -2.6215e+00 +1.1602e+00 +3.6809e+00
8602 +3.818094274e+01 +3.818094274e+01 +3.423809427e+02 +3.423809427e+02 -2.5490e+00 +2.9254e+00 +6.5057e-01 -3.2386e+00 -1.8032e+00 +1.5448e-01 -3.1786e+00 -2.5226e+00 +8.5342e-01 +3.7222e+00
13445 +2.511450843e+01 +2.511450843e+01 +3.293145084e+02 +3.293145084e+02 -2.5252e+00 +3.0004e+00 +6.1209e-01 -3.2335e+00 -1.7919e+00 +1.4473e-01 -3.2379e+00 -2.5601e+00 +8.6491e-01 +3.7388e+00
% function evaluation | noise-free fitness - Fopt (-1.046700000000e+02) | best noise-free fitness - Fopt | measured fitness | best measured fitness | x1 | x2...
1 +2.321480663e+03 +2.321480663e+03 +2.216810663e+03 +2.216810663e+03 +2.1206e+00 +4.5006e+00 -3.0574e-01 +4.4849e+00 -2.5046e+00 +4.7457e+00 +3.2657e+00 +3.2801e+00 +3.1435e+00 -7.5258e-01
4 +1.473387317e+03 +1.473387317e+03 +1.368717317e+03 +1.368717317e+03 +6.6007e-01 -2.8072e+00 +3.8440e+00 +4.2280e+00 +6.7727e-01 +1.3589e-01 +2.4749e-01 -1.5100e+00 -1.9913e+00 -3.0194e+00
184 +9.195752498e+02 +9.195752498e+02 +8.149052498e+02 +8.149052498e+02 -3.3172e+00 +1.5339e+00 -7.5847e-01 -3.5584e-01 +8.1199e-01 +1.4262e+00 -6.1377e-01 -1.9115e-01 +1.7767e+00 -2.3502e+00
1215 +5.999862133e+02 +5.999862133e+02 +4.953162133e+02 +4.953162133e+02 -4.5186e+00 +7.2100e-01 -2.4472e+00 -2.2140e+00 +1.9706e+00 +8.6684e-01 +1.0008e+00 +1.9615e-01 +1.3405e+00 -1.4145e+00
2010 +3.800777593e+02 +3.800777593e+02 +2.754077593e+02 +2.754077593e+02 -3.9788e+00 +1.0031e+00 -4.7058e+00 -3.0267e+00 +2.4176e+00 -2.8851e-01 +1.7231e+00 -3.0094e-01 +1.2659e+00 -3.4782e+00
2580 +2.397718481e+02 +2.397718481e+02 +1.351018481e+02 +1.351018481e+02 -3.0320e+00 +1.4514e+00 -4.7164e+00 -3.5378e+00 +3.1370e+00 +2.8781e-02 +1.0999e+00 +7.0618e-01 +8.7512e-01 -2.5871e+00
3514 +1.574891581e+02 +1.574891581e+02 +5.281915809e+01 +5.281915809e+01 -3.6784e+00 +1.2053e+00 -4.5387e+00 -3.3902e+00 +2.5334e+00 +4.5038e-02 +9.0520e-01 +6.7598e-01 +7.0818e-01 -2.1381e+00
4325 +8.765667167e+01 +8.765667167e+01 -1.701332833e+01 -1.701332833e+01 -3.7782e+00 +8.8564e-01 -4.3930e+00 -3.6341e+00 +2.5769e+00 -9.3354e-02 +1.0995e+00 +6.7720e-01 +7.0744e-01 -2.1861e+00
5113 +6.168457572e+01 +6.168457572e+01 -4.298542428e+01 -4.298542428e+01 -3.7248e+00 +7.6731e-01 -4.3489e+00 -3.6929e+00 +2.6345e+00 -8.1415e-02 +9.5457e-01 +6.3381e-01 +5.0522e-01 -2.2294e+00
6674 +3.967570485e+01 +3.967570485e+01 -6.499429515e+01 -6.499429515e+01 -3.6292e+00 +8.5278e-01 -4.3144e+00 -3.7660e+00 +2.5781e+00 -1.8853e-01 +8.7755e-01 +6.2237e-01 +5.2781e-01 -2.1643e+00
7986 +2.491020916e+01 +2.491020916e+01 -7.975979084e+01 -7.975979084e+01 -3.6618e+00 +8.5014e-01 -4.2741e+00 -3.8336e+00 +2.5688e+00 -1.7011e-01 +8.2377e-01 +6.7018e-01 +4.9941e-01 -2.1021e+00
22252 +1.582653082e+01 +1.582653082e+01 -8.884346918e+01 -8.884346918e+01 -3.6376e+00 +8.8124e-01 -4.2430e+00 -3.8387e+00 +2.5653e+00 -1.7277e-01 +7.5559e-01 +6.9140e-01 +5.1678e-01 -2.0948e+00
% function evaluation | noise-free fitness - Fopt (4.869500000000e+02) | best noise-free fitness - Fopt | measured fitness | best measured fitness | x1 | x2...
1 +1.895738235e+03 +1.895738235e+03 +2.382688235e+03 +2.382688235e+03 +3.9870e+00 +2.2614e+00 +8.2926e-01 +3.4924e+00 -1.8866e+00 -1.2058e-01 -4.6006e+00 -3.5159e+00 +2.4095e+00 +3.4762e+00
18 +1.514783800e+03 +1.514783800e+03 +2.001733800e+03 +2.001733800e+03 -2.2754e+00 +3.4166e+00 -2.7564e+00 -1.9242e+00 -4.3575e+00 -5.6442e-01 -4.8472e+00 +1.8625e+00 +2.9210e+00 -3.7027e+00
102 +9.255848819e+02 +9.255848819e+02 +1.412534882e+03 +1.412534882e+03 -4.6949e+00 +2.2539e+00 +2.7214e+00 +5.4427e-01 -4.0972e+00 +1.8590e+00 +1.2569e+00 -1.9666e+00 +1.8564e+00 -3.4534e+00
465 +4.967322991e+02 +4.967322991e+02 +9.836822991e+02 +9.836822991e+02 -3.7883e+00 -8.5535e-01 +5.8369e-01 -1.0144e+00 -4.0004e+00 +5.0000e+00 +1.6723e+00 -1.9954e+00 -1.9297e-02 -3.6738e+00
906 +3.880292095e+02 +3.880292095e+02 +8.749792095e+02 +8.749792095e+02 -3.1477e+00 -1.1253e+00 -6.9043e-01 -1.0416e+00 -3.5490e+00 +3.5168e+00 +8.9481e-01 -1.8547e+00 +9.5999e-01 -2.9409e+00
1666 +2.410613038e+02 +2.410613038e+02 +7.280113038e+02 +7.280113038e+02 -4.8284e+00 -3.7176e-01 -1.2253e+00 -5.0123e-01 -2.7422e+00 +3.3765e+00 -3.5689e-01 -1.4316e+00 +1.3741e+00 -4.2010e+00
2155 +1.534981509e+02 +1.534981509e+02 +6.404481509e+02 +6.404481509e+02 -4.2913e+00 -4.8613e-01 -8.3326e-01 -1.2434e+00 -3.0129e+00 +3.6435e+00 +1.7620e-01 -6.7564e-01 +3.6717e-01 -3.8978e+00
3221 +8.545037869e+01 +8.545037869e+01 +5.724003787e+02 +5.724003787e+02 -4.6231e+00 -6.2537e-01 -6.1969e-01 -7.0365e-01 -2.9298e+00 +3.6942e+00 +1.0788e-01 -1.0949e+00 +2.5027e-01 -3.7313e+00
4228 +6.230827554e+01 +6.230827554e+01 +5.492582755e+02 +5.492582755e+02 -4.5102e+00 -6.4689e-01 -9.0674e-01 -5.6939e-01 -2.8761e+00 +3.6929e+00 -5.3596e-02 -1.2050e+00 +3.5889e-01 -3.6108e+00
5722 +3.973606321e+01 +3.973606321e+01 +5.266860632e+02 +5.266860632e+02 -4.4169e+00 -5.1221e-01 -9.6296e-01 -8.2902e-01 -3.0002e+00 +3.5934e+00 -1.0923e-01 -1.2766e+00 +3.6759e-01 -3.5494e+00
7217 +2.408831381e+01 +2.408831381e+01 +5.110383138e+02 +5.110383138e+02 -4.5247e+00 -4.5174e-01 -9.8541e-01 -6.4291e-01 -3.0740e+00 +3.5977e+00 -7.5339e-02 -1.4386e+00 +4.3630e-01 -3.6175e+00
8037 +1.445588541e+01 +1.445588541e+01 +5.014058854e+02 +5.014058854e+02 -4.5393e+00 -4.8497e-01 -1.0340e+00 -6.4334e-01 -3.0510e+00 +3.6175e+00 -7.9542e-02 -1.4191e+00 +4.3948e-01 -3.6264e+00
9128 +9.645135742e+00 +9.645135742e+00 +4.965951357e+02 +4.965951357e+02 -4.5275e+00 -4.8732e-01 -1.0508e+00 -6.6731e-01 -3.0629e+00 +3.6423e+00 -7.8924e-02 -1.4120e+00 +4.5867e-01 -3.6431e+00
13283 +5.731560517e+00 +5.731560517e+00 +4.926815605e+02 +4.926815605e+02 -4.5262e+00 -4.8722e-01 -1.0530e+00 -6.7820e-01 -3.0498e+00 +3.6747e+00 -6.4611e-02 -1.4062e+00 +4.5070e-01 -3.6502e+00
% function evaluation | noise-free fitness - Fopt (9.655000000000e+01) | best noise-free fitness - Fopt | measured fitness | best measured fitness | x1 | x2...
1 +2.645459083e+03 +2.645459083e+03 +2.742009083e+03 +2.742009083e+03 -3.9980e+00 -4.5123e+00 +1.4149e+00 +3.8049e+00 +2.0750e+00 +3.7733e+00 -5.9325e-02 -3.0809e+00 -8.9326e-01 +9.1941e-01
5 +2.114146461e+03 +2.114146461e+03 +2.210696461e+03 +2.210696461e+03 +1.1154e+00 -2.4151e+00 -2.8210e-01 +2.8769e-01 +3.1022e+00 -1.9821e+00 -4.2486e+00 +8.4334e-01 -4.5220e+00 +3.2504e+00
10 +1.311471979e+03 +1.311471979e+03 +1.408021979e+03 +1.408021979e+03 +2.2283e+00 +9.2413e-01 +1.1234e+00 +2.9655e+00 +3.4106e+00 -8.8885e-01 +1.4953e+00 +1.1492e+00 -2.8371e-01 +3.9803e+00
34 +8.295646861e+02 +8.295646861e+02 +9.261146861e+02 +9.261146861e+02 -2.7023e+00 +3.8233e+00 -1.2574e+00 +2.8227e+00 +1.9324e+00 -3.6258e+00 -3.5090e+00 +2.1628e+00 +3.8380e+00 -2.8203e-01
791 +6.246164787e+02 +6.246164787e+02 +7.211664787e+02 +7.211664787e+02 -6.8817e-01 +4.9637e+00 -2.1645e+00 +4.4203e+00 +1.6521e-01 -2.5661e+00 -3.9422e+00 +1.3019e+00 +3.8738e+00 -6.6730e-01
1818 +3.413749980e+02 +3.413749980e+02 +4.379249980e+02 +4.379249980e+02 +1.1117e+00 +1.7823e+00 -3.0881e+00 +8.9013e-01 +3.3674e+00 -2.8977e+00 -4.2941e+00 -8.9577e-01 +3.7032e+00 +1.5065e+00
2897 +2.491489684e+02 +2.491489684e+02 +3.456989684e+02 +3.456989684e+02 +1.1949e+00 +1.9150e+00 -2.9721e+00 +1.6114e+00 +3.1815e+00 -3.2764e+00 -4.1725e+00 -9.4831e-01 +3.4963e+00 +1.6740e+00
3864 +1.531322903e+02 +1.531322903e+02 +2.496822903e+02 +2.496822903e+02 +1.3273e+00 +2.3647e+00 -2.4869e+00 +1.7301e+00 +2.6966e+00 -3.1007e+00 -4.3540e+00 -7.6677e-01 +3.3571e+00 +2.0381e+00
4332 +9.631927621e+01 +9.631927621e+01 +1.928692762e+02 +1.928692762e+02 +1.1866e+00 +2.6803e+00 -2.3130e+00 +1.9761e+00 +2.3764e+00 -3.0880e+00 -4.0173e+00 -6.1563e-01 +3.1742e+00 +1.8302e+00
4952 +5.521668613e+01 +5.521668613e+01 +1.517666861e+02 +1.517666861e+02 +1.3008e+00 +2.7825e+00 -2.2826e+00 +1.8735e+00 +2.3679e+00 -2.9833e+00 -3.8338e+00 -4.6259e-01 +3.1907e+00 +1.9490e+00
5754 +3.912973273e+01 +3.912973273e+01 +1.356797327e+02 +1.356797327e+02 +1.3478e+00 +2.7434e+00 -2.2637e+00 +2.0885e+00 +2.2898e+00 -2.8711e+00 -3.7603e+00 -5.5648e-01 +3.2513e+00 +2.0084e+00
6636 +2.468279162e+01 +2.468279162e+01 +1.212327916e+02 +1.212327916e+02 +1.4988e+00 +2.8409e+00 -2.1667e+00 +2.0074e+00 +2.3214e+00 -2.9711e+00 -3.7765e+00 -5.6907e-01 +3.1608e+00 +2.0563e+00
8034 +1.523285712e+01 +1.523285712e+01 +1.117828571e+02 +1.117828571e+02 +1.4739e+00 +2.8569e+00 -2.1976e+00 +2.0297e+00 +2.3199e+00 -2.9312e+00 -3.7198e+00 -5.4043e-01 +3.1405e+00 +2.0634e+00
9543 +8.799102229e+00 +8.799102229e+00 +1.053491022e+02 +1.053491022e+02 +1.5140e+00 +2.8644e+00 -2.1841e+00 +2.0484e+00 +2.3491e+00 -2.9315e+00 -3.6855e+00 -5.3195e-01 +3.1100e+00 +2.0528e+00
17047 +6.192055673e+00 +6.192055673e+00 +1.027420557e+02 +1.027420557e+02 +1.5250e+00 +2.8734e+00 -2.1910e+00 +2.0573e+00 +2.3556e+00 -2.9275e+00 -3.6667e+00 -5.2953e-01 +3.1101e+00 +2.0199e+00
% function evaluation | noise-free fitness - Fopt (6.320000000000e+00) | best noise-free fitness - Fopt | measured fitness | best measured fitness | x1 | x2...
1 +1.866669013e+03 +1.866669013e+03 +1.872989013e+03 +1.872989013e+03 -9.6300e-01 +4.9512e+00 -4.1812e+00 -9.0167e-01 +1.0859e-02 +4.3142e+00 -4.1171e+00 -3.4894e+00 -1.6930e+00 +1.4065e-01
3 +1.513484711e+03 +1.513484711e+03 +1.519804711e+03 +1.519804711e+03 +2.3033e+00 +2.5325e+00 -2.4280e+00 +1.1260e-01 +1.8599e+00 +3.8024e-01 +4.9686e-01 +2.7792e+00 -2.8704e+00 +1.3072e+00
187 +9.586096257e+02 +9.586096257e+02 +9.649296257e+02 +9.649296257e+02 +1.8782e+00 -1.1676e+00 -2.4775e+00 +2.8470e+00 -2.0462e+00 +4.6775e+00 -1.6823e+00 +1.2530e+00 +5.3967e-01 +2.2979e+00
628 +5.825359761e+02 +5.825359761e+02 +5.888559761e+02 +5.888559761e+02 +3.2283e+00 -1.6900e+00 -1.3573e-01 +3.7596e-01 -2.2727e+00 +3.3803e+00 +3.0702e+00 +1.1795e-01 -4.6367e+00 +3.5673e+00
1594 +3.792945358e+02 +3.792945358e+02 +3.856145358e+02 +3.856145358e+02 +2.1506e+00 -1.4682e+00 -3.7340e-01 +3.3899e-01 -1.3280e+00 +2.8431e+00 +2.6676e+00 +2.1852e+00 -3.0930e+00 +3.3271e+00
2705 +2.132200588e+02 +2.132200588e+02 +2.195400588e+02 +2.195400588e+02 +3.0080e+00 -1.3958e+00 -1.1030e+00 +2.1473e-01 -1.3858e+00 +3.8091e+00 +1.7514e+00 +1.1778e+00 -2.3920e+00 +3.0542e+00
3295 +1.576377001e+02 +1.576377001e+02 +1.639577001e+02 +1.639577001e+02 +2.9089e+00 -1.3523e+00 -1.0175e+00 +4.2677e-01 -1.4776e+00 +3.8675e+00 +1.5324e+00 +1.3732e+00 -2.5139e+00 +3.0698e+00
4140 +9.617544843e+01 +9.617544843e+01 +1.024954484e+02 +1.024954484e+02 +2.7515e+00 -1.3176e+00 -5.2388e-01 +1.7621e-01 -1.5154e+00 +3.7384e+00 +1.4150e+00 +1.2377e+00 -2.7431e+00 +2.8777e+00
4825 +4.874526294e+01 +4.874526294e+01 +5.506526294e+01 +5.506526294e+01 +2.8857e+00 -1.3271e+00 -4.7656e-01 +1.6082e-01 -1.4536e+00 +3.6964e+00 +1.2194e+00 +1.5520e+00 -2.7688e+00 +2.6245e+00
6326 +3.970266005e+01 +3.970266005e+01 +4.602266005e+01 +4.602266005e+01 +2.8581e+00 -1.3212e+00 -4.8216e-01 +1.6316e-01 -1.4160e+00 +3.7316e+00 +1.2166e+00 +1.5421e+00 -2.7399e+00 +2.6285e+00
9386 +2.500532442e+01 +2.500532442e+01 +3.132532442e+01 +3.132532442e+01 +2.8432e+00 -1.3401e+00 -4.4809e-01 +1.0083e-01 -1.3680e+00 +3.8039e+00 +1.2300e+00 +1.5448e+00 -2.6960e+00 +2.5951e+00
% function evaluation | noise-free fitness - Fopt (-1.275100000000e+02) | best noise-free fitness - Fopt | measured fitness | best measured fitness | x1 | x2...
1 +3.329809980e+03 +3.329809980e+03 +3.202299980e+03 +3.202299980e+03 +4.3585e+00 -3.5783e+00 +3.7759e+00 +1.5189e+00 -4.3237e+00 +3.7214e+00 +4.0996e+00 -3.4232e+00 -1.6230e+00 +6.2247e-01
5 +2.451258073e+03 +2.451258073e+03 +2.323748073e+03 +2.323748073e+03 -2.6926e-01 +2.7964e+00 -9.2837e-01 -3.3461e+00 -4.6803e+00 -2.8115e+00 -2.2295e+00 -3.3826e+00 -4.6757e+00 -9.5453e-03
38 +1.540156450e+03 +1.540156450e+03 +1.412646450e+03 +1.412646450e+03 -4.7075e+00 +1.7863e+00 +5.2556e-01 -2.2415e+00 +4.6099e+00 +1.6889e-01 +5.7932e-01 +3.0853e+00 +2.1473e+00 +3.4303e-01
430 +8.912682492e+02 +8.912682492e+02 +7.637582492e+02 +7.637582492e+02 -1.5391e+00 -2.1162e+00 +1.0028e+00 -1.8522e+00 +7.0903e-01 -2.6898e+00 +4.0531e+00 +1.5868e+00 -3.5922e-01 -5.0000e+00
1022 +5.256119035e+02 +5.256119035e+02 +3.981019035e+02 +3.981019035e+02 -1.8317e+00 -1.6284e+00 +7.7215e-01 -1.0790e+00 +1.8789e+00 -2.6954e+00 +2.7369e+00 -1.7508e-01 -1.1613e+00 -4.1898e+00
2052 +3.947747380e+02 +3.947747380e+02 +2.672647380e+02 +2.672647380e+02 -3.7028e+00 -2.3683e+00 +1.8212e+00 -9.6991e-01 +1.5235e+00 -2.5411e+00 +1.9341e+00 +8.0561e-01 -1.5439e+00 -3.9896e+00
2522 +2.388086476e+02 +2.388086476e+02 +1.112986476e+02 +1.112986476e+02 -3.7327e+00 -2.5396e+00 +1.0088e+00 +1.1151e-01 +3.7210e+00 -2.9709e+00 +1.7767e+00 +3.7247e-01 -1.2187e+00 -3.0465e+00
3484 +1.579482193e+02 +1.579482193e+02 +3.043821934e+01 +3.043821934e+01 -3.1655e+00 -2.8483e+00 +9.7889e-01 +2.0906e-02 +3.6669e+00 -3.1268e+00 +2.0502e+00 +2.4955e-01 -1.1223e+00 -3.3620e+00
4417 +8.797092786e+01 +8.797092786e+01 -3.953907214e+01 -3.953907214e+01 -3.4753e+00 -3.0710e+00 +8.7821e-01 -1.9510e-02 +3.2090e+00 -3.2855e+00 +2.1701e+00 +3.8863e-01 -9.8942e-01 -2.9991e+00
5212 +5.930135358e+01 +5.930135358e+01 -6.820864642e+01 -6.820864642e+01 -3.7539e+00 -3.0781e+00 +6.8351e-01 -3.7007e-02 +3.0872e+00 -3.4728e+00 +2.3166e+00 +4.1365e-01 -6.8706e-01 -2.7221e+00
6324 +3.866874249e+01 +3.866874249e+01 -8.884125751e+01 -8.884125751e+01 -3.8881e+00 -2.9679e+00 +8.8818e-01 -2.4468e-01 +2.9449e+00 -3.6379e+00 +2.3908e+00 +2.9905e-01 -8.2728e-01 -2.6060e+00
7036 +2.217222352e+01 +2.217222352e+01 -1.053377765e+02 -1.053377765e+02 -3.8374e+00 -3.1067e+00 +9.4555e-01 -3.3108e-01 +3.0071e+00 -3.6781e+00 +2.5080e+00 +3.4353e-01 -9.2735e-01 -2.7659e+00
7912 +1.465159767e+01 +1.465159767e+01 -1.128584023e+02 -1.128584023e+02 -3.8017e+00 -3.1091e+00 +9.4931e-01 -3.1941e-01 +3.0217e+00 -3.6922e+00 +2.5069e+00 +3.7312e-01 -9.1346e-01 -2.7496e+00
8529 +9.025436315e+00 +9.025436315e+00 -1.184845637e+02 -1.184845637e+02 -3.7809e+00 -3.0945e+00 +9.6362e-01 -2.9946e-01 +2.9880e+00 -3.6607e+00 +2.4771e+00 +3.8050e-01 -9.2601e-01 -2.7749e+00
8904 +6.064407331e+00 +6.064407331e+00 -1.214455927e+02 -1.214455927e+02 -3.7839e+00 -3.0951e+00 +9.5167e-01 -2.8440e-01 +3.0130e+00 -3.6468e+00 +2.4752e+00 +3.8936e-01 -8.9926e-01 -2.7701e+00
9770 +3.866497687e+00 +3.866497687e+00 -1.236435023e+02 -1.236435023e+02 -3.7767e+00 -3.0801e+00 +9.7028e-01 -2.8159e-01 +3.0167e+00 -3.6416e+00 +2.4868e+00 +3.8953e-01 -9.0025e-01 -2.7624e+00
11189 +2.503036440e+00 +2.503036440e+00 -1.250069636e+02 -1.250069636e+02 -3.7802e+00 -3.0732e+00 +9.7539e-01 -2.8228e-01 +3.0066e+00 -3.6260e+00 +2.4736e+00 +3.9600e-01 -8.8652e-01 -2.7715e+00
18036 +1.581086837e+00 +1.581086837e+00 -1.259289132e+02 -1.259289132e+02 -3.7745e+00 -3.0693e+00 +9.7246e-01 -2.7786e-01 +3.0039e+00 -3.6213e+00 +2.4809e+00 +3.9728e-01 -8.9114e-01 -2.7678e+00
22865 +9.961434568e-01 +9.961434568e-01 -1.265138565e+02 -1.265138565e+02 -3.7744e+00 -3.0695e+00 +9.7240e-01 -2.7838e-01 +3.0013e+00 -3.6231e+00 +2.4802e+00 +3.9528e-01 -8.9127e-01 -2.7682e+00
27203 +6.201573146e-01 +6.201573146e-01 -1.268898427e+02 -1.268898427e+02 -3.7751e+00 -3.0700e+00 +9.7275e-01 -2.7846e-01 +3.0011e+00 -3.6248e+00 +2.4789e+00 +3.9445e-01 -8.9198e-01 -2.7683e+00
29870 +3.882780868e-01 +3.882780868e-01 -1.271217219e+02 -1.271217219e+02 -3.7754e+00 -3.0701e+00 +9.7333e-01 -2.7897e-01 +3.0005e+00 -3.6256e+00 +2.4781e+00 +3.9399e-01 -8.9249e-01 -2.7686e+00
32337 +2.424454412e-01 +2.424454412e-01 -1.272675546e+02 -1.272675546e+02 -3.7760e+00 -3.0704e+00 +9.7346e-01 -2.7912e-01 +2.9997e+00 -3.6262e+00 +2.4782e+00 +3.9398e-01 -8.9309e-01 -2.7687e+00
33829 +1.473038661e-01 +1.473038661e-01 -1.273626961e+02 -1.273626961e+02 -3.7764e+00 -3.0706e+00 +9.7399e-01 -2.7953e-01 +2.9996e+00 -3.6267e+00 +2.4781e+00 +3.9393e-01 -8.9319e-01 -2.7684e+00
34725 +9.807154341e-02 +9.807154341e-02 -1.274119285e+02 -1.274119285e+02 -3.7761e+00 -3.0708e+00 +9.7418e-01 -2.7970e-01 +2.9997e+00 -3.6272e+00 +2.4785e+00 +3.9359e-01 -8.9346e-01 -2.7684e+00
35458 +6.209285706e-02 +6.209285706e-02 -1.274479071e+02 -1.274479071e+02 -3.7763e+00 -3.0710e+00 +9.7407e-01 -2.7954e-01 +2.9997e+00 -3.6273e+00 +2.4782e+00 +3.9372e-01 -8.9354e-01 -2.7686e+00
37063 +3.718152922e-02 +3.718152922e-02 -1.274728185e+02 -1.274728185e+02 -3.7764e+00 -3.0712e+00 +9.7424e-01 -2.7963e-01 +2.9998e+00 -3.6274e+00 +2.4783e+00 +3.9372e-01 -8.9364e-01 -2.7686e+00
47269 +2.483455248e-02 +2.483455248e-02 -1.274851654e+02 -1.274851654e+02 -3.7764e+00 -3.0712e+00 +9.7421e-01 -2.7969e-01 +2.9998e+00 -3.6273e+00 +2.4783e+00 +3.9381e-01 -8.9358e-01 -2.7686e+00
57429 +1.584562479e-02 +1.584562479e-02 -1.274941544e+02 -1.274941544e+02 -3.7764e+00 -3.0713e+00 +9.7419e-01 -2.7970e-01 +2.9998e+00 -3.6274e+00 +2.4782e+00 +3.9378e-01 -8.9360e-01 -2.7686e+00
% function evaluation | noise-free fitness - Fopt (8.328000000000e+02) | best noise-free fitness - Fopt | measured fitness | best measured fitness | x1 | x2...
1 +2.143842317e+03 +2.143842317e+03 +2.976642317e+03 +2.976642317e+03 +2.8651e+00 -3.9801e+00 -4.4708e-01 -2.1592e+00 +2.4939e+00 +5.6777e-01 +4.9222e+00 +4.5061e+00 +4.6352e-01 +3.2087e+00
10 +1.199835375e+03 +1.199835375e+03 +2.032635375e+03 +2.032635375e+03 -3.4599e+00 -3.8327e+00 -1.3442e+00 +2.3508e+00 +4.7623e+00 -2.7486e+00 +2.1446e-01 +1.4804e+00 -2.6301e+00 -3.8213e-03
87 +8.900870006e+02 +8.900870006e+02 +1.722887001e+03 +1.722887001e+03 -2.0819e+00 -1.6123e+00 +1.6339e+00 -1.5288e+00 +3.1857e+00 -3.7224e+00 +6.9121e-01 -3.9971e+00 -1.0351e+00 +2.1336e+00
605 +5.581832857e+02 +5.581832857e+02 +1.390983286e+03 +1.390983286e+03 -1.2653e+00 -2.1814e-01 +6.3936e-01 -1.0936e+00 +2.1210e+00 -2.4768e+00 -5.1076e-01 -1.2032e+00 -2.4288e+00 +3.4214e+00
920 +2.186065486e+02 +2.186065486e+02 +1.051406549e+03 +1.051406549e+03 -1.8082e+00 -7.1745e-01 +3.1926e-01 -1.6487e+00 +3.0105e+00 -3.5628e+00 -4.9854e-01 -1.1697e+00 -2.0829e+00 +2.9507e+00
2192 +1.494093723e+02 +1.494093723e+02 +9.822093723e+02 +9.822093723e+02 -1.9220e+00 -8.5016e-01 +1.8254e-01 -1.5390e+00 +3.4183e+00 -3.6236e+00 -8.9915e-01 -1.1588e+00 -1.9512e+00 +3.2405e+00
3256 +9.507336531e+01 +9.507336531e+01 +9.278733653e+02 +9.278733653e+02 -1.9340e+00 -8.5104e-01 -2.1229e-01 -1.4614e+00 +3.5911e+00 -3.5645e+00 -9.3111e-01 -8.3554e-01 -1.9170e+00 +3.0704e+00
4037 +6.039123940e+01 +6.039123940e+01 +8.931912394e+02 +8.931912394e+02 -2.0853e+00 -6.1112e-01 -5.7395e-01 -1.5032e+00 +3.6011e+00 -3.6260e+00 -1.2737e+00 -9.2555e-01 -2.0839e+00 +3.0765e+00
4591 +3.625815301e+01 +3.625815301e+01 +8.690581530e+02 +8.690581530e+02 -2.2260e+00 -7.5243e-01 -8.3733e-01 -1.4426e+00 +3.6342e+00 -3.6434e+00 -1.0552e+00 -7.3545e-01 -2.2885e+00 +2.9472e+00
5737 +2.462059776e+01 +2.462059776e+01 +8.574205978e+02 +8.574205978e+02 -2.2518e+00 -7.9933e-01 -7.7973e-01 -1.4567e+00 +3.6649e+00 -3.6160e+00 -1.0717e+00 -7.6543e-01 -2.2924e+00 +2.9454e+00
7020 +1.391348107e+01 +1.391348107e+01 +8.467134811e+02 +8.467134811e+02 -2.2865e+00 -7.6625e-01 -7.8604e-01 -1.4748e+00 +3.6868e+00 -3.5984e+00 -1.0809e+00 -7.4031e-01 -2.2784e+00 +2.8727e+00
8097 +9.706704775e+00 +9.706704775e+00 +8.425067048e+02 +8.425067048e+02 -2.2591e+00 -7.6671e-01 -7.9835e-01 -1.4739e+00 +3.7173e+00 -3.5641e+00 -1.1067e+00 -7.5753e-01 -2.3031e+00 +2.8533e+00
9142 +6.048484423e+00 +6.048484423e+00 +8.388484844e+02 +8.388484844e+02 -2.2816e+00 -7.8076e-01 -7.9974e-01 -1.4690e+00 +3.7210e+00 -3.5674e+00 -1.0903e+00 -7.3233e-01 -2.3288e+00 +2.8518e+00
16132 +3.972139797e+00 +3.972139797e+00 +8.367721398e+02 +8.367721398e+02 -2.2493e+00 -7.8937e-01 -7.8248e-01 -1.4765e+00 +3.7275e+00 -3.5642e+00 -1.0839e+00 -7.3873e-01 -2.3309e+00 +2.8540e+00
41587 +2.511804938e+00 +2.511804938e+00 +8.353118049e+02 +8.353118049e+02 -2.2543e+00 -7.8951e-01 -7.8167e-01 -1.4750e+00 +3.7249e+00 -3.5690e+00 -1.0831e+00 -7.3947e-01 -2.3305e+00 +2.8534e+00
