% function evaluation | noise-free fitness - Fopt (7.948000000000e+01) | best noise-free fitness - Fopt | measured fitness | best measured fitness | x1 | x2...
1 +4.429140489e+02 +4.429140489e+02 +5.223940489e+02 +5.223940489e+02
5 +3.472192734e+02 +3.472192734e+02 +4.266992734e+02 +4.266992734e+02
124 +2.483198047e+02 +2.483198047e+02 +3.277998047e+02 +3.277998047e+02
1055 +1.444051194e+02 +1.444051194e+02 +2.238851194e+02 +2.238851194e+02
1637 +8.510583875e+01 +8.510583875e+01 +1.645858387e+02 +1.645858387e+02
2498 +6.306237119e+01 +6.306237119e+01 +1.425423712e+02 +1.425423712e+02
3541 +3.767670481e+01 +3.767670481e+01 +1.171567048e+02 +1.171567048e+02
4758 +2.447412630e+01 +2.447412630e+01 +1.039541263e+02 +1.039541263e+02
5473 +1.547330509e+01 +1.547330509e+01 +9.495330509e+01 +9.495330509e+01
6315 +9.599369737e+00 +9.599369737e+00 +8.907936974e+01 +8.907936974e+01
7131 +6.294125244e+00 +6.294125244e+00 +8.577412524e+01 +8.577412524e+01
7732 +3.957239092e+00 +3.957239092e+00 +8.343723909e+01 +8.343723909e+01
8415 +2.117123577e+00 +2.117123577e+00 +8.159712358e+01 +8.159712358e+01
8959 +1.514732577e+00 +1.514732577e+00 +8.099473258e+01 +8.099473258e+01
10061 +9.956090104e-01 +9.956090104e-01 +8.047560901e+01 +8.047560901e+01
11369 +5.946940545e-01 +5.946940545e-01 +8.007469405e+01 +8.007469405e+01
12456 +3.876727592e-01 +3.876727592e-01 +7.986767276e+01 +7.986767276e+01
13912 +2.507245815e-01 +2.507245815e-01 +7.973072458e+01 +7.973072458e+01
14723 +1.580024987e-01 +1.580024987e-01 +7.963800250e+01 +7.963800250e+01
15915 +9.588938768e-02 +9.588938768e-02 +7.957588939e+01 +7.957588939e+01
16874 +6.067537925e-02 +6.067537925e-02 +7.954067538e+01 +7.954067538e+01
17928 +3.976040022e-02 +3.976040022e-02 +7.951976040e+01 +7.951976040e+01
18649 +2.491541172e-02 +2.491541172e-02 +7.950491541e+01 +7.950491541e+01
20440 +1.434244991e-02 +1.434244991e-02 +7.949434245e+01 +7.949434245e+01
22239 +8.957244075e-03 +8.957244075e-03 +7.948895724e+01 +7.948895724e+01
25934 +6.302504822e-03 +6.302504822e-03 +7.948630250e+01 +7.948630250e+01
30737 +3.974616516e-03 +3.974616516e-03 +7.948397462e+01 +7.948397462e+01
39715 +2.511201099e-03 +2.511201099e-03 +7.948251120e+01 +7.948251120e+01
47461 +1.583874144e-03 +1.583874144e-03 +7.948158387e+01 +7.948158387e+01
53848 +9.982065549e-04 +9.982065549e-04 +7.948099821e+01 +7.948099821e+01
59515 +6.260881513e-04 +6.260881513e-04 +7.948062609e+01 +7.948062609e+01
64028 +3.972168753e-04 +3.972168753e-04 +7.948039722e+01 +7.948039722e+01
67350 +2.498996844e-04 +2.498996844e-04 +7.948024990e+01 +7.948024990e+01
70319 +1.572377373e-04 +1.572377373e-04 +7.948015724e+01 +7.948015724e+01
72706 +9.913036294e-05 +9.913036294e-05 +7.948009913e+01 +7.948009913e+01
74320 +6.240587216e-05 +6.240587216e-05 +7.948006241e+01 +7.948006241e+01
75669 +3.791589815e-05 +3.791589815e-05 +7.948003792e+01 +7.948003792e+01
77157 +2.505314987e-05 +2.505314987e-05 +7.948002505e+01 +7.948002505e+01
77958 +1.555308462e-05 +1.555308462e-05 +7.948001555e+01 +7.948001555e+01
78950 +9.948646877e-06 +9.948646877e-06 +7.948000995e+01 +7.948000995e+01
80134 +5.604555682e-06 +5.604555682e-06 +7.948000560e+01 +7.948000560e+01
80572 +3.973694703e-06 +3.973694703e-06 +7.948000397e+01 +7.948000397e+01
81415 +2.452546497e-06 +2.452546497e-06 +7.948000245e+01 +7.948000245e+01
82709 +1.416302339e-06 +1.416302339e-06 +7.948000142e+01 +7.948000142e+01
83704 +9.116765369e-07 +9.116765369e-07 +7.948000091e+01 +7.948000091e+01
86659 +6.244481057e-07 +6.244481057e-07 +7.948000062e+01 +7.948000062e+01
93595 +3.976943646e-07 +3.976943646e-07 +7.948000040e+01 +7.948000040e+01
102714 +2.504777825e-07 +2.504777825e-07 +7.948000025e+01 +7.948000025e+01
111089 +1.584797218e-07 +1.584797218e-07 +7.948000016e+01 +7.948000016e+01
117886 +9.999520501e-08 +9.999520501e-08 +7.948000010e+01 +7.948000010e+01
123010 +6.285745258e-08 +6.285745258e-08 +7.948000006e+01 +7.948000006e+01
127466 +3.924048997e-08 +3.924048997e-08 +7.948000004e+01 +7.948000004e+01
130875 +2.496057050e-08 +2.496057050e-08 +7.948000002e+01 +7.948000002e+01
133974 +1.570185759e-08 +1.570185759e-08 +7.948000002e+01 +7.948000002e+01
136496 +9.924789879e-09 +9.924789879e-09 +7.948000001e+01 +7.948000001e+01
% function evaluation | noise-free fitness - Fopt (3.944800000000e+02) | best noise-free fitness - Fopt | measured fitness | best measured fitness | x1 | x2...
1 +7.202160573e+02 +7.202160573e+02 +1.114696057e+03 +1.114696057e+03
2 +5.390091907e+02 +5.390091907e+02 +9.334891907e+02 +9.334891907e+02
58 +3.860627761e+02 +3.860627761e+02 +7.805427761e+02 +7.805427761e+02
558 +2.449786727e+02 +2.449786727e+02 +6.394586727e+02 +6.394586727e+02
1159 +1.582355125e+02 +1.582355125e+02 +5.527155125e+02 +5.527155125e+02
1853 +9.155270422e+01 +9.155270422e+01 +4.860327042e+02 +4.860327042e+02
3210 +6.198711688e+01 +6.198711688e+01 +4.564671169e+02 +4.564671169e+02
4467 +3.922633572e+01 +3.922633572e+01 +4.337063357e+02 +4.337063357e+02
6013 +2.505957729e+01 +2.505957729e+01 +4.195395773e+02 +4.195395773e+02
6986 +1.547734947e+01 +1.547734947e+01 +4.099573495e+02 +4.099573495e+02
7946 +9.855112047e+00 +9.855112047e+00 +4.043351120e+02 +4.043351120e+02
8748 +6.240715213e+00 +6.240715213e+00 +4.007207152e+02 +4.007207152e+02
9519 +3.939725011e+00 +3.939725011e+00 +3.984197250e+02 +3.984197250e+02
10013 +2.495466055e+00 +2.495466055e+00 +3.969754661e+02 +3.969754661e+02
10728 +1.348258757e+00 +1.348258757e+00 +3.958282588e+02 +3.958282588e+02
11625 +9.710042740e-01 +9.710042740e-01 +3.954510043e+02 +3.954510043e+02
12088 +6.271191370e-01 +6.271191370e-01 +3.951071191e+02 +3.951071191e+02
13259 +3.836029169e-01 +3.836029169e-01 +3.948636029e+02 +3.948636029e+02
14524 +2.487850248e-01 +2.487850248e-01 +3.947287850e+02 +3.947287850e+02
15291 +1.575453369e-01 +1.575453369e-01 +3.946375453e+02 +3.946375453e+02
16128 +9.953693393e-02 +9.953693393e-02 +3.945795369e+02 +3.945795369e+02
17078 +6.167328426e-02 +6.167328426e-02 +3.945416733e+02 +3.945416733e+02
18233 +3.917817514e-02 +3.917817514e-02 +3.945191782e+02 +3.945191782e+02
19091 +2.306534680e-02 +2.306534680e-02 +3.945030653e+02 +3.945030653e+02
19906 +1.454936899e-02 +1.454936899e-02 +3.944945494e+02 +3.944945494e+02
21270 +9.437583054e-03 +9.437583054e-03 +3.944894376e+02 +3.944894376e+02
24884 +6.307748762e-03 +6.307748762e-03 +3.944863077e+02 +3.944863077e+02
33299 +3.980193229e-03 +3.980193229e-03 +3.944839802e+02 +3.944839802e+02
41882 +2.510716866e-03 +2.510716866e-03 +3.944825107e+02 +3.944825107e+02
50144 +1.584354520e-03 +1.584354520e-03 +3.944815844e+02 +3.944815844e+02
56765 +9.959443487e-04 +9.959443487e-04 +3.944809959e+02 +3.944809959e+02
61845 +6.241927449e-04 +6.241927449e-04 +3.944806242e+02 +3.944806242e+02
65814 +3.950799268e-04 +3.950799268e-04 +3.944803951e+02 +3.944803951e+02
69689 +2.463688548e-04 +2.463688548e-04 +3.944802464e+02 +3.944802464e+02
72208 +1.582269039e-04 +1.582269039e-04 +3.944801582e+02 +3.944801582e+02
74841 +9.806267019e-05 +9.806267019e-05 +3.944800981e+02 +3.944800981e+02
76770 +6.297591347e-05 +6.297591347e-05 +3.944800630e+02 +3.944800630e+02
78231 +3.967526266e-05 +3.967526266e-05 +3.944800397e+02 +3.944800397e+02
79419 +2.446906217e-05 +2.446906217e-05 +3.944800245e+02 +3.944800245e+02
80776 +1.427686908e-05 +1.427686908e-05 +3.944800143e+02 +3.944800143e+02
81676 +9.702779948e-06 +9.702779948e-06 +3.944800097e+02 +3.944800097e+02
82831 +6.060687213e-06 +6.060687213e-06 +3.944800061e+02 +3.944800061e+02
83491 +3.545030552e-06 +3.545030552e-06 +3.944800035e+02 +3.944800035e+02
84697 +2.271125879e-06 +2.271125879e-06 +3.944800023e+02 +3.944800023e+02
85913 +1.476830789e-06 +1.476830789e-06 +3.944800015e+02 +3.944800015e+02
87589 +8.990781453e-07 +8.990781453e-07 +3.944800009e+02 +3.944800009e+02
91121 +6.305746751e-07 +6.305746751e-07 +3.944800006e+02 +3.944800006e+02
96416 +3.971301226e-07 +3.971301226e-07 +3.944800004e+02 +3.944800004e+02
101579 +2.507126169e-07 +2.507126169e-07 +3.944800003e+02 +3.944800003e+02
110333 +1.579818445e-07 +1.579818445e-07 +3.944800002e+02 +3.944800002e+02
116655 +9.999808981e-08 +9.999808981e-08 +3.944800001e+02 +3.944800001e+02
122034 +6.255442031e-08 +6.255442031e-08 +3.944800001e+02 +3.944800001e+02
126514 +3.974867013e-08 +3.974867013e-08 +3.944800000e+02 +3.944800000e+02
129739 +2.495096396e-08 +2.495096396e-08 +3.944800000e+02 +3.944800000e+02
132799 +1.577524245e-08 +1.577524245e-08 +3.944800000e+02 +3.944800000e+02
134923 +9.974826298e-09 +9.974826298e-09 +3.944800000e+02 +3.944800000e+02
% function evaluation | noise-free fitness - Fopt (-2.471100000000e+02) | best noise-free fitness - Fopt | measured fitness | best measured fitness | x1 | x2...
1 +3.594790221e+02 +3.594790221e+02 +1.123690221e+02 +1.123690221e+02
381 +2.065962496e+02 +2.065962496e+02 -4.051375039e+01 -4.051375039e+01
878 +1.535763829e+02 +1.535763829e+02 -9.353361711e+01 -9.353361711e+01
1735 +9.246913366e+01 +9.246913366e+01 -1.546408663e+02 -1.546408663e+02
2539 +6.207017997e+01 +6.207017997e+01 -1.850398200e+02 -1.850398200e+02
3898 +3.964505735e+01 +3.964505735e+01 -2.074649427e+02 -2.074649427e+02
5343 +2.446920046e+01 +2.446920046e+01 -2.226407995e+02 -2.226407995e+02
6169 +1.553209416e+01 +1.553209416e+01 -2.315779058e+02 -2.315779058e+02
7070 +9.738424426e+00 +9.738424426e+00 -2.373715756e+02 -2.373715756e+02
7887 +6.200502125e+00 +6.200502125e+00 -2.409094979e+02 -2.409094979e+02
8529 +3.859895259e+00 +3.859895259e+00 -2.432501047e+02 -2.432501047e+02
9568 +2.478123147e+00 +2.478123147e+00 -2.446318769e+02 -2.446318769e+02
10404 +1.534879418e+00 +1.534879418e+00 -2.455751206e+02 -2.455751206e+02
10968 +9.747859055e-01 +9.747859055e-01 -2.461352141e+02 -2.461352141e+02
12298 +6.251840471e-01 +6.251840471e-01 -2.464848160e+02 -2.464848160e+02
13427 +3.736190193e-01 +3.736190193e-01 -2.467363810e+02 -2.467363810e+02
14620 +2.431924414e-01 +2.431924414e-01 -2.468668076e+02 -2.468668076e+02
15914 +1.568793447e-01 +1.568793447e-01 -2.469531207e+02 -2.469531207e+02
16563 +8.672631122e-02 +8.672631122e-02 -2.470232737e+02 -2.470232737e+02
17213 +6.265456869e-02 +6.265456869e-02 -2.470473454e+02 -2.470473454e+02
17842 +3.882434794e-02 +3.882434794e-02 -2.470711757e+02 -2.470711757e+02
18508 +2.229416001e-02 +2.229416001e-02 -2.470877058e+02 -2.470877058e+02
19204 +1.506324892e-02 +1.506324892e-02 -2.470949368e+02 -2.470949368e+02
20406 +9.695024909e-03 +9.695024909e-03 -2.471003050e+02 -2.471003050e+02
24598 +6.299970298e-03 +6.299970298e-03 -2.471037000e+02 -2.471037000e+02
31384 +3.980154628e-03 +3.980154628e-03 -2.471060198e+02 -2.471060198e+02
41512 +2.506858429e-03 +2.506858429e-03 -2.471074931e+02 -2.471074931e+02
49702 +1.584810259e-03 +1.584810259e-03 -2.471084152e+02 -2.471084152e+02
56190 +9.975098777e-04 +9.975098777e-04 -2.471090025e+02 -2.471090025e+02
61322 +6.284613538e-04 +6.284613538e-04 -2.471093715e+02 -2.471093715e+02
65688 +3.980693041e-04 +3.980693041e-04 -2.471096019e+02 -2.471096019e+02
68791 +2.476436066e-04 +2.476436066e-04 -2.471097524e+02 -2.471097524e+02
71510 +1.581470099e-04 +1.581470099e-04 -2.471098419e+02 -2.471098419e+02
73710 +9.997403461e-05 +9.997403461e-05 -2.471099000e+02 -2.471099000e+02
75728 +6.161661494e-05 +6.161661494e-05 -2.471099384e+02 -2.471099384e+02
77333 +3.974404476e-05 +3.974404476e-05 -2.471099603e+02 -2.471099603e+02
78464 +2.496660059e-05 +2.496660059e-05 -2.471099750e+02 -2.471099750e+02
79305 +1.525701529e-05 +1.525701529e-05 -2.471099847e+02 -2.471099847e+02
80333 +9.537535647e-06 +9.537535647e-06 -2.471099905e+02 -2.471099905e+02
81309 +6.299034084e-06 +6.299034084e-06 -2.471099937e+02 -2.471099937e+02
81935 +3.845845725e-06 +3.845845725e-06 -2.471099962e+02 -2.471099962e+02
83058 +2.466064899e-06 +2.466064899e-06 -2.471099975e+02 -2.471099975e+02
84163 +1.504349683e-06 +1.504349683e-06 -2.471099985e+02 -2.471099985e+02
84651 +8.760758021e-07 +8.760758021e-07 -2.471099991e+02 -2.471099991e+02
86171 +4.983537849e-07 +4.983537849e-07 -2.471099995e+02 -2.471099995e+02
92132 +3.973916307e-07 +3.973916307e-07 -2.471099996e+02 -2.471099996e+02
102346 +2.505867656e-07 +2.505867656e-07 -2.471099997e+02 -2.471099997e+02
111307 +1.583654807e-07 +1.583654807e-07 -2.471099998e+02 -2.471099998e+02
118274 +9.991561001e-08 +9.991561001e-08 -2.471099999e+02 -2.471099999e+02
123951 +6.296676247e-08 +6.296676247e-08 -2.471099999e+02 -2.471099999e+02
128429 +3.980497354e-08 +3.980497354e-08 -2.471100000e+02 -2.471100000e+02
131868 +2.498924800e-08 +2.498924800e-08 -2.471100000e+02 -2.471100000e+02
134504 +1.551879336e-08 +1.551879336e-08 -2.471100000e+02 -2.471100000e+02
137213 +9.983693872e-09 +9.983693872e-09 -2.471100000e+02 -2.471100000e+02
% function evaluation | noise-free fitness - Fopt (-1.520400000000e+02) | best noise-free fitness - Fopt | measured fitness | best measured fitness | x1 | x2...
1 +7.914533330e+02 +7.914533330e+02 +6.394133330e+02 +6.394133330e+02
2 +5.385244547e+02 +5.385244547e+02 +3.864844547e+02 +3.864844547e+02
41 +3.907609086e+02 +3.907609086e+02 +2.387209086e+02 +2.387209086e+02
187 +2.498264217e+02 +2.498264217e+02 +9.778642166e+01 +9.778642166e+01
944 +1.490194112e+02 +1.490194112e+02 -3.020588760e+00 -3.020588760e+00
1582 +9.742705152e+01 +9.742705152e+01 -5.461294848e+01 -5.461294848e+01
2219 +6.275198215e+01 +6.275198215e+01 -8.928801785e+01 -8.928801785e+01
2999 +3.927271937e+01 +3.927271937e+01 -1.127672806e+02 -1.127672806e+02
4281 +2.480475263e+01 +2.480475263e+01 -1.272352474e+02 -1.272352474e+02
5159 +1.583618935e+01 +1.583618935e+01 -1.362038107e+02 -1.362038107e+02
5863 +9.963481713e+00 +9.963481713e+00 -1.420765183e+02 -1.420765183e+02
6704 +5.926430173e+00 +5.926430173e+00 -1.461135698e+02 -1.461135698e+02
7699 +3.957290860e+00 +3.957290860e+00 -1.480827091e+02 -1.480827091e+02
8213 +2.319142051e+00 +2.319142051e+00 -1.497208579e+02 -1.497208579e+02
9064 +1.486377437e+00 +1.486377437e+00 -1.505536226e+02 -1.505536226e+02
9751 +8.279795046e-01 +8.279795046e-01 -1.512120205e+02 -1.512120205e+02
10544 +6.278208889e-01 +6.278208889e-01 -1.514121791e+02 -1.514121791e+02
12100 +3.941144808e-01 +3.941144808e-01 -1.516458855e+02 -1.516458855e+02
13339 +2.511350700e-01 +2.511350700e-01 -1.517888649e+02 -1.517888649e+02
14273 +1.582106334e-01 +1.582106334e-01 -1.518817894e+02 -1.518817894e+02
15096 +9.849888659e-02 +9.849888659e-02 -1.519415011e+02 -1.519415011e+02
16213 +6.154692432e-02 +6.154692432e-02 -1.519784531e+02 -1.519784531e+02
17311 +3.496724982e-02 +3.496724982e-02 -1.520050328e+02 -1.520050328e+02
18226 +2.469435321e-02 +2.469435321e-02 -1.520153056e+02 -1.520153056e+02
18683 +1.512176755e-02 +1.512176755e-02 -1.520248782e+02 -1.520248782e+02
19584 +8.853556873e-03 +8.853556873e-03 -1.520311464e+02 -1.520311464e+02
23598 +6.265354737e-03 +6.265354737e-03 -1.520337346e+02 -1.520337346e+02
31202 +3.971617457e-03 +3.971617457e-03 -1.520360284e+02 -1.520360284e+02
40620 +2.504565679e-03 +2.504565679e-03 -1.520374954e+02 -1.520374954e+02
49549 +1.581504236e-03 +1.581504236e-03 -1.520384185e+02 -1.520384185e+02
55984 +9.999684704e-04 +9.999684704e-04 -1.520390000e+02 -1.520390000e+02
61708 +6.289598095e-04 +6.289598095e-04 -1.520393710e+02 -1.520393710e+02
65846 +3.972903155e-04 +3.972903155e-04 -1.520396027e+02 -1.520396027e+02
69176 +2.506017746e-04 +2.506017746e-04 -1.520397494e+02 -1.520397494e+02
72217 +1.581450670e-04 +1.581450670e-04 -1.520398419e+02 -1.520398419e+02
74276 +9.953202846e-05 +9.953202846e-05 -1.520399005e+02 -1.520399005e+02
75815 +6.231975976e-05 +6.231975976e-05 -1.520399377e+02 -1.520399377e+02
77957 +3.918674750e-05 +3.918674750e-05 -1.520399608e+02 -1.520399608e+02
79302 +2.509256475e-05 +2.509256475e-05 -1.520399749e+02 -1.520399749e+02
80586 +1.557721257e-05 +1.557721257e-05 -1.520399844e+02 -1.520399844e+02
81470 +9.943406042e-06 +9.943406042e-06 -1.520399901e+02 -1.520399901e+02
82482 +5.814650677e-06 +5.814650677e-06 -1.520399942e+02 -1.520399942e+02
83470 +3.831140958e-06 +3.831140958e-06 -1.520399962e+02 -1.520399962e+02
83889 +2.451014893e-06 +2.451014893e-06 -1.520399975e+02 -1.520399975e+02
84755 +1.567242549e-06 +1.567242549e-06 -1.520399984e+02 -1.520399984e+02
85752 +7.839782938e-07 +7.839782938e-07 -1.520399992e+02 -1.520399992e+02
89861 +6.280597233e-07 +6.280597233e-07 -1.520399994e+02 -1.520399994e+02
97115 +3.974433298e-07 +3.974433298e-07 -1.520399996e+02 -1.520399996e+02
106309 +2.503979601e-07 +2.503979601e-07 -1.520399997e+02 -1.520399997e+02
114878 +1.582314439e-07 +1.582314439e-07 -1.520399998e+02 -1.520399998e+02
121476 +9.945443935e-08 +9.945443935e-08 -1.520399999e+02 -1.520399999e+02
127141 +6.286862231e-08 +6.286862231e-08 -1.520399999e+02 -1.520399999e+02
131541 +3.942827220e-08 +3.942827220e-08 -1.520400000e+02 -1.520400000e+02
134899 +2.510037689e-08 +2.510037689e-08 -1.520400000e+02 -1.520400000e+02
137898 +1.584731990e-08 +1.584731990e-08 -1.520400000e+02 -1.520400000e+02
140475 +9.973007309e-09 +9.973007309e-09 -1.520400000e+02 -1.520400000e+02
% function evaluation | noise-free fitness - Fopt (-2.525000000000e+01) | best noise-free fitness - Fopt | measured fitness | best measured fitness | x1 | x2...
1 +4.333569626e+02 +4.333569626e+02 +4.081069626e+02 +4.081069626e+02
11 +3.181453185e+02 +3.181453185e+02 +2.928953185e+02 +2.928953185e+02
194 +2.406299758e+02 +2.406299758e+02 +2.153799758e+02 +2.153799758e+02
1049 +1.480781590e+02 +1.480781590e+02 +1.228281590e+02 +1.228281590e+02
2181 +9.973605130e+01 +9.973605130e+01 +7.448605130e+01 +7.448605130e+01
3563 +6.273256588e+01 +6.273256588e+01 +3.748256588e+01 +3.748256588e+01
4578 +3.938989039e+01 +3.938989039e+01 +1.413989039e+01 +1.413989039e+01
5801 +2.475878631e+01 +2.475878631e+01 -4.912136894e-01 -4.912136894e-01
6864 +1.494428013e+01 +1.494428013e+01 -1.030571987e+01 -1.030571987e+01
7670 +9.337081039e+00 +9.337081039e+00 -1.591291896e+01 -1.591291896e+01
8840 +6.290828101e+00 +6.290828101e+00 -1.895917190e+01 -1.895917190e+01
9502 +3.886900144e+00 +3.886900144e+00 -2.136309986e+01 -2.136309986e+01
10524 +2.447212745e+00 +2.447212745e+00 -2.280278725e+01 -2.280278725e+01
11295 +1.524240766e+00 +1.524240766e+00 -2.372575923e+01 -2.372575923e+01
12461 +9.989434254e-01 +9.989434254e-01 -2.425105657e+01 -2.425105657e+01
13429 +6.287528407e-01 +6.287528407e-01 -2.462124716e+01 -2.462124716e+01
14793 +3.980862343e-01 +3.980862343e-01 -2.485191377e+01 -2.485191377e+01
15868 +2.488334486e-01 +2.488334486e-01 -2.500116655e+01 -2.500116655e+01
17251 +1.493843024e-01 +1.493843024e-01 -2.510061570e+01 -2.510061570e+01
18102 +9.858428714e-02 +9.858428714e-02 -2.515141571e+01 -2.515141571e+01
19083 +6.195882864e-02 +6.195882864e-02 -2.518804117e+01 -2.518804117e+01
20000 +3.842039748e-02 +3.842039748e-02 -2.521157960e+01 -2.521157960e+01
21056 +2.434651041e-02 +2.434651041e-02 -2.522565349e+01 -2.522565349e+01
22101 +1.541458745e-02 +1.541458745e-02 -2.523458541e+01 -2.523458541e+01
23826 +9.942790555e-03 +9.942790555e-03 -2.524005721e+01 -2.524005721e+01
25828 +5.407167933e-03 +5.407167933e-03 -2.524459283e+01 -2.524459283e+01
30082 +3.313196671e-03 +3.313196671e-03 -2.524668680e+01 -2.524668680e+01
34577 +2.496532898e-03 +2.496532898e-03 -2.524750347e+01 -2.524750347e+01
42603 +1.571357156e-03 +1.571357156e-03 -2.524842864e+01 -2.524842864e+01
49544 +9.972600055e-04 +9.972600055e-04 -2.524900274e+01 -2.524900274e+01
54974 +6.218717059e-04 +6.218717059e-04 -2.524937813e+01 -2.524937813e+01
59452 +3.960314325e-04 +3.960314325e-04 -2.524960397e+01 -2.524960397e+01
62929 +2.510568344e-04 +2.510568344e-04 -2.524974894e+01 -2.524974894e+01
65849 +1.575346851e-04 +1.575346851e-04 -2.524984247e+01 -2.524984247e+01
67969 +9.895028102e-05 +9.895028102e-05 -2.524990105e+01 -2.524990105e+01
70031 +6.095317938e-05 +6.095317938e-05 -2.524993905e+01 -2.524993905e+01
71564 +3.868012659e-05 +3.868012659e-05 -2.524996132e+01 -2.524996132e+01
73010 +2.456137543e-05 +2.456137543e-05 -2.524997544e+01 -2.524997544e+01
74296 +1.521866879e-05 +1.521866879e-05 -2.524998478e+01 -2.524998478e+01
75183 +9.990744026e-06 +9.990744026e-06 -2.524999001e+01 -2.524999001e+01
76101 +6.045826456e-06 +6.045826456e-06 -2.524999395e+01 -2.524999395e+01
77123 +3.961667829e-06 +3.961667829e-06 -2.524999604e+01 -2.524999604e+01
77985 +2.508222522e-06 +2.508222522e-06 -2.524999749e+01 -2.524999749e+01
78925 +1.544074195e-06 +1.544074195e-06 -2.524999846e+01 -2.524999846e+01
80877 +9.193101498e-07 +9.193101498e-07 -2.524999908e+01 -2.524999908e+01
83668 +6.019556338e-07 +6.019556338e-07 -2.524999940e+01 -2.524999940e+01
89502 +3.963404929e-07 +3.963404929e-07 -2.524999960e+01 -2.524999960e+01
99961 +2.506921959e-07 +2.506921959e-07 -2.524999975e+01 -2.524999975e+01
108075 +1.583277403e-07 +1.583277403e-07 -2.524999984e+01 -2.524999984e+01
114690 +9.989948069e-08 +9.989948069e-08 -2.524999990e+01 -2.524999990e+01
119920 +6.296476585e-08 +6.296476585e-08 -2.524999994e+01 -2.524999994e+01
124495 +3.947463512e-08 +3.947463512e-08 -2.524999996e+01 -2.524999996e+01
127669 +2.510412500e-08 +2.510412500e-08 -2.524999997e+01 -2.524999997e+01
130067 +1.584183096e-08 +1.584183096e-08 -2.524999998e+01 -2.524999998e+01
132608 +9.977195958e-09 +9.977195958e-09 -2.524999999e+01 -2.524999999e+01
% function evaluation | noise-free fitness - Fopt (-2.017200000000e+02) | best noise-free fitness - Fopt | measured fitness | best measured fitness | x1 | x2...
1 +4.947346645e+02 +4.947346645e+02 +2.930146645e+02 +2.930146645e+02
14 +3.661603186e+02 +3.661603186e+02 +1.644403186e+02 +1.644403186e+02
489 +2.441433359e+02 +2.441433359e+02 +4.242333587e+01 +4.242333587e+01
916 +1.549007857e+02 +1.549007857e+02 -4.681921429e+01 -4.681921429e+01
1456 +9.932045737e+01 +9.932045737e+01 -1.023995426e+02 -1.023995426e+02
2909 +6.236624917e+01 +6.236624917e+01 -1.393537508e+02 -1.393537508e+02
4513 +3.818965062e+01 +3.818965062e+01 -1.635303494e+02 -1.635303494e+02
5426 +2.478109522e+01 +2.478109522e+01 -1.769389048e+02 -1.769389048e+02
6327 +1.484667789e+01 +1.484667789e+01 -1.868733221e+02 -1.868733221e+02
7432 +9.955296982e+00 +9.955296982e+00 -1.917647030e+02 -1.917647030e+02
8394 +6.279830921e+00 +6.279830921e+00 -1.954401691e+02 -1.954401691e+02
9079 +3.841180248e+00 +3.841180248e+00 -1.978788198e+02 -1.978788198e+02
10146 +2.458792408e+00 +2.458792408e+00 -1.992612076e+02 -1.992612076e+02
10863 +1.483015862e+00 +1.483015862e+00 -2.002369841e+02 -2.002369841e+02
11991 +9.752306269e-01 +9.752306269e-01 -2.007447694e+02 -2.007447694e+02
13339 +6.122867602e-01 +6.122867602e-01 -2.011077132e+02 -2.011077132e+02
14506 +3.977883134e-01 +3.977883134e-01 -2.013222117e+02 -2.013222117e+02
15365 +2.439647488e-01 +2.439647488e-01 -2.014760353e+02 -2.014760353e+02
16555 +1.522468258e-01 +1.522468258e-01 -2.015677532e+02 -2.015677532e+02
17745 +9.246856390e-02 +9.246856390e-02 -2.016275314e+02 -2.016275314e+02
18368 +6.020239204e-02 +6.020239204e-02 -2.016597976e+02 -2.016597976e+02
18793 +3.880911848e-02 +3.880911848e-02 -2.016811909e+02 -2.016811909e+02
19839 +2.242359758e-02 +2.242359758e-02 -2.016975764e+02 -2.016975764e+02
20838 +1.420615538e-02 +1.420615538e-02 -2.017057938e+02 -2.017057938e+02
22714 +9.854786369e-03 +9.854786369e-03 -2.017101452e+02 -2.017101452e+02
23712 +6.109120386e-03 +6.109120386e-03 -2.017138909e+02 -2.017138909e+02
26201 +3.925039733e-03 +3.925039733e-03 -2.017160750e+02 -2.017160750e+02
32775 +2.509982311e-03 +2.509982311e-03 -2.017174900e+02 -2.017174900e+02
40673 +1.582770271e-03 +1.582770271e-03 -2.017184172e+02 -2.017184172e+02
47453 +9.979398740e-04 +9.979398740e-04 -2.017190021e+02 -2.017190021e+02
52494 +6.295817059e-04 +6.295817059e-04 -2.017193704e+02 -2.017193704e+02
56089 +3.975752595e-04 +3.975752595e-04 -2.017196024e+02 -2.017196024e+02
59432 +2.496245332e-04 +2.496245332e-04 -2.017197504e+02 -2.017197504e+02
62562 +1.580549139e-04 +1.580549139e-04 -2.017198419e+02 -2.017198419e+02
65050 +9.913033162e-05 +9.913033162e-05 -2.017199009e+02 -2.017199009e+02
66813 +6.277279624e-05 +6.277279624e-05 -2.017199372e+02 -2.017199372e+02
68241 +3.940338539e-05 +3.940338539e-05 -2.017199606e+02 -2.017199606e+02
69497 +2.478597784e-05 +2.478597784e-05 -2.017199752e+02 -2.017199752e+02
70791 +1.539689225e-05 +1.539689225e-05 -2.017199846e+02 -2.017199846e+02
71829 +9.398814910e-06 +9.398814910e-06 -2.017199906e+02 -2.017199906e+02
72729 +5.992660761e-06 +5.992660761e-06 -2.017199940e+02 -2.017199940e+02
73391 +3.841731655e-06 +3.841731655e-06 -2.017199962e+02 -2.017199962e+02
74268 +2.423770496e-06 +2.423770496e-06 -2.017199976e+02 -2.017199976e+02
75011 +1.530814984e-06 +1.530814984e-06 -2.017199985e+02 -2.017199985e+02
76414 +9.309956113e-07 +9.309956113e-07 -2.017199991e+02 -2.017199991e+02
77972 +5.277991306e-07 +5.277991306e-07 -2.017199995e+02 -2.017199995e+02
82779 +3.620241387e-07 +3.620241387e-07 -2.017199996e+02 -2.017199996e+02
90646 +2.500603387e-07 +2.500603387e-07 -2.017199997e+02 -2.017199997e+02
98746 +1.581744868e-07 +1.581744868e-07 -2.017199998e+02 -2.017199998e+02
105901 +9.992101013e-08 +9.992101013e-08 -2.017199999e+02 -2.017199999e+02
111296 +6.241145911e-08 +6.241145911e-08 -2.017199999e+02 -2.017199999e+02
116035 +3.973991625e-08 +3.973991625e-08 -2.017200000e+02 -2.017200000e+02
120004 +2.503446694e-08 +2.503446694e-08 -2.017200000e+02 -2.017200000e+02
123037 +1.581332754e-08 +1.581332754e-08 -2.017200000e+02 -2.017200000e+02
125484 +9.923098787e-09 +9.923098787e-09 -2.017200000e+02 -2.017200000e+02
% function evaluation | noise-free fitness - Fopt (-1.000000000000e+03) | best noise-free fitness - Fopt | measured fitness | best measured fitness | x1 | x2...
1 +5.827974959e+02 +5.827974959e+02 -4.172025041e+02 -4.172025041e+02
12 +3.606436225e+02 +3.606436225e+02 -6.393563775e+02 -6.393563775e+02
691 +2.365928217e+02 +2.365928217e+02 -7.634071783e+02 -7.634071783e+02
1209 +1.570887382e+02 +1.570887382e+02 -8.429112618e+02 -8.429112618e+02
1908 +9.664691404e+01 +9.664691404e+01 -9.033530860e+02 -9.033530860e+02
3702 +6.255571003e+01 +6.255571003e+01 -9.374442900e+02 -9.374442900e+02
5154 +3.980362153e+01 +3.980362153e+01 -9.601963785e+02 -9.601963785e+02
6579 +2.499879404e+01 +2.499879404e+01 -9.750012060e+02 -9.750012060e+02
7596 +1.583964403e+01 +1.583964403e+01 -9.841603560e+02 -9.841603560e+02
8550 +9.885507167e+00 +9.885507167e+00 -9.901144928e+02 -9.901144928e+02
9269 +6.284364639e+00 +6.284364639e+00 -9.937156354e+02 -9.937156354e+02
10006 +3.571923524e+00 +3.571923524e+00 -9.964280765e+02 -9.964280765e+02
10749 +2.299248326e+00 +2.299248326e+00 -9.977007517e+02 -9.977007517e+02
11414 +1.526336138e+00 +1.526336138e+00 -9.984736639e+02 -9.984736639e+02
13014 +9.949636500e-01 +9.949636500e-01 -9.990050364e+02 -9.990050364e+02
14173 +6.249930140e-01 +6.249930140e-01 -9.993750070e+02 -9.993750070e+02
15429 +3.859255739e-01 +3.859255739e-01 -9.996140744e+02 -9.996140744e+02
16233 +2.491105155e-01 +2.491105155e-01 -9.997508895e+02 -9.997508895e+02
17660 +1.535526540e-01 +1.535526540e-01 -9.998464473e+02 -9.998464473e+02
18556 +9.835550469e-02 +9.835550469e-02 -9.999016445e+02 -9.999016445e+02
19413 +6.263377724e-02 +6.263377724e-02 -9.999373662e+02 -9.999373662e+02
20103 +3.932971724e-02 +3.932971724e-02 -9.999606703e+02 -9.999606703e+02
21438 +2.507172592e-02 +2.507172592e-02 -9.999749283e+02 -9.999749283e+02
22484 +1.457906592e-02 +1.457906592e-02 -9.999854209e+02 -9.999854209e+02
23486 +9.505509433e-03 +9.505509433e-03 -9.999904945e+02 -9.999904945e+02
24281 +6.304249774e-03 +6.304249774e-03 -9.999936958e+02 -9.999936958e+02
29981 +3.973936747e-03 +3.973936747e-03 -9.999960261e+02 -9.999960261e+02
36492 +2.510800164e-03 +2.510800164e-03 -9.999974892e+02 -9.999974892e+02
44255 +1.582528466e-03 +1.582528466e-03 -9.999984175e+02 -9.999984175e+02
50955 +9.999210254e-04 +9.999210254e-04 -9.999990001e+02 -9.999990001e+02
56012 +6.293070863e-04 +6.293070863e-04 -9.999993707e+02 -9.999993707e+02
60304 +3.970124998e-04 +3.970124998e-04 -9.999996030e+02 -9.999996030e+02
63648 +2.484927096e-04 +2.484927096e-04 -9.999997515e+02 -9.999997515e+02
66649 +1.576555508e-04 +1.576555508e-04 -9.999998423e+02 -9.999998423e+02
68804 +9.715051056e-05 +9.715051056e-05 -9.999999028e+02 -9.999999028e+02
70517 +6.096358481e-05 +6.096358481e-05 -9.999999390e+02 -9.999999390e+02
71760 +3.974351773e-05 +3.974351773e-05 -9.999999603e+02 -9.999999603e+02
72927 +2.511252205e-05 +2.511252205e-05 -9.999999749e+02 -9.999999749e+02
73649 +1.546093551e-05 +1.546093551e-05 -9.999999845e+02 -9.999999845e+02
74599 +9.977402442e-06 +9.977402442e-06 -9.999999900e+02 -9.999999900e+02
75747 +6.071267762e-06 +6.071267762e-06 -9.999999939e+02 -9.999999939e+02
76834 +3.980787028e-06 +3.980787028e-06 -9.999999960e+02 -9.999999960e+02
78315 +2.495865601e-06 +2.495865601e-06 -9.999999975e+02 -9.999999975e+02
79118 +1.296466962e-06 +1.296466962e-06 -9.999999987e+02 -9.999999987e+02
80194 +9.999949953e-07 +9.999949953e-07 -9.999999990e+02 -9.999999990e+02
81853 +6.253476386e-07 +6.253476386e-07 -9.999999994e+02 -9.999999994e+02
89594 +3.975818572e-07 +3.975818572e-07 -9.999999996e+02 -9.999999996e+02
99918 +2.503563792e-07 +2.503563792e-07 -9.999999997e+02 -9.999999997e+02
108317 +1.582160394e-07 +1.582160394e-07 -9.999999998e+02 -9.999999998e+02
115516 +9.941004464e-08 +9.941004464e-08 -9.999999999e+02 -9.999999999e+02
120837 +6.303889677e-08 +6.303889677e-08 -9.999999999e+02 -9.999999999e+02
125025 +3.979869234e-08 +3.979869234e-08 -1.000000000e+03 -1.000000000e+03
128745 +2.493629836e-08 +2.493629836e-08 -1.000000000e+03 -1.000000000e+03
132013 +1.580701792e-08 +1.580701792e-08 -1.000000000e+03 -1.000000000e+03
134150 +9.997165762e-09 +9.997165762e-09 -1.000000000e+03 -1.000000000e+03
% function evaluation | noise-free fitness - Fopt (-4.290000000000e+01) | best noise-free fitness - Fopt | measured fitness | best measured fitness | x1 | x2...
1 +4.357558916e+02 +4.357558916e+02 +3.928558916e+02 +3.928558916e+02
2 +3.655888816e+02 +3.655888816e+02 +3.226888816e+02 +3.226888816e+02
612 +2.420546680e+02 +2.420546680e+02 +1.991546680e+02 +1.991546680e+02
1423 +1.578542037e+02 +1.578542037e+02 +1.149542037e+02 +1.149542037e+02
2354 +9.696379132e+01 +9.696379132e+01 +5.406379132e+01 +5.406379132e+01
3084 +6.252321199e+01 +6.252321199e+01 +1.962321199e+01 +1.962321199e+01
4188 +3.966549906e+01 +3.966549906e+01 -3.234500940e+00 -3.234500940e+00
5398 +2.481465093e+01 +2.481465093e+01 -1.808534907e+01 -1.808534907e+01
6504 +1.470624086e+01 +1.470624086e+01 -2.819375914e+01 -2.819375914e+01
7481 +9.730324237e+00 +9.730324237e+00 -3.316967576e+01 -3.316967576e+01
8410 +6.288921074e+00 +6.288921074e+00 -3.661107893e+01 -3.661107893e+01
9285 +3.960579776e+00 +3.960579776e+00 -3.893942022e+01 -3.893942022e+01
10239 +2.485604371e+00 +2.485604371e+00 -4.041439563e+01 -4.041439563e+01
11007 +1.511314116e+00 +1.511314116e+00 -4.138868588e+01 -4.138868588e+01
12211 +9.901104603e-01 +9.901104603e-01 -4.190988954e+01 -4.190988954e+01
13281 +6.228293459e-01 +6.228293459e-01 -4.227717065e+01 -4.227717065e+01
14606 +3.948114553e-01 +3.948114553e-01 -4.250518854e+01 -4.250518854e+01
16089 +2.491361128e-01 +2.491361128e-01 -4.265086389e+01 -4.265086389e+01
17394 +1.525504297e-01 +1.525504297e-01 -4.274744957e+01 -4.274744957e+01
18548 +9.641770639e-02 +9.641770639e-02 -4.280358229e+01 -4.280358229e+01
19291 +5.737593301e-02 +5.737593301e-02 -4.284262407e+01 -4.284262407e+01
20330 +3.806153725e-02 +3.806153725e-02 -4.286193846e+01 -4.286193846e+01
21234 +2.488370560e-02 +2.488370560e-02 -4.287511629e+01 -4.287511629e+01
22716 +1.422868138e-02 +1.422868138e-02 -4.288577132e+01 -4.288577132e+01
23793 +9.798967114e-03 +9.798967114e-03 -4.289020103e+01 -4.289020103e+01
27175 +5.804739462e-03 +5.804739462e-03 -4.289419526e+01 -4.289419526e+01
34784 +3.970765503e-03 +3.970765503e-03 -4.289602923e+01 -4.289602923e+01
44945 +2.504852790e-03 +2.504852790e-03 -4.289749515e+01 -4.289749515e+01
52968 +1.581404597e-03 +1.581404597e-03 -4.289841860e+01 -4.289841860e+01
59517 +9.957281925e-04 +9.957281925e-04 -4.289900427e+01 -4.289900427e+01
64903 +6.294927980e-04 +6.294927980e-04 -4.289937051e+01 -4.289937051e+01
69131 +3.926423343e-04 +3.926423343e-04 -4.289960736e+01 -4.289960736e+01
72194 +2.498194329e-04 +2.498194329e-04 -4.289975018e+01 -4.289975018e+01
74823 +1.542714585e-04 +1.542714585e-04 -4.289984573e+01 -4.289984573e+01
77063 +9.925895898e-05 +9.925895898e-05 -4.289990074e+01 -4.289990074e+01
78774 +6.139705564e-05 +6.139705564e-05 -4.289993860e+01 -4.289993860e+01
80260 +3.952076335e-05 +3.952076335e-05 -4.289996048e+01 -4.289996048e+01
81648 +2.475485346e-05 +2.475485346e-05 -4.289997525e+01 -4.289997525e+01
82929 +1.580014293e-05 +1.580014293e-05 -4.289998420e+01 -4.289998420e+01
83948 +9.599923310e-06 +9.599923310e-06 -4.289999040e+01 -4.289999040e+01
84626 +6.201193216e-06 +6.201193216e-06 -4.289999380e+01 -4.289999380e+01
85440 +3.836650095e-06 +3.836650095e-06 -4.289999616e+01 -4.289999616e+01
86124 +2.467508118e-06 +2.467508118e-06 -4.289999753e+01 -4.289999753e+01
87027 +1.564106562e-06 +1.564106562e-06 -4.289999844e+01 -4.289999844e+01
88097 +9.719493193e-07 +9.719493193e-07 -4.289999903e+01 -4.289999903e+01
90357 +6.203238669e-07 +6.203238669e-07 -4.289999938e+01 -4.289999938e+01
94348 +3.980772050e-07 +3.980772050e-07 -4.289999960e+01 -4.289999960e+01
102986 +2.506126151e-07 +2.506126151e-07 -4.289999975e+01 -4.289999975e+01
111711 +1.580803399e-07 +1.580803399e-07 -4.289999984e+01 -4.289999984e+01
117564 +9.897033948e-08 +9.897033948e-08 -4.289999990e+01 -4.289999990e+01
122798 +6.305911882e-08 +6.305911882e-08 -4.289999994e+01 -4.289999994e+01
127584 +3.962505701e-08 +3.962505701e-08 -4.289999996e+01 -4.289999996e+01
131374 +2.476718919e-08 +2.476718919e-08 -4.289999998e+01 -4.289999998e+01
133935 +1.579856246e-08 +1.579856246e-08 -4.289999998e+01 -4.289999998e+01
136365 +9.964367109e-09 +9.964367109e-09 -4.289999999e+01 -4.289999999e+01
% function evaluation | noise-free fitness - Fopt (-1.013200000000e+02) | best noise-free fitness - Fopt | measured fitness | best measured fitness | x1 | x2...
1 +4.108938746e+02 +4.108938746e+02 +3.095738746e+02 +3.095738746e+02
3 +3.454349990e+02 +3.454349990e+02 +2.441149990e+02 +2.441149990e+02
789 +2.231332276e+02 +2.231332276e+02 +1.218132276e+02 +1.218132276e+02
1271 +1.441799873e+02 +1.441799873e+02 +4.285998734e+01 +4.285998734e+01
1857 +8.113642619e+01 +8.113642619e+01 -2.018357381e+01 -2.018357381e+01
2624 +6.267336045e+01 +6.267336045e+01 -3.864663955e+01 -3.864663955e+01
4069 +3.934392996e+01 +3.934392996e+01 -6.197607004e+01 -6.197607004e+01
5073 +2.441763352e+01 +2.441763352e+01 -7.690236648e+01 -7.690236648e+01
6258 +1.520872189e+01 +1.520872189e+01 -8.611127811e+01 -8.611127811e+01
6765 +9.947800677e+00 +9.947800677e+00 -9.137219932e+01 -9.137219932e+01
7694 +6.218050707e+00 +6.218050707e+00 -9.510194929e+01 -9.510194929e+01
8464 +3.976873246e+00 +3.976873246e+00 -9.734312675e+01 -9.734312675e+01
9173 +2.310646258e+00 +2.310646258e+00 -9.900935374e+01 -9.900935374e+01
9739 +1.340617109e+00 +1.340617109e+00 -9.997938289e+01 -9.997938289e+01
10781 +9.874258112e-01 +9.874258112e-01 -1.003325742e+02 -1.003325742e+02
12022 +6.267991092e-01 +6.267991092e-01 -1.006932009e+02 -1.006932009e+02
13476 +3.821492749e-01 +3.821492749e-01 -1.009378507e+02 -1.009378507e+02
14427 +2.364252666e-01 +2.364252666e-01 -1.010835747e+02 -1.010835747e+02
15605 +1.579503250e-01 +1.579503250e-01 -1.011620497e+02 -1.011620497e+02
16392 +9.266302361e-02 +9.266302361e-02 -1.012273370e+02 -1.012273370e+02
17240 +6.304264914e-02 +6.304264914e-02 -1.012569574e+02 -1.012569574e+02
17889 +3.978297909e-02 +3.978297909e-02 -1.012802170e+02 -1.012802170e+02
19256 +2.433823003e-02 +2.433823003e-02 -1.012956618e+02 -1.012956618e+02
20278 +1.551833562e-02 +1.551833562e-02 -1.013044817e+02 -1.013044817e+02
21450 +9.241421050e-03 +9.241421050e-03 -1.013107586e+02 -1.013107586e+02
23138 +6.112668913e-03 +6.112668913e-03 -1.013138873e+02 -1.013138873e+02
27882 +3.221615638e-03 +3.221615638e-03 -1.013167784e+02 -1.013167784e+02
32893 +2.508101640e-03 +2.508101640e-03 -1.013174919e+02 -1.013174919e+02
41665 +1.581464366e-03 +1.581464366e-03 -1.013184185e+02 -1.013184185e+02
47798 +9.964383046e-04 +9.964383046e-04 -1.013190036e+02 -1.013190036e+02
53818 +6.260207253e-04 +6.260207253e-04 -1.013193740e+02 -1.013193740e+02
58374 +3.960778482e-04 +3.960778482e-04 -1.013196039e+02 -1.013196039e+02
61679 +2.510292669e-04 +2.510292669e-04 -1.013197490e+02 -1.013197490e+02
64330 +1.564330057e-04 +1.564330057e-04 -1.013198436e+02 -1.013198436e+02
66636 +9.994290430e-05 +9.994290430e-05 -1.013199001e+02 -1.013199001e+02
68728 +6.276282963e-05 +6.276282963e-05 -1.013199372e+02 -1.013199372e+02
70221 +3.972040319e-05 +3.972040319e-05 -1.013199603e+02 -1.013199603e+02
71348 +2.375386468e-05 +2.375386468e-05 -1.013199762e+02 -1.013199762e+02
72312 +1.530406567e-05 +1.530406567e-05 -1.013199847e+02 -1.013199847e+02
73185 +9.992143461e-06 +9.992143461e-06 -1.013199900e+02 -1.013199900e+02
74235 +6.119967978e-06 +6.119967978e-06 -1.013199939e+02 -1.013199939e+02
75219 +3.848699407e-06 +3.848699407e-06 -1.013199962e+02 -1.013199962e+02
76192 +2.399686451e-06 +2.399686451e-06 -1.013199976e+02 -1.013199976e+02
77428 +1.367922607e-06 +1.367922607e-06 -1.013199986e+02 -1.013199986e+02
79282 +9.595365498e-07 +9.595365498e-07 -1.013199990e+02 -1.013199990e+02
82494 +5.686571285e-07 +5.686571285e-07 -1.013199994e+02 -1.013199994e+02
86885 +3.977317249e-07 +3.977317249e-07 -1.013199996e+02 -1.013199996e+02
96531 +2.201212510e-07 +2.201212510e-07 -1.013199998e+02 -1.013199998e+02
102150 +1.582943270e-07 +1.582943270e-07 -1.013199998e+02 -1.013199998e+02
108439 +9.913593146e-08 +9.913593146e-08 -1.013199999e+02 -1.013199999e+02
113232 +6.223999094e-08 +6.223999094e-08 -1.013199999e+02 -1.013199999e+02
117514 +3.958494688e-08 +3.958494688e-08 -1.013200000e+02 -1.013200000e+02
121081 +2.495080764e-08 +2.495080764e-08 -1.013200000e+02 -1.013200000e+02
124051 +1.578007414e-08 +1.578007414e-08 -1.013200000e+02 -1.013200000e+02
126193 +9.817426871e-09 +9.817426871e-09 -1.013200000e+02 -1.013200000e+02
% function evaluation | noise-free fitness - Fopt (3.650000000000e+00) | best noise-free fitness - Fopt | measured fitness | best measured fitness | x1 | x2...
1 +5.929755075e+02 +5.929755075e+02 +5.966255075e+02 +5.966255075e+02
6 +3.678813239e+02 +3.678813239e+02 +3.715313239e+02 +3.715313239e+02
261 +2.448613366e+02 +2.448613366e+02 +2.485113366e+02 +2.485113366e+02
868 +1.378164288e+02 +1.378164288e+02 +1.414664288e+02 +1.414664288e+02
1664 +9.717188131e+01 +9.717188131e+01 +1.008218813e+02 +1.008218813e+02
2758 +6.290183193e+01 +6.290183193e+01 +6.655183193e+01 +6.655183193e+01
4163 +3.960959451e+01 +3.960959451e+01 +4.325959451e+01 +4.325959451e+01
5434 +2.444924671e+01 +2.444924671e+01 +2.809924671e+01 +2.809924671e+01
6639 +1.527872043e+01 +1.527872043e+01 +1.892872043e+01 +1.892872043e+01
7687 +9.975923599e+00 +9.975923599e+00 +1.362592360e+01 +1.362592360e+01
8529 +5.759922841e+00 +5.759922841e+00 +9.409922841e+00 +9.409922841e+00
9295 +3.548012196e+00 +3.548012196e+00 +7.198012196e+00 +7.198012196e+00
9958 +2.510780625e+00 +2.510780625e+00 +6.160780625e+00 +6.160780625e+00
10917 +1.552641277e+00 +1.552641277e+00 +5.202641277e+00 +5.202641277e+00
12718 +9.679807154e-01 +9.679807154e-01 +4.617980715e+00 +4.617980715e+00
13717 +6.139340187e-01 +6.139340187e-01 +4.263934019e+00 +4.263934019e+00
15117 +3.939554272e-01 +3.939554272e-01 +4.043955427e+00 +4.043955427e+00
16315 +2.464067052e-01 +2.464067052e-01 +3.896406705e+00 +3.896406705e+00
17378 +1.524725659e-01 +1.524725659e-01 +3.802472566e+00 +3.802472566e+00
18198 +9.804640919e-02 +9.804640919e-02 +3.748046409e+00 +3.748046409e+00
18866 +5.700801809e-02 +5.700801809e-02 +3.707008018e+00 +3.707008018e+00
19753 +3.819202638e-02 +3.819202638e-02 +3.688192026e+00 +3.688192026e+00
20592 +2.449429786e-02 +2.449429786e-02 +3.674494298e+00 +3.674494298e+00
21956 +1.526320816e-02 +1.526320816e-02 +3.665263208e+00 +3.665263208e+00
23457 +9.975631204e-03 +9.975631204e-03 +3.659975631e+00 +3.659975631e+00
26877 +5.251590888e-03 +5.251590888e-03 +3.655251591e+00 +3.655251591e+00
34396 +3.976905433e-03 +3.976905433e-03 +3.653976905e+00 +3.653976905e+00
44455 +2.508150183e-03 +2.508150183e-03 +3.652508150e+00 +3.652508150e+00
52831 +1.582688695e-03 +1.582688695e-03 +3.651582689e+00 +3.651582689e+00
58889 +9.968676773e-04 +9.968676773e-04 +3.650996868e+00 +3.650996868e+00
63748 +6.267715790e-04 +6.267715790e-04 +3.650626772e+00 +3.650626772e+00
67608 +3.975996912e-04 +3.975996912e-04 +3.650397600e+00 +3.650397600e+00
71122 +2.511503047e-04 +2.511503047e-04 +3.650251150e+00 +3.650251150e+00
73606 +1.572991181e-04 +1.572991181e-04 +3.650157299e+00 +3.650157299e+00
75446 +9.769346111e-05 +9.769346111e-05 +3.650097693e+00 +3.650097693e+00
76805 +6.268754830e-05 +6.268754830e-05 +3.650062688e+00 +3.650062688e+00
78329 +3.910149794e-05 +3.910149794e-05 +3.650039101e+00 +3.650039101e+00
79842 +2.458796218e-05 +2.458796218e-05 +3.650024588e+00 +3.650024588e+00
81029 +1.584015339e-05 +1.584015339e-05 +3.650015840e+00 +3.650015840e+00
81967 +8.639913154e-06 +8.639913154e-06 +3.650008640e+00 +3.650008640e+00
82670 +5.889404085e-06 +5.889404085e-06 +3.650005889e+00 +3.650005889e+00
83137 +3.807531569e-06 +3.807531569e-06 +3.650003808e+00 +3.650003808e+00
83822 +2.425995036e-06 +2.425995036e-06 +3.650002426e+00 +3.650002426e+00
85229 +1.550202122e-06 +1.550202122e-06 +3.650001550e+00 +3.650001550e+00
86972 +9.995981656e-07 +9.995981656e-07 +3.650001000e+00 +3.650001000e+00
87450 +6.146417224e-07 +6.146417224e-07 +3.650000615e+00 +3.650000615e+00
92064 +3.943269489e-07 +3.943269489e-07 +3.650000394e+00 +3.650000394e+00
102489 +2.497654568e-07 +2.497654568e-07 +3.650000250e+00 +3.650000250e+00
110638 +1.577072131e-07 +1.577072131e-07 +3.650000158e+00 +3.650000158e+00
117673 +9.980245119e-08 +9.980245119e-08 +3.650000100e+00 +3.650000100e+00
122745 +6.299512645e-08 +6.299512645e-08 +3.650000063e+00 +3.650000063e+00
127544 +3.956743244e-08 +3.956743244e-08 +3.650000040e+00 +3.650000040e+00
131087 +2.494693385e-08 +2.494693385e-08 +3.650000025e+00 +3.650000025e+00
134081 +1.567342212e-08 +1.567342212e-08 +3.650000016e+00 +3.650000016e+00
137098 +9.998578854e-09 +9.998578854e-09 +3.650000010e+00 +3.650000010e+00
% function evaluation | noise-free fitness - Fopt (2.205300000000e+02) | best noise-free fitness - Fopt | measured fitness | best measured fitness | x1 | x2...
1 +7.016746462e+02 +7.016746462e+02 +9.222046462e+02 +9.222046462e+02
2 +6.176379686e+02 +6.176379686e+02 +8.381679686e+02 +8.381679686e+02
53 +3.974637436e+02 +3.974637436e+02 +6.179937436e+02 +6.179937436e+02
593 +2.413077622e+02 +2.413077622e+02 +4.618377622e+02 +4.618377622e+02
1279 +1.520581058e+02 +1.520581058e+02 +3.725881058e+02 +3.725881058e+02
1913 +9.853865230e+01 +9.853865230e+01 +3.190686523e+02 +3.190686523e+02
3255 +6.099212571e+01 +6.099212571e+01 +2.815221257e+02 +2.815221257e+02
4522 +3.681084804e+01 +3.681084804e+01 +2.573408480e+02 +2.573408480e+02
5599 +2.482495025e+01 +2.482495025e+01 +2.453549503e+02 +2.453549503e+02
6604 +1.569926838e+01 +1.569926838e+01 +2.362292684e+02 +2.362292684e+02
7485 +9.877134275e+00 +9.877134275e+00 +2.304071343e+02 +2.304071343e+02
8307 +6.275010073e+00 +6.275010073e+00 +2.268050101e+02 +2.268050101e+02
9114 +3.695734657e+00 +3.695734657e+00 +2.242257347e+02 +2.242257347e+02
9510 +2.471036750e+00 +2.471036750e+00 +2.230010367e+02 +2.230010367e+02
10394 +1.584767571e+00 +1.584767571e+00 +2.221147676e+02 +2.221147676e+02
11031 +9.622074215e-01 +9.622074215e-01 +2.214922074e+02 +2.214922074e+02
12431 +6.286851097e-01 +6.286851097e-01 +2.211586851e+02 +2.211586851e+02
14157 +3.905494507e-01 +3.905494507e-01 +2.209205495e+02 +2.209205495e+02
15411 +2.468088841e-01 +2.468088841e-01 +2.207768089e+02 +2.207768089e+02
16432 +1.521811431e-01 +1.521811431e-01 +2.206821811e+02 +2.206821811e+02
17386 +9.452231195e-02 +9.452231195e-02 +2.206245223e+02 +2.206245223e+02
18466 +5.492604751e-02 +5.492604751e-02 +2.205849260e+02 +2.205849260e+02
19219 +3.911604018e-02 +3.911604018e-02 +2.205691160e+02 +2.205691160e+02
20270 +2.468679235e-02 +2.468679235e-02 +2.205546868e+02 +2.205546868e+02
21794 +1.488257876e-02 +1.488257876e-02 +2.205448826e+02 +2.205448826e+02
23114 +9.198699775e-03 +9.198699775e-03 +2.205391987e+02 +2.205391987e+02
25423 +6.218119201e-03 +6.218119201e-03 +2.205362181e+02 +2.205362181e+02
28341 +3.851333908e-03 +3.851333908e-03 +2.205338513e+02 +2.205338513e+02
37746 +2.496144673e-03 +2.496144673e-03 +2.205324961e+02 +2.205324961e+02
44831 +1.561271053e-03 +1.561271053e-03 +2.205315613e+02 +2.205315613e+02
50596 +9.910757557e-04 +9.910757557e-04 +2.205309911e+02 +2.205309911e+02
56002 +6.287957719e-04 +6.287957719e-04 +2.205306288e+02 +2.205306288e+02
59982 +3.973508171e-04 +3.973508171e-04 +2.205303974e+02 +2.205303974e+02
63129 +2.511073871e-04 +2.511073871e-04 +2.205302511e+02 +2.205302511e+02
65742 +1.572759739e-04 +1.572759739e-04 +2.205301573e+02 +2.205301573e+02
68205 +9.881520316e-05 +9.881520316e-05 +2.205300988e+02 +2.205300988e+02
69947 +6.199693144e-05 +6.199693144e-05 +2.205300620e+02 +2.205300620e+02
71674 +3.942846780e-05 +3.942846780e-05 +2.205300394e+02 +2.205300394e+02
72815 +2.448156215e-05 +2.448156215e-05 +2.205300245e+02 +2.205300245e+02
73769 +1.578898656e-05 +1.578898656e-05 +2.205300158e+02 +2.205300158e+02
74206 +9.732487769e-06 +9.732487769e-06 +2.205300097e+02 +2.205300097e+02
75026 +6.211664243e-06 +6.211664243e-06 +2.205300062e+02 +2.205300062e+02
75685 +3.903828627e-06 +3.903828627e-06 +2.205300039e+02 +2.205300039e+02
76392 +2.466992896e-06 +2.466992896e-06 +2.205300025e+02 +2.205300025e+02
77230 +1.522346423e-06 +1.522346423e-06 +2.205300015e+02 +2.205300015e+02
78006 +9.250033486e-07 +9.250033486e-07 +2.205300009e+02 +2.205300009e+02
82404 +5.877465696e-07 +5.877465696e-07 +2.205300006e+02 +2.205300006e+02
86184 +3.976238929e-07 +3.976238929e-07 +2.205300004e+02 +2.205300004e+02
96321 +2.507460124e-07 +2.507460124e-07 +2.205300003e+02 +2.205300003e+02
104675 +1.584784854e-07 +1.584784854e-07 +2.205300002e+02 +2.205300002e+02
111015 +9.946521118e-08 +9.946521118e-08 +2.205300001e+02 +2.205300001e+02
116155 +6.267435992e-08 +6.267435992e-08 +2.205300001e+02 +2.205300001e+02
120795 +3.911281965e-08 +3.911281965e-08 +2.205300000e+02 +2.205300000e+02
124331 +2.510580543e-08 +2.510580543e-08 +2.205300000e+02 +2.205300000e+02
127139 +1.584498932e-08 +1.584498932e-08 +2.205300000e+02 +2.205300000e+02
129262 +9.958966984e-09 +9.958966984e-09 +2.205300000e+02 +2.205300000e+02
% function evaluation | noise-free fitness - Fopt (4.212900000000e+02) | best noise-free fitness - Fopt | measured fitness | best measured fitness | x1 | x2...
1 +5.765391725e+02 +5.765391725e+02 +9.978291725e+02 +9.978291725e+02
3 +3.755899567e+02 +3.755899567e+02 +7.968799567e+02 +7.968799567e+02
334 +2.414537110e+02 +2.414537110e+02 +6.627437110e+02 +6.627437110e+02
793 +1.531769610e+02 +1.531769610e+02 +5.744669610e+02 +5.744669610e+02
1478 +9.304913694e+01 +9.304913694e+01 +5.143391369e+02 +5.143391369e+02
2638 +5.100200202e+01 +5.100200202e+01 +4.722920020e+02 +4.722920020e+02
3712 +3.971894637e+01 +3.971894637e+01 +4.610089464e+02 +4.610089464e+02
4922 +2.491726277e+01 +2.491726277e+01 +4.462072628e+02 +4.462072628e+02
6018 +1.568247947e+01 +1.568247947e+01 +4.369724795e+02 +4.369724795e+02
6833 +9.176163557e+00 +9.176163557e+00 +4.304661636e+02 +4.304661636e+02
7572 +6.200780158e+00 +6.200780158e+00 +4.274907802e+02 +4.274907802e+02
8543 +3.979270704e+00 +3.979270704e+00 +4.252692707e+02 +4.252692707e+02
9746 +2.496395013e+00 +2.496395013e+00 +4.237863950e+02 +4.237863950e+02
10756 +1.529810603e+00 +1.529810603e+00 +4.228198106e+02 +4.228198106e+02
11840 +9.860140662e-01 +9.860140662e-01 +4.222760141e+02 +4.222760141e+02
13248 +6.293670407e-01 +6.293670407e-01 +4.219193670e+02 +4.219193670e+02
14781 +3.922170966e-01 +3.922170966e-01 +4.216822171e+02 +4.216822171e+02
15799 +2.469686440e-01 +2.469686440e-01 +4.215369686e+02 +4.215369686e+02
16751 +1.575676208e-01 +1.575676208e-01 +4.214475676e+02 +4.214475676e+02
17838 +9.918208510e-02 +9.918208510e-02 +4.213891821e+02 +4.213891821e+02
18781 +5.669594482e-02 +5.669594482e-02 +4.213466959e+02 +4.213466959e+02
19512 +3.886829004e-02 +3.886829004e-02 +4.213288683e+02 +4.213288683e+02
20336 +2.329002257e-02 +2.329002257e-02 +4.213132900e+02 +4.213132900e+02
21398 +1.584874553e-02 +1.584874553e-02 +4.213058487e+02 +4.213058487e+02
22353 +9.997221261e-03 +9.997221261e-03 +4.212999972e+02 +4.212999972e+02
24825 +6.309042537e-03 +6.309042537e-03 +4.212963090e+02 +4.212963090e+02
31354 +3.974198329e-03 +3.974198329e-03 +4.212939742e+02 +4.212939742e+02
41505 +2.511494597e-03 +2.511494597e-03 +4.212925115e+02 +4.212925115e+02
49835 +1.580087575e-03 +1.580087575e-03 +4.212915801e+02 +4.212915801e+02
56284 +9.978855051e-04 +9.978855051e-04 +4.212909979e+02 +4.212909979e+02
61554 +6.298888731e-04 +6.298888731e-04 +4.212906299e+02 +4.212906299e+02
65721 +3.962906559e-04 +3.962906559e-04 +4.212903963e+02 +4.212903963e+02
68601 +2.506970400e-04 +2.506970400e-04 +4.212902507e+02 +4.212902507e+02
71241 +1.581653797e-04 +1.581653797e-04 +4.212901582e+02 +4.212901582e+02
73680 +9.995083258e-05 +9.995083258e-05 +4.212901000e+02 +4.212901000e+02
75729 +6.135339459e-05 +6.135339459e-05 +4.212900614e+02 +4.212900614e+02
77238 +3.958109767e-05 +3.958109767e-05 +4.212900396e+02 +4.212900396e+02
78644 +2.433409765e-05 +2.433409765e-05 +4.212900243e+02 +4.212900243e+02
79783 +1.540014938e-05 +1.540014938e-05 +4.212900154e+02 +4.212900154e+02
80823 +9.754341136e-06 +9.754341136e-06 +4.212900098e+02 +4.212900098e+02
81780 +6.260675661e-06 +6.260675661e-06 +4.212900063e+02 +4.212900063e+02
82411 +3.616209767e-06 +3.616209767e-06 +4.212900036e+02 +4.212900036e+02
83625 +2.504880683e-06 +2.504880683e-06 +4.212900025e+02 +4.212900025e+02
84369 +1.532095553e-06 +1.532095553e-06 +4.212900015e+02 +4.212900015e+02
85442 +9.326380450e-07 +9.326380450e-07 +4.212900009e+02 +4.212900009e+02
87319 +5.553389428e-07 +5.553389428e-07 +4.212900006e+02 +4.212900006e+02
90161 +3.980828751e-07 +3.980828751e-07 +4.212900004e+02 +4.212900004e+02
100012 +2.511078492e-07 +2.511078492e-07 +4.212900003e+02 +4.212900003e+02
107847 +1.577321882e-07 +1.577321882e-07 +4.212900002e+02 +4.212900002e+02
114263 +9.994823813e-08 +9.994823813e-08 +4.212900001e+02 +4.212900001e+02
119787 +6.221017657e-08 +6.221017657e-08 +4.212900001e+02 +4.212900001e+02
124234 +3.968602869e-08 +3.968602869e-08 +4.212900000e+02 +4.212900000e+02
128403 +2.498347840e-08 +2.498347840e-08 +4.212900000e+02 +4.212900000e+02
130871 +1.555662266e-08 +1.555662266e-08 +4.212900000e+02 +4.212900000e+02
133332 +9.938219137e-09 +9.938219137e-09 +4.212900000e+02 +4.212900000e+02
% function evaluation | noise-free fitness - Fopt (-7.900000000000e+01) | best noise-free fitness - Fopt | measured fitness | best measured fitness | x1 | x2...
1 +4.881751454e+02 +4.881751454e+02 +4.091751454e+02 +4.091751454e+02
4 +3.868435057e+02 +3.868435057e+02 +3.078435057e+02 +3.078435057e+02
391 +2.396364801e+02 +2.396364801e+02 +1.606364801e+02 +1.606364801e+02
1280 +1.297253605e+02 +1.297253605e+02 +5.072536049e+01 +5.072536049e+01
1820 +9.153970103e+01 +9.153970103e+01 +1.253970103e+01 +1.253970103e+01
2650 +6.148523267e+01 +6.148523267e+01 -1.751476733e+01 -1.751476733e+01
4091 +3.957612674e+01 +3.957612674e+01 -3.942387326e+01 -3.942387326e+01
5345 +2.496134857e+01 +2.496134857e+01 -5.403865143e+01 -5.403865143e+01
6349 +1.584629875e+01 +1.584629875e+01 -6.315370125e+01 -6.315370125e+01
7563 +9.959727600e+00 +9.959727600e+00 -6.904027240e+01 -6.904027240e+01
8232 +6.240555857e+00 +6.240555857e+00 -7.275944414e+01 -7.275944414e+01
9284 +3.958307304e+00 +3.958307304e+00 -7.504169270e+01 -7.504169270e+01
10191 +2.223537779e+00 +2.223537779e+00 -7.677646222e+01 -7.677646222e+01
11181 +1.578614812e+00 +1.578614812e+00 -7.742138519e+01 -7.742138519e+01
12509 +8.508675040e-01 +8.508675040e-01 -7.814913250e+01 -7.814913250e+01
12927 +6.268045279e-01 +6.268045279e-01 -7.837319547e+01 -7.837319547e+01
14724 +3.978081908e-01 +3.978081908e-01 -7.860219181e+01 -7.860219181e+01
15826 +2.492514390e-01 +2.492514390e-01 -7.875074856e+01 -7.875074856e+01
16773 +1.567273356e-01 +1.567273356e-01 -7.884327266e+01 -7.884327266e+01
17538 +9.906031676e-02 +9.906031676e-02 -7.890093968e+01 -7.890093968e+01
18325 +5.748791076e-02 +5.748791076e-02 -7.894251209e+01 -7.894251209e+01
19033 +3.967913387e-02 +3.967913387e-02 -7.896032087e+01 -7.896032087e+01
19917 +2.428829247e-02 +2.428829247e-02 -7.897571171e+01 -7.897571171e+01
20835 +1.536593416e-02 +1.536593416e-02 -7.898463407e+01 -7.898463407e+01
21957 +9.476019592e-03 +9.476019592e-03 -7.899052398e+01 -7.899052398e+01
23413 +5.861853903e-03 +5.861853903e-03 -7.899413815e+01 -7.899413815e+01
27011 +3.544330545e-03 +3.544330545e-03 -7.899645567e+01 -7.899645567e+01
35073 +2.497244110e-03 +2.497244110e-03 -7.899750276e+01 -7.899750276e+01
42953 +1.582042317e-03 +1.582042317e-03 -7.899841796e+01 -7.899841796e+01
49793 +9.982399173e-04 +9.982399173e-04 -7.899900176e+01 -7.899900176e+01
54912 +6.296043504e-04 +6.296043504e-04 -7.899937040e+01 -7.899937040e+01
59141 +3.971769255e-04 +3.971769255e-04 -7.899960282e+01 -7.899960282e+01
62486 +2.472494385e-04 +2.472494385e-04 -7.899975275e+01 -7.899975275e+01
65137 +1.583186533e-04 +1.583186533e-04 -7.899984168e+01 -7.899984168e+01
67442 +9.922658550e-05 +9.922658550e-05 -7.899990077e+01 -7.899990077e+01
69159 +6.305478976e-05 +6.305478976e-05 -7.899993695e+01 -7.899993695e+01
71020 +3.949744932e-05 +3.949744932e-05 -7.899996050e+01 -7.899996050e+01
72050 +2.462546742e-05 +2.462546742e-05 -7.899997537e+01 -7.899997537e+01
73478 +1.553228772e-05 +1.553228772e-05 -7.899998447e+01 -7.899998447e+01
74192 +9.867926394e-06 +9.867926394e-06 -7.899999013e+01 -7.899999013e+01
75192 +6.127428307e-06 +6.127428307e-06 -7.899999387e+01 -7.899999387e+01
76025 +3.679370423e-06 +3.679370423e-06 -7.899999632e+01 -7.899999632e+01
76810 +2.233883606e-06 +2.233883606e-06 -7.899999777e+01 -7.899999777e+01
77806 +1.571821898e-06 +1.571821898e-06 -7.899999843e+01 -7.899999843e+01
79473 +9.281189932e-07 +9.281189932e-07 -7.899999907e+01 -7.899999907e+01
82228 +6.098664045e-07 +6.098664045e-07 -7.899999939e+01 -7.899999939e+01
86865 +3.960415143e-07 +3.960415143e-07 -7.899999960e+01 -7.899999960e+01
96727 +2.511270196e-07 +2.511270196e-07 -7.899999975e+01 -7.899999975e+01
105468 +1.583359079e-07 +1.583359079e-07 -7.899999984e+01 -7.899999984e+01
112215 +9.925386735e-08 +9.925386735e-08 -7.899999990e+01 -7.899999990e+01
117643 +6.279084630e-08 +6.279084630e-08 -7.899999994e+01 -7.899999994e+01
121806 +3.945439175e-08 +3.945439175e-08 -7.899999996e+01 -7.899999996e+01
124888 +2.491498208e-08 +2.491498208e-08 -7.899999998e+01 -7.899999998e+01
127571 +1.577775777e-08 +1.577775777e-08 -7.899999998e+01 -7.899999998e+01
129865 +9.877453522e-09 +9.877453522e-09 -7.899999999e+01 -7.899999999e+01
% function evaluation | noise-free fitness - Fopt (-4.133000000000e+01) | best noise-free fitness - Fopt | measured fitness | best measured fitness | x1 | x2...
1 +4.944457587e+02 +4.944457587e+02 +4.531157587e+02 +4.531157587e+02
24 +3.917440935e+02 +3.917440935e+02 +3.504140935e+02 +3.504140935e+02
595 +2.167147225e+02 +2.167147225e+02 +1.753847225e+02 +1.753847225e+02
1124 +1.497585451e+02 +1.497585451e+02 +1.084285451e+02 +1.084285451e+02
1915 +9.951465494e+01 +9.951465494e+01 +5.818465494e+01 +5.818465494e+01
3533 +6.295264549e+01 +6.295264549e+01 +2.162264549e+01 +2.162264549e+01
5185 +3.886637196e+01 +3.886637196e+01 -2.463628043e+00 -2.463628043e+00
6375 +2.457063477e+01 +2.457063477e+01 -1.675936523e+01 -1.675936523e+01
7310 +1.479499231e+01 +1.479499231e+01 -2.653500769e+01 -2.653500769e+01
8022 +9.424861643e+00 +9.424861643e+00 -3.190513836e+01 -3.190513836e+01
8834 +5.360915956e+00 +5.360915956e+00 -3.596908404e+01 -3.596908404e+01
9256 +3.972136346e+00 +3.972136346e+00 -3.735786365e+01 -3.735786365e+01
10494 +2.475677904e+00 +2.475677904e+00 -3.885432210e+01 -3.885432210e+01
11338 +1.260809135e+00 +1.260809135e+00 -4.006919086e+01 -4.006919086e+01
11880 +9.275930252e-01 +9.275930252e-01 -4.040240697e+01 -4.040240697e+01
12983 +6.249309125e-01 +6.249309125e-01 -4.070506909e+01 -4.070506909e+01
14407 +3.924673579e-01 +3.924673579e-01 -4.093753264e+01 -4.093753264e+01
15547 +2.487404746e-01 +2.487404746e-01 -4.108125953e+01 -4.108125953e+01
16397 +1.578260516e-01 +1.578260516e-01 -4.117217395e+01 -4.117217395e+01
17546 +9.865893320e-02 +9.865893320e-02 -4.123134107e+01 -4.123134107e+01
18768 +6.214302998e-02 +6.214302998e-02 -4.126785697e+01 -4.126785697e+01
19520 +3.840444885e-02 +3.840444885e-02 -4.129159555e+01 -4.129159555e+01
20385 +2.386886505e-02 +2.386886505e-02 -4.130613113e+01 -4.130613113e+01
21186 +1.568268620e-02 +1.568268620e-02 -4.131431731e+01 -4.131431731e+01
22008 +9.219491531e-03 +9.219491531e-03 -4.132078051e+01 -4.132078051e+01
25478 +6.305131490e-03 +6.305131490e-03 -4.132369487e+01 -4.132369487e+01
31062 +3.978834556e-03 +3.978834556e-03 -4.132602117e+01 -4.132602117e+01
40286 +2.503703808e-03 +2.503703808e-03 -4.132749630e+01 -4.132749630e+01
48539 +1.584760902e-03 +1.584760902e-03 -4.132841524e+01 -4.132841524e+01
55197 +9.889215348e-04 +9.889215348e-04 -4.132901108e+01 -4.132901108e+01
60455 +6.285547788e-04 +6.285547788e-04 -4.132937145e+01 -4.132937145e+01
64558 +3.952014460e-04 +3.952014460e-04 -4.132960480e+01 -4.132960480e+01
67725 +2.499712419e-04 +2.499712419e-04 -4.132975003e+01 -4.132975003e+01
70566 +1.565793214e-04 +1.565793214e-04 -4.132984342e+01 -4.132984342e+01
72580 +9.978684692e-05 +9.978684692e-05 -4.132990021e+01 -4.132990021e+01
74556 +6.257635260e-05 +6.257635260e-05 -4.132993742e+01 -4.132993742e+01
76167 +3.925085812e-05 +3.925085812e-05 -4.132996075e+01 -4.132996075e+01
77341 +2.287460056e-05 +2.287460056e-05 -4.132997713e+01 -4.132997713e+01
78447 +1.572551545e-05 +1.572551545e-05 -4.132998427e+01 -4.132998427e+01
79591 +9.868909189e-06 +9.868909189e-06 -4.132999013e+01 -4.132999013e+01
80292 +6.236071748e-06 +6.236071748e-06 -4.132999376e+01 -4.132999376e+01
81252 +3.656729533e-06 +3.656729533e-06 -4.132999634e+01 -4.132999634e+01
81931 +2.330592459e-06 +2.330592459e-06 -4.132999767e+01 -4.132999767e+01
82852 +1.576781912e-06 +1.576781912e-06 -4.132999842e+01 -4.132999842e+01
84485 +9.082426047e-07 +9.082426047e-07 -4.132999909e+01 -4.132999909e+01
85742 +6.294314687e-07 +6.294314687e-07 -4.132999937e+01 -4.132999937e+01
91589 +3.974108296e-07 +3.974108296e-07 -4.132999960e+01 -4.132999960e+01
102479 +2.507944856e-07 +2.507944856e-07 -4.132999975e+01 -4.132999975e+01
111171 +1.563525274e-07 +1.563525274e-07 -4.132999984e+01 -4.132999984e+01
117587 +9.933730638e-08 +9.933730638e-08 -4.132999990e+01 -4.132999990e+01
122770 +6.307070777e-08 +6.307070777e-08 -4.132999994e+01 -4.132999994e+01
127214 +3.977749685e-08 +3.977749685e-08 -4.132999996e+01 -4.132999996e+01
130518 +2.495451668e-08 +2.495451668e-08 -4.132999998e+01 -4.132999998e+01
133408 +1.584843545e-08 +1.584843545e-08 -4.132999998e+01 -4.132999998e+01
135749 +9.927333622e-09 +9.927333622e-09 -4.132999999e+01 -4.132999999e+01
% function evaluation | noise-free fitness - Fopt (2.127500000000e+02) | best noise-free fitness - Fopt | measured fitness | best measured fitness | x1 | x2...
1 +5.220488862e+02 +5.220488862e+02 +7.347988862e+02 +7.347988862e+02
4 +3.962980634e+02 +3.962980634e+02 +6.090480634e+02 +6.090480634e+02
781 +2.458789660e+02 +2.458789660e+02 +4.586289660e+02 +4.586289660e+02
1318 +1.466674877e+02 +1.466674877e+02 +3.594174877e+02 +3.594174877e+02
1813 +9.933769755e+01 +9.933769755e+01 +3.120876976e+02 +3.120876976e+02
1954 +5.917220766e+01 +5.917220766e+01 +2.719222077e+02 +2.719222077e+02
3008 +3.685380463e+01 +3.685380463e+01 +2.496038046e+02 +2.496038046e+02
3903 +2.483446440e+01 +2.483446440e+01 +2.375844644e+02 +2.375844644e+02
4943 +1.579600192e+01 +1.579600192e+01 +2.285460019e+02 +2.285460019e+02
5710 +9.984390487e+00 +9.984390487e+00 +2.227343905e+02 +2.227343905e+02
6856 +5.864088320e+00 +5.864088320e+00 +2.186140883e+02 +2.186140883e+02
7701 +3.725275714e+00 +3.725275714e+00 +2.164752757e+02 +2.164752757e+02
8703 +2.386028948e+00 +2.386028948e+00 +2.151360289e+02 +2.151360289e+02
10029 +1.552282586e+00 +1.552282586e+00 +2.143022826e+02 +2.143022826e+02
11001 +9.905235372e-01 +9.905235372e-01 +2.137405235e+02 +2.137405235e+02
12580 +5.318450979e-01 +5.318450979e-01 +2.132818451e+02 +2.132818451e+02
13351 +3.979924479e-01 +3.979924479e-01 +2.131479924e+02 +2.131479924e+02
14723 +2.456699213e-01 +2.456699213e-01 +2.129956699e+02 +2.129956699e+02
15894 +1.523843704e-01 +1.523843704e-01 +2.129023844e+02 +2.129023844e+02
16799 +9.980158651e-02 +9.980158651e-02 +2.128498016e+02 +2.128498016e+02
17745 +5.718787771e-02 +5.718787771e-02 +2.128071879e+02 +2.128071879e+02
18378 +3.848169186e-02 +3.848169186e-02 +2.127884817e+02 +2.127884817e+02
19373 +2.321050503e-02 +2.321050503e-02 +2.127732105e+02 +2.127732105e+02
20692 +1.584694831e-02 +1.584694831e-02 +2.127658469e+02 +2.127658469e+02
21455 +9.714092166e-03 +9.714092166e-03 +2.127597141e+02 +2.127597141e+02
23362 +6.305245017e-03 +6.305245017e-03 +2.127563052e+02 +2.127563052e+02
27569 +3.975688742e-03 +3.975688742e-03 +2.127539757e+02 +2.127539757e+02
35767 +2.509768990e-03 +2.509768990e-03 +2.127525098e+02 +2.127525098e+02
43869 +1.582949147e-03 +1.582949147e-03 +2.127515829e+02 +2.127515829e+02
50250 +9.947140385e-04 +9.947140385e-04 +2.127509947e+02 +2.127509947e+02
55073 +6.279801515e-04 +6.279801515e-04 +2.127506280e+02 +2.127506280e+02
59110 +3.980417246e-04 +3.980417246e-04 +2.127503980e+02 +2.127503980e+02
62431 +2.498678605e-04 +2.498678605e-04 +2.127502499e+02 +2.127502499e+02
65463 +1.554677663e-04 +1.554677663e-04 +2.127501555e+02 +2.127501555e+02
67523 +9.948267274e-05 +9.948267274e-05 +2.127500995e+02 +2.127500995e+02
69144 +6.276513446e-05 +6.276513446e-05 +2.127500628e+02 +2.127500628e+02
70447 +3.967750089e-05 +3.967750089e-05 +2.127500397e+02 +2.127500397e+02
71682 +2.509686308e-05 +2.509686308e-05 +2.127500251e+02 +2.127500251e+02
72565 +1.562619147e-05 +1.562619147e-05 +2.127500156e+02 +2.127500156e+02
73501 +9.652390503e-06 +9.652390503e-06 +2.127500097e+02 +2.127500097e+02
74255 +6.154887217e-06 +6.154887217e-06 +2.127500062e+02 +2.127500062e+02
75209 +3.812891862e-06 +3.812891862e-06 +2.127500038e+02 +2.127500038e+02
75906 +2.443776708e-06 +2.443776708e-06 +2.127500024e+02 +2.127500024e+02
76360 +1.537582961e-06 +1.537582961e-06 +2.127500015e+02 +2.127500015e+02
78474 +9.076496497e-07 +9.076496497e-07 +2.127500009e+02 +2.127500009e+02
80699 +5.993668424e-07 +5.993668424e-07 +2.127500006e+02 +2.127500006e+02
88736 +3.663210180e-07 +3.663210180e-07 +2.127500004e+02 +2.127500004e+02
97298 +2.509718797e-07 +2.509718797e-07 +2.127500003e+02 +2.127500003e+02
105903 +1.580515914e-07 +1.580515914e-07 +2.127500002e+02 +2.127500002e+02
113168 +9.973686588e-08 +9.973686588e-08 +2.127500001e+02 +2.127500001e+02
118640 +6.293257115e-08 +6.293257115e-08 +2.127500001e+02 +2.127500001e+02
122734 +3.960781214e-08 +3.960781214e-08 +2.127500000e+02 +2.127500000e+02
126197 +2.508267016e-08 +2.508267016e-08 +2.127500000e+02 +2.127500000e+02
129235 +1.544324846e-08 +1.544324846e-08 +2.127500000e+02 +2.127500000e+02
131790 +9.963315506e-09 +9.963315506e-09 +2.127500000e+02 +2.127500000e+02
