% function evaluation | noise-free fitness - Fopt (-2.098800000000e+02) | best noise-free fitness - Fopt | measured fitness | best measured fitness | x1 | x2...
1 +8.723360648e+05 +8.723360648e+05 +8.721261848e+05 +8.721261848e+05 +3.8589e-01 +4.3733e+00 +4.2358e+00 +1.7997e+00 +2.7463e+00
11 +1.679333172e+05 +1.679333172e+05 +1.677234372e+05 +1.677234372e+05 +4.4356e+00 +1.7312e+00 +3.5248e+00 +7.0813e-02 +1.7001e+00
17 +2.073955194e+04 +2.073955194e+04 +2.052967194e+04 +2.052967194e+04 -3.8181e+00 +1.0941e-01 +6.7114e-01 +2.3246e+00 +1.8913e+00
142 +1.313334173e+04 +1.313334173e+04 +1.292346173e+04 +1.292346173e+04 -3.8145e+00 +1.2077e-01 +6.6222e-01 +2.3349e+00 +1.8625e+00
273 +9.773290067e+03 +9.773290067e+03 +9.563410067e+03 +9.563410067e+03 -3.8345e+00 +1.3717e-01 +6.8997e-01 +2.3393e+00 +1.8288e+00
1434 +6.309477599e+03 +6.309477599e+03 +6.099597599e+03 +6.099597599e+03 -3.8331e+00 +1.2253e-01 +9.6483e-01 +2.3856e+00 +1.7878e+00
3543 +3.980658463e+03 +3.980658463e+03 +3.770778463e+03 +3.770778463e+03 -3.8419e+00 +1.7522e-01 +1.6034e+00 +2.3769e+00 +1.7832e+00
5717 +2.461876599e+03 +2.461876599e+03 +2.251996599e+03 +2.251996599e+03 -3.8084e+00 +2.8336e-01 +2.1374e+00 +2.4202e+00 +1.7832e+00
6673 +1.568427732e+03 +1.568427732e+03 +1.358547732e+03 +1.358547732e+03 -3.7773e+00 +2.3046e-01 +2.3870e+00 +2.3796e+00 +1.7884e+00
7442 +9.905687797e+02 +9.905687797e+02 +7.806887797e+02 +7.806887797e+02 -3.7864e+00 +2.5081e-01 +2.5810e+00 +2.3644e+00 +1.7811e+00
7885 +6.308709872e+02 +6.308709872e+02 +4.209909872e+02 +4.209909872e+02 -3.7768e+00 +2.8193e-01 +2.7262e+00 +2.3822e+00 +1.7887e+00
8740 +3.925949281e+02 +3.925949281e+02 +1.827149281e+02 +1.827149281e+02 -3.7562e+00 +3.0717e-01 +2.9057e+00 +2.3996e+00 +1.7876e+00
9595 +2.464589822e+02 +2.464589822e+02 +3.657898225e+01 +3.657898225e+01 -3.8354e+00 +3.6213e-01 +3.0971e+00 +2.3722e+00 +1.7847e+00
10244 +1.573821878e+02 +1.573821878e+02 -5.249781215e+01 -5.249781215e+01 -3.8486e+00 +3.4393e-01 +3.2043e+00 +2.3774e+00 +1.7850e+00
10710 +9.640739551e+01 +9.640739551e+01 -1.134726045e+02 -1.134726045e+02 -3.8819e+00 +3.7274e-01 +3.2903e+00 +2.3793e+00 +1.7848e+00
11081 +6.025047050e+01 +6.025047050e+01 -1.496295295e+02 -1.496295295e+02 -3.8975e+00 +3.9247e-01 +3.3811e+00 +2.3799e+00 +1.7845e+00
11705 +3.574284561e+01 +3.574284561e+01 -1.741371544e+02 -1.741371544e+02 -3.8406e+00 +4.3636e-01 +3.4509e+00 +2.3813e+00 +1.7862e+00
12724 +2.411419382e+01 +2.411419382e+01 -1.857658062e+02 -1.857658062e+02 -3.7479e+00 +4.2976e-01 +3.5346e+00 +2.3874e+00 +1.7854e+00
% function evaluation | noise-free fitness - Fopt (-9.209000000000e+01) | best noise-free fitness - Fopt | measured fitness | best measured fitness | x1 | x2...
1 +4.029226282e+06 +4.029226282e+06 +4.029134192e+06 +4.029134192e+06 -4.3402e+00 -3.7276e+00 -2.6769e-01 -1.8824e+00 +1.8920e+00
7 +3.254417394e+06 +3.254417394e+06 +3.254325304e+06 +3.254325304e+06 -3.9909e+00 -3.8136e+00 -1.7748e+00 -2.1713e+00 -1.8152e+00
19 +1.490029846e+05 +1.490029846e+05 +1.489108946e+05 +1.489108946e+05 -4.0072e+00 -3.4160e+00 -4.9885e+00 -3.7449e+00 -1.5462e-01
85 +8.190854391e+04 +8.190854391e+04 +8.181645391e+04 +8.181645391e+04 -4.7020e+00 -1.8953e+00 +2.5749e+00 -4.6357e-01 -1.9256e-02
821 +6.273503000e+04 +6.273503000e+04 +6.264294000e+04 +6.264294000e+04 -4.6878e+00 -1.8496e+00 +2.5147e+00 -6.2395e-01 -1.1007e-01
1443 +3.955946422e+04 +3.955946422e+04 +3.946737422e+04 +3.946737422e+04 -4.6925e+00 -1.8436e+00 +2.5487e+00 -8.2393e-01 -1.3386e-01
1959 +2.509258547e+04 +2.509258547e+04 +2.500049547e+04 +2.500049547e+04 -4.6984e+00 -1.9039e+00 +2.4950e+00 -9.9846e-01 -1.2090e-01
3161 +1.452637440e+04 +1.452637440e+04 +1.443428440e+04 +1.443428440e+04 -4.7856e+00 -1.8239e+00 +2.3522e+00 -1.3232e+00 -1.2008e-01
3722 +9.884092534e+03 +9.884092534e+03 +9.792002534e+03 +9.792002534e+03 -4.7968e+00 -1.8042e+00 +2.2710e+00 -1.4613e+00 -1.2007e-01
4551 +6.297460756e+03 +6.297460756e+03 +6.205370756e+03 +6.205370756e+03 -4.8152e+00 -1.8143e+00 +2.2491e+00 -1.6808e+00 -1.1760e-01
5644 +3.966704255e+03 +3.966704255e+03 +3.874614255e+03 +3.874614255e+03 -4.7802e+00 -1.7628e+00 +1.9893e+00 -1.8238e+00 -1.1821e-01
8516 +2.501884127e+03 +2.501884127e+03 +2.409794127e+03 +2.409794127e+03 -4.7541e+00 -1.7164e+00 +1.3465e+00 -1.8319e+00 -1.2216e-01
9610 +1.573669874e+03 +1.573669874e+03 +1.481579874e+03 +1.481579874e+03 -4.7225e+00 -1.6494e+00 +1.0795e+00 -1.8398e+00 -1.2098e-01
11869 +9.901912485e+02 +9.901912485e+02 +8.981012485e+02 +8.981012485e+02 -4.7035e+00 -1.5829e+00 +6.6246e-01 -1.8463e+00 -1.1643e-01
13539 +6.214521960e+02 +6.214521960e+02 +5.293621960e+02 +5.293621960e+02 -4.6507e+00 -1.3575e+00 +3.8242e-01 -1.8207e+00 -1.1917e-01
18582 +3.963962210e+02 +3.963962210e+02 +3.043062210e+02 +3.043062210e+02 -4.5925e+00 -8.0494e-01 +7.5023e-02 -1.8343e+00 -1.2071e-01
24141 +2.504579316e+02 +2.504579316e+02 +1.583679316e+02 +1.583679316e+02 -4.7320e+00 -1.0081e-01 +1.1842e-01 -1.8269e+00 -1.2073e-01
33276 +1.582613390e+02 +1.582613390e+02 +6.617133897e+01 +6.617133897e+01 -4.6489e+00 +6.2128e-01 +7.5685e-02 -1.8339e+00 -1.1865e-01
41255 +9.997898050e+01 +9.997898050e+01 +7.888980496e+00 +7.888980496e+00 -4.6157e+00 +1.2438e+00 +7.5629e-02 -1.8330e+00 -1.1939e-01
45319 +6.298639361e+01 +6.298639361e+01 -2.910360639e+01 -2.910360639e+01 -4.5599e+00 +1.5767e+00 +7.8916e-02 -1.8260e+00 -1.2013e-01
52387 +3.936424135e+01 +3.936424135e+01 -5.272575865e+01 -5.272575865e+01 -4.5166e+00 +1.9244e+00 +1.0323e-01 -1.8299e+00 -1.1914e-01
77799 +2.508682853e+01 +2.508682853e+01 -6.700317147e+01 -6.700317147e+01 -4.2723e+00 +2.4470e+00 +9.6699e-02 -1.8270e+00 -1.1928e-01
% function evaluation | noise-free fitness - Fopt (-8.789000000000e+01) | best noise-free fitness - Fopt | measured fitness | best measured fitness | x1 | x2...
1 +5.435096277e+06 +5.435096277e+06 +5.435008387e+06 +5.435008387e+06 +1.8386e+00 -3.5149e+00 +1.7212e+00 +8.2332e-01 -9.0394e-01
6 +2.521111526e+06 +2.521111526e+06 +2.521023636e+06 +2.521023636e+06 +3.1669e+00 +1.4058e+00 -3.7052e+00 +1.9592e+00 -1.7386e+00
7 +1.767584611e+06 +1.767584611e+06 +1.767496721e+06 +1.767496721e+06 -1.0270e+00 -1.9558e+00 +1.0097e+00 +4.4246e-01 -4.2514e+00
8 +6.950948541e+05 +6.950948541e+05 +6.950069641e+05 +6.950069641e+05 -3.8458e+00 +4.9017e+00 -3.4794e+00 +9.0777e-01 -2.5029e+00
11 +2.965426799e+05 +2.965426799e+05 +2.964547899e+05 +2.964547899e+05 -3.3425e+00 +1.2744e+00 +1.9713e+00 -4.8458e+00 -2.8141e+00
25 +1.918823243e+05 +1.918823243e+05 +1.917944343e+05 +1.917944343e+05 -3.8868e+00 +2.7077e+00 -4.8797e-01 -5.8366e-01 -2.7323e+00
31 +1.778363717e+04 +1.778363717e+04 +1.769574717e+04 +1.769574717e+04 +4.5914e+00 -3.5928e+00 -9.4083e-02 -2.6177e+00 -3.1684e+00
56 +3.980028492e+03 +3.980028492e+03 +3.892138492e+03 +3.892138492e+03 +2.1991e+00 +2.8173e+00 +7.0644e-01 -2.0271e+00 -3.0276e+00
164 +2.246624738e+03 +2.246624738e+03 +2.158734738e+03 +2.158734738e+03 +2.2037e+00 +2.7946e+00 +7.1297e-01 -2.0223e+00 -3.0406e+00
206 +1.164072153e+03 +1.164072153e+03 +1.076182153e+03 +1.076182153e+03 +2.2009e+00 +2.8294e+00 +7.3159e-01 -2.0168e+00 -3.0594e+00
258 +6.764812864e+02 +6.764812864e+02 +5.885912864e+02 +5.885912864e+02 +2.2168e+00 +2.8455e+00 +7.4153e-01 -2.0294e+00 -3.0675e+00
308 +4.273950587e+02 +4.273950587e+02 +3.395050587e+02 +3.395050587e+02 +2.2308e+00 +2.8395e+00 +7.1360e-01 -2.0377e+00 -3.0824e+00
367 +3.874952250e+02 +3.874952250e+02 +2.996052250e+02 +2.996052250e+02 +2.2381e+00 +2.8321e+00 +7.2524e-01 -2.0656e+00 -3.0759e+00
969 +2.505825580e+02 +2.505825580e+02 +1.626925580e+02 +1.626925580e+02 +2.2305e+00 +2.8346e+00 +7.7741e-01 -2.1010e+00 -3.0834e+00
1521 +1.584340058e+02 +1.584340058e+02 +7.054400585e+01 +7.054400585e+01 +2.2091e+00 +2.8780e+00 +8.8936e-01 -2.1116e+00 -3.0816e+00
1992 +9.735529493e+01 +9.735529493e+01 +9.465294927e+00 +9.465294927e+00 +2.1550e+00 +2.9104e+00 +9.8098e-01 -2.1139e+00 -3.0796e+00
2563 +6.143216028e+01 +6.143216028e+01 -2.645783972e+01 -2.645783972e+01 +2.1434e+00 +2.9115e+00 +1.0548e+00 -2.1166e+00 -3.0807e+00
2813 +3.794648724e+01 +3.794648724e+01 -4.994351276e+01 -4.994351276e+01 +2.1346e+00 +2.8850e+00 +1.1445e+00 -2.0963e+00 -3.0841e+00
3273 +2.413601482e+01 +2.413601482e+01 -6.375398518e+01 -6.375398518e+01 +2.1266e+00 +2.8751e+00 +1.1804e+00 -2.1148e+00 -3.0825e+00
6404 +1.557294510e+01 +1.557294510e+01 -7.231705490e+01 -7.231705490e+01 +2.1863e+00 +2.9787e+00 +1.2423e+00 -2.1085e+00 -3.0823e+00
13244 +9.908694652e+00 +9.908694652e+00 -7.798130535e+01 -7.798130535e+01 +2.1162e+00 +3.1933e+00 +1.2468e+00 -2.1105e+00 -3.0823e+00
19068 +6.119681688e+00 +6.119681688e+00 -8.177031831e+01 -8.177031831e+01 +2.0777e+00 +3.3499e+00 +1.2647e+00 -2.1081e+00 -3.0825e+00
28704 +3.956403297e+00 +3.956403297e+00 -8.393359670e+01 -8.393359670e+01 +2.0497e+00 +3.5059e+00 +1.2551e+00 -2.1075e+00 -3.0820e+00
% function evaluation | noise-free fitness - Fopt (3.201900000000e+02) | best noise-free fitness - Fopt | measured fitness | best measured fitness | x1 | x2...
1 +2.051269362e+05 +2.051269362e+05 +2.054471262e+05 +2.054471262e+05 -5.2134e-01 +6.5493e-01 -2.1079e+00 -2.3909e+00 -3.7876e+00
14 +1.315808696e+05 +1.315808696e+05 +1.319010596e+05 +1.319010596e+05 +3.2890e+00 -4.3722e+00 -2.0295e+00 +8.0956e-01 -3.6803e+00
34 +5.972722016e+04 +5.972722016e+04 +6.004741016e+04 +6.004741016e+04 +1.5992e+00 -3.2128e+00 +4.9114e+00 -1.1446e+00 -3.6800e+00
291 +3.862948000e+04 +3.862948000e+04 +3.894967000e+04 +3.894967000e+04 +1.5835e+00 -3.2300e+00 +4.8846e+00 -1.1482e+00 -3.6165e+00
407 +2.467026799e+04 +2.467026799e+04 +2.499045799e+04 +2.499045799e+04 +1.5579e+00 -3.2226e+00 +4.9178e+00 -1.1214e+00 -3.5751e+00
616 +1.543233889e+04 +1.543233889e+04 +1.575252889e+04 +1.575252889e+04 +1.5658e+00 -3.1868e+00 +4.8860e+00 -1.1048e+00 -3.5108e+00
1798 +9.990793317e+03 +9.990793317e+03 +1.031098332e+04 +1.031098332e+04 +1.5725e+00 -3.2165e+00 +4.6457e+00 -8.8991e-01 -3.4675e+00
5101 +6.249145998e+03 +6.249145998e+03 +6.569335998e+03 +6.569335998e+03 +1.5338e+00 -3.2299e+00 +3.7479e+00 -8.2730e-01 -3.4689e+00
6239 +3.960975645e+03 +3.960975645e+03 +4.281165645e+03 +4.281165645e+03 +1.4909e+00 -3.2925e+00 +3.3951e+00 -8.6865e-01 -3.4643e+00
7343 +2.503717072e+03 +2.503717072e+03 +2.823907072e+03 +2.823907072e+03 +1.6506e+00 -3.3223e+00 +3.1101e+00 -8.5609e-01 -3.4683e+00
10487 +1.565116616e+03 +1.565116616e+03 +1.885306616e+03 +1.885306616e+03 +1.6496e+00 -3.2636e+00 +2.5382e+00 -8.5783e-01 -3.4706e+00
11066 +9.792078373e+02 +9.792078373e+02 +1.299397837e+03 +1.299397837e+03 +1.6255e+00 -3.2763e+00 +2.3887e+00 -8.5571e-01 -3.4678e+00
11576 +6.300023933e+02 +6.300023933e+02 +9.501923933e+02 +9.501923933e+02 +1.6897e+00 -3.2068e+00 +2.2505e+00 -8.4512e-01 -3.4665e+00
13414 +3.946819705e+02 +3.946819705e+02 +7.148719705e+02 +7.148719705e+02 +1.6482e+00 -3.2320e+00 +1.9614e+00 -8.3976e-01 -3.4687e+00
13924 +2.401894406e+02 +2.401894406e+02 +5.603794406e+02 +5.603794406e+02 +1.6883e+00 -3.2624e+00 +1.8726e+00 -8.5914e-01 -3.4675e+00
14714 +1.556962186e+02 +1.556962186e+02 +4.758862186e+02 +4.758862186e+02 +1.6725e+00 -3.2642e+00 +1.7615e+00 -8.5671e-01 -3.4683e+00
15252 +9.112277817e+01 +9.112277817e+01 +4.113127782e+02 +4.113127782e+02 +1.6261e+00 -3.2922e+00 +1.6218e+00 -8.5157e-01 -3.4661e+00
15694 +6.164735570e+01 +6.164735570e+01 +3.818373557e+02 +3.818373557e+02 +1.6026e+00 -3.2748e+00 +1.5821e+00 -8.6115e-01 -3.4697e+00
16104 +3.950107151e+01 +3.950107151e+01 +3.596910715e+02 +3.596910715e+02 +1.6164e+00 -3.2773e+00 +1.4991e+00 -8.5710e-01 -3.4696e+00
17551 +2.466929787e+01 +2.466929787e+01 +3.448592979e+02 +3.448592979e+02 +1.5767e+00 -3.2134e+00 +1.4157e+00 -8.5864e-01 -3.4699e+00
22757 +1.578769211e+01 +1.578769211e+01 +3.359776921e+02 +3.359776921e+02 +1.6107e+00 -3.0121e+00 +1.4056e+00 -8.5560e-01 -3.4697e+00
29966 +9.904540924e+00 +9.904540924e+00 +3.300945409e+02 +3.300945409e+02 +1.5698e+00 -2.7627e+00 +1.3850e+00 -8.5876e-01 -3.4699e+00
36104 +6.231343071e+00 +6.231343071e+00 +3.264213431e+02 +3.264213431e+02 +1.5037e+00 -2.6424e+00 +1.4062e+00 -8.5926e-01 -3.4699e+00
50084 +3.849061331e+00 +3.849061331e+00 +3.240390613e+02 +3.240390613e+02 +1.3922e+00 -2.5186e+00 +1.4038e+00 -8.5834e-01 -3.4695e+00
% function evaluation | noise-free fitness - Fopt (-1.042400000000e+02) | best noise-free fitness - Fopt | measured fitness | best measured fitness | x1 | x2...
1 +7.847584204e+06 +7.847584204e+06 +7.847479964e+06 +7.847479964e+06 +3.6797e+00 +2.4611e+00 +4.8003e+00 +3.6021e-01 +2.6875e+00
3 +4.958058870e+06 +4.958058870e+06 +4.957954630e+06 +4.957954630e+06 -2.7348e+00 +1.5379e+00 -5.1454e-01 +1.8982e+00 -2.2715e+00
8 +8.984238094e+05 +8.984238094e+05 +8.983195694e+05 +8.983195694e+05 -2.9756e+00 +2.8191e+00 -4.7658e+00 -3.8932e+00 +6.7904e-01
13 +3.969007650e+05 +3.969007650e+05 +3.967965250e+05 +3.967965250e+05 +5.4805e-01 -3.0434e+00 -1.0003e+00 +2.9246e+00 -2.5873e-01
24 +1.374824289e+04 +1.374824289e+04 +1.364400289e+04 +1.364400289e+04 -3.0721e+00 +4.6862e+00 -8.3397e-01 -1.8605e-02 -7.2278e-02
104 +8.211365583e+03 +8.211365583e+03 +8.107125583e+03 +8.107125583e+03 +3.7331e-01 +1.9403e+00 +4.8500e-01 -8.9360e-01 -2.1678e-02
209 +6.294693841e+03 +6.294693841e+03 +6.190453841e+03 +6.190453841e+03 +3.5565e-01 +1.9168e+00 +4.7228e-01 -8.4893e-01 -3.9096e-02
517 +3.891815810e+03 +3.891815810e+03 +3.787575810e+03 +3.787575810e+03 +3.5202e-01 +1.9279e+00 +5.2264e-01 -7.6018e-01 -5.3007e-02
917 +2.437360890e+03 +2.437360890e+03 +2.333120890e+03 +2.333120890e+03 +3.7240e-01 +1.9386e+00 +5.2032e-01 -6.4148e-01 -6.3224e-02
1442 +1.584592523e+03 +1.584592523e+03 +1.480352523e+03 +1.480352523e+03 +3.9112e-01 +1.8981e+00 +5.4524e-01 -5.0779e-01 -6.0886e-02
4779 +9.991428768e+02 +9.991428768e+02 +8.949028768e+02 +8.949028768e+02 +3.8848e-01 +1.5818e+00 +1.0744e+00 -4.8905e-01 -5.7035e-02
12817 +6.309333013e+02 +6.309333013e+02 +5.266933013e+02 +5.266933013e+02 +3.8985e-01 +5.4048e-01 +1.2943e+00 -4.9197e-01 -5.7345e-02
19873 +3.974516590e+02 +3.974516590e+02 +2.932116590e+02 +2.932116590e+02 +3.2181e-01 -3.1216e-01 +1.2921e+00 -4.8992e-01 -5.7735e-02
29367 +2.507020469e+02 +2.507020469e+02 +1.464620469e+02 +1.464620469e+02 +4.5025e-01 -1.1431e+00 +1.3019e+00 -4.9595e-01 -5.8684e-02
37238 +1.581761428e+02 +1.581761428e+02 +5.393614275e+01 +5.393614275e+01 +3.5333e-01 -1.7810e+00 +1.2652e+00 -4.8959e-01 -5.7988e-02
39653 +9.897044819e+01 +9.897044819e+01 -5.269551814e+00 -5.269551814e+00 +3.4739e-01 -2.0639e+00 +1.3303e+00 -4.9132e-01 -5.9164e-02
52208 +6.307797568e+01 +6.307797568e+01 -4.116202432e+01 -4.116202432e+01 +3.0154e-01 -2.5549e+00 +1.3224e+00 -4.9551e-01 -5.8282e-02
58309 +3.863276018e+01 +3.863276018e+01 -6.560723982e+01 -6.560723982e+01 +3.4027e-01 -2.8698e+00 +1.2904e+00 -4.9279e-01 -5.7970e-02
59842 +2.421072554e+01 +2.421072554e+01 -8.002927446e+01 -8.002927446e+01 +4.0449e-01 -2.9988e+00 +1.3257e+00 -4.9015e-01 -5.8792e-02
65864 +1.574745622e+01 +1.574745622e+01 -8.849254378e+01 -8.849254378e+01 +4.7483e-01 -3.2207e+00 +1.3045e+00 -4.9312e-01 -5.8583e-02
72558 +9.549589146e+00 +9.549589146e+00 -9.469041085e+01 -9.469041085e+01 +4.9596e-01 -3.3986e+00 +1.2974e+00 -4.9208e-01 -5.8294e-02
73169 +6.142447327e+00 +6.142447327e+00 -9.809755267e+01 -9.809755267e+01 +4.9389e-01 -3.4708e+00 +1.3306e+00 -4.9453e-01 -5.8675e-02
76466 +3.901078577e+00 +3.901078577e+00 -1.003389214e+02 -1.003389214e+02 +4.5314e-01 -3.5711e+00 +1.3119e+00 -4.9299e-01 -5.8592e-02
79833 +2.015717970e+00 +2.015717970e+00 -1.022242820e+02 -1.022242820e+02 +4.4197e-01 -3.6736e+00 +1.3206e+00 -4.9249e-01 -5.8426e-02
83798 +1.583395618e+00 +1.583395618e+00 -1.026566044e+02 -1.026566044e+02 +4.1652e-01 -3.6994e+00 +1.3117e+00 -4.9312e-01 -5.8576e-02
88545 +9.622856310e-01 +9.622856310e-01 -1.032777144e+02 -1.032777144e+02 +4.8165e-01 -3.7520e+00 +1.3217e+00 -4.9353e-01 -5.8480e-02
95354 +5.887731257e-01 +5.887731257e-01 -1.036512269e+02 -1.036512269e+02 +4.9680e-01 -3.7959e+00 +1.3223e+00 -4.9374e-01 -5.8257e-02
% function evaluation | noise-free fitness - Fopt (-1.000000000000e+03) | best noise-free fitness - Fopt | measured fitness | best measured fitness | x1 | x2...
1 +5.836077754e+03 +5.836077754e+03 +4.836077754e+03 +4.836077754e+03 -4.2385e+00 +3.3020e+00 -2.0431e+00 -7.9723e-01 +5.2151e-01
361 +3.868609019e+03 +3.868609019e+03 +2.868609019e+03 +2.868609019e+03 -4.2442e+00 +3.2262e+00 -2.0492e+00 -8.6179e-01 +5.4786e-01
718 +2.494647134e+03 +2.494647134e+03 +1.494647134e+03 +1.494647134e+03 -4.2303e+00 +3.2161e+00 -2.0482e+00 -9.6695e-01 +5.4433e-01
3235 +1.580732684e+03 +1.580732684e+03 +5.807326842e+02 +5.807326842e+02 -4.1748e+00 +3.0736e+00 -1.6823e+00 -1.1031e+00 +5.4495e-01
10233 +9.987468130e+02 +9.987468130e+02 -1.253186967e+00 -1.253186967e+00 -4.2291e+00 +1.9932e+00 -1.5383e+00 -1.1082e+00 +5.4783e-01
19515 +6.293998512e+02 +6.293998512e+02 -3.706001488e+02 -3.706001488e+02 -4.3616e+00 +7.8812e-01 -1.4545e+00 -1.1138e+00 +5.4559e-01
25949 +3.973885249e+02 +3.973885249e+02 -6.026114751e+02 -6.026114751e+02 -4.1970e+00 -4.4279e-02 -1.5103e+00 -1.1098e+00 +5.4556e-01
35816 +2.505844356e+02 +2.505844356e+02 -7.494155644e+02 -7.494155644e+02 -4.1779e+00 -9.0159e-01 -1.5161e+00 -1.1156e+00 +5.4675e-01
42599 +1.584574311e+02 +1.584574311e+02 -8.415425689e+02 -8.415425689e+02 -4.2122e+00 -1.5027e+00 -1.5000e+00 -1.1114e+00 +5.4644e-01
45340 +9.879277240e+01 +9.879277240e+01 -9.012072276e+02 -9.012072276e+02 -4.2103e+00 -1.8099e+00 -1.5051e+00 -1.1153e+00 +5.4557e-01
65009 +6.272582772e+01 +6.272582772e+01 -9.372741723e+02 -9.372741723e+02 -3.9577e+00 -2.3669e+00 -1.5193e+00 -1.1136e+00 +5.4637e-01
67639 +3.817831423e+01 +3.817831423e+01 -9.618216858e+02 -9.618216858e+02 -3.9267e+00 -2.6150e+00 -1.5027e+00 -1.1124e+00 +5.4720e-01
70058 +2.482377884e+01 +2.482377884e+01 -9.751762212e+02 -9.751762212e+02 -3.9606e+00 -2.7491e+00 -1.4998e+00 -1.1071e+00 +5.4633e-01
80563 +1.581461549e+01 +1.581461549e+01 -9.841853845e+02 -9.841853845e+02 -3.9324e+00 -3.0500e+00 -1.5284e+00 -1.1083e+00 +5.4621e-01
83104 +9.935116391e+00 +9.935116391e+00 -9.900648836e+02 -9.900648836e+02 -3.9489e+00 -3.1594e+00 -1.5207e+00 -1.1079e+00 +5.4611e-01
87428 +6.091759073e+00 +6.091759073e+00 -9.939082409e+02 -9.939082409e+02 -3.8925e+00 -3.2985e+00 -1.5172e+00 -1.1105e+00 +5.4621e-01
92288 +3.904146509e+00 +3.904146509e+00 -9.960958535e+02 -9.960958535e+02 -3.8680e+00 -3.4250e+00 -1.5234e+00 -1.1131e+00 +5.4609e-01
101206 +2.488807272e+00 +2.488807272e+00 -9.975111927e+02 -9.975111927e+02 -3.8194e+00 -3.5424e+00 -1.5183e+00 -1.1106e+00 +5.4608e-01
% function evaluation | noise-free fitness - Fopt (-3.629000000000e+01) | best noise-free fitness - Fopt | measured fitness | best measured fitness | x1 | x2...
1 +5.701904540e+05 +5.701904540e+05 +5.701541640e+05 +5.701541640e+05 -7.7257e-01 +1.3190e-01 -4.3600e+00 -3.9428e+00 -2.9835e+00
26 +3.111403503e+04 +3.111403503e+04 +3.107774503e+04 +3.107774503e+04 -4.0281e+00 +1.0361e-01 +3.1492e+00 -2.9577e+00 -3.6035e+00
38 +2.499428417e+04 +2.499428417e+04 +2.495799417e+04 +2.495799417e+04 +1.7964e+00 -3.1012e+00 -2.1704e+00 -3.4919e+00 -3.6515e+00
254 +1.554369956e+04 +1.554369956e+04 +1.550740956e+04 +1.550740956e+04 +1.8110e+00 -3.0883e+00 -2.1616e+00 -3.4887e+00 -3.7083e+00
868 +9.880608297e+03 +9.880608297e+03 +9.844318297e+03 +9.844318297e+03 +1.8197e+00 -3.0708e+00 -2.1127e+00 -3.3113e+00 -3.7555e+00
1383 +6.086885423e+03 +6.086885423e+03 +6.050595423e+03 +6.050595423e+03 +1.8129e+00 -3.0681e+00 -2.1022e+00 -3.1582e+00 -3.7477e+00
2005 +3.947707344e+03 +3.947707344e+03 +3.911417344e+03 +3.911417344e+03 +1.8860e+00 -3.0599e+00 -2.0755e+00 -2.9947e+00 -3.7484e+00
3462 +2.505301690e+03 +2.505301690e+03 +2.469011690e+03 +2.469011690e+03 +1.8909e+00 -3.0486e+00 -1.7378e+00 -2.8673e+00 -3.7497e+00
4520 +1.534613736e+03 +1.534613736e+03 +1.498323736e+03 +1.498323736e+03 +1.9053e+00 -3.0787e+00 -1.4530e+00 -2.8932e+00 -3.7463e+00
5202 +9.617879053e+02 +9.617879053e+02 +9.254979053e+02 +9.254979053e+02 +1.9253e+00 -3.1665e+00 -1.2763e+00 -2.8788e+00 -3.7480e+00
5844 +6.248833359e+02 +6.248833359e+02 +5.885933359e+02 +5.885933359e+02 +1.8849e+00 -3.1120e+00 -1.1309e+00 -2.8766e+00 -3.7469e+00
6638 +3.923575139e+02 +3.923575139e+02 +3.560675139e+02 +3.560675139e+02 +1.8781e+00 -3.1786e+00 -9.6915e-01 -2.8850e+00 -3.7471e+00
7642 +2.476631323e+02 +2.476631323e+02 +2.113731323e+02 +2.113731323e+02 +1.9051e+00 -3.1804e+00 -7.8007e-01 -2.8654e+00 -3.7512e+00
8210 +1.528323628e+02 +1.528323628e+02 +1.165423628e+02 +1.165423628e+02 +1.9300e+00 -3.1316e+00 -6.6638e-01 -2.8800e+00 -3.7497e+00
8681 +9.696548711e+01 +9.696548711e+01 +6.067548711e+01 +6.067548711e+01 +1.9506e+00 -3.1221e+00 -5.9266e-01 -2.8684e+00 -3.7494e+00
9058 +5.949164515e+01 +5.949164515e+01 +2.320164515e+01 +2.320164515e+01 +1.9861e+00 -3.1487e+00 -5.3374e-01 -2.8775e+00 -3.7488e+00
9450 +3.842942185e+01 +3.842942185e+01 +2.139421845e+00 +2.139421845e+00 +1.8923e+00 -3.1144e+00 -4.7451e-01 -2.8781e+00 -3.7499e+00
9891 +2.282185263e+01 +2.282185263e+01 -1.346814737e+01 -1.346814737e+01 +1.8464e+00 -3.1360e+00 -4.2928e-01 -2.8793e+00 -3.7484e+00
10215 +1.160887304e+01 +1.160887304e+01 -2.468112696e+01 -2.468112696e+01 +1.8449e+00 -3.1127e+00 -3.9534e-01 -2.8763e+00 -3.7492e+00
10329 +7.836799555e+00 +7.836799555e+00 -2.845320044e+01 -2.845320044e+01 +1.8421e+00 -3.1068e+00 -3.7229e-01 -2.8831e+00 -3.7484e+00
10684 +5.861728821e+00 +5.861728821e+00 -3.042827118e+01 -3.042827118e+01 +1.8504e+00 -3.1116e+00 -3.5740e-01 -2.8772e+00 -3.7499e+00
11406 +3.843533553e+00 +3.843533553e+00 -3.244646645e+01 -3.244646645e+01 +1.8393e+00 -3.1304e+00 -3.4026e-01 -2.8767e+00 -3.7482e+00
11661 +2.432719325e+00 +2.432719325e+00 -3.385728067e+01 -3.385728067e+01 +1.8400e+00 -3.1379e+00 -3.1757e-01 -2.8769e+00 -3.7497e+00
12224 +1.487305883e+00 +1.487305883e+00 -3.480269412e+01 -3.480269412e+01 +1.8636e+00 -3.1326e+00 -3.1082e-01 -2.8769e+00 -3.7483e+00
15994 +9.437851175e-01 +9.437851175e-01 -3.534621488e+01 -3.534621488e+01 +1.8572e+00 -3.1314e+00 -2.9771e-01 -2.8774e+00 -3.7486e+00
% function evaluation | noise-free fitness - Fopt (-4.840000000000e+01) | best noise-free fitness - Fopt | measured fitness | best measured fitness | x1 | x2...
1 +3.627920056e+07 +3.627920056e+07 +3.627915216e+07 +3.627915216e+07 -3.5920e+00 -1.7448e-01 +3.2624e+00 -4.6785e+00 -3.6866e+00
2 +1.081815925e+06 +1.081815925e+06 +1.081767525e+06 +1.081767525e+06 -4.0926e+00 +3.3651e+00 -1.7725e+00 -2.6933e+00 +1.6608e+00
6 +4.068919478e+05 +4.068919478e+05 +4.068435478e+05 +4.068435478e+05 +4.2365e+00 -1.5323e+00 -3.6805e+00 -3.1304e+00 +3.2569e+00
7 +2.026912993e+04 +2.026912993e+04 +2.022072993e+04 +2.022072993e+04 +3.2942e+00 -3.9704e+00 -1.7310e+00 -2.6944e+00 +2.8015e+00
102 +1.262444309e+04 +1.262444309e+04 +1.257604309e+04 +1.257604309e+04 -4.1478e+00 -4.3819e+00 -2.1809e-01 -2.7691e+00 +2.6123e+00
209 +8.607444602e+03 +8.607444602e+03 +8.559044602e+03 +8.559044602e+03 -4.1381e+00 -4.3679e+00 -2.2904e-01 -2.7560e+00 +2.6583e+00
461 +6.215008392e+03 +6.215008392e+03 +6.166608392e+03 +6.166608392e+03 -4.0977e+00 -4.4157e+00 -1.9341e-01 -2.6871e+00 +2.6819e+00
681 +3.705333305e+03 +3.705333305e+03 +3.656933305e+03 +3.656933305e+03 -4.1051e+00 -4.4239e+00 -2.3102e-01 -2.5891e+00 +2.6879e+00
919 +2.509924788e+03 +2.509924788e+03 +2.461524788e+03 +2.461524788e+03 -4.0874e+00 -4.4173e+00 -2.3260e-01 -2.5198e+00 +2.6761e+00
1186 +1.567719779e+03 +1.567719779e+03 +1.519319779e+03 +1.519319779e+03 -4.0353e+00 -4.3489e+00 -2.9917e-01 -2.4475e+00 +2.6841e+00
1335 +9.855807572e+02 +9.855807572e+02 +9.371807572e+02 +9.371807572e+02 -4.0395e+00 -4.3386e+00 -3.0523e-01 -2.3883e+00 +2.6934e+00
1619 +5.963883262e+02 +5.963883262e+02 +5.479883262e+02 +5.479883262e+02 -4.0458e+00 -4.3206e+00 -3.3857e-01 -2.3024e+00 +2.6883e+00
2279 +3.602142977e+02 +3.602142977e+02 +3.118142977e+02 +3.118142977e+02 -4.0218e+00 -4.3718e+00 -5.0728e-01 -2.2719e+00 +2.6860e+00
2702 +2.498074122e+02 +2.498074122e+02 +2.014074122e+02 +2.014074122e+02 -4.0470e+00 -4.3588e+00 -6.0284e-01 -2.2802e+00 +2.6883e+00
3728 +1.578196412e+02 +1.578196412e+02 +1.094196412e+02 +1.094196412e+02 -4.0629e+00 -4.3619e+00 -7.7615e-01 -2.2691e+00 +2.6863e+00
4682 +9.502059451e+01 +9.502059451e+01 +4.662059451e+01 +4.662059451e+01 -4.0596e+00 -4.2951e+00 -9.5127e-01 -2.2833e+00 +2.6870e+00
8143 +6.216089112e+01 +6.216089112e+01 +1.376089112e+01 +1.376089112e+01 -4.0495e+00 -4.0284e+00 -1.0246e+00 -2.2846e+00 +2.6865e+00
12662 +3.920860711e+01 +3.920860711e+01 -9.191392887e+00 -9.191392887e+00 -3.9792e+00 -3.7587e+00 -1.0308e+00 -2.2797e+00 +2.6865e+00
27794 +2.493129382e+01 +2.493129382e+01 -2.346870618e+01 -2.346870618e+01 -3.9116e+00 -3.3413e+00 -1.0115e+00 -2.2792e+00 +2.6863e+00
75613 +1.582827425e+01 +1.582827425e+01 -3.257172575e+01 -3.257172575e+01 -3.5159e+00 -2.9526e+00 -1.0136e+00 -2.2819e+00 +2.6862e+00
% function evaluation | noise-free fitness - Fopt (1.000000000000e+03) | best noise-free fitness - Fopt | measured fitness | best measured fitness | x1 | x2...
1 +2.835881375e+06 +2.835881375e+06 +2.836881375e+06 +2.836881375e+06 -3.9512e+00 -4.2647e+00 +2.0916e+00 +1.6807e+00 +1.5127e+00
4 +1.118900316e+06 +1.118900316e+06 +1.119900316e+06 +1.119900316e+06 -2.5464e+00 +2.8202e+00 -3.0067e-01 -2.0512e-01 -1.1445e+00
13 +3.299693297e+05 +3.299693297e+05 +3.309693297e+05 +3.309693297e+05 -1.2686e+00 +2.5012e+00 -4.0326e+00 -1.9887e-01 +2.7252e-01
55 +2.305669662e+05 +2.305669662e+05 +2.315669662e+05 +2.315669662e+05 +4.2529e+00 +3.8763e+00 -3.9020e+00 -4.3961e+00 +8.7878e-02
81 +2.198584086e+04 +2.198584086e+04 +2.298584086e+04 +2.298584086e+04 -3.0490e+00 -1.1302e+00 +4.3147e+00 -2.7561e+00 -2.4293e-01
356 +1.509053316e+04 +1.509053316e+04 +1.609053316e+04 +1.609053316e+04 -3.0754e+00 -1.1411e+00 +4.3234e+00 -2.7558e+00 -1.6168e-01
1076 +9.755110266e+03 +9.755110266e+03 +1.075511027e+04 +1.075511027e+04 -3.1215e+00 -1.1827e+00 +4.2358e+00 -2.5505e+00 -1.5595e-01
2278 +6.295711654e+03 +6.295711654e+03 +7.295711654e+03 +7.295711654e+03 -3.1499e+00 -1.2192e+00 +4.0542e+00 -2.3136e+00 -1.4774e-01
3470 +3.863583771e+03 +3.863583771e+03 +4.863583771e+03 +4.863583771e+03 -3.1315e+00 -1.2092e+00 +3.6972e+00 -2.2404e+00 -1.5116e-01
4562 +2.493520734e+03 +2.493520734e+03 +3.493520734e+03 +3.493520734e+03 -3.2074e+00 -1.2079e+00 +3.4028e+00 -2.2487e+00 -1.5751e-01
6936 +1.579246405e+03 +1.579246405e+03 +2.579246405e+03 +2.579246405e+03 -3.1669e+00 -1.3558e+00 +2.8473e+00 -2.2873e+00 -1.5545e-01
7554 +9.695611645e+02 +9.695611645e+02 +1.969561165e+03 +1.969561165e+03 -3.1169e+00 -1.3809e+00 +2.6975e+00 -2.2701e+00 -1.5487e-01
8394 +6.283987839e+02 +6.283987839e+02 +1.628398784e+03 +1.628398784e+03 -3.1297e+00 -1.3862e+00 +2.5434e+00 -2.2542e+00 -1.5093e-01
9996 +3.924781065e+02 +3.924781065e+02 +1.392478106e+03 +1.392478106e+03 -3.1255e+00 -1.3831e+00 +2.2623e+00 -2.2612e+00 -1.5014e-01
10425 +2.471432266e+02 +2.471432266e+02 +1.247143227e+03 +1.247143227e+03 -3.1074e+00 -1.4091e+00 +2.1591e+00 -2.2803e+00 -1.5156e-01
11587 +1.528464642e+02 +1.528464642e+02 +1.152846464e+03 +1.152846464e+03 -3.1111e+00 -1.4896e+00 +2.0073e+00 -2.2486e+00 -1.5306e-01
12446 +9.760066580e+01 +9.760066580e+01 +1.097600666e+03 +1.097600666e+03 -3.0694e+00 -1.5070e+00 +1.9051e+00 -2.2592e+00 -1.5332e-01
19033 +6.284764994e+01 +6.284764994e+01 +1.062847650e+03 +1.062847650e+03 -3.1959e+00 -1.6414e+00 +1.7157e+00 -2.2593e+00 -1.5287e-01
26094 +3.955313901e+01 +3.955313901e+01 +1.039553139e+03 +1.039553139e+03 -3.1820e+00 -1.9285e+00 +1.7439e+00 -2.2589e+00 -1.5293e-01
27161 +2.389692963e+01 +2.389692963e+01 +1.023896930e+03 +1.023896930e+03 -3.2338e+00 -2.0645e+00 +1.7349e+00 -2.2597e+00 -1.5290e-01
40336 +1.572283265e+01 +1.572283265e+01 +1.015722833e+03 +1.015722833e+03 -3.2678e+00 -2.2998e+00 +1.7357e+00 -2.2634e+00 -1.5279e-01
46894 +8.804728223e+00 +8.804728223e+00 +1.008804728e+03 +1.008804728e+03 -3.2485e+00 -2.4857e+00 +1.7517e+00 -2.2616e+00 -1.5280e-01
47161 +6.284797824e+00 +6.284797824e+00 +1.006284798e+03 +1.006284798e+03 -3.2500e+00 -2.5275e+00 +1.7284e+00 -2.2627e+00 -1.5308e-01
59231 +3.828303986e+00 +3.828303986e+00 +1.003828304e+03 +1.003828304e+03 -3.2387e+00 -2.6437e+00 +1.7263e+00 -2.2618e+00 -1.5292e-01
65413 +2.013549164e+00 +2.013549164e+00 +1.002013549e+03 +1.002013549e+03 -3.2477e+00 -2.7444e+00 +1.7305e+00 -2.2601e+00 -1.5259e-01
70459 +1.578900267e+00 +1.578900267e+00 +1.001578900e+03 +1.001578900e+03 -3.2503e+00 -2.7717e+00 +1.7255e+00 -2.2624e+00 -1.5260e-01
72333 +8.940010838e-01 +8.940010838e-01 +1.000894001e+03 +1.000894001e+03 -3.2132e+00 -2.8353e+00 +1.7193e+00 -2.2613e+00 -1.5313e-01
76953 +5.219198025e-01 +5.219198025e-01 +1.000521920e+03 +1.000521920e+03 -3.2122e+00 -2.8859e+00 +1.7176e+00 -2.2612e+00 -1.5291e-01
80483 +3.457411694e-01 +3.457411694e-01 +1.000345741e+03 +1.000345741e+03 -3.1989e+00 -2.8971e+00 +1.7303e+00 -2.2614e+00 -1.5272e-01
87621 +2.118786208e-01 +2.118786208e-01 +1.000211879e+03 +1.000211879e+03 -3.2166e+00 -2.9337e+00 +1.7332e+00 -2.2609e+00 -1.5291e-01
91881 +1.493934821e-01 +1.493934821e-01 +1.000149393e+03 +1.000149393e+03 -3.2439e+00 -2.9419e+00 +1.7266e+00 -2.2624e+00 -1.5295e-01
94942 +9.039796753e-02 +9.039796753e-02 +1.000090398e+03 +1.000090398e+03 -3.2421e+00 -2.9501e+00 +1.7283e+00 -2.2619e+00 -1.5268e-01
% function evaluation | noise-free fitness - Fopt (3.261100000000e+02) | best noise-free fitness - Fopt | measured fitness | best measured fitness | x1 | x2...
1 +2.948101736e+07 +2.948101736e+07 +2.948134347e+07 +2.948134347e+07 +4.9015e+00 -3.7167e+00 -4.1747e+00 -4.5016e+00 +3.6899e+00
2 +6.379880439e+05 +6.379880439e+05 +6.383141539e+05 +6.383141539e+05 -3.5265e+00 +4.5536e+00 -5.2013e-01 -4.1710e+00 -1.9183e+00
21 +3.532842177e+05 +3.532842177e+05 +3.536103277e+05 +3.536103277e+05 -3.5838e+00 +3.5182e+00 -4.4560e+00 -6.4588e-01 -2.2969e+00
46 +2.458938564e+05 +2.458938564e+05 +2.462199664e+05 +2.462199664e+05 -4.8639e+00 -3.6022e+00 +2.8220e+00 +1.5220e+00 -2.1462e+00
50 +9.973115736e+04 +9.973115736e+04 +1.000572674e+05 +1.000572674e+05 -1.7708e+00 -3.7963e+00 -3.0188e+00 +9.6190e-01 -1.9574e+00
61 +4.967631276e+04 +4.967631276e+04 +5.000242276e+04 +5.000242276e+04 +4.1325e+00 -7.5188e-01 +2.9262e+00 -4.3999e-02 -1.5134e+00
87 +7.866260992e+03 +7.866260992e+03 +8.192370992e+03 +8.192370992e+03 +3.3135e+00 +3.6271e-01 +4.4028e+00 +4.2717e-01 -1.7847e+00
211 +6.069824317e+03 +6.069824317e+03 +6.395934317e+03 +6.395934317e+03 +3.3154e+00 +3.4959e-01 +4.4281e+00 +3.9749e-01 -1.7687e+00
410 +3.930766384e+03 +3.930766384e+03 +4.256876384e+03 +4.256876384e+03 +3.3394e+00 +3.9477e-01 +4.3860e+00 +3.5135e-01 -1.7441e+00
920 +2.474846150e+03 +2.474846150e+03 +2.800956150e+03 +2.800956150e+03 +3.3005e+00 +4.1011e-01 +4.3013e+00 +2.2508e-01 -1.7344e+00
3433 +1.579201692e+03 +1.579201692e+03 +1.905311692e+03 +1.905311692e+03 +3.3391e+00 +4.5164e-01 +3.8333e+00 +1.4046e-01 -1.7272e+00
4107 +9.544161882e+02 +9.544161882e+02 +1.280526188e+03 +1.280526188e+03 +3.3634e+00 +4.7811e-01 +3.6702e+00 +1.6445e-01 -1.7338e+00
5917 +6.229496984e+02 +6.229496984e+02 +9.490596984e+02 +9.490596984e+02 +3.4154e+00 +5.2484e-01 +3.3579e+00 +1.5270e-01 -1.7334e+00
6496 +3.960928022e+02 +3.960928022e+02 +7.222028022e+02 +7.222028022e+02 +3.4145e+00 +5.5154e-01 +3.2213e+00 +1.4390e-01 -1.7314e+00
7359 +2.502335630e+02 +2.502335630e+02 +5.763435630e+02 +5.763435630e+02 +3.4933e+00 +5.2274e-01 +3.0043e+00 +1.6031e-01 -1.7324e+00
10999 +1.584192550e+02 +1.584192550e+02 +4.845292550e+02 +4.845292550e+02 +3.4384e+00 +7.3088e-01 +2.7367e+00 +1.4425e-01 -1.7320e+00
17838 +9.974660071e+01 +9.974660071e+01 +4.258566007e+02 +4.258566007e+02 +3.3486e+00 +1.2960e+00 +2.7342e+00 +1.4322e-01 -1.7324e+00
23758 +6.307779374e+01 +6.307779374e+01 +3.891877937e+02 +3.891877937e+02 +3.1847e+00 +1.7325e+00 +2.7659e+00 +1.4886e-01 -1.7319e+00
62215 +3.980874264e+01 +3.980874264e+01 +3.659187426e+02 +3.659187426e+02 +2.5738e+00 +2.3121e+00 +2.7571e+00 +1.5419e-01 -1.7318e+00
152344 +2.511745719e+01 +2.511745719e+01 +3.512274572e+02 +3.512274572e+02 +1.5212e+00 +2.4624e+00 +2.7493e+00 +1.4980e-01 -1.7323e+00
% function evaluation | noise-free fitness - Fopt (-4.682000000000e+01) | best noise-free fitness - Fopt | measured fitness | best measured fitness | x1 | x2...
1 +2.324360406e+07 +2.324360406e+07 +2.324355724e+07 +2.324355724e+07 +1.4752e-01 +3.5265e-01 -4.7768e+00 -2.5932e+00 -1.6817e+00
2 +2.713713138e+06 +2.713713138e+06 +2.713666318e+06 +2.713666318e+06 -4.5392e+00 +3.4622e+00 +2.8421e+00 -1.1633e-01 +4.9587e+00
8 +2.075164526e+06 +2.075164526e+06 +2.075117706e+06 +2.075117706e+06 +1.9376e+00 -3.7788e+00 +2.0778e+00 -2.5747e+00 +4.7119e+00
18 +4.954136313e+05 +4.954136313e+05 +4.953668113e+05 +4.953668113e+05 -1.2017e+00 -1.7698e+00 +3.8034e+00 -3.4719e+00 +3.8115e+00
36 +2.323653992e+05 +2.323653992e+05 +2.323185792e+05 +2.323185792e+05 +2.2696e+00 +4.6528e+00 -1.7075e+00 -3.6181e+00 +3.5732e+00
52 +1.519641746e+05 +1.519641746e+05 +1.519173546e+05 +1.519173546e+05 -2.6743e+00 +3.9889e+00 +2.3354e+00 -4.1175e+00 +3.3590e+00
1567 +9.988634545e+04 +9.988634545e+04 +9.983952545e+04 +9.983952545e+04 -2.6631e+00 +3.9519e+00 +2.3440e+00 -3.7407e+00 +3.2094e+00
2738 +6.275287270e+04 +6.275287270e+04 +6.270605270e+04 +6.270605270e+04 -2.6894e+00 +3.9112e+00 +2.3398e+00 -3.3699e+00 +3.2334e+00
3423 +3.963301944e+04 +3.963301944e+04 +3.958619944e+04 +3.958619944e+04 -2.6687e+00 +3.9298e+00 +2.2733e+00 -3.1547e+00 +3.2370e+00
3876 +2.496913814e+04 +2.496913814e+04 +2.492231814e+04 +2.492231814e+04 -2.7206e+00 +3.9217e+00 +2.2922e+00 -2.9939e+00 +3.2078e+00
4341 +1.579533123e+04 +1.579533123e+04 +1.574851123e+04 +1.574851123e+04 -2.7384e+00 +3.9125e+00 +2.2618e+00 -2.8396e+00 +3.2170e+00
4989 +9.947059342e+03 +9.947059342e+03 +9.900239342e+03 +9.900239342e+03 -2.6983e+00 +3.9747e+00 +2.2498e+00 -2.6585e+00 +3.2141e+00
5514 +6.096795249e+03 +6.096795249e+03 +6.049975249e+03 +6.049975249e+03 -2.7017e+00 +3.9381e+00 +2.2325e+00 -2.4863e+00 +3.2237e+00
5837 +3.592957543e+03 +3.592957543e+03 +3.546137543e+03 +3.546137543e+03 -2.7220e+00 +3.9443e+00 +2.1919e+00 -2.3877e+00 +3.2179e+00
6075 +2.427477029e+03 +2.427477029e+03 +2.380657029e+03 +2.380657029e+03 -2.7448e+00 +3.9391e+00 +2.1844e+00 -2.3264e+00 +3.2165e+00
6329 +1.439383325e+03 +1.439383325e+03 +1.392563325e+03 +1.392563325e+03 -2.7372e+00 +3.8975e+00 +2.2082e+00 -2.2438e+00 +3.2162e+00
6480 +9.587640606e+02 +9.587640606e+02 +9.119440606e+02 +9.119440606e+02 -2.7335e+00 +3.9039e+00 +2.2374e+00 -2.2010e+00 +3.2139e+00
6585 +6.110864569e+02 +6.110864569e+02 +5.642664569e+02 +5.642664569e+02 -2.7386e+00 +3.8877e+00 +2.2398e+00 -2.1426e+00 +3.2100e+00
7657 +3.970146936e+02 +3.970146936e+02 +3.501946936e+02 +3.501946936e+02 -2.7727e+00 +3.8378e+00 +2.3608e+00 -2.0864e+00 +3.2133e+00
15809 +2.506654974e+02 +2.506654974e+02 +2.038454974e+02 +2.038454974e+02 -2.5749e+00 +3.1443e+00 +2.5784e+00 -2.0831e+00 +3.2151e+00
21815 +1.569701669e+02 +1.569701669e+02 +1.101501669e+02 +1.101501669e+02 -2.4245e+00 +2.5768e+00 +2.5785e+00 -2.0883e+00 +3.2165e+00
25190 +9.660218371e+01 +9.660218371e+01 +4.978218371e+01 +4.978218371e+01 -2.4285e+00 +2.2552e+00 +2.5590e+00 -2.0792e+00 +3.2147e+00
43363 +6.189831354e+01 +6.189831354e+01 +1.507831354e+01 +1.507831354e+01 -2.2789e+00 +1.6487e+00 +2.5589e+00 -2.0828e+00 +3.2154e+00
45676 +3.864090909e+01 +3.864090909e+01 -8.179090911e+00 -8.179090911e+00 -2.2428e+00 +1.4534e+00 +2.5430e+00 -2.0829e+00 +3.2150e+00
61832 +2.399967987e+01 +2.399967987e+01 -2.282032013e+01 -2.282032013e+01 -2.1339e+00 +1.0804e+00 +2.5828e+00 -2.0772e+00 +3.2157e+00
64900 +1.561708082e+01 +1.561708082e+01 -3.120291918e+01 -3.120291918e+01 -2.0753e+00 +9.1778e-01 +2.5801e+00 -2.0774e+00 +3.2152e+00
88702 +9.859935873e+00 +9.859935873e+00 -3.696006413e+01 -3.696006413e+01 -1.9653e+00 +5.5935e-01 +2.5680e+00 -2.0829e+00 +3.2150e+00
% function evaluation | noise-free fitness - Fopt (-5.563000000000e+01) | best noise-free fitness - Fopt | measured fitness | best measured fitness | x1 | x2...
1 +1.672639176e+07 +1.672639176e+07 +1.672633613e+07 +1.672633613e+07 +1.7759e+00 +1.9962e+00 +1.6138e+00 +5.2402e-01 -2.6100e+00
3 +9.379390225e+06 +9.379390225e+06 +9.379334595e+06 +9.379334595e+06 -8.8673e-01 +1.8682e+00 -3.6105e+00 +1.0199e+00 -1.6515e+00
7 +7.522029386e+05 +7.522029386e+05 +7.521473086e+05 +7.521473086e+05 +2.4928e+00 -1.0266e-01 +4.0441e+00 -2.5521e+00 +6.3620e-01
16 +6.009759414e+05 +6.009759414e+05 +6.009203114e+05 +6.009203114e+05 +1.1379e+00 +3.7737e+00 +4.9538e+00 -4.1431e+00 +1.0669e+00
62 +1.803306139e+05 +1.803306139e+05 +1.802749839e+05 +1.802749839e+05 -3.4609e+00 -4.0704e+00 +4.1865e+00 -2.5736e+00 +1.3485e+00
72 +6.635049793e+04 +6.635049793e+04 +6.629486793e+04 +6.629486793e+04 -1.5647e+00 -4.2959e+00 +2.5446e+00 -4.9315e-01 +1.6595e+00
110 +5.389138592e+04 +5.389138592e+04 +5.383575592e+04 +5.383575592e+04 -1.5876e+00 -4.2874e+00 +2.5378e+00 -5.0061e-01 +1.6294e+00
375 +3.851487293e+04 +3.851487293e+04 +3.845924293e+04 +3.845924293e+04 -1.6034e+00 -4.2882e+00 +2.5421e+00 -5.1532e-01 +1.5683e+00
746 +2.510795352e+04 +2.510795352e+04 +2.505232352e+04 +2.505232352e+04 -1.6087e+00 -4.2809e+00 +2.5432e+00 -5.7288e-01 +1.4717e+00
4648 +1.575597862e+04 +1.575597862e+04 +1.570034862e+04 +1.570034862e+04 -1.5605e+00 -4.3461e+00 +1.4946e+00 -6.5315e-01 +1.4658e+00
7405 +9.991686369e+03 +9.991686369e+03 +9.936056369e+03 +9.936056369e+03 -1.5592e+00 -4.2477e+00 +7.2741e-01 -6.7811e-01 +1.4603e+00
11022 +6.259183698e+03 +6.259183698e+03 +6.203553698e+03 +6.203553698e+03 -1.3819e+00 -4.1382e+00 -1.6617e-01 -6.3751e-01 +1.4536e+00
12361 +3.970851797e+03 +3.970851797e+03 +3.915221797e+03 +3.915221797e+03 -1.3401e+00 -4.1141e+00 -5.1261e-01 -6.6642e-01 +1.4524e+00
15385 +2.504290074e+03 +2.504290074e+03 +2.448660074e+03 +2.448660074e+03 -1.4374e+00 -3.9769e+00 -1.1365e+00 -6.7313e-01 +1.4590e+00
16331 +1.537687451e+03 +1.537687451e+03 +1.482057451e+03 +1.482057451e+03 -1.4703e+00 -3.8895e+00 -1.4187e+00 -6.5959e-01 +1.4579e+00
18433 +9.920861322e+02 +9.920861322e+02 +9.364561322e+02 +9.364561322e+02 -1.5033e+00 -3.8002e+00 -1.8133e+00 -6.6101e-01 +1.4628e+00
20099 +6.275541401e+02 +6.275541401e+02 +5.719241401e+02 +5.719241401e+02 -1.5044e+00 -3.6831e+00 -2.1295e+00 -6.7856e-01 +1.4582e+00
24684 +3.954919932e+02 +3.954919932e+02 +3.398619932e+02 +3.398619932e+02 -1.5832e+00 -3.0734e+00 -2.4269e+00 -6.6548e-01 +1.4600e+00
30860 +2.505655418e+02 +2.505655418e+02 +1.949355418e+02 +1.949355418e+02 -1.5857e+00 -2.4016e+00 -2.3983e+00 -6.6471e-01 +1.4608e+00
39032 +1.580008395e+02 +1.580008395e+02 +1.023708395e+02 +1.023708395e+02 -1.4784e+00 -1.7556e+00 -2.4209e+00 -6.6783e-01 +1.4601e+00
47102 +9.897117472e+01 +9.897117472e+01 +4.334117472e+01 +4.334117472e+01 -1.3957e+00 -1.1154e+00 -2.3986e+00 -6.7178e-01 +1.4606e+00
50492 +6.174350747e+01 +6.174350747e+01 +6.113507473e+00 +6.113507473e+00 -1.3539e+00 -7.7208e-01 -2.4112e+00 -6.6876e-01 +1.4601e+00
53658 +3.955896780e+01 +3.955896780e+01 -1.607103220e+01 -1.607103220e+01 -1.2769e+00 -5.4433e-01 -2.4043e+00 -6.7616e-01 +1.4600e+00
56206 +2.491325915e+01 +2.491325915e+01 -3.071674085e+01 -3.071674085e+01 -1.2317e+00 -3.4324e-01 -2.4042e+00 -6.7006e-01 +1.4601e+00
66139 +1.546076020e+01 +1.546076020e+01 -4.016923980e+01 -4.016923980e+01 -1.1903e+00 -5.1547e-03 -2.3890e+00 -6.6761e-01 +1.4596e+00
74814 +9.896122420e+00 +9.896122420e+00 -4.573387758e+01 -4.573387758e+01 -1.0916e+00 +2.1838e-01 -2.3966e+00 -6.6882e-01 +1.4604e+00
% function evaluation | noise-free fitness - Fopt (3.460000000000e+01) | best noise-free fitness - Fopt | measured fitness | best measured fitness | x1 | x2...
1 +5.212698212e+06 +5.212698212e+06 +5.212732812e+06 +5.212732812e+06 -2.2812e+00 +2.4136e+00 -1.3022e+00 -1.1607e+00 +3.7162e-01
4 +2.065702146e+06 +2.065702146e+06 +2.065736746e+06 +2.065736746e+06 +3.9735e+00 +4.4454e+00 -1.1368e+00 +1.8619e+00 -3.9114e-01
7 +8.070282433e+05 +8.070282433e+05 +8.070628433e+05 +8.070628433e+05 -7.9028e-01 -4.5842e+00 -1.9533e+00 -3.6320e+00 -2.2633e+00
13 +6.137726919e+05 +6.137726919e+05 +6.138072919e+05 +6.138072919e+05 -9.1039e-01 +2.0548e+00 -1.1491e+00 +4.5385e+00 -2.1658e+00
24 +2.954483076e+05 +2.954483076e+05 +2.954829076e+05 +2.954829076e+05 -4.6052e+00 -1.7024e+00 -3.4645e+00 -2.2032e+00 -1.5833e+00
100 +1.657310074e+05 +1.657310074e+05 +1.657656074e+05 +1.657656074e+05 +3.7654e-01 -2.9222e+00 +3.9709e+00 +1.2981e+00 -2.1315e+00
134 +1.564292765e+05 +1.564292765e+05 +1.564638765e+05 +1.564638765e+05 +3.8437e-01 -2.9437e+00 +3.9471e+00 +1.3002e+00 -2.1198e+00
364 +9.986057624e+04 +9.986057624e+04 +9.989517624e+04 +9.989517624e+04 +3.9103e-01 -2.9285e+00 +3.9507e+00 +1.2776e+00 -2.0265e+00
687 +6.267631044e+04 +6.267631044e+04 +6.271091044e+04 +6.271091044e+04 +3.5975e-01 -2.8812e+00 +3.9054e+00 +1.2559e+00 -1.9230e+00
1183 +3.950381703e+04 +3.950381703e+04 +3.953841703e+04 +3.953841703e+04 +2.9234e-01 -2.9420e+00 +3.8812e+00 +1.1504e+00 -1.8091e+00
3727 +2.507662392e+04 +2.507662392e+04 +2.511122392e+04 +2.511122392e+04 +3.1011e-01 -2.8750e+00 +3.2229e+00 +7.2849e-01 -1.7936e+00
7326 +1.584513256e+04 +1.584513256e+04 +1.587973256e+04 +1.587973256e+04 +2.6913e-01 -2.9589e+00 +2.1396e+00 +6.1240e-01 -1.7927e+00
9749 +9.987374999e+03 +9.987374999e+03 +1.002197500e+04 +1.002197500e+04 +3.1149e-01 -2.9867e+00 +1.3624e+00 +6.5332e-01 -1.7900e+00
12980 +6.307285748e+03 +6.307285748e+03 +6.341885748e+03 +6.341885748e+03 +3.5986e-01 -3.0422e+00 +4.8597e-01 +6.7756e-01 -1.7933e+00
14295 +3.977334472e+03 +3.977334472e+03 +4.011934472e+03 +4.011934472e+03 +2.9993e-01 -3.0787e+00 +1.2930e-01 +6.6032e-01 -1.7935e+00
17799 +2.503235000e+03 +2.503235000e+03 +2.537835000e+03 +2.537835000e+03 +2.1859e-01 -2.9814e+00 -5.0605e-01 +6.6727e-01 -1.7968e+00
18931 +1.545378922e+03 +1.545378922e+03 +1.579978922e+03 +1.579978922e+03 +2.4190e-01 -2.9532e+00 -7.8751e-01 +6.6220e-01 -1.7977e+00
21065 +9.830369826e+02 +9.830369826e+02 +1.017636983e+03 +1.017636983e+03 +1.6014e-01 -2.7623e+00 -1.1774e+00 +6.7125e-01 -1.7956e+00
23131 +6.308781633e+02 +6.308781633e+02 +6.654781633e+02 +6.654781633e+02 +1.2934e-01 -2.6551e+00 -1.4796e+00 +6.6357e-01 -1.7961e+00
28102 +3.979604674e+02 +3.979604674e+02 +4.325604674e+02 +4.325604674e+02 +2.4747e-01 -2.0734e+00 -1.7510e+00 +6.6491e-01 -1.7954e+00
34289 +2.508599733e+02 +2.508599733e+02 +2.854599733e+02 +2.854599733e+02 +3.1104e-01 -1.3909e+00 -1.7865e+00 +6.7817e-01 -1.7972e+00
40499 +1.574097744e+02 +1.574097744e+02 +1.920097744e+02 +1.920097744e+02 +2.4480e-01 -7.7536e-01 -1.7692e+00 +6.6792e-01 -1.7970e+00
49981 +9.893692296e+01 +9.893692296e+01 +1.335369230e+02 +1.335369230e+02 +3.1279e-01 -1.2685e-01 -1.7815e+00 +6.7360e-01 -1.7963e+00
54210 +6.288765573e+01 +6.288765573e+01 +9.748765573e+01 +9.748765573e+01 +2.3638e-01 +2.1525e-01 -1.7533e+00 +6.6272e-01 -1.7971e+00
56527 +3.976180465e+01 +3.976180465e+01 +7.436180465e+01 +7.436180465e+01 +2.6589e-01 +4.2691e-01 -1.7636e+00 +6.7006e-01 -1.7972e+00
59482 +2.507985772e+01 +2.507985772e+01 +5.967985772e+01 +5.967985772e+01 +2.3707e-01 +6.1517e-01 -1.7591e+00 +6.6473e-01 -1.7966e+00
64261 +1.569018348e+01 +1.569018348e+01 +5.029018348e+01 +5.029018348e+01 +3.0884e-01 +8.4673e-01 -1.7684e+00 +6.7037e-01 -1.7973e+00
74491 +9.972246044e+00 +9.972246044e+00 +4.457224604e+01 +4.457224604e+01 +3.2466e-01 +1.0830e+00 -1.7731e+00 +6.6631e-01 -1.7962e+00
88360 +6.114620354e+00 +6.114620354e+00 +4.071462035e+01 +4.071462035e+01 +4.0232e-01 +1.2498e+00 -1.7653e+00 +6.6599e-01 -1.7965e+00
% function evaluation | noise-free fitness - Fopt (8.816000000000e+01) | best noise-free fitness - Fopt | measured fitness | best measured fitness | x1 | x2...
1 +4.569275734e+06 +4.569275734e+06 +4.569363894e+06 +4.569363894e+06 -2.1569e+00 -3.4700e+00 +4.0458e+00 -6.3426e-02 -2.9017e+00
2 +1.050706460e+06 +1.050706460e+06 +1.050794620e+06 +1.050794620e+06 -1.1216e+00 +2.3738e+00 -4.0807e+00 +3.7668e+00 -1.9032e+00
11 +3.255893131e+04 +3.255893131e+04 +3.264709131e+04 +3.264709131e+04 -2.4719e+00 +3.1992e+00 -3.2845e+00 +4.4155e+00 -9.0652e-01
866 +2.487707281e+04 +2.487707281e+04 +2.496523281e+04 +2.496523281e+04 -2.4562e+00 +3.2297e+00 -3.1894e+00 +4.2162e+00 -9.0335e-01
2039 +1.577093224e+04 +1.577093224e+04 +1.585909224e+04 +1.585909224e+04 -2.4453e+00 +3.2267e+00 -3.0580e+00 +3.8698e+00 -8.8605e-01
4318 +9.996929836e+03 +9.996929836e+03 +1.008508984e+04 +1.008508984e+04 -2.3967e+00 +3.1934e+00 -2.4281e+00 +3.7214e+00 -8.9174e-01
6444 +6.307104765e+03 +6.307104765e+03 +6.395264765e+03 +6.395264765e+03 -2.3651e+00 +3.2258e+00 -1.8138e+00 +3.6960e+00 -8.9440e-01
8839 +3.971740367e+03 +3.971740367e+03 +4.059900367e+03 +4.059900367e+03 -2.3852e+00 +3.2445e+00 -1.1722e+00 +3.6908e+00 -8.9037e-01
11121 +2.498325568e+03 +2.498325568e+03 +2.586485568e+03 +2.586485568e+03 -2.3658e+00 +3.2195e+00 -6.6119e-01 +3.6857e+00 -8.9295e-01
12146 +1.576066916e+03 +1.576066916e+03 +1.664226916e+03 +1.664226916e+03 -2.4169e+00 +3.1943e+00 -3.9069e-01 +3.6904e+00 -8.8981e-01
12964 +9.850536499e+02 +9.850536499e+02 +1.073213650e+03 +1.073213650e+03 -2.3754e+00 +3.1897e+00 -2.1001e-01 +3.6982e+00 -8.9310e-01
13521 +6.296412028e+02 +6.296412028e+02 +7.178012028e+02 +7.178012028e+02 -2.3504e+00 +3.1480e+00 -5.1341e-02 +3.6875e+00 -8.9058e-01
14300 +3.961769842e+02 +3.961769842e+02 +4.843369842e+02 +4.843369842e+02 -2.3260e+00 +3.1156e+00 +1.0873e-01 +3.7000e+00 -8.9389e-01
15367 +2.503334315e+02 +2.503334315e+02 +3.384934315e+02 +3.384934315e+02 -2.3628e+00 +3.2145e+00 +2.9892e-01 +3.6872e+00 -8.9292e-01
16296 +1.569687284e+02 +1.569687284e+02 +2.451287284e+02 +2.451287284e+02 -2.4181e+00 +3.2226e+00 +4.2033e-01 +3.7101e+00 -8.9217e-01
16735 +9.111360389e+01 +9.111360389e+01 +1.792736039e+02 +1.792736039e+02 -2.4526e+00 +3.2672e+00 +5.0520e-01 +3.7028e+00 -8.9201e-01
17127 +6.255872932e+01 +6.255872932e+01 +1.507187293e+02 +1.507187293e+02 -2.4136e+00 +3.2177e+00 +5.6435e-01 +3.6938e+00 -8.9324e-01
17663 +3.432384538e+01 +3.432384538e+01 +1.224838454e+02 +1.224838454e+02 -2.4396e+00 +3.2883e+00 +6.4221e-01 +3.6962e+00 -8.9409e-01
17992 +2.459037356e+01 +2.459037356e+01 +1.127503736e+02 +1.127503736e+02 -2.4364e+00 +3.2884e+00 +6.7059e-01 +3.6992e+00 -8.9311e-01
18296 +1.528843580e+01 +1.528843580e+01 +1.034484358e+02 +1.034484358e+02 -2.4421e+00 +3.3412e+00 +7.1635e-01 +3.6972e+00 -8.9356e-01
23030 +9.644358888e+00 +9.644358888e+00 +9.780435889e+01 +9.780435889e+01 -2.4794e+00 +3.4347e+00 +7.7224e-01 +3.6991e+00 -8.9369e-01
28448 +6.113460564e+00 +6.113460564e+00 +9.427346056e+01 +9.427346056e+01 -2.4243e+00 +3.5912e+00 +7.7421e-01 +3.7005e+00 -8.9315e-01
52421 +3.840893016e+00 +3.840893016e+00 +9.200089302e+01 +9.200089302e+01 -2.3522e+00 +3.7657e+00 +7.8030e-01 +3.6984e+00 -8.9379e-01
% function evaluation | noise-free fitness - Fopt (-1.866200000000e+02) | best noise-free fitness - Fopt | measured fitness | best measured fitness | x1 | x2...
1 +7.267238414e+06 +7.267238414e+06 +7.267051794e+06 +7.267051794e+06 -1.3926e+00 +2.5927e+00 -4.2124e+00 -2.8259e+00 +2.9657e+00
3 +2.767033851e+06 +2.767033851e+06 +2.766847231e+06 +2.766847231e+06 +5.7764e-01 +1.0031e+00 +4.1421e+00 +2.3880e+00 -8.5384e-01
7 +2.220117453e+06 +2.220117453e+06 +2.219930833e+06 +2.219930833e+06 -4.6128e+00 -3.9207e+00 +3.7356e+00 +4.9991e+00 +7.6938e-02
15 +1.325022844e+06 +1.325022844e+06 +1.324836224e+06 +1.324836224e+06 +2.2725e+00 -4.8850e+00 -4.2251e+00 +3.0850e+00 +2.7404e-01
18 +4.933958933e+05 +4.933958933e+05 +4.932092733e+05 +4.932092733e+05 +2.8934e+00 -3.5094e+00 -2.5431e+00 -1.3666e+00 +9.6802e-01
19 +3.400890489e+04 +3.400890489e+04 +3.382228489e+04 +3.382228489e+04 +2.7216e+00 +4.5878e+00 +1.2901e+00 -4.0822e+00 +4.6560e-01
99 +6.235104948e+03 +6.235104948e+03 +6.048484948e+03 +6.048484948e+03 -3.4894e+00 +3.6282e+00 +4.1164e+00 -3.3015e+00 +3.8080e-01
1024 +3.978288207e+03 +3.978288207e+03 +3.791668207e+03 +3.791668207e+03 -3.5055e+00 +3.6056e+00 +3.8989e+00 -3.1436e+00 +3.9583e-01
4559 +2.491999971e+03 +2.491999971e+03 +2.305379971e+03 +2.305379971e+03 -3.4806e+00 +3.3173e+00 +3.2186e+00 -3.1115e+00 +3.9448e-01
6993 +1.572076939e+03 +1.572076939e+03 +1.385456939e+03 +1.385456939e+03 -3.3912e+00 +3.0835e+00 +2.7904e+00 -3.1371e+00 +3.9332e-01
10152 +9.965231029e+02 +9.965231029e+02 +8.099031029e+02 +8.099031029e+02 -3.4222e+00 +2.7004e+00 +2.3720e+00 -3.1300e+00 +3.9401e-01
18728 +6.296358402e+02 +6.296358402e+02 +4.430158402e+02 +4.430158402e+02 -3.4991e+00 +1.5959e+00 +2.1568e+00 -3.1399e+00 +3.9275e-01
26132 +3.951315669e+02 +3.951315669e+02 +2.085115669e+02 +2.085115669e+02 -3.5544e+00 +7.3312e-01 +2.1807e+00 -3.1338e+00 +3.9332e-01
37188 +2.506781423e+02 +2.506781423e+02 +6.405814230e+01 +6.405814230e+01 -3.5250e+00 -2.5468e-01 +2.1109e+00 -3.1358e+00 +3.9288e-01
42679 +1.528491100e+02 +1.528491100e+02 -3.377088997e+01 -3.377088997e+01 -3.4919e+00 -7.5911e-01 +2.1407e+00 -3.1330e+00 +3.9273e-01
46670 +9.960053738e+01 +9.960053738e+01 -8.701946262e+01 -8.701946262e+01 -3.4251e+00 -1.1222e+00 +2.1678e+00 -3.1320e+00 +3.9363e-01
63836 +6.287564174e+01 +6.287564174e+01 -1.237443583e+02 -1.237443583e+02 -3.2493e+00 -1.7258e+00 +2.1334e+00 -3.1362e+00 +3.9251e-01
84147 +3.908077202e+01 +3.908077202e+01 -1.475392280e+02 -1.475392280e+02 -3.1429e+00 -2.1622e+00 +2.1504e+00 -3.1367e+00 +3.9425e-01
104655 +2.500158852e+01 +2.500158852e+01 -1.616184115e+02 -1.616184115e+02 -2.9908e+00 -2.6253e+00 +2.1505e+00 -3.1335e+00 +3.9321e-01
