% function evaluation | noise-free fitness - Fopt (7.627000000000e+01) | best noise-free fitness - Fopt | measured fitness | best measured fitness | x1 | x2...
1 +2.758582747e+07 +2.758582747e+07 +2.758590374e+07 +2.758590374e+07 -3.6575e+00 +3.2861e+00
4 +1.847031084e+06 +1.847031084e+06 +1.847107354e+06 +1.847107354e+06 -3.4147e+00 -1.0626e+00
9 +5.111961585e+05 +5.111961585e+05 +5.112724285e+05 +5.112724285e+05 +3.9225e+00 -3.8947e+00
20 +9.062446297e+02 +9.062446297e+02 +9.825146297e+02 +9.825146297e+02 -3.6423e+00 -2.2635e+00
205 +9.289500805e+01 +9.289500805e+01 +1.691650081e+02 +1.691650081e+02 -1.1324e+00 -3.0791e+00
511 +5.922947991e+01 +5.922947991e+01 +1.354994799e+02 +1.354994799e+02 -1.4497e+00 -2.9807e+00
616 +3.368775525e+01 +3.368775525e+01 +1.099577553e+02 +1.099577553e+02 -1.4815e+00 -2.9722e+00
645 +2.372367155e+01 +2.372367155e+01 +9.999367155e+01 +9.999367155e+01 -1.1251e+00 -3.0866e+00
647 +3.744425564e+00 +3.744425564e+00 +8.001442556e+01 +8.001442556e+01 -2.2759e+00 -2.7286e+00
779 +7.807278355e-01 +7.807278355e-01 +7.705072784e+01 +7.705072784e+01 -1.4653e+00 -2.9845e+00
793 +3.240865589e-01 +3.240865589e-01 +7.659408656e+01 +7.659408656e+01 -1.4967e+00 -2.9740e+00
827 +4.642241409e-02 +4.642241409e-02 +7.631642241e+01 +7.631642241e+01 -1.1389e+00 -3.0870e+00
2472 +1.034090859e-02 +1.034090859e-02 +7.628034091e+01 +7.628034091e+01 -1.0360e+00 -3.1195e+00
2545 +9.996479363e-03 +9.996479363e-03 +7.627999648e+01 +7.627999648e+01 -1.0360e+00 -3.1196e+00
10200 +3.807746606e-03 +3.807746606e-03 +7.627380775e+01 +7.627380775e+01 -9.9516e-01 -3.1324e+00
13166 +2.088122196e-03 +2.088122196e-03 +7.627208812e+01 +7.627208812e+01 -9.7133e-01 -3.1400e+00
13264 +1.408178669e-03 +1.408178669e-03 +7.627140818e+01 +7.627140818e+01 -9.7131e-01 -3.1400e+00
15957 +7.609934149e-04 +7.609934149e-04 +7.627076099e+01 +7.627076099e+01 -9.5965e-01 -3.1437e+00
16569 +6.030643779e-04 +6.030643779e-04 +7.627060306e+01 +7.627060306e+01 -9.5979e-01 -3.1436e+00
16705 +3.763280468e-04 +3.763280468e-04 +7.627037633e+01 +7.627037633e+01 -9.5440e-01 -3.1453e+00
23174 +1.122529190e-04 +1.122529190e-04 +7.627011225e+01 +7.627011225e+01 -9.4771e-01 -3.1475e+00
23577 +9.905965035e-05 +9.905965035e-05 +7.627009906e+01 +7.627009906e+01 -9.4771e-01 -3.1475e+00
39271 +6.247442805e-05 +6.247442805e-05 +7.627006247e+01 +7.627006247e+01 -9.4658e-01 -3.1478e+00
59773 +3.936017075e-05 +3.936017075e-05 +7.627003936e+01 +7.627003936e+01 -9.4455e-01 -3.1485e+00
93165 +2.508707004e-05 +2.508707004e-05 +7.627002509e+01 +7.627002509e+01 -9.4273e-01 -3.1490e+00
94904 +8.022153551e-06 +8.022153551e-06 +7.627000802e+01 +7.627000802e+01 -9.3611e-01 -3.1511e+00
96038 +6.234440235e-06 +6.234440235e-06 +7.627000623e+01 +7.627000623e+01 -9.3621e-01 -3.1511e+00
107090 +3.679256878e-06 +3.679256878e-06 +7.627000368e+01 +7.627000368e+01 -9.3664e-01 -3.1510e+00
116686 +2.438676844e-06 +2.438676844e-06 +7.627000244e+01 +7.627000244e+01 -9.3682e-01 -3.1509e+00
128182 +1.579809350e-06 +1.579809350e-06 +7.627000158e+01 +7.627000158e+01 -9.3725e-01 -3.1508e+00
140039 +7.082166746e-07 +7.082166746e-07 +7.627000071e+01 +7.627000071e+01 -9.3762e-01 -3.1506e+00
140551 +6.257172345e-07 +6.257172345e-07 +7.627000063e+01 +7.627000063e+01 -9.3762e-01 -3.1506e+00
146297 +3.644171471e-07 +3.644171471e-07 +7.627000036e+01 +7.627000036e+01 -9.3783e-01 -3.1506e+00
% function evaluation | noise-free fitness - Fopt (-2.255000000000e+01) | best noise-free fitness - Fopt | measured fitness | best measured fitness | x1 | x2...
1 +2.483123112e+07 +2.483123112e+07 +2.483120857e+07 +2.483120857e+07 -3.4515e+00 +4.6282e+00
2 +2.177566492e+06 +2.177566492e+06 +2.177543942e+06 +2.177543942e+06 +1.4343e+00 +9.7435e-01
5 +1.442657411e+06 +1.442657411e+06 +1.442634861e+06 +1.442634861e+06 +4.9778e+00 -9.8721e-01
18 +4.376525259e+05 +4.376525259e+05 +4.376299759e+05 +4.376299759e+05 +1.8708e+00 +2.7309e+00
33 +1.720982758e+05 +1.720982758e+05 +1.720757258e+05 +1.720757258e+05 +4.7985e+00 -2.7600e+00
41 +1.022294511e+03 +1.022294511e+03 +9.997445110e+02 +9.997445110e+02 +1.9734e+00 +4.2196e+00
208 +6.314597829e+02 +6.314597829e+02 +6.089097829e+02 +6.089097829e+02 +3.0886e+00 +1.1143e+00
358 +2.810569944e+02 +2.810569944e+02 +2.585069944e+02 +2.585069944e+02 +1.8008e+00 +4.7844e+00
503 +2.233755346e+02 +2.233755346e+02 +2.008255346e+02 +2.008255346e+02 +2.4824e+00 +2.8714e+00
512 +1.289193240e+01 +1.289193240e+01 -9.658067603e+00 -9.658067603e+00 +3.6210e+00 -5.4115e-01
668 +9.663292720e+00 +9.663292720e+00 -1.288670728e+01 -1.288670728e+01 +3.0718e+00 +1.0938e+00
745 +1.576857586e+00 +1.576857586e+00 -2.097314241e+01 -2.097314241e+01 +2.4713e+00 +2.8549e+00
841 +1.396884826e-01 +1.396884826e-01 -2.241031152e+01 -2.241031152e+01 +2.4748e+00 +2.8472e+00
1085 +8.747075542e-02 +8.747075542e-02 -2.246252924e+01 -2.246252924e+01 +2.4751e+00 +2.8471e+00
8077 +6.048715591e-02 +6.048715591e-02 -2.248951284e+01 -2.248951284e+01 +2.4869e+00 +2.8126e+00
12546 +2.184222487e-02 +2.184222487e-02 -2.252815778e+01 -2.252815778e+01 +2.5244e+00 +2.7020e+00
12844 +1.580661036e-02 +1.580661036e-02 -2.253419339e+01 -2.253419339e+01 +2.5243e+00 +2.7020e+00
13154 +7.001608882e-03 +7.001608882e-03 -2.254299839e+01 -2.254299839e+01 +2.5499e+00 +2.6261e+00
13320 +4.813956615e-03 +4.813956615e-03 -2.254518604e+01 -2.254518604e+01 +2.5499e+00 +2.6263e+00
13435 +3.354726874e-03 +3.354726874e-03 -2.254664527e+01 -2.254664527e+01 +2.5499e+00 +2.6265e+00
17999 +1.406893679e-03 +1.406893679e-03 -2.254859311e+01 -2.254859311e+01 +2.5538e+00 +2.6147e+00
20487 +4.380838642e-04 +4.380838642e-04 -2.254956192e+01 -2.254956192e+01 +2.5590e+00 +2.5994e+00
22195 +3.977312628e-04 +3.977312628e-04 -2.254960227e+01 -2.254960227e+01 +2.5591e+00 +2.5992e+00
22545 +2.005778376e-05 +2.005778376e-05 -2.254997994e+01 -2.254997994e+01 +2.5648e+00 +2.5824e+00
23039 +8.224648077e-06 +8.224648077e-06 -2.254999178e+01 -2.254999178e+01 +2.5647e+00 +2.5826e+00
35802 +6.230119737e-06 +6.230119737e-06 -2.254999377e+01 -2.254999377e+01 +2.5649e+00 +2.5822e+00
46264 +3.959568673e-06 +3.959568673e-06 -2.254999604e+01 -2.254999604e+01 +2.5650e+00 +2.5818e+00
72759 +2.336606784e-06 +2.336606784e-06 -2.254999766e+01 -2.254999766e+01 +2.5651e+00 +2.5815e+00
80185 +1.534828748e-06 +1.534828748e-06 -2.254999847e+01 -2.254999847e+01 +2.5652e+00 +2.5811e+00
96240 +8.244523642e-07 +8.244523642e-07 -2.254999918e+01 -2.254999918e+01 +2.5654e+00 +2.5807e+00
96501 +5.669105825e-07 +5.669105825e-07 -2.254999943e+01 -2.254999943e+01 +2.5654e+00 +2.5807e+00
106639 +3.843729530e-07 +3.843729530e-07 -2.254999962e+01 -2.254999962e+01 +2.5654e+00 +2.5806e+00
112963 +2.327609820e-07 +2.327609820e-07 -2.254999977e+01 -2.254999977e+01 +2.5655e+00 +2.5804e+00
121993 +1.256644353e-07 +1.256644353e-07 -2.254999987e+01 -2.254999987e+01 +2.5655e+00 +2.5803e+00
122719 +9.138887336e-08 +9.138887336e-08 -2.254999991e+01 -2.254999991e+01 +2.5655e+00 +2.5803e+00
125386 +5.820589877e-08 +5.820589877e-08 -2.254999994e+01 -2.254999994e+01 +2.5655e+00 +2.5802e+00
% function evaluation | noise-free fitness - Fopt (1.366000000000e+01) | best noise-free fitness - Fopt | measured fitness | best measured fitness | x1 | x2...
1 +6.336099102e+04 +6.336099102e+04 +6.337465102e+04 +6.337465102e+04 -1.8399e-01 +1.6978e+00
12 +1.822212152e+03 +1.822212152e+03 +1.835872152e+03 +1.835872152e+03 -3.4345e+00 -4.1181e+00
17 +1.477298946e+03 +1.477298946e+03 +1.490958946e+03 +1.490958946e+03 -9.4103e-01 -1.2788e-01
54 +4.701918592e+02 +4.701918592e+02 +4.838518592e+02 +4.838518592e+02 -2.2907e+00 -2.2520e+00
287 +4.443724725e+01 +4.443724725e+01 +5.809724725e+01 +5.809724725e+01 -1.8141e+00 -1.5104e+00
696 +2.329614028e+01 +2.329614028e+01 +3.695614028e+01 +3.695614028e+01 -1.8265e+00 -1.5255e+00
799 +7.141044224e+00 +7.141044224e+00 +2.080104422e+01 +2.080104422e+01 -6.4117e-03 +1.4985e+00
822 +3.381235625e+00 +3.381235625e+00 +1.704123562e+01 +1.704123562e+01 -6.1792e-03 +1.5070e+00
1032 +2.477288695e+00 +2.477288695e+00 +1.613728870e+01 +1.613728870e+01 -1.1590e-02 +1.4919e+00
1065 +9.098900075e-01 +9.098900075e-01 +1.456989001e+01 +1.456989001e+01 -9.1615e-03 +1.4977e+00
1324 +6.293471469e-01 +6.293471469e-01 +1.428934715e+01 +1.428934715e+01 -8.5314e-03 +1.4998e+00
12035 +3.864971213e-01 +3.864971213e-01 +1.404649712e+01 +1.404649712e+01 +7.8912e-02 +1.6450e+00
15283 +2.043581698e-01 +2.043581698e-01 +1.386435817e+01 +1.386435817e+01 +4.2914e-01 +2.2263e+00
15588 +1.536417107e-01 +1.536417107e-01 +1.381364171e+01 +1.381364171e+01 +4.2906e-01 +2.2264e+00
15669 +5.170417115e-02 +5.170417115e-02 +1.371170417e+01 +1.371170417e+01 +4.2888e-01 +2.2263e+00
15735 +1.274056402e-02 +1.274056402e-02 +1.367274056e+01 +1.367274056e+01 +4.2871e-01 +2.2263e+00
15877 +4.487249376e-04 +4.487249376e-04 +1.366044872e+01 +1.366044872e+01 +4.2864e-01 +2.2264e+00
16066 +3.140106303e-04 +3.140106303e-04 +1.366031401e+01 +1.366031401e+01 +4.2849e-01 +2.2262e+00
16146 +8.448017658e-05 +8.448017658e-05 +1.366008448e+01 +1.366008448e+01 +4.2857e-01 +2.2263e+00
16219 +1.198314091e-05 +1.198314091e-05 +1.366001198e+01 +1.366001198e+01 +4.2859e-01 +2.2263e+00
16283 +7.393907657e-06 +7.393907657e-06 +1.366000739e+01 +1.366000739e+01 +4.2858e-01 +2.2263e+00
33210 +6.180082208e-06 +6.180082208e-06 +1.366000618e+01 +1.366000618e+01 +4.2836e-01 +2.2259e+00
40742 +3.582473722e-06 +3.582473722e-06 +1.366000358e+01 +1.366000358e+01 +4.2815e-01 +2.2256e+00
43963 +2.166493109e-06 +2.166493109e-06 +1.366000217e+01 +1.366000217e+01 +4.2802e-01 +2.2254e+00
47070 +1.012214526e-07 +1.012214526e-07 +1.366000010e+01 +1.366000010e+01 +4.2704e-01 +2.2237e+00
47808 +9.474816665e-08 +9.474816665e-08 +1.366000009e+01 +1.366000009e+01 +4.2704e-01 +2.2237e+00
60467 +5.455801677e-08 +5.455801677e-08 +1.366000005e+01 +1.366000005e+01 +4.2707e-01 +2.2238e+00
62442 +4.360071415e-09 +4.360071415e-09 +1.366000000e+01 +1.366000000e+01 +4.2717e-01 +2.2239e+00
% function evaluation | noise-free fitness - Fopt (9.378400000000e+02) | best noise-free fitness - Fopt | measured fitness | best measured fitness | x1 | x2...
1 +2.080908360e+07 +2.080908360e+07 +2.081002144e+07 +2.081002144e+07 +3.2173e+00 +5.4451e-01
2 +5.058284977e+06 +5.058284977e+06 +5.059222817e+06 +5.059222817e+06 -1.8948e+00 -3.2363e+00
3 +5.808711618e+05 +5.808711618e+05 +5.818090018e+05 +5.818090018e+05 -1.4570e+00 +3.3159e+00
30 +1.354253295e+05 +1.354253295e+05 +1.363631695e+05 +1.363631695e+05 -3.8105e+00 -1.2481e+00
40 +4.533671776e+04 +4.533671776e+04 +4.627455776e+04 +4.627455776e+04 -9.5428e-01 +2.1489e+00
57 +1.372461823e+04 +1.372461823e+04 +1.466245823e+04 +1.466245823e+04 -4.0188e+00 -2.0813e+00
192 +5.149054208e+03 +5.149054208e+03 +6.086894208e+03 +6.086894208e+03 -1.5618e+00 +1.4362e+00
375 +8.987348388e+02 +8.987348388e+02 +1.836574839e+03 +1.836574839e+03 -4.3896e+00 -2.9282e+00
648 +1.089481067e+02 +1.089481067e+02 +1.046788107e+03 +1.046788107e+03 -1.5650e+00 +1.5589e+00
758 +7.505643414e+01 +7.505643414e+01 +1.012896434e+03 +1.012896434e+03 -3.7486e+00 -1.8758e+00
822 +5.398312490e+00 +5.398312490e+00 +9.432383125e+02 +9.432383125e+02 -1.5760e+00 +1.5614e+00
4531 +3.936051288e+00 +3.936051288e+00 +9.417760513e+02 +9.417760513e+02 -1.3385e+00 +1.9358e+00
7941 +1.811683942e+00 +1.811683942e+00 +9.396516839e+02 +9.396516839e+02 -9.2226e-01 +2.5932e+00
8053 +1.573983887e+00 +1.573983887e+00 +9.394139839e+02 +9.394139839e+02 -9.2200e-01 +2.5930e+00
8817 +9.501298377e-01 +9.501298377e-01 +9.387901298e+02 +9.387901298e+02 -8.2061e-01 +2.7527e+00
11317 +2.874900401e-01 +2.874900401e-01 +9.381274900e+02 +9.381274900e+02 -5.9524e-01 +3.1080e+00
15372 +1.581050477e-01 +1.581050477e-01 +9.379981050e+02 +9.379981050e+02 -4.9380e-01 +3.2680e+00
17356 +9.714368573e-02 +9.714368573e-02 +9.379371437e+02 +9.379371437e+02 -4.6125e-01 +3.3191e+00
23674 +2.960655204e-02 +2.960655204e-02 +9.378696066e+02 +9.378696066e+02 -3.7737e-01 +3.4515e+00
30323 +2.479796476e-02 +2.479796476e-02 +9.378647980e+02 +9.378647980e+02 -3.7509e-01 +3.4549e+00
30769 +1.132293313e-03 +1.132293313e-03 +9.378411323e+02 +9.378411323e+02 -3.1374e-01 +3.5517e+00
31338 +8.635164631e-04 +8.635164631e-04 +9.378408635e+02 +9.378408635e+02 -3.1168e-01 +3.5549e+00
41847 +6.124185808e-04 +6.124185808e-04 +9.378406124e+02 +9.378406124e+02 -3.0706e-01 +3.5623e+00
41866 +3.711689039e-04 +3.711689039e-04 +9.378403712e+02 +9.378403712e+02 -3.0705e-01 +3.5622e+00
60885 +2.190978834e-04 +2.190978834e-04 +9.378402191e+02 +9.378402191e+02 -3.0409e-01 +3.5669e+00
74628 +3.216655341e-05 +3.216655341e-05 +9.378400322e+02 +9.378400322e+02 -2.9960e-01 +3.5740e+00
84625 +2.018770817e-05 +2.018770817e-05 +9.378400202e+02 +9.378400202e+02 -2.9866e-01 +3.5755e+00
85144 +1.385263590e-05 +1.385263590e-05 +9.378400139e+02 +9.378400139e+02 -2.9866e-01 +3.5755e+00
87480 +9.949685705e-06 +9.949685705e-06 +9.378400099e+02 +9.378400099e+02 -2.9845e-01 +3.5758e+00
99616 +5.914412554e-06 +5.914412554e-06 +9.378400059e+02 +9.378400059e+02 -2.9814e-01 +3.5763e+00
107672 +3.863538268e-06 +3.863538268e-06 +9.378400039e+02 +9.378400039e+02 -2.9788e-01 +3.5767e+00
128204 +2.431923349e-06 +2.431923349e-06 +9.378400024e+02 +9.378400024e+02 -2.9762e-01 +3.5771e+00
136025 +1.579069703e-06 +1.579069703e-06 +9.378400016e+02 +9.378400016e+02 -2.9747e-01 +3.5773e+00
% function evaluation | noise-free fitness - Fopt (-7.872000000000e+01) | best noise-free fitness - Fopt | measured fitness | best measured fitness | x1 | x2...
1 +1.681106192e+06 +1.681106192e+06 +1.681027472e+06 +1.681027472e+06 -4.3015e-01 -2.7164e+00
8 +1.377769520e+06 +1.377769520e+06 +1.377690800e+06 +1.377690800e+06 -5.0074e-01 -2.8697e+00
17 +7.124709732e+05 +7.124709732e+05 +7.123922532e+05 +7.123922532e+05 +4.9337e-01 -4.5927e+00
25 +3.684520822e+03 +3.684520822e+03 +3.605800822e+03 +3.605800822e+03 +3.1779e+00 -1.5111e+00
104 +2.022594959e+03 +2.022594959e+03 +1.943874959e+03 +1.943874959e+03 +3.8251e+00 -1.0724e+00
283 +1.051485061e+03 +1.051485061e+03 +9.727650610e+02 +9.727650610e+02 +2.3918e+00 -2.1056e+00
301 +1.983222836e+02 +1.983222836e+02 +1.196022836e+02 +1.196022836e+02 +2.0267e+00 -2.3929e+00
362 +1.511271597e+02 +1.511271597e+02 +7.240715973e+01 +7.240715973e+01 +4.3272e+00 -7.8283e-01
540 +1.546548515e+00 +1.546548515e+00 -7.717345149e+01 -7.717345149e+01 +2.7671e+00 -1.8826e+00
1015 +9.775230301e-01 +9.775230301e-01 -7.774247697e+01 -7.774247697e+01 +2.7749e+00 -1.8766e+00
1073 +5.530210991e-01 +5.530210991e-01 -7.816697890e+01 -7.816697890e+01 +2.7803e+00 -1.8717e+00
3098 +3.545765092e-01 +3.545765092e-01 -7.836542349e+01 -7.836542349e+01 +2.8859e+00 -1.7966e+00
5521 +1.239814792e-01 +1.239814792e-01 -7.859601852e+01 -7.859601852e+01 +3.1346e+00 -1.6190e+00
9402 +9.183045409e-02 +9.183045409e-02 -7.862816955e+01 -7.862816955e+01 +3.2953e+00 -1.5047e+00
9931 +4.218414431e-02 +4.218414431e-02 -7.867781586e+01 -7.867781586e+01 +3.2954e+00 -1.5044e+00
9966 +2.375496353e-02 +2.375496353e-02 -7.869624504e+01 -7.869624504e+01 +3.2952e+00 -1.5044e+00
13839 +3.445015645e-03 +3.445015645e-03 -7.871655498e+01 -7.871655498e+01 +3.3787e+00 -1.4447e+00
14153 +2.136518951e-03 +2.136518951e-03 -7.871786348e+01 -7.871786348e+01 +3.3789e+00 -1.4446e+00
16954 +6.683370100e-04 +6.683370100e-04 -7.871933166e+01 -7.871933166e+01 +3.3905e+00 -1.4364e+00
23375 +6.302847334e-04 +6.302847334e-04 -7.871936972e+01 -7.871936972e+01 +3.3907e+00 -1.4362e+00
37402 +1.786238023e-04 +1.786238023e-04 -7.871982138e+01 -7.871982138e+01 +3.4079e+00 -1.4239e+00
37560 +1.983364068e-05 +1.983364068e-05 -7.871998017e+01 -7.871998017e+01 +3.4080e+00 -1.4239e+00
40253 +1.387780102e-05 +1.387780102e-05 -7.871998612e+01 -7.871998612e+01 +3.4084e+00 -1.4236e+00
53801 +9.393695123e-06 +9.393695123e-06 -7.871999061e+01 -7.871999061e+01 +3.4088e+00 -1.4233e+00
69725 +6.286029489e-06 +6.286029489e-06 -7.871999371e+01 -7.871999371e+01 +3.4091e+00 -1.4231e+00
83705 +3.869105171e-06 +3.869105171e-06 -7.871999613e+01 -7.871999613e+01 +3.4095e+00 -1.4228e+00
96859 +2.443537497e-06 +2.443537497e-06 -7.871999756e+01 -7.871999756e+01 +3.4099e+00 -1.4225e+00
109987 +1.294225925e-06 +1.294225925e-06 -7.871999871e+01 -7.871999871e+01 +3.4103e+00 -1.4223e+00
113108 +9.110940340e-07 +9.110940340e-07 -7.871999909e+01 -7.871999909e+01 +3.4104e+00 -1.4222e+00
127705 +3.854540012e-07 +3.854540012e-07 -7.871999961e+01 -7.871999961e+01 +3.4107e+00 -1.4219e+00
141058 +8.145387653e-08 +8.145387653e-08 -7.871999992e+01 -7.871999992e+01 +3.4110e+00 -1.4217e+00
141732 +5.941474512e-08 +5.941474512e-08 -7.871999994e+01 -7.871999994e+01 +3.4110e+00 -1.4218e+00
% function evaluation | noise-free fitness - Fopt (-5.984300000000e+02) | best noise-free fitness - Fopt | measured fitness | best measured fitness | x1 | x2...
1 +8.485510002e+06 +8.485510002e+06 +8.484911572e+06 +8.484911572e+06 +6.4852e-01 +4.9922e+00
3 +3.121543778e+05 +3.121543778e+05 +3.115559478e+05 +3.115559478e+05 -3.4882e+00 +7.3235e-01
6 +1.686967124e+01 +1.686967124e+01 -5.815603288e+02 -5.815603288e+02 -2.7306e+00 +1.8804e+00
766 +4.698794132e+00 +4.698794132e+00 -5.937312059e+02 -5.937312059e+02 -2.7349e+00 +1.8628e+00
868 +1.238375532e+00 +1.238375532e+00 -5.971916245e+02 -5.971916245e+02 -2.7375e+00 +1.8653e+00
1043 +3.335915032e-01 +3.335915032e-01 -5.980964085e+02 -5.980964085e+02 -2.7392e+00 +1.8459e+00
5874 +2.262992105e-01 +2.262992105e-01 -5.982037008e+02 -5.982037008e+02 -2.7515e+00 +1.7551e+00
6371 +1.470741929e-01 +1.470741929e-01 -5.982829258e+02 -5.982829258e+02 -2.7573e+00 +1.7098e+00
10600 +4.047824618e-02 +4.047824618e-02 -5.983895218e+02 -5.983895218e+02 -2.7873e+00 +1.4865e+00
11144 +3.146678039e-02 +3.146678039e-02 -5.983985332e+02 -5.983985332e+02 -2.7871e+00 +1.4865e+00
13192 +2.383379565e-02 +2.383379565e-02 -5.984061662e+02 -5.984061662e+02 -2.7945e+00 +1.4326e+00
13647 +1.500106705e-02 +1.500106705e-02 -5.984149989e+02 -5.984149989e+02 -2.7943e+00 +1.4328e+00
18222 +7.620220743e-03 +7.620220743e-03 -5.984223798e+02 -5.984223798e+02 -2.7991e+00 +1.3973e+00
22883 +6.017747130e-03 +6.017747130e-03 -5.984239823e+02 -5.984239823e+02 -2.8001e+00 +1.3897e+00
26120 +3.975708169e-03 +3.975708169e-03 -5.984260243e+02 -5.984260243e+02 -2.8015e+00 +1.3792e+00
31904 +9.508351746e-04 +9.508351746e-04 -5.984290492e+02 -5.984290492e+02 -2.8142e+00 +1.2846e+00
47334 +3.777076439e-04 +3.777076439e-04 -5.984296223e+02 -5.984296223e+02 -2.8129e+00 +1.2938e+00
69359 +1.744692623e-04 +1.744692623e-04 -5.984298255e+02 -5.984298255e+02 -2.8117e+00 +1.3030e+00
69802 +9.797851806e-05 +9.797851806e-05 -5.984299020e+02 -5.984299020e+02 -2.8117e+00 +1.3028e+00
69804 +6.174076816e-06 +6.174076816e-06 -5.984299938e+02 -5.984299938e+02 -2.8106e+00 +1.3113e+00
70025 +2.581827289e-06 +2.581827289e-06 -5.984299974e+02 -5.984299974e+02 -2.8106e+00 +1.3113e+00
70249 +2.204681664e-06 +2.204681664e-06 -5.984299978e+02 -5.984299978e+02 -2.8106e+00 +1.3113e+00
80017 +1.324820914e-06 +1.324820914e-06 -5.984299987e+02 -5.984299987e+02 -2.8106e+00 +1.3117e+00
86044 +8.796067732e-07 +8.796067732e-07 -5.984299991e+02 -5.984299991e+02 -2.8105e+00 +1.3118e+00
87282 +6.212807193e-07 +6.212807193e-07 -5.984299994e+02 -5.984299994e+02 -2.8105e+00 +1.3120e+00
94235 +3.638276667e-07 +3.638276667e-07 -5.984299996e+02 -5.984299996e+02 -2.8105e+00 +1.3122e+00
106797 +1.903804332e-07 +1.903804332e-07 -5.984299998e+02 -5.984299998e+02 -2.8104e+00 +1.3124e+00
107375 +1.546642352e-07 +1.546642352e-07 -5.984299998e+02 -5.984299998e+02 -2.8104e+00 +1.3124e+00
% function evaluation | noise-free fitness - Fopt (-8.542000000000e+01) | best noise-free fitness - Fopt | measured fitness | best measured fitness | x1 | x2...
1 +5.211577032e+07 +5.211577032e+07 +5.211568490e+07 +5.211568490e+07 -4.2345e+00 +1.0161e+00
2 +1.006473144e+05 +1.006473144e+05 +1.005618944e+05 +1.005618944e+05 +1.6691e+00 -3.3057e+00
10 +4.030297541e+04 +4.030297541e+04 +4.021755541e+04 +4.021755541e+04 +9.3170e-01 -3.6256e+00
24 +1.393770290e+04 +1.393770290e+04 +1.385228290e+04 +1.385228290e+04 +8.2900e-01 -4.0118e+00
53 +3.603315287e+03 +3.603315287e+03 +3.517895287e+03 +3.517895287e+03 +2.2666e+00 -1.3257e+00
77 +7.181170529e+01 +7.181170529e+01 -1.360829471e+01 -1.360829471e+01 +4.2453e+00 +2.3922e+00
465 +1.600414981e+01 +1.600414981e+01 -6.941585019e+01 -6.941585019e+01 +1.8097e+00 -2.3384e+00
557 +7.310552467e+00 +7.310552467e+00 -7.810944753e+01 -7.810944753e+01 +1.8122e+00 -2.3452e+00
632 +4.418119241e+00 +4.418119241e+00 -8.100188076e+01 -8.100188076e+01 +1.8082e+00 -2.3477e+00
2013 +3.864821160e+00 +3.864821160e+00 -8.155517884e+01 -8.155517884e+01 +1.8485e+00 -2.2708e+00
6746 +2.446891008e+00 +2.446891008e+00 -8.297310899e+01 -8.297310899e+01 +2.6807e+00 -6.4832e-01
6823 +1.386318309e-01 +1.386318309e-01 -8.528136817e+01 -8.528136817e+01 +2.6966e+00 -6.1302e-01
6996 +7.092956560e-02 +7.092956560e-02 -8.534907043e+01 -8.534907043e+01 +2.6815e+00 -6.4284e-01
7005 +6.107425757e-02 +6.107425757e-02 -8.535892574e+01 -8.535892574e+01 +2.6968e+00 -6.1301e-01
7329 +3.326797721e-02 +3.326797721e-02 -8.538673202e+01 -8.538673202e+01 +2.6968e+00 -6.1318e-01
7353 +9.874104874e-03 +9.874104874e-03 -8.541012590e+01 -8.541012590e+01 +2.6969e+00 -6.1312e-01
7453 +2.833184214e-03 +2.833184214e-03 -8.541716682e+01 -8.541716682e+01 +2.6969e+00 -6.1322e-01
7521 +2.068538517e-03 +2.068538517e-03 -8.541793146e+01 -8.541793146e+01 +2.6970e+00 -6.1299e-01
10765 +1.584800051e-03 +1.584800051e-03 -8.541841520e+01 -8.541841520e+01 +2.6990e+00 -6.0912e-01
15261 +9.835657474e-04 +9.835657474e-04 -8.541901643e+01 -8.541901643e+01 +2.7023e+00 -6.0282e-01
21509 +3.997982706e-04 +3.997982706e-04 -8.541960020e+01 -8.541960020e+01 +2.7069e+00 -5.9371e-01
21793 +3.953634785e-04 +3.953634785e-04 -8.541960464e+01 -8.541960464e+01 +2.7069e+00 -5.9371e-01
25728 +1.116032263e-04 +1.116032263e-04 -8.541988840e+01 -8.541988840e+01 +2.7170e+00 -5.7407e-01
25953 +4.859897956e-06 +4.859897956e-06 -8.541999514e+01 -8.541999514e+01 +2.7169e+00 -5.7423e-01
33036 +3.488283824e-06 +3.488283824e-06 -8.541999651e+01 -8.541999651e+01 +2.7168e+00 -5.7438e-01
43767 +2.017301853e-06 +2.017301853e-06 -8.541999798e+01 -8.541999798e+01 +2.7167e+00 -5.7463e-01
55755 +1.379343601e-06 +1.379343601e-06 -8.541999862e+01 -8.541999862e+01 +2.7165e+00 -5.7503e-01
57416 +8.727849803e-07 +8.727849803e-07 -8.541999913e+01 -8.541999913e+01 +2.7164e+00 -5.7520e-01
59137 +5.992745997e-07 +5.992745997e-07 -8.541999940e+01 -8.541999940e+01 +2.7164e+00 -5.7529e-01
62162 +3.377972888e-07 +3.377972888e-07 -8.541999966e+01 -8.541999966e+01 +2.7162e+00 -5.7551e-01
80730 +2.464189777e-07 +2.464189777e-07 -8.541999975e+01 -8.541999975e+01 +2.7162e+00 -5.7564e-01
% function evaluation | noise-free fitness - Fopt (1.932500000000e+02) | best noise-free fitness - Fopt | measured fitness | best measured fitness | x1 | x2...
1 +3.471509613e+07 +3.471509613e+07 +3.471528938e+07 +3.471528938e+07 +3.9425e+00 +3.0236e+00
3 +3.466492396e+06 +3.466492396e+06 +3.466685646e+06 +3.466685646e+06 -1.5403e-01 +1.1182e+00
6 +1.431792623e+06 +1.431792623e+06 +1.431985873e+06 +1.431985873e+06 -3.3138e+00 +4.6869e+00
11 +4.943909430e+05 +4.943909430e+05 +4.945841930e+05 +4.945841930e+05 -2.1351e+00 -3.7282e-01
16 +1.628014186e+05 +1.628014186e+05 +1.629946686e+05 +1.629946686e+05 +1.6837e+00 -4.1158e+00
17 +4.117990310e+03 +4.117990310e+03 +4.311240310e+03 +4.311240310e+03 -2.6290e+00 +1.4951e+00
29 +1.704300648e+02 +1.704300648e+02 +3.636800648e+02 +3.636800648e+02 +1.0566e+00 -3.8620e+00
534 +1.421260456e+01 +1.421260456e+01 +2.074626046e+02 +2.074626046e+02 -4.8555e+00 +4.9505e+00
673 +5.429529309e+00 +5.429529309e+00 +1.986795293e+02 +1.986795293e+02 -4.8714e+00 +4.9671e+00
8517 +3.534905488e+00 +3.534905488e+00 +1.967849055e+02 +1.967849055e+02 -4.5633e+00 +4.5099e+00
11912 +8.213524438e-01 +8.213524438e-01 +1.940713524e+02 +1.940713524e+02 -4.1627e+00 +3.9109e+00
17120 +6.234751225e-01 +6.234751225e-01 +1.938734751e+02 +1.938734751e+02 -4.1089e+00 +3.8307e+00
28682 +3.935686733e-01 +3.935686733e-01 +1.936435687e+02 +1.936435687e+02 -4.0239e+00 +3.7036e+00
35362 +2.244733914e-01 +2.244733914e-01 +1.934744734e+02 +1.934744734e+02 -3.9068e+00 +3.5287e+00
46793 +1.555673919e-01 +1.555673919e-01 +1.934055674e+02 +1.934055674e+02 -3.8544e+00 +3.4503e+00
50222 +8.740306707e-02 +8.740306707e-02 +1.933374031e+02 +1.933374031e+02 -3.7738e+00 +3.3305e+00
50280 +5.388180621e-02 +5.388180621e-02 +1.933038818e+02 +1.933038818e+02 -3.7739e+00 +3.3303e+00
55397 +2.896530279e-02 +2.896530279e-02 +1.932789653e+02 +1.932789653e+02 -3.7240e+00 +3.2560e+00
55594 +2.280158994e-02 +2.280158994e-02 +1.932728016e+02 +1.932728016e+02 -3.7240e+00 +3.2558e+00
62978 +1.557819152e-02 +1.557819152e-02 +1.932655782e+02 +1.932655782e+02 -3.7115e+00 +3.2372e+00
63686 +5.822166037e-04 +5.822166037e-04 +1.932505822e+02 +1.932505822e+02 -3.6512e+00 +3.1471e+00
63729 +3.277313222e-04 +3.277313222e-04 +1.932503277e+02 +1.932503277e+02 -3.6509e+00 +3.1467e+00
63909 +2.063425263e-04 +2.063425263e-04 +1.932502063e+02 +1.932502063e+02 -3.6509e+00 +3.1467e+00
63980 +1.377960132e-04 +1.377960132e-04 +1.932501378e+02 +1.932501378e+02 -3.6509e+00 +3.1466e+00
66634 +9.838435147e-05 +9.838435147e-05 +1.932500984e+02 +1.932500984e+02 -3.6506e+00 +3.1462e+00
67754 +5.191488029e-05 +5.191488029e-05 +1.932500519e+02 +1.932500519e+02 -3.6475e+00 +3.1416e+00
67940 +3.404559311e-05 +3.404559311e-05 +1.932500340e+02 +1.932500340e+02 -3.6475e+00 +3.1416e+00
74271 +2.472543244e-05 +2.472543244e-05 +1.932500247e+02 +1.932500247e+02 -3.6473e+00 +3.1414e+00
92699 +1.528410343e-05 +1.528410343e-05 +1.932500153e+02 +1.932500153e+02 -3.6468e+00 +3.1406e+00
99244 +9.937878218e-06 +9.937878218e-06 +1.932500099e+02 +1.932500099e+02 -3.6465e+00 +3.1401e+00
111012 +6.308186443e-06 +6.308186443e-06 +1.932500063e+02 +1.932500063e+02 -3.6462e+00 +3.1397e+00
122053 +3.903042625e-06 +3.903042625e-06 +1.932500039e+02 +1.932500039e+02 -3.6459e+00 +3.1393e+00
136593 +2.455270760e-06 +2.455270760e-06 +1.932500025e+02 +1.932500025e+02 -3.6456e+00 +3.1389e+00
145351 +1.498994948e-06 +1.498994948e-06 +1.932500015e+02 +1.932500015e+02 -3.6455e+00 +3.1386e+00
% function evaluation | noise-free fitness - Fopt (-1.815000000000e+02) | best noise-free fitness - Fopt | measured fitness | best measured fitness | x1 | x2...
1 +2.685498474e+07 +2.685498474e+07 +2.685480324e+07 +2.685480324e+07 +4.0437e+00 +3.1959e+00
2 +3.551358966e+05 +3.551358966e+05 +3.549543966e+05 +3.549543966e+05 -2.3230e+00 +4.7544e+00
20 +4.236507087e+03 +4.236507087e+03 +4.055007087e+03 +4.055007087e+03 -1.5749e+00 +4.2378e+00
24 +9.573557735e+02 +9.573557735e+02 +7.758557735e+02 +7.758557735e+02 -1.5368e+00 +3.5396e+00
178 +3.523134684e+02 +3.523134684e+02 +1.708134684e+02 +1.708134684e+02 -1.5723e+00 +3.9660e+00
509 +1.160151848e+02 +1.160151848e+02 -6.548481520e+01 -6.548481520e+01 +1.9432e-01 -4.6791e+00
578 +3.820033738e+01 +3.820033738e+01 -1.432996626e+02 -1.432996626e+02 -4.3101e-02 -3.4968e+00
648 +5.409243997e+00 +5.409243997e+00 -1.760907560e+02 -1.760907560e+02 -1.6579e+00 +4.2963e+00
905 +2.739831247e+00 +2.739831247e+00 -1.787601688e+02 -1.787601688e+02 -1.6595e+00 +4.2992e+00
1029 +1.875895213e+00 +1.875895213e+00 -1.796241048e+02 -1.796241048e+02 -1.6002e+00 +4.0054e+00
1425 +1.571546672e+00 +1.571546672e+00 -1.799284533e+02 -1.799284533e+02 -1.6000e+00 +4.0056e+00
6009 +9.096328882e-01 +9.096328882e-01 -1.805903671e+02 -1.805903671e+02 -1.5743e+00 +3.8845e+00
10223 +6.281952026e-01 +6.281952026e-01 -1.808718048e+02 -1.808718048e+02 -1.5533e+00 +3.7828e+00
23254 +3.503276428e-01 +3.503276428e-01 -1.811496724e+02 -1.811496724e+02 -1.4139e+00 +3.1079e+00
23391 +2.480797470e-01 +2.480797470e-01 -1.812519203e+02 -1.812519203e+02 -1.4137e+00 +3.1078e+00
23604 +1.474384929e-01 +1.474384929e-01 -1.813525615e+02 -1.813525615e+02 -1.4147e+00 +3.1129e+00
23639 +8.684300546e-02 +8.684300546e-02 -1.814131570e+02 -1.814131570e+02 -1.4136e+00 +3.1080e+00
23801 +5.765484163e-02 +5.765484163e-02 -1.814423452e+02 -1.814423452e+02 -1.4127e+00 +3.1057e+00
23976 +3.966020243e-02 +3.966020243e-02 -1.814603398e+02 -1.814603398e+02 -1.4127e+00 +3.1055e+00
28798 +2.308879496e-02 +2.308879496e-02 -1.814769112e+02 -1.814769112e+02 -1.4077e+00 +3.0806e+00
29070 +6.003025713e-03 +6.003025713e-03 -1.814939970e+02 -1.814939970e+02 -1.3797e+00 +2.9457e+00
29262 +1.234895819e-03 +1.234895819e-03 -1.814987651e+02 -1.814987651e+02 -1.3797e+00 +2.9457e+00
29364 +2.112009655e-04 +2.112009655e-04 -1.814997888e+02 -1.814997888e+02 -1.3796e+00 +2.9457e+00
34312 +1.559502047e-04 +1.559502047e-04 -1.814998440e+02 -1.814998440e+02 -1.3793e+00 +2.9441e+00
65093 +9.990908313e-05 +9.990908313e-05 -1.814999001e+02 -1.814999001e+02 -1.3788e+00 +2.9417e+00
105174 +1.592601296e-05 +1.592601296e-05 -1.814999841e+02 -1.814999841e+02 -1.3770e+00 +2.9329e+00
105900 +1.115417578e-05 +1.115417578e-05 -1.814999888e+02 -1.814999888e+02 -1.3770e+00 +2.9329e+00
105992 +6.772409193e-06 +6.772409193e-06 -1.814999932e+02 -1.814999932e+02 -1.3770e+00 +2.9329e+00
106093 +1.616470570e-06 +1.616470570e-06 -1.814999984e+02 -1.814999984e+02 -1.3770e+00 +2.9330e+00
106290 +1.231633547e-06 +1.231633547e-06 -1.814999988e+02 -1.814999988e+02 -1.3770e+00 +2.9330e+00
106623 +9.652604263e-07 +9.652604263e-07 -1.814999990e+02 -1.814999990e+02 -1.3770e+00 +2.9329e+00
111703 +5.460229318e-07 +5.460229318e-07 -1.814999995e+02 -1.814999995e+02 -1.3770e+00 +2.9327e+00
121466 +3.717674417e-07 +3.717674417e-07 -1.814999996e+02 -1.814999996e+02 -1.3769e+00 +2.9325e+00
127365 +1.739213928e-07 +1.739213928e-07 -1.814999998e+02 -1.814999998e+02 -1.3769e+00 +2.9324e+00
129523 +1.486725409e-07 +1.486725409e-07 -1.814999999e+02 -1.814999999e+02 -1.3769e+00 +2.9324e+00
131708 +9.002229717e-08 +9.002229717e-08 -1.814999999e+02 -1.814999999e+02 -1.3768e+00 +2.9322e+00
132129 +5.942624171e-08 +5.942624171e-08 -1.814999999e+02 -1.814999999e+02 -1.3768e+00 +2.9322e+00
% function evaluation | noise-free fitness - Fopt (4.526200000000e+02) | best noise-free fitness - Fopt | measured fitness | best measured fitness | x1 | x2...
1 +1.232345721e+07 +1.232345721e+07 +1.232390983e+07 +1.232390983e+07 -2.8703e+00 +3.2636e+00
2 +4.589798922e+06 +4.589798922e+06 +4.590251542e+06 +4.590251542e+06 -4.6053e+00 +7.9658e-01
4 +6.073125065e+05 +6.073125065e+05 +6.077651265e+05 +6.077651265e+05 +3.9581e+00 +3.4766e+00
7 +9.007381217e+04 +9.007381217e+04 +9.052643217e+04 +9.052643217e+04 -3.3298e-01 +1.7133e-01
21 +7.969458513e+03 +7.969458513e+03 +8.422078513e+03 +8.422078513e+03 +3.3853e+00 +2.3549e+00
64 +1.118853359e+03 +1.118853359e+03 +1.571473359e+03 +1.571473359e+03 -1.9021e+00 -2.0129e-01
195 +5.579612863e+02 +5.579612863e+02 +1.010581286e+03 +1.010581286e+03 +1.1393e+00 +1.1699e+00
664 +3.565122843e+02 +3.565122843e+02 +8.091322843e+02 +8.091322843e+02 -1.8929e+00 -2.5820e-01
697 +7.617154460e+01 +7.617154460e+01 +5.287915446e+02 +5.287915446e+02 +2.4948e+00 +1.8277e+00
710 +5.001337298e+01 +5.001337298e+01 +5.026333730e+02 +5.026333730e+02 +2.5034e+00 +1.8348e+00
843 +2.529724020e+01 +2.529724020e+01 +4.779172402e+02 +4.779172402e+02 +2.4978e+00 +1.8351e+00
907 +7.609104695e+00 +7.609104695e+00 +4.602291047e+02 +4.602291047e+02 +1.1949e+00 +1.2212e+00
946 +1.824838108e+00 +1.824838108e+00 +4.544448381e+02 +4.544448381e+02 -1.9041e+00 -2.4154e-01
997 +1.545517204e+00 +1.545517204e+00 +4.541655172e+02 +4.541655172e+02 -1.9040e+00 -2.4161e-01
1092 +5.484259188e-01 +5.484259188e-01 +4.531684259e+02 +4.531684259e+02 -1.9052e+00 -2.4343e-01
12254 +2.885527883e-01 +2.885527883e-01 +4.529085528e+02 +4.529085528e+02 -1.6228e+00 -1.0943e-01
12465 +2.242435097e-01 +2.242435097e-01 +4.528442435e+02 +4.528442435e+02 -1.6227e+00 -1.0956e-01
19732 +1.453892062e-01 +1.453892062e-01 +4.527653892e+02 +4.527653892e+02 -1.5537e+00 -7.7012e-02
20423 +4.241684706e-02 +4.241684706e-02 +4.526624168e+02 +4.526624168e+02 -1.3745e+00 +7.6846e-03
22147 +3.484416652e-02 +3.484416652e-02 +4.526548442e+02 +4.526548442e+02 -1.2979e+00 +4.4012e-02
22636 +1.567966138e-02 +1.567966138e-02 +4.526356797e+02 +4.526356797e+02 -1.2978e+00 +4.3981e-02
23875 +4.057703235e-03 +4.057703235e-03 +4.526240577e+02 +4.526240577e+02 -1.2565e+00 +6.3473e-02
24305 +3.968616361e-03 +3.968616361e-03 +4.526239686e+02 +4.526239686e+02 -1.2564e+00 +6.3501e-02
31159 +1.839914113e-03 +1.839914113e-03 +4.526218399e+02 +4.526218399e+02 -1.2312e+00 +7.5438e-02
31546 +1.575470172e-03 +1.575470172e-03 +4.526215755e+02 +4.526215755e+02 -1.2311e+00 +7.5433e-02
34929 +9.600255715e-04 +9.600255715e-04 +4.526209600e+02 +4.526209600e+02 -1.2212e+00 +8.0127e-02
44520 +4.223215944e-04 +4.223215944e-04 +4.526204223e+02 +4.526204223e+02 -1.2033e+00 +8.8574e-02
44671 +1.626814079e-04 +1.626814079e-04 +4.526201627e+02 +4.526201627e+02 -1.2034e+00 +8.8531e-02
44696 +1.391468716e-04 +1.391468716e-04 +4.526201391e+02 +4.526201391e+02 -1.2033e+00 +8.8599e-02
45406 +9.968747304e-05 +9.968747304e-05 +4.526200997e+02 +4.526200997e+02 -1.2034e+00 +8.8557e-02
55786 +4.079253733e-05 +4.079253733e-05 +4.526200408e+02 +4.526200408e+02 -1.2004e+00 +8.9960e-02
61840 +3.904494133e-05 +3.904494133e-05 +4.526200390e+02 +4.526200390e+02 -1.2003e+00 +9.0008e-02
118345 +2.502316408e-05 +2.502316408e-05 +4.526200250e+02 +4.526200250e+02 -1.1986e+00 +9.0811e-02
135365 +1.560617579e-05 +1.560617579e-05 +4.526200156e+02 +4.526200156e+02 -1.1978e+00 +9.1176e-02
145139 +9.908089567e-06 +9.908089567e-06 +4.526200099e+02 +4.526200099e+02 -1.1973e+00 +9.1419e-02
% function evaluation | noise-free fitness - Fopt (-1.184600000000e+02) | best noise-free fitness - Fopt | measured fitness | best measured fitness | x1 | x2...
1 +9.284857991e+06 +9.284857991e+06 +9.284739531e+06 +9.284739531e+06 +1.2588e+00 -2.7744e+00
5 +1.183764244e+05 +1.183764244e+05 +1.182579644e+05 +1.182579644e+05 -4.9998e+00 -1.1470e+00
25 +2.425149577e+03 +2.425149577e+03 +2.306689577e+03 +2.306689577e+03 -2.6119e+00 -3.1418e+00
144 +1.150741815e+03 +1.150741815e+03 +1.032281815e+03 +1.032281815e+03 -4.3559e+00 -1.2902e+00
505 +3.998399968e+00 +3.998399968e+00 -1.144616000e+02 -1.144616000e+02 -3.5750e+00 -2.1813e+00
876 +3.542863469e+00 +3.542863469e+00 -1.149171365e+02 -1.149171365e+02 -3.5749e+00 -2.1812e+00
910 +2.433770127e+00 +2.433770127e+00 -1.160262299e+02 -1.160262299e+02 -3.5805e+00 -2.1728e+00
7916 +1.574409170e+00 +1.574409170e+00 -1.168855908e+02 -1.168855908e+02 -3.4535e+00 -2.3091e+00
8609 +8.204484017e-01 +8.204484017e-01 -1.176395516e+02 -1.176395516e+02 -2.9860e+00 -2.8081e+00
8783 +6.131352512e-01 +6.131352512e-01 -1.178468647e+02 -1.178468647e+02 -2.9863e+00 -2.8081e+00
8985 +2.889439504e-01 +2.889439504e-01 -1.181710560e+02 -1.181710560e+02 -2.9865e+00 -2.8084e+00
9393 +2.473599670e-01 +2.473599670e-01 -1.182126400e+02 -1.182126400e+02 -2.9793e+00 -2.8166e+00
24591 +1.081076359e-01 +1.081076359e-01 -1.183518924e+02 -1.183518924e+02 -2.8720e+00 -2.9312e+00
25756 +9.681135625e-02 +9.681135625e-02 -1.183631886e+02 -1.183631886e+02 -2.8598e+00 -2.9442e+00
32797 +5.899468014e-02 +5.899468014e-02 -1.184010053e+02 -1.184010053e+02 -2.8183e+00 -2.9886e+00
39032 +3.919749457e-02 +3.919749457e-02 -1.184208025e+02 -1.184208025e+02 -2.7815e+00 -3.0280e+00
50929 +5.366889684e-03 +5.366889684e-03 -1.184546331e+02 -1.184546331e+02 -2.7019e+00 -3.1131e+00
57888 +3.606333209e-03 +3.606333209e-03 -1.184563937e+02 -1.184563937e+02 -2.6919e+00 -3.1238e+00
59563 +2.137107209e-03 +2.137107209e-03 -1.184578629e+02 -1.184578629e+02 -2.6815e+00 -3.1349e+00
74045 +1.141307692e-03 +1.141307692e-03 -1.184588587e+02 -1.184588587e+02 -2.6687e+00 -3.1485e+00
74299 +6.696269133e-04 +6.696269133e-04 -1.184593304e+02 -1.184593304e+02 -2.6686e+00 -3.1487e+00
74379 +6.205225354e-04 +6.205225354e-04 -1.184593795e+02 -1.184593795e+02 -2.6685e+00 -3.1487e+00
78989 +3.066931785e-05 +3.066931785e-05 -1.184599693e+02 -1.184599693e+02 -2.6548e+00 -3.1634e+00
79823 +2.283568000e-05 +2.283568000e-05 -1.184599772e+02 -1.184599772e+02 -2.6548e+00 -3.1634e+00
82873 +1.563218616e-05 +1.563218616e-05 -1.184599844e+02 -1.184599844e+02 -2.6545e+00 -3.1637e+00
96597 +9.019044043e-06 +9.019044043e-06 -1.184599910e+02 -1.184599910e+02 -2.6540e+00 -3.1642e+00
108384 +5.600829979e-06 +5.600829979e-06 -1.184599944e+02 -1.184599944e+02 -2.6536e+00 -3.1647e+00
116323 +3.674981571e-06 +3.674981571e-06 -1.184599963e+02 -1.184599963e+02 -2.6533e+00 -3.1650e+00
130619 +2.474544374e-06 +2.474544374e-06 -1.184599975e+02 -1.184599975e+02 -2.6531e+00 -3.1652e+00
142499 +1.577452892e-06 +1.577452892e-06 -1.184599984e+02 -1.184599984e+02 -2.6529e+00 -3.1655e+00
% function evaluation | noise-free fitness - Fopt (9.973000000000e+01) | best noise-free fitness - Fopt | measured fitness | best measured fitness | x1 | x2...
1 +2.028638066e+06 +2.028638066e+06 +2.028737796e+06 +2.028737796e+06 -1.8721e+00 -7.8286e-01
3 +1.612568150e+04 +1.612568150e+04 +1.622541150e+04 +1.622541150e+04 -3.3502e+00 +8.4830e-01
47 +2.247114506e+02 +2.247114506e+02 +3.244414506e+02 +3.244414506e+02 -3.4537e+00 -3.0954e+00
110 +2.164049443e+01 +2.164049443e+01 +1.213704944e+02 +1.213704944e+02 -3.4517e+00 -3.2755e+00
511 +8.132581464e+00 +8.132581464e+00 +1.078625815e+02 +1.078625815e+02 -3.3496e+00 -1.4610e+00
723 +3.294602806e+00 +3.294602806e+00 +1.030246028e+02 +1.030246028e+02 -3.3127e+00 -7.5801e-01
1073 +1.428665235e+00 +1.428665235e+00 +1.011586652e+02 +1.011586652e+02 -3.2948e+00 -4.0249e-01
4889 +6.721813682e-01 +6.721813682e-01 +1.004021814e+02 +1.004021814e+02 -3.1911e+00 +1.5093e+00
5135 +6.035137820e-01 +6.035137820e-01 +1.003335138e+02 +1.003335138e+02 -3.1912e+00 +1.5094e+00
22953 +2.376727376e-01 +2.376727376e-01 +9.996767274e+01 +9.996767274e+01 -3.2092e+00 +1.1809e+00
24980 +1.216808816e-01 +1.216808816e-01 +9.985168088e+01 +9.985168088e+01 -3.2168e+00 +1.0375e+00
25702 +6.360857956e-02 +6.360857956e-02 +9.979360858e+01 +9.979360858e+01 -3.2220e+00 +9.4216e-01
25767 +6.054068321e-02 +6.054068321e-02 +9.979054068e+01 +9.979054068e+01 -3.2220e+00 +9.4223e-01
32212 +3.759054461e-02 +3.759054461e-02 +9.976759054e+01 +9.976759054e+01 -3.2250e+00 +8.8719e-01
47733 +2.320539138e-02 +2.320539138e-02 +9.975320539e+01 +9.975320539e+01 -3.2268e+00 +8.5267e-01
50437 +1.540140773e-02 +1.540140773e-02 +9.974540141e+01 +9.974540141e+01 -3.2287e+00 +8.1761e-01
53165 +8.988126132e-03 +8.988126132e-03 +9.973898813e+01 +9.973898813e+01 -3.2389e+00 +6.3031e-01
53472 +5.510937297e-03 +5.510937297e-03 +9.973551094e+01 +9.973551094e+01 -3.2388e+00 +6.3016e-01
54002 +3.845173032e-03 +3.845173032e-03 +9.973384517e+01 +9.973384517e+01 -3.2388e+00 +6.3008e-01
65230 +7.409539199e-04 +7.409539199e-04 +9.973074095e+01 +9.973074095e+01 -3.2367e+00 +6.6983e-01
67363 +4.923956457e-04 +4.923956457e-04 +9.973049240e+01 +9.973049240e+01 -3.2361e+00 +6.7948e-01
67819 +3.974235035e-04 +3.974235035e-04 +9.973039742e+01 +9.973039742e+01 -3.2361e+00 +6.7960e-01
68402 +1.045766356e-04 +1.045766356e-04 +9.973010458e+01 +9.973010458e+01 -3.2353e+00 +6.9514e-01
68737 +7.657019036e-05 +7.657019036e-05 +9.973007657e+01 +9.973007657e+01 -3.2353e+00 +6.9513e-01
69009 +1.866357262e-05 +1.866357262e-05 +9.973001866e+01 +9.973001866e+01 -3.2353e+00 +6.9522e-01
69055 +9.300674989e-06 +9.300674989e-06 +9.973000930e+01 +9.973000930e+01 -3.2353e+00 +6.9522e-01
69101 +5.014632876e-06 +5.014632876e-06 +9.973000501e+01 +9.973000501e+01 -3.2353e+00 +6.9522e-01
69383 +3.201528443e-06 +3.201528443e-06 +9.973000320e+01 +9.973000320e+01 -3.2353e+00 +6.9522e-01
69439 +2.478134832e-06 +2.478134832e-06 +9.973000248e+01 +9.973000248e+01 -3.2353e+00 +6.9522e-01
88508 +1.444557768e-06 +1.444557768e-06 +9.973000144e+01 +9.973000144e+01 -3.2353e+00 +6.9568e-01
92480 +9.361578748e-07 +9.361578748e-07 +9.973000094e+01 +9.973000094e+01 -3.2353e+00 +6.9580e-01
101168 +6.272018140e-07 +6.272018140e-07 +9.973000063e+01 +9.973000063e+01 -3.2352e+00 +6.9598e-01
% function evaluation | noise-free fitness - Fopt (4.044000000000e+01) | best noise-free fitness - Fopt | measured fitness | best measured fitness | x1 | x2...
1 +2.863540530e+07 +2.863540530e+07 +2.863544574e+07 +2.863544574e+07 -3.3651e+00 +1.3949e+00
3 +1.167496711e+06 +1.167496711e+06 +1.167537151e+06 +1.167537151e+06 +1.5045e+00 +1.4975e+00
6 +7.804728803e+05 +7.804728803e+05 +7.805133203e+05 +7.805133203e+05 +4.2963e+00 +1.9279e-02
9 +4.696496076e+05 +4.696496076e+05 +4.696900476e+05 +4.696900476e+05 +5.2355e-01 +4.5908e+00
12 +7.873420123e+01 +7.873420123e+01 +1.191742012e+02 +1.191742012e+02 +1.4017e+00 +4.4133e+00
162 +3.885447451e+01 +3.885447451e+01 +7.929447451e+01 +7.929447451e+01 +3.4993e+00 -4.8072e-01
545 +2.337396409e+00 +2.337396409e+00 +4.277739641e+01 +4.277739641e+01 +2.7374e+00 +1.2967e+00
6997 +1.210629126e+00 +1.210629126e+00 +4.165062913e+01 +4.165062913e+01 +2.3315e+00 +2.2492e+00
7251 +8.014290930e-01 +8.014290930e-01 +4.124142909e+01 +4.124142909e+01 +2.3281e+00 +2.2610e+00
7670 +5.464429512e-01 +5.464429512e-01 +4.098644295e+01 +4.098644295e+01 +2.3344e+00 +2.2454e+00
11179 +3.347788311e-01 +3.347788311e-01 +4.077477883e+01 +4.077477883e+01 +2.2775e+00 +2.3774e+00
11522 +2.393972970e-01 +2.393972970e-01 +4.067939730e+01 +4.067939730e+01 +2.2777e+00 +2.3774e+00
20648 +6.457193399e-02 +6.457193399e-02 +4.050457193e+01 +4.050457193e+01 +2.0225e+00 +2.9772e+00
20857 +5.314422321e-02 +5.314422321e-02 +4.049314422e+01 +4.049314422e+01 +2.0226e+00 +2.9771e+00
20982 +3.587914948e-02 +3.587914948e-02 +4.047587915e+01 +4.047587915e+01 +2.0227e+00 +2.9772e+00
21247 +1.544633914e-02 +1.544633914e-02 +4.045544634e+01 +4.045544634e+01 +2.0516e+00 +2.9095e+00
22868 +9.999700991e-03 +9.999700991e-03 +4.044999970e+01 +4.044999970e+01 +2.0517e+00 +2.9092e+00
24031 +4.206409192e-03 +4.206409192e-03 +4.044420641e+01 +4.044420641e+01 +2.0652e+00 +2.8772e+00
24563 +3.972860165e-03 +3.972860165e-03 +4.044397286e+01 +4.044397286e+01 +2.0653e+00 +2.8771e+00
50701 +2.297984172e-03 +2.297984172e-03 +4.044229798e+01 +4.044229798e+01 +2.0758e+00 +2.8525e+00
56253 +1.099178151e-03 +1.099178151e-03 +4.044109918e+01 +4.044109918e+01 +2.0835e+00 +2.8342e+00
56466 +6.126268021e-04 +6.126268021e-04 +4.044061263e+01 +4.044061263e+01 +2.0836e+00 +2.8342e+00
66087 +1.309228522e-04 +1.309228522e-04 +4.044013092e+01 +4.044013092e+01 +2.0948e+00 +2.8079e+00
66476 +9.353822285e-05 +9.353822285e-05 +4.044009354e+01 +4.044009354e+01 +2.0948e+00 +2.8079e+00
66797 +6.047184392e-05 +6.047184392e-05 +4.044006047e+01 +4.044006047e+01 +2.0948e+00 +2.8079e+00
72795 +3.906787676e-05 +3.906787676e-05 +4.044003907e+01 +4.044003907e+01 +2.0945e+00 +2.8084e+00
90572 +7.609422994e-07 +7.609422994e-07 +4.044000076e+01 +4.044000076e+01 +2.0917e+00 +2.8152e+00
91317 +5.443182047e-07 +5.443182047e-07 +4.044000054e+01 +4.044000054e+01 +2.0917e+00 +2.8151e+00
92483 +3.649843734e-07 +3.649843734e-07 +4.044000036e+01 +4.044000036e+01 +2.0918e+00 +2.8149e+00
99530 +1.766586948e-07 +1.766586948e-07 +4.044000018e+01 +4.044000018e+01 +2.0919e+00 +2.8147e+00
100426 +1.435610031e-07 +1.435610031e-07 +4.044000014e+01 +4.044000014e+01 +2.0919e+00 +2.8147e+00
112056 +8.741513113e-08 +8.741513113e-08 +4.044000009e+01 +4.044000009e+01 +2.0919e+00 +2.8147e+00
121851 +6.113945261e-08 +6.113945261e-08 +4.044000006e+01 +4.044000006e+01 +2.0919e+00 +2.8146e+00
128955 +3.967767270e-08 +3.967767270e-08 +4.044000004e+01 +4.044000004e+01 +2.0919e+00 +2.8145e+00
132780 +2.385185383e-08 +2.385185383e-08 +4.044000002e+01 +4.044000002e+01 +2.0919e+00 +2.8145e+00
% function evaluation | noise-free fitness - Fopt (-1.216000000000e+02) | best noise-free fitness - Fopt | measured fitness | best measured fitness | x1 | x2...
1 +2.342343276e+06 +2.342343276e+06 +2.342221676e+06 +2.342221676e+06 -3.4113e+00 -2.8315e+00
6 +1.099288741e+05 +1.099288741e+05 +1.098072741e+05 +1.098072741e+05 +5.0261e-01 +5.6011e-01
17 +5.738977174e+03 +5.738977174e+03 +5.617377174e+03 +5.617377174e+03 -4.8413e+00 -2.1178e+00
41 +1.414329113e+03 +1.414329113e+03 +1.292729113e+03 +1.292729113e+03 -8.3236e-02 +5.6688e-01
54 +1.220536909e+02 +1.220536909e+02 +4.536909035e-01 +4.536909035e-01 +4.3549e+00 +3.0517e+00
643 +8.024190216e+01 +8.024190216e+01 -4.135809784e+01 -4.135809784e+01 +4.3392e+00 +3.0550e+00
6218 +6.019625316e+01 +6.019625316e+01 -6.140374684e+01 -6.140374684e+01 +3.8036e+00 +2.7556e+00
10965 +3.965651375e+01 +3.965651375e+01 -8.194348625e+01 -8.194348625e+01 +2.5863e+00 +2.0818e+00
30590 +2.511288048e+01 +2.511288048e+01 -9.648711952e+01 -9.648711952e+01 +1.2705e+00 +1.3553e+00
31147 +1.062081470e+01 +1.062081470e+01 -1.109791853e+02 -1.109791853e+02 -3.7508e-01 +4.4527e-01
31416 +8.463051988e+00 +8.463051988e+00 -1.131369480e+02 -1.131369480e+02 -6.1951e-01 +3.1062e-01
37757 +6.261641754e+00 +6.261641754e+00 -1.153383582e+02 -1.153383582e+02 -9.8347e-01 +1.0917e-01
38468 +3.921894008e+00 +3.921894008e+00 -1.176781060e+02 -1.176781060e+02 -2.2379e+00 -5.8568e-01
38516 +2.264348898e+00 +2.264348898e+00 -1.193356511e+02 -1.193356511e+02 -2.2380e+00 -5.8285e-01
38654 +1.579863359e+00 +1.579863359e+00 -1.200201366e+02 -1.200201366e+02 -2.2225e+00 -5.7570e-01
40825 +9.840333933e-01 +9.840333933e-01 -1.206159666e+02 -1.206159666e+02 -2.3631e+00 -6.5294e-01
40952 +5.764972946e-01 +5.764972946e-01 -1.210235027e+02 -1.210235027e+02 -2.5568e+00 -7.6046e-01
42230 +3.441501906e-01 +3.441501906e-01 -1.212558498e+02 -1.212558498e+02 -2.6871e+00 -8.3201e-01
48927 +2.435793615e-01 +2.435793615e-01 -1.213564206e+02 -1.213564206e+02 -2.8108e+00 -9.0036e-01
53334 +1.572023259e-01 +1.572023259e-01 -1.214427977e+02 -1.214427977e+02 -2.9535e+00 -9.7910e-01
54379 +9.143832474e-02 +9.143832474e-02 -1.215085617e+02 -1.215085617e+02 -2.9678e+00 -9.8729e-01
65511 +6.290068122e-02 +6.290068122e-02 -1.215370993e+02 -1.215370993e+02 -3.0095e+00 -1.0103e+00
71114 +2.850448734e-02 +2.850448734e-02 -1.215714955e+02 -1.215714955e+02 -3.0988e+00 -1.0596e+00
72010 +2.504526658e-02 +2.504526658e-02 -1.215749547e+02 -1.215749547e+02 -3.0993e+00 -1.0600e+00
83705 +1.214581404e-02 +1.214581404e-02 -1.215878542e+02 -1.215878542e+02 -3.1362e+00 -1.0803e+00
93627 +9.410561867e-03 +9.410561867e-03 -1.215905894e+02 -1.215905894e+02 -3.1453e+00 -1.0854e+00
96593 +5.845530626e-03 +5.845530626e-03 -1.215941545e+02 -1.215941545e+02 -3.1563e+00 -1.0915e+00
108584 +3.730573255e-03 +3.730573255e-03 -1.215962694e+02 -1.215962694e+02 -3.1724e+00 -1.1004e+00
121379 +1.563961700e-03 +1.563961700e-03 -1.215984360e+02 -1.215984360e+02 -3.1980e+00 -1.1146e+00
126215 +7.525531747e-04 +7.525531747e-04 -1.215992474e+02 -1.215992474e+02 -3.2119e+00 -1.1222e+00
126251 +4.415808854e-04 +4.415808854e-04 -1.215995584e+02 -1.215995584e+02 -3.2117e+00 -1.1221e+00
128408 +3.980697985e-04 +3.980697985e-04 -1.215996019e+02 -1.215996019e+02 -3.2121e+00 -1.1223e+00
147262 +1.421572149e-04 +1.421572149e-04 -1.215998578e+02 -1.215998578e+02 -3.2195e+00 -1.1264e+00
% function evaluation | noise-free fitness - Fopt (-3.811000000000e+01) | best noise-free fitness - Fopt | measured fitness | best measured fitness | x1 | x2...
1 +4.106873332e+05 +4.106873332e+05 +4.106492232e+05 +4.106492232e+05 -1.3382e+00 +3.3332e-01
2 +1.887452996e+05 +1.887452996e+05 +1.887071896e+05 +1.887071896e+05 -1.0568e+00 +2.6799e+00
5 +1.472662304e+05 +1.472662304e+05 +1.472281204e+05 +1.472281204e+05 -3.1554e+00 -4.3853e+00
12 +2.427558600e+03 +2.427558600e+03 +2.389448600e+03 +2.389448600e+03 -1.3003e+00 +4.1707e+00
15 +3.458519079e+01 +3.458519079e+01 -3.524809210e+00 -3.524809210e+00 -1.4966e+00 +2.7865e+00
642 +1.455741289e+01 +1.455741289e+01 -2.355258711e+01 -2.355258711e+01 -1.7618e+00 +1.3192e+00
11496 +9.887601233e+00 +9.887601233e+00 -2.822239877e+01 -2.822239877e+01 -1.8687e+00 +7.1927e-01
22862 +3.614788938e+00 +3.614788938e+00 -3.449521106e+01 -3.449521106e+01 -2.1077e+00 -6.2525e-01
32361 +2.392033729e+00 +2.392033729e+00 -3.571796627e+01 -3.571796627e+01 -2.2861e+00 -1.6168e+00
32586 +5.836264116e-01 +5.836264116e-01 -3.752637359e+01 -3.752637359e+01 -2.2833e+00 -1.6097e+00
38657 +3.078670574e-01 +3.078670574e-01 -3.780213294e+01 -3.780213294e+01 -2.3222e+00 -1.8274e+00
47252 +2.463789129e-01 +2.463789129e-01 -3.786362109e+01 -3.786362109e+01 -2.3512e+00 -1.9886e+00
49876 +1.248129997e-01 +1.248129997e-01 -3.798518700e+01 -3.798518700e+01 -2.3736e+00 -2.1146e+00
50186 +9.089226493e-02 +9.089226493e-02 -3.801910774e+01 -3.801910774e+01 -2.3735e+00 -2.1146e+00
58652 +6.174291050e-02 +6.174291050e-02 -3.804825709e+01 -3.804825709e+01 -2.3838e+00 -2.1730e+00
65293 +3.511334802e-02 +3.511334802e-02 -3.807488665e+01 -3.807488665e+01 -2.3940e+00 -2.2302e+00
84137 +2.407283005e-02 +2.407283005e-02 -3.808592717e+01 -3.808592717e+01 -2.4001e+00 -2.2643e+00
94353 +1.478043289e-02 +1.478043289e-02 -3.809521957e+01 -3.809521957e+01 -2.4051e+00 -2.2919e+00
98961 +6.827456316e-03 +6.827456316e-03 -3.810317254e+01 -3.810317254e+01 -2.4100e+00 -2.3199e+00
99880 +2.581922446e-03 +2.581922446e-03 -3.810741808e+01 -3.810741808e+01 -2.4196e+00 -2.3731e+00
99957 +2.506180147e-03 +2.506180147e-03 -3.810749382e+01 -3.810749382e+01 -2.4196e+00 -2.3731e+00
100131 +1.400874044e-03 +1.400874044e-03 -3.810859913e+01 -3.810859913e+01 -2.4195e+00 -2.3731e+00
113497 +4.047368336e-04 +4.047368336e-04 -3.810959526e+01 -3.810959526e+01 -2.4221e+00 -2.3874e+00
116213 +3.979943200e-04 +3.979943200e-04 -3.810960201e+01 -3.810960201e+01 -2.4221e+00 -2.3875e+00
129690 +5.260910056e-05 +5.260910056e-05 -3.810994739e+01 -3.810994739e+01 -2.4243e+00 -2.3996e+00
