% function evaluation | noise-free fitness - Fopt (-6.211100000000e+02) | best noise-free fitness - Fopt | measured fitness | best measured fitness | x1 | x2...
1 +3.085230900e+09 +3.085230900e+09 +3.085230279e+09 +3.085230279e+09 -3.1549e+00 -2.0707e+00
2 +5.086099376e+08 +5.086099376e+08 +5.086093165e+08 +5.086093165e+08 -2.5646e-01 -5.3306e-01
8 +8.593756781e+03 +8.593756781e+03 +7.972646781e+03 +7.972646781e+03 +2.5268e-01 +3.8642e+00
28 +3.214057866e+03 +3.214057866e+03 +2.592947866e+03 +2.592947866e+03 -9.2084e-01 +3.9099e+00
106 +1.043573312e+02 +1.043573312e+02 -5.167526688e+02 -5.167526688e+02 +7.8522e-02 +4.0062e+00
312 +8.420665359e+01 +8.420665359e+01 -5.369033464e+02 -5.369033464e+02 +4.7969e+00 +4.0123e+00
469 +6.392648647e+00 +6.392648647e+00 -6.147173514e+02 -6.147173514e+02 -5.4985e-01 +3.9902e+00
638 +3.767451216e+00 +3.767451216e+00 -6.173425488e+02 -6.173425488e+02 +8.1263e-02 +3.9977e+00
701 +9.787511001e-01 +9.787511001e-01 -6.201312489e+02 -6.201312489e+02 +5.8552e-02 +3.9956e+00
735 +5.311684944e-01 +5.311684944e-01 -6.205788315e+02 -6.205788315e+02 -1.0521e+00 +3.9911e+00
925 +5.298031270e-02 +5.298031270e-02 -6.210570197e+02 -6.210570197e+02 -1.0640e+00 +3.9905e+00
1088 +3.553234465e-02 +3.553234465e-02 -6.210744677e+02 -6.210744677e+02 -1.0641e+00 +3.9904e+00
4479 +1.067844062e-02 +1.067844062e-02 -6.210993216e+02 -6.210993216e+02 -9.2623e-01 +3.9909e+00
5027 +5.460535612e-03 +5.460535612e-03 -6.211045395e+02 -6.211045395e+02 -9.2622e-01 +3.9910e+00
5141 +3.508416533e-03 +3.508416533e-03 -6.211064916e+02 -6.211064916e+02 -9.2597e-01 +3.9910e+00
5151 +1.589671306e-03 +1.589671306e-03 -6.211084103e+02 -6.211084103e+02 -9.2603e-01 +3.9910e+00
5250 +1.401119774e-03 +1.401119774e-03 -6.211085989e+02 -6.211085989e+02 -9.2610e-01 +3.9910e+00
5912 +9.725439901e-04 +9.725439901e-04 -6.211090275e+02 -6.211090275e+02 -9.2290e-01 +3.9910e+00
6356 +4.415961401e-04 +4.415961401e-04 -6.211095584e+02 -6.211095584e+02 -9.0963e-01 +3.9911e+00
6397 +3.514278618e-04 +3.514278618e-04 -6.211096486e+02 -6.211096486e+02 -9.0964e-01 +3.9911e+00
8180 +1.543828248e-04 +1.543828248e-04 -6.211098456e+02 -6.211098456e+02 -8.8736e-01 +3.9912e+00
8389 +3.220882945e-05 +3.220882945e-05 -6.211099678e+02 -6.211099678e+02 -8.8734e-01 +3.9912e+00
8651 +2.350285524e-05 +2.350285524e-05 -6.211099765e+02 -6.211099765e+02 -8.8721e-01 +3.9912e+00
27139 +1.556455038e-05 +1.556455038e-05 -6.211099844e+02 -6.211099844e+02 -8.8808e-01 +3.9912e+00
40135 +9.188081890e-06 +9.188081890e-06 -6.211099908e+02 -6.211099908e+02 -8.9189e-01 +3.9912e+00
40746 +4.625361157e-06 +4.625361157e-06 -6.211099954e+02 -6.211099954e+02 -8.9189e-01 +3.9912e+00
40785 +3.237921874e-06 +3.237921874e-06 -6.211099968e+02 -6.211099968e+02 -8.9189e-01 +3.9912e+00
40896 +1.127443738e-07 +1.127443738e-07 -6.211099999e+02 -6.211099999e+02 -8.9189e-01 +3.9912e+00
41206 +3.992477104e-08 +3.992477104e-08 -6.211100000e+02 -6.211100000e+02 -8.9189e-01 +3.9912e+00
41290 +1.897831226e-08 +1.897831226e-08 -6.211100000e+02 -6.211100000e+02 -8.9189e-01 +3.9912e+00
41490 +1.278522177e-08 +1.278522177e-08 -6.211100000e+02 -6.211100000e+02 -8.9189e-01 +3.9912e+00
56836 +7.301196092e-09 +7.301196092e-09 -6.211100000e+02 -6.211100000e+02 -8.9200e-01 +3.9912e+00
% function evaluation | noise-free fitness - Fopt (-2.548200000000e+02) | best noise-free fitness - Fopt | measured fitness | best measured fitness | x1 | x2...
1 +1.655344322e+08 +1.655344322e+08 +1.655341774e+08 +1.655341774e+08 +3.9816e+00 -4.3425e+00
3 +5.829898838e+07 +5.829898838e+07 +5.829873356e+07 +5.829873356e+07 +4.4912e-01 +1.6167e+00
4 +1.378485443e+05 +1.378485443e+05 +1.375937243e+05 +1.375937243e+05 +2.2830e+00 +3.5319e+00
65 +5.602866668e+03 +5.602866668e+03 +5.348046668e+03 +5.348046668e+03 +3.3022e+00 +3.7885e+00
116 +3.397378931e+03 +3.397378931e+03 +3.142558931e+03 +3.142558931e+03 +4.8491e+00 +3.8191e+00
281 +2.302922404e+01 +2.302922404e+01 -2.317907760e+02 -2.317907760e+02 +4.2759e+00 +3.7560e+00
647 +3.004176785e+00 +3.004176785e+00 -2.518158232e+02 -2.518158232e+02 +4.2848e+00 +3.7592e+00
727 +1.370648999e+00 +1.370648999e+00 -2.534493510e+02 -2.534493510e+02 +4.2800e+00 +3.7618e+00
756 +4.597096728e-01 +4.597096728e-01 -2.543602903e+02 -2.543602903e+02 +4.2804e+00 +3.7604e+00
1048 +3.266207583e-01 +3.266207583e-01 -2.544933792e+02 -2.544933792e+02 +4.2829e+00 +3.7606e+00
2140 +3.859788111e-03 +3.859788111e-03 -2.548161402e+02 -2.548161402e+02 +3.6589e+00 +3.7495e+00
9952 +2.161929197e-03 +2.161929197e-03 -2.548178381e+02 -2.548178381e+02 +3.6818e+00 +3.7530e+00
22642 +8.867258126e-04 +8.867258126e-04 -2.548191133e+02 -2.548191133e+02 +3.7040e+00 +3.7563e+00
28652 +1.913632376e-04 +1.913632376e-04 -2.548198086e+02 -2.548198086e+02 +3.7242e+00 +3.7591e+00
30036 +6.298281045e-05 +6.298281045e-05 -2.548199370e+02 -2.548199370e+02 +3.7320e+00 +3.7600e+00
54446 +3.890715487e-05 +3.890715487e-05 -2.548199611e+02 -2.548199611e+02 +3.7335e+00 +3.7602e+00
92227 +2.506225650e-05 +2.506225650e-05 -2.548199749e+02 -2.548199749e+02 +3.7350e+00 +3.7604e+00
132330 +1.570807143e-05 +1.570807143e-05 -2.548199843e+02 -2.548199843e+02 +3.7363e+00 +3.7605e+00
140768 +4.887916703e-06 +4.887916703e-06 -2.548199951e+02 -2.548199951e+02 +3.7430e+00 +3.7608e+00
145925 +3.969705631e-06 +3.969705631e-06 -2.548199960e+02 -2.548199960e+02 +3.7428e+00 +3.7608e+00
% function evaluation | noise-free fitness - Fopt (5.661000000000e+01) | best noise-free fitness - Fopt | measured fitness | best measured fitness | x1 | x2...
1 +7.536896711e+09 +7.536896711e+09 +7.536896768e+09 +7.536896768e+09 -1.4314e+00 +4.2836e+00
2 +3.193223179e+07 +3.193223179e+07 +3.193228840e+07 +3.193228840e+07 -4.5277e+00 +8.7955e-01
3 +1.863603782e+07 +1.863603782e+07 +1.863609443e+07 +1.863609443e+07 +1.8888e+00 -2.2933e+00
5 +1.820728715e+04 +1.820728715e+04 +1.826389715e+04 +1.826389715e+04 -2.9974e+00 -2.7595e+00
114 +3.442609096e+02 +3.442609096e+02 +4.008709096e+02 +4.008709096e+02 -2.4875e+00 -3.2927e+00
418 +2.114472470e+01 +2.114472470e+01 +7.775472470e+01 +7.775472470e+01 -4.6949e+00 -1.5200e+00
567 +6.536104712e+00 +6.536104712e+00 +6.314610471e+01 +6.314610471e+01 -4.6173e+00 -1.5732e+00
765 +1.369095802e+00 +1.369095802e+00 +5.797909580e+01 +5.797909580e+01 -4.7046e+00 -1.5057e+00
1022 +9.289764219e-01 +9.289764219e-01 +5.753897642e+01 +5.753897642e+01 -4.3654e+00 -1.7889e+00
1069 +5.890487156e-01 +5.890487156e-01 +5.719904872e+01 +5.719904872e+01 -4.3680e+00 -1.7883e+00
7762 +3.841281028e-01 +3.841281028e-01 +5.699412810e+01 +5.699412810e+01 -4.3189e+00 -1.8313e+00
9123 +1.901166338e-01 +1.901166338e-01 +5.680011663e+01 +5.680011663e+01 -4.1791e+00 -1.9602e+00
10901 +1.415735382e-01 +1.415735382e-01 +5.675157354e+01 +5.675157354e+01 -4.0874e+00 -2.0481e+00
11095 +5.919762111e-02 +5.919762111e-02 +5.666919762e+01 +5.666919762e+01 -4.0332e+00 -2.1020e+00
12148 +2.910482330e-02 +2.910482330e-02 +5.663910482e+01 +5.663910482e+01 -3.9648e+00 -2.1704e+00
12579 +2.274717618e-02 +2.274717618e-02 +5.663274718e+01 +5.663274718e+01 -3.9649e+00 -2.1705e+00
17259 +1.584712279e-02 +1.584712279e-02 +5.662584712e+01 +5.662584712e+01 -3.9463e+00 -2.1892e+00
23629 +9.436679044e-03 +9.436679044e-03 +5.661943668e+01 +5.661943668e+01 -3.9233e+00 -2.2122e+00
29737 +5.870107791e-03 +5.870107791e-03 +5.661587011e+01 +5.661587011e+01 -3.9083e+00 -2.2271e+00
34414 +3.864654291e-03 +3.864654291e-03 +5.661386465e+01 +5.661386465e+01 -3.8951e+00 -2.2401e+00
43010 +1.600252567e-03 +1.600252567e-03 +5.661160025e+01 +5.661160025e+01 -3.8799e+00 -2.2549e+00
43292 +1.575942906e-03 +1.575942906e-03 +5.661157594e+01 +5.661157594e+01 -3.8799e+00 -2.2549e+00
44957 +8.275667964e-04 +8.275667964e-04 +5.661082757e+01 +5.661082757e+01 -3.8723e+00 -2.2619e+00
62550 +6.287714231e-04 +6.287714231e-04 +5.661062877e+01 +5.661062877e+01 -3.8705e+00 -2.2637e+00
80013 +3.956674959e-04 +3.956674959e-04 +5.661039567e+01 +5.661039567e+01 -3.8665e+00 -2.2674e+00
84814 +2.009955810e-04 +2.009955810e-04 +5.661020100e+01 +5.661020100e+01 -3.8609e+00 -2.2725e+00
84882 +1.563221086e-04 +1.563221086e-04 +5.661015632e+01 +5.661015632e+01 -3.8608e+00 -2.2726e+00
104863 +1.145660399e-05 +1.145660399e-05 +5.661001146e+01 +5.661001146e+01 -3.8536e+00 -2.2789e+00
105049 +9.174755164e-06 +9.174755164e-06 +5.661000917e+01 +5.661000917e+01 -3.8536e+00 -2.2789e+00
113400 +6.297077178e-06 +6.297077178e-06 +5.661000630e+01 +5.661000630e+01 -3.8532e+00 -2.2792e+00
121028 +3.941525890e-06 +3.941525890e-06 +5.661000394e+01 +5.661000394e+01 -3.8528e+00 -2.2795e+00
142371 +2.155371476e-06 +2.155371476e-06 +5.661000216e+01 +5.661000216e+01 -3.8524e+00 -2.2799e+00
% function evaluation | noise-free fitness - Fopt (-1.810000000000e+01) | best noise-free fitness - Fopt | measured fitness | best measured fitness | x1 | x2...
1 +1.996607925e+07 +1.996607925e+07 +1.996606115e+07 +1.996606115e+07 +2.8601e+00 +4.5335e+00
3 +9.798805476e+06 +9.798805476e+06 +9.798787376e+06 +9.798787376e+06 -3.2095e+00 -1.6881e+00
4 +5.866430070e+05 +5.866430070e+05 +5.866249070e+05 +5.866249070e+05 -5.1434e-01 -8.6689e-02
13 +1.962125655e+05 +1.962125655e+05 +1.961944655e+05 +1.961944655e+05 +2.0239e+00 -3.1097e-01
37 +9.061347220e+02 +9.061347220e+02 +8.880347220e+02 +8.880347220e+02 +3.7646e+00 -2.6857e-01
554 +3.813745282e+01 +3.813745282e+01 +2.003745282e+01 +2.003745282e+01 -1.2741e+00 +8.4598e-01
771 +8.684492555e+00 +8.684492555e+00 -9.415507445e+00 -9.415507445e+00 +1.3213e+00 +2.9828e-01
1042 +4.517183105e+00 +4.517183105e+00 -1.358281690e+01 -1.358281690e+01 +1.3282e+00 +2.9377e-01
1069 +3.063371516e+00 +3.063371516e+00 -1.503662848e+01 -1.503662848e+01 -1.2784e+00 +8.5158e-01
1224 +1.038922220e+00 +1.038922220e+00 -1.706107778e+01 -1.706107778e+01 -1.2798e+00 +8.5448e-01
1289 +9.381727228e-01 +9.381727228e-01 -1.716182728e+01 -1.716182728e+01 +3.3122e-01 +5.1252e-01
1684 +3.470978703e-01 +3.470978703e-01 -1.775290213e+01 -1.775290213e+01 -1.2831e+00 +8.5429e-01
2934 +2.228344414e-01 +2.228344414e-01 -1.787716556e+01 -1.787716556e+01 -1.1773e+00 +8.3019e-01
3637 +1.361346049e-01 +1.361346049e-01 -1.796386540e+01 -1.796386540e+01 -9.6659e-01 +7.8553e-01
4079 +7.346451683e-02 +7.346451683e-02 -1.802653548e+01 -1.802653548e+01 -9.6648e-01 +7.8571e-01
7515 +1.409580572e-02 +1.409580572e-02 -1.808590419e+01 -1.808590419e+01 -7.8209e-01 +7.5014e-01
7955 +1.419981105e-03 +1.419981105e-03 -1.809858002e+01 -1.809858002e+01 -6.6348e-01 +7.2836e-01
18280 +9.578537807e-04 +9.578537807e-04 -1.809904215e+01 -1.809904215e+01 -6.5562e-01 +7.2694e-01
31894 +6.090362542e-04 +6.090362542e-04 -1.809939096e+01 -1.809939096e+01 -6.4726e-01 +7.2541e-01
33323 +3.930763730e-04 +3.930763730e-04 -1.809960692e+01 -1.809960692e+01 -6.1268e-01 +7.1880e-01
33581 +2.197134911e-04 +2.197134911e-04 -1.809978029e+01 -1.809978029e+01 -6.1292e-01 +7.1886e-01
33647 +2.536371688e-05 +2.536371688e-05 -1.809997464e+01 -1.809997464e+01 -6.1268e-01 +7.1882e-01
33928 +6.044551796e-06 +6.044551796e-06 -1.809999396e+01 -1.809999396e+01 -6.1251e-01 +7.1879e-01
34133 +3.476584610e-06 +3.476584610e-06 -1.809999652e+01 -1.809999652e+01 -6.1288e-01 +7.1887e-01
34723 +2.491714209e-06 +2.491714209e-06 -1.809999751e+01 -1.809999751e+01 -6.1288e-01 +7.1887e-01
41676 +1.200376204e-06 +1.200376204e-06 -1.809999880e+01 -1.809999880e+01 -6.1335e-01 +7.1897e-01
57056 +9.415801472e-07 +9.415801472e-07 -1.809999906e+01 -1.809999906e+01 -6.1346e-01 +7.1899e-01
76568 +5.832081413e-07 +5.832081413e-07 -1.809999942e+01 -1.809999942e+01 -6.1367e-01 +7.1904e-01
83739 +3.836879223e-07 +3.836879223e-07 -1.809999962e+01 -1.809999962e+01 -6.1392e-01 +7.1910e-01
83963 +2.392900420e-07 +2.392900420e-07 -1.809999976e+01 -1.809999976e+01 -6.1392e-01 +7.1910e-01
86834 +1.237130220e-07 +1.237130220e-07 -1.809999988e+01 -1.809999988e+01 -6.1406e-01 +7.1913e-01
93298 +9.661267697e-08 +9.661267697e-08 -1.809999990e+01 -1.809999990e+01 -6.1410e-01 +7.1913e-01
96845 +4.661359299e-08 +4.661359299e-08 -1.809999995e+01 -1.809999995e+01 -6.1419e-01 +7.1915e-01
107665 +1.698513330e-08 +1.698513330e-08 -1.809999998e+01 -1.809999998e+01 -6.1428e-01 +7.1917e-01
111129 +1.573048891e-08 +1.573048891e-08 -1.809999998e+01 -1.809999998e+01 -6.1428e-01 +7.1917e-01
118531 +9.948582402e-09 +9.948582402e-09 -1.809999999e+01 -1.809999999e+01 -6.1432e-01 +7.1918e-01
% function evaluation | noise-free fitness - Fopt (3.777000000000e+01) | best noise-free fitness - Fopt | measured fitness | best measured fitness | x1 | x2...
1 +1.258833272e+07 +1.258833272e+07 +1.258837049e+07 +1.258837049e+07 +2.2729e+00 -1.4888e+00
3 +2.958841719e+06 +2.958841719e+06 +2.958879489e+06 +2.958879489e+06 -3.9856e+00 +3.3907e-01
13 +4.277699955e+05 +4.277699955e+05 +4.278077655e+05 +4.278077655e+05 -4.8622e+00 +1.4052e+00
18 +3.533202733e+04 +3.533202733e+04 +3.536979733e+04 +3.536979733e+04 -2.2114e+00 +1.8712e+00
28 +1.063314798e+04 +1.063314798e+04 +1.067091798e+04 +1.067091798e+04 -4.9329e-01 +2.0173e+00
73 +1.917814599e+03 +1.917814599e+03 +1.955584599e+03 +1.955584599e+03 +2.6175e+00 +1.2082e+00
109 +9.468331458e+02 +9.468331458e+02 +9.846031458e+02 +9.846031458e+02 -2.4637e+00 +2.0899e+00
477 +4.572859652e+02 +4.572859652e+02 +4.950559652e+02 +4.950559652e+02 -2.4990e+00 +2.0379e+00
551 +2.557459155e+02 +2.557459155e+02 +2.935159155e+02 +2.935159155e+02 -2.5089e+00 +2.0433e+00
646 +2.103609083e+02 +2.103609083e+02 +2.481309083e+02 +2.481309083e+02 -2.4971e+00 +2.0448e+00
673 +1.193263958e+02 +1.193263958e+02 +1.570963958e+02 +1.570963958e+02 +5.8457e-01 +2.0272e+00
757 +2.412337109e+01 +2.412337109e+01 +6.189337109e+01 +6.189337109e+01 -2.5036e+00 +2.0545e+00
784 +3.317929622e+00 +3.317929622e+00 +4.108792962e+01 +4.108792962e+01 -2.4312e+00 +2.0581e+00
1278 +2.358624779e+00 +2.358624779e+00 +4.012862478e+01 +4.012862478e+01 -2.4322e+00 +2.0597e+00
3513 +1.576634310e+00 +1.576634310e+00 +3.934663431e+01 +3.934663431e+01 -2.2326e+00 +2.0591e+00
18580 +8.981614995e-01 +8.981614995e-01 +3.866816150e+01 +3.866816150e+01 -1.8502e+00 +2.0588e+00
20115 +5.430985693e-01 +5.430985693e-01 +3.831309857e+01 +3.831309857e+01 -1.6416e+00 +2.0595e+00
20701 +3.457713211e-01 +3.457713211e-01 +3.811577132e+01 +3.811577132e+01 -1.5354e+00 +2.0594e+00
24388 +2.066434531e-01 +2.066434531e-01 +3.797664345e+01 +3.797664345e+01 -1.4059e+00 +2.0590e+00
27215 +1.506560426e-01 +1.506560426e-01 +3.792065604e+01 +3.792065604e+01 -1.3668e+00 +2.0592e+00
39760 +9.714519001e-02 +9.714519001e-02 +3.786714519e+01 +3.786714519e+01 -1.2898e+00 +2.0592e+00
43586 +3.238129720e-02 +3.238129720e-02 +3.780238130e+01 +3.780238130e+01 -1.0457e+00 +2.0590e+00
43793 +4.548148590e-03 +4.548148590e-03 +3.777454815e+01 +3.777454815e+01 -1.0456e+00 +2.0592e+00
45890 +3.956104601e-03 +3.956104601e-03 +3.777395610e+01 +3.777395610e+01 -1.0421e+00 +2.0592e+00
47307 +2.486158730e-03 +2.486158730e-03 +3.777248616e+01 +3.777248616e+01 -1.0284e+00 +2.0592e+00
48479 +8.018879315e-04 +8.018879315e-04 +3.777080189e+01 +3.777080189e+01 -1.0053e+00 +2.0592e+00
56595 +6.279911875e-04 +6.279911875e-04 +3.777062799e+01 +3.777062799e+01 -1.0041e+00 +2.0592e+00
58773 +3.576745477e-04 +3.576745477e-04 +3.777035767e+01 +3.777035767e+01 -9.9642e-01 +2.0592e+00
79418 +1.224436551e-04 +1.224436551e-04 +3.777012244e+01 +3.777012244e+01 -9.9016e-01 +2.0592e+00
85787 +4.406353437e-05 +4.406353437e-05 +3.777004406e+01 +3.777004406e+01 -9.8575e-01 +2.0592e+00
89017 +3.928371754e-05 +3.928371754e-05 +3.777003928e+01 +3.777003928e+01 -9.8545e-01 +2.0592e+00
93569 +1.235079711e-05 +1.235079711e-05 +3.777001235e+01 +3.777001235e+01 -9.8026e-01 +2.0592e+00
94018 +4.366064410e-06 +4.366064410e-06 +3.777000437e+01 +3.777000437e+01 -9.8036e-01 +2.0592e+00
94368 +9.785710375e-07 +9.785710375e-07 +3.777000098e+01 +3.777000098e+01 -9.8017e-01 +2.0592e+00
108712 +6.262077292e-07 +6.262077292e-07 +3.777000063e+01 +3.777000063e+01 -9.7999e-01 +2.0592e+00
111863 +2.481879733e-07 +2.481879733e-07 +3.777000025e+01 +3.777000025e+01 -9.7969e-01 +2.0592e+00
125939 +1.451753135e-07 +1.451753135e-07 +3.777000015e+01 +3.777000015e+01 -9.7945e-01 +2.0592e+00
126692 +6.365988980e-08 +6.365988980e-08 +3.777000006e+01 +3.777000006e+01 -9.7945e-01 +2.0592e+00
128486 +2.842657665e-08 +2.842657665e-08 +3.777000003e+01 +3.777000003e+01 -9.7937e-01 +2.0592e+00
137625 +9.987381588e-09 +9.987381588e-09 +3.777000001e+01 +3.777000001e+01 -9.7930e-01 +2.0592e+00
% function evaluation | noise-free fitness - Fopt (-1.523000000000e+01) | best noise-free fitness - Fopt | measured fitness | best measured fitness | x1 | x2...
1 +5.838781941e+07 +5.838781941e+07 +5.838780418e+07 +5.838780418e+07 -3.0380e-01 -4.8227e+00
2 +2.698367086e+07 +2.698367086e+07 +2.698365563e+07 +2.698365563e+07 +3.5349e+00 -4.8619e+00
5 +2.079112654e+07 +2.079112654e+07 +2.079111131e+07 +2.079111131e+07 +1.7302e+00 -2.8352e+00
6 +9.102670320e+05 +9.102670320e+05 +9.102518020e+05 +9.102518020e+05 +3.6152e+00 +2.8840e-01
18 +2.611402066e+05 +2.611402066e+05 +2.611249766e+05 +2.611249766e+05 +3.0301e+00 +2.4785e+00
104 +2.471465007e+05 +2.471465007e+05 +2.471312707e+05 +2.471312707e+05 +4.6862e+00 +1.3071e+00
126 +1.474043891e+05 +1.474043891e+05 +1.473891591e+05 +1.473891591e+05 +3.4263e+00 +1.1202e+00
143 +9.017684809e+04 +9.017684809e+04 +9.016161809e+04 +9.016161809e+04 +4.9004e+00 +9.1267e-01
177 +2.671040724e+04 +2.671040724e+04 +2.669517724e+04 +2.669517724e+04 +2.2398e+00 +2.4259e+00
356 +1.020704626e+04 +1.020704626e+04 +1.019181626e+04 +1.019181626e+04 +2.5310e+00 +2.1557e+00
585 +7.865497010e+01 +7.865497010e+01 +6.342497010e+01 +6.342497010e+01 +2.6953e+00 +2.1335e+00
829 +5.984887244e+00 +5.984887244e+00 -9.245112756e+00 -9.245112756e+00 +2.5702e+00 +2.2465e+00
967 +2.789332591e+00 +2.789332591e+00 -1.244066741e+01 -1.244066741e+01 +2.6922e+00 +2.1234e+00
1031 +1.971664628e+00 +1.971664628e+00 -1.325833537e+01 -1.325833537e+01 +2.8702e+00 +1.9630e+00
1050 +1.449323462e+00 +1.449323462e+00 -1.378067654e+01 -1.378067654e+01 +2.6888e+00 +2.1277e+00
1359 +6.125475662e-01 +6.125475662e-01 -1.461745243e+01 -1.461745243e+01 +2.8725e+00 +1.9627e+00
8763 +3.617293917e-01 +3.617293917e-01 -1.486827061e+01 -1.486827061e+01 +3.0003e+00 +1.8599e+00
10609 +1.320122767e-01 +1.320122767e-01 -1.509798772e+01 -1.509798772e+01 +3.1802e+00 +1.7306e+00
13930 +9.473474775e-02 +9.473474775e-02 -1.513526525e+01 -1.513526525e+01 +3.2387e+00 +1.6915e+00
29527 +6.271168184e-02 +6.271168184e-02 -1.516728832e+01 -1.516728832e+01 +3.2872e+00 +1.6603e+00
37940 +2.527259320e-02 +2.527259320e-02 -1.520472741e+01 -1.520472741e+01 +3.3868e+00 +1.5989e+00
38568 +2.480932947e-02 +2.480932947e-02 -1.520519067e+01 -1.520519067e+01 +3.3870e+00 +1.5988e+00
69133 +1.561332800e-02 +1.561332800e-02 -1.521438667e+01 -1.521438667e+01 +3.4252e+00 +1.5760e+00
70227 +5.711755996e-04 +5.711755996e-04 -1.522942882e+01 -1.522942882e+01 +3.5754e+00 +1.4885e+00
70644 +7.426603922e-05 +7.426603922e-05 -1.522992573e+01 -1.522992573e+01 +3.5753e+00 +1.4885e+00
70827 +4.928334308e-05 +4.928334308e-05 -1.522995072e+01 -1.522995072e+01 +3.5753e+00 +1.4885e+00
70967 +5.771834740e-06 +5.771834740e-06 -1.522999423e+01 -1.522999423e+01 +3.5755e+00 +1.4884e+00
71556 +1.872844125e-06 +1.872844125e-06 -1.522999813e+01 -1.522999813e+01 +3.5755e+00 +1.4884e+00
71605 +7.691956121e-07 +7.691956121e-07 -1.522999923e+01 -1.522999923e+01 +3.5753e+00 +1.4885e+00
71902 +3.410563796e-07 +3.410563796e-07 -1.522999966e+01 -1.522999966e+01 +3.5755e+00 +1.4884e+00
72650 +1.508898340e-07 +1.508898340e-07 -1.522999985e+01 -1.522999985e+01 +3.5757e+00 +1.4882e+00
84926 +1.814615302e-08 +1.814615302e-08 -1.522999998e+01 -1.522999998e+01 +3.5759e+00 +1.4881e+00
92445 +3.116143787e-09 +3.116143787e-09 -1.523000000e+01 -1.523000000e+01 +3.5760e+00 +1.4880e+00
% function evaluation | noise-free fitness - Fopt (-1.614300000000e+02) | best noise-free fitness - Fopt | measured fitness | best measured fitness | x1 | x2...
1 +2.360737785e+07 +2.360737785e+07 +2.360721642e+07 +2.360721642e+07 -1.0429e+00 +2.0838e+00
2 +8.629761780e+06 +8.629761780e+06 +8.629600350e+06 +8.629600350e+06 -9.8745e-01 -8.2320e-01
3 +1.874740592e+06 +1.874740592e+06 +1.874579162e+06 +1.874579162e+06 +3.1546e+00 -2.6090e+00
6 +1.070930285e+06 +1.070930285e+06 +1.070768855e+06 +1.070768855e+06 +2.3639e+00 +1.9988e-01
8 +2.237312130e+05 +2.237312130e+05 +2.235697830e+05 +2.235697830e+05 +1.4796e+00 -1.7420e+00
16 +7.853245994e+04 +7.853245994e+04 +7.837102994e+04 +7.837102994e+04 +2.9520e+00 -2.7314e-01
39 +7.667798933e+03 +7.667798933e+03 +7.506368933e+03 +7.506368933e+03 +2.9596e+00 -5.6544e-01
80 +8.249036661e+02 +8.249036661e+02 +6.634736661e+02 +6.634736661e+02 +3.7572e+00 +3.0102e-01
369 +9.347790966e+01 +9.347790966e+01 -6.795209034e+01 -6.795209034e+01 +9.5317e-01 -3.1297e+00
635 +3.251924496e+01 +3.251924496e+01 -1.289107550e+02 -1.289107550e+02 +9.3968e-01 -3.1397e+00
761 +1.741112941e+01 +1.741112941e+01 -1.440188706e+02 -1.440188706e+02 +9.5533e-01 -3.1185e+00
801 +4.844957606e-01 +4.844957606e-01 -1.609455042e+02 -1.609455042e+02 +9.4605e-01 -3.1234e+00
7400 +3.889842915e-01 +3.889842915e-01 -1.610410157e+02 -1.610410157e+02 +9.0385e-01 -3.1739e+00
19575 +1.800453090e-01 +1.800453090e-01 -1.612499547e+02 -1.612499547e+02 +7.0075e-01 -3.4186e+00
19673 +1.159823580e-01 +1.159823580e-01 -1.613140176e+02 -1.613140176e+02 +7.0070e-01 -3.4185e+00
19816 +8.280466023e-02 +8.280466023e-02 -1.613471953e+02 -1.613471953e+02 +6.8938e-01 -3.4319e+00
24241 +5.981251598e-02 +5.981251598e-02 -1.613701875e+02 -1.613701875e+02 +6.6197e-01 -3.4648e+00
29245 +2.910819230e-02 +2.910819230e-02 -1.614008918e+02 -1.614008918e+02 +6.1355e-01 -3.5230e+00
32666 +2.425033344e-02 +2.425033344e-02 -1.614057497e+02 -1.614057497e+02 +6.0496e-01 -3.5333e+00
35435 +5.226166994e-03 +5.226166994e-03 -1.614247738e+02 -1.614247738e+02 +5.4493e-01 -3.6055e+00
35567 +3.782324579e-03 +3.782324579e-03 -1.614262177e+02 -1.614262177e+02 +5.4493e-01 -3.6055e+00
43154 +2.487041440e-03 +2.487041440e-03 -1.614275130e+02 -1.614275130e+02 +5.3600e-01 -3.6162e+00
44909 +1.483896657e-03 +1.483896657e-03 -1.614285161e+02 -1.614285161e+02 +5.2863e-01 -3.6251e+00
48846 +8.358147412e-04 +8.358147412e-04 -1.614291642e+02 -1.614291642e+02 +5.1930e-01 -3.6364e+00
49573 +5.952576279e-04 +5.952576279e-04 -1.614294047e+02 -1.614294047e+02 +5.1930e-01 -3.6363e+00
61165 +9.311540424e-05 +9.311540424e-05 -1.614299069e+02 -1.614299069e+02 +5.0920e-01 -3.6485e+00
62201 +3.132210185e-05 +3.132210185e-05 -1.614299687e+02 -1.614299687e+02 +5.0918e-01 -3.6485e+00
72294 +2.489624197e-05 +2.489624197e-05 -1.614299751e+02 -1.614299751e+02 +5.0876e-01 -3.6490e+00
77538 +1.559784209e-05 +1.559784209e-05 -1.614299844e+02 -1.614299844e+02 +5.0449e-01 -3.6540e+00
78184 +8.961597217e-06 +8.961597217e-06 -1.614299910e+02 -1.614299910e+02 +5.0449e-01 -3.6540e+00
78320 +3.369557987e-06 +3.369557987e-06 -1.614299966e+02 -1.614299966e+02 +5.0449e-01 -3.6540e+00
78509 +2.416814795e-06 +2.416814795e-06 -1.614299976e+02 -1.614299976e+02 +5.0464e-01 -3.6539e+00
98754 +1.497176129e-06 +1.497176129e-06 -1.614299985e+02 -1.614299985e+02 +5.0470e-01 -3.6538e+00
106924 +9.957880422e-07 +9.957880422e-07 -1.614299990e+02 -1.614299990e+02 +5.0491e-01 -3.6536e+00
135505 +6.308020488e-07 +6.308020488e-07 -1.614299994e+02 -1.614299994e+02 +5.0502e-01 -3.6534e+00
141873 +3.856186481e-07 +3.856186481e-07 -1.614299996e+02 -1.614299996e+02 +5.0515e-01 -3.6533e+00
% function evaluation | noise-free fitness - Fopt (3.280300000000e+02) | best noise-free fitness - Fopt | measured fitness | best measured fitness | x1 | x2...
1 +2.959659065e+07 +2.959659065e+07 +2.959691868e+07 +2.959691868e+07 +4.5474e-01 +4.7718e+00
2 +1.577153800e+07 +1.577153800e+07 +1.577186603e+07 +1.577186603e+07 +2.8105e+00 -3.3911e+00
4 +5.583551860e+02 +5.583551860e+02 +8.863851860e+02 +8.863851860e+02 +2.4631e+00 +2.4400e+00
352 +3.053116432e+02 +3.053116432e+02 +6.333416432e+02 +6.333416432e+02 -2.9391e+00 -4.0721e+00
489 +1.017645283e+02 +1.017645283e+02 +4.297945283e+02 +4.297945283e+02 +3.6183e+00 +3.9141e+00
643 +2.893023257e+00 +2.893023257e+00 +3.309230233e+02 +3.309230233e+02 +2.1822e+00 +2.0645e+00
893 +9.015744663e-01 +9.015744663e-01 +3.289315745e+02 +3.289315745e+02 +3.6119e+00 +3.9258e+00
1637 +4.686277487e-01 +4.686277487e-01 +3.284986277e+02 +3.284986277e+02 +3.6131e+00 +3.9264e+00
6444 +3.739192798e-01 +3.739192798e-01 +3.284039193e+02 +3.284039193e+02 +3.5748e+00 +3.8735e+00
7977 +2.360367030e-01 +2.360367030e-01 +3.282660367e+02 +3.282660367e+02 +3.4958e+00 +3.7602e+00
10554 +1.406945952e-01 +1.406945952e-01 +3.281706946e+02 +3.281706946e+02 +3.4348e+00 +3.6674e+00
12322 +8.344556210e-02 +8.344556210e-02 +3.281134456e+02 +3.281134456e+02 +3.3647e+00 +3.5543e+00
13143 +6.306056224e-02 +6.306056224e-02 +3.280930606e+02 +3.280930606e+02 +3.3644e+00 +3.5543e+00
15146 +3.571739382e-02 +3.571739382e-02 +3.280657174e+02 +3.280657174e+02 +3.3263e+00 +3.4900e+00
21528 +2.357279690e-02 +2.357279690e-02 +3.280535728e+02 +3.280535728e+02 +3.3008e+00 +3.4464e+00
25818 +1.578087026e-02 +1.578087026e-02 +3.280457809e+02 +3.280457809e+02 +3.2943e+00 +3.4349e+00
37463 +8.560392726e-03 +8.560392726e-03 +3.280385604e+02 +3.280385604e+02 +3.2738e+00 +3.3994e+00
41467 +5.766763551e-03 +5.766763551e-03 +3.280357668e+02 +3.280357668e+02 +3.2656e+00 +3.3855e+00
45749 +3.862289258e-03 +3.862289258e-03 +3.280338623e+02 +3.280338623e+02 +3.2595e+00 +3.3749e+00
56652 +1.514345575e-03 +1.514345575e-03 +3.280315143e+02 +3.280315143e+02 +3.2463e+00 +3.3528e+00
62547 +2.630721017e-04 +2.630721017e-04 +3.280302631e+02 +3.280302631e+02 +3.2336e+00 +3.3324e+00
64598 +1.365313645e-04 +1.365313645e-04 +3.280301365e+02 +3.280301365e+02 +3.2213e+00 +3.3152e+00
65340 +1.882728196e-05 +1.882728196e-05 +3.280300188e+02 +3.280300188e+02 +3.2213e+00 +3.3152e+00
67664 +1.580002066e-05 +1.580002066e-05 +3.280300158e+02 +3.280300158e+02 +3.2215e+00 +3.3154e+00
80549 +9.818046749e-06 +9.818046749e-06 +3.280300098e+02 +3.280300098e+02 +3.2220e+00 +3.3160e+00
92246 +5.563653417e-06 +5.563653417e-06 +3.280300056e+02 +3.280300056e+02 +3.2225e+00 +3.3166e+00
112113 +3.559554443e-06 +3.559554443e-06 +3.280300036e+02 +3.280300036e+02 +3.2228e+00 +3.3170e+00
126205 +2.343397227e-06 +2.343397227e-06 +3.280300023e+02 +3.280300023e+02 +3.2230e+00 +3.3173e+00
130582 +1.406987849e-06 +1.406987849e-06 +3.280300014e+02 +3.280300014e+02 +3.2233e+00 +3.3175e+00
136351 +8.923148016e-07 +8.923148016e-07 +3.280300009e+02 +3.280300009e+02 +3.2234e+00 +3.3177e+00
137805 +6.016916245e-07 +6.016916245e-07 +3.280300006e+02 +3.280300006e+02 +3.2235e+00 +3.3178e+00
141774 +3.453225190e-07 +3.453225190e-07 +3.280300003e+02 +3.280300003e+02 +3.2236e+00 +3.3179e+00
% function evaluation | noise-free fitness - Fopt (-3.213000000000e+01) | best noise-free fitness - Fopt | measured fitness | best measured fitness | x1 | x2...
1 +3.858092517e+06 +3.858092517e+06 +3.858060387e+06 +3.858060387e+06 -3.6778e+00 -1.8900e-01
4 +1.400022423e+06 +1.400022423e+06 +1.399990293e+06 +1.399990293e+06 -4.8126e+00 +5.9199e-01
9 +3.424905721e+05 +3.424905721e+05 +3.424584421e+05 +3.424584421e+05 -1.3979e+00 +1.1900e+00
10 +2.497091836e+05 +2.497091836e+05 +2.496770536e+05 +2.496770536e+05 +2.4913e+00 +1.3578e+00
75 +1.176136603e+05 +1.176136603e+05 +1.175815303e+05 +1.175815303e+05 +1.7305e+00 +2.1701e+00
96 +7.116330363e+04 +7.116330363e+04 +7.113117363e+04 +7.113117363e+04 +3.4493e+00 +1.3776e+00
110 +4.766199756e+01 +4.766199756e+01 +1.553199756e+01 +1.553199756e+01 -4.1271e+00 +1.7800e+00
689 +2.565566494e+01 +2.565566494e+01 -6.474335061e+00 -6.474335061e+00 -3.8983e+00 +1.7735e+00
776 +2.507358095e+01 +2.507358095e+01 -7.056419053e+00 -7.056419053e+00 -3.8983e+00 +1.7737e+00
6629 +1.347080221e+01 +1.347080221e+01 -1.865919779e+01 -1.865919779e+01 -2.7985e+00 +1.7750e+00
8659 +7.780330195e+00 +7.780330195e+00 -2.434966981e+01 -2.434966981e+01 -1.0029e+00 +1.7773e+00
8756 +3.617057371e+00 +3.617057371e+00 -2.851294263e+01 -2.851294263e+01 -1.0039e+00 +1.7755e+00
11462 +2.389710207e+00 +2.389710207e+00 -2.974028979e+01 -2.974028979e+01 -6.4376e-01 +1.7749e+00
13660 +2.452877062e-01 +2.452877062e-01 -3.188471229e+01 -3.188471229e+01 +5.6101e-01 +1.7756e+00
14376 +1.394372230e-01 +1.394372230e-01 -3.199056278e+01 -3.199056278e+01 +5.6096e-01 +1.7754e+00
14686 +9.551965370e-02 +9.551965370e-02 -3.203448035e+01 -3.203448035e+01 +5.6047e-01 +1.7752e+00
20254 +1.900677354e-02 +1.900677354e-02 -3.211099323e+01 -3.211099323e+01 +7.4893e-01 +1.7751e+00
20716 +1.445050711e-02 +1.445050711e-02 -3.211554949e+01 -3.211554949e+01 +7.4883e-01 +1.7752e+00
24163 +9.690707444e-03 +9.690707444e-03 -3.212030929e+01 -3.212030929e+01 +7.6963e-01 +1.7752e+00
33520 +2.838647433e-03 +2.838647433e-03 -3.212716135e+01 -3.212716135e+01 +8.2662e-01 +1.7752e+00
33889 +1.913569794e-03 +1.913569794e-03 -3.212808643e+01 -3.212808643e+01 +8.2670e-01 +1.7752e+00
35236 +1.685717208e-04 +1.685717208e-04 -3.212983143e+01 -3.212983143e+01 +8.5423e-01 +1.7752e+00
38937 +1.558385316e-04 +1.558385316e-04 -3.212984416e+01 -3.212984416e+01 +8.5473e-01 +1.7752e+00
62391 +8.748299179e-05 +8.748299179e-05 -3.212991252e+01 -3.212991252e+01 +8.6324e-01 +1.7752e+00
62655 +4.411922117e-05 +4.411922117e-05 -3.212995588e+01 -3.212995588e+01 +8.6324e-01 +1.7752e+00
62912 +3.658514845e-05 +3.658514845e-05 -3.212996341e+01 -3.212996341e+01 +8.6324e-01 +1.7752e+00
63314 +1.697118260e-05 +1.697118260e-05 -3.212998303e+01 -3.212998303e+01 +8.6323e-01 +1.7752e+00
63336 +1.538234789e-05 +1.538234789e-05 -3.212998462e+01 -3.212998462e+01 +8.6330e-01 +1.7752e+00
77952 +6.870453305e-06 +6.870453305e-06 -3.212999313e+01 -3.212999313e+01 +8.6961e-01 +1.7754e+00
78572 +6.086487495e-06 +6.086487495e-06 -3.212999391e+01 -3.212999391e+01 +8.6961e-01 +1.7754e+00
87668 +3.516223565e-06 +3.516223565e-06 -3.212999648e+01 -3.212999648e+01 +8.6912e-01 +1.7753e+00
97860 +2.501054311e-06 +2.501054311e-06 -3.212999750e+01 -3.212999750e+01 +8.6885e-01 +1.7753e+00
116774 +1.431065556e-06 +1.431065556e-06 -3.212999857e+01 -3.212999857e+01 +8.6838e-01 +1.7753e+00
126973 +9.759496038e-07 +9.759496038e-07 -3.212999902e+01 -3.212999902e+01 +8.6814e-01 +1.7752e+00
129771 +5.796725659e-07 +5.796725659e-07 -3.212999942e+01 -3.212999942e+01 +8.6799e-01 +1.7752e+00
145252 +3.216898676e-07 +3.216898676e-07 -3.212999968e+01 -3.212999968e+01 +8.6776e-01 +1.7752e+00
% function evaluation | noise-free fitness - Fopt (1.576000000000e+01) | best noise-free fitness - Fopt | measured fitness | best measured fitness | x1 | x2...
1 +1.808348478e+07 +1.808348478e+07 +1.808350054e+07 +1.808350054e+07 +1.8050e+00 +2.1853e+00
3 +1.090463563e+06 +1.090463563e+06 +1.090479323e+06 +1.090479323e+06 -2.8413e+00 +2.3103e+00
8 +3.799338529e+04 +3.799338529e+04 +3.800914529e+04 +3.800914529e+04 +3.1112e+00 -2.2574e+00
9 +2.080233126e+04 +2.080233126e+04 +2.081809126e+04 +2.081809126e+04 +2.2494e+00 -2.2122e+00
61 +2.587295727e+02 +2.587295727e+02 +2.744895727e+02 +2.744895727e+02 -6.8252e-01 -1.1823e+00
323 +2.401182524e+02 +2.401182524e+02 +2.558782524e+02 +2.558782524e+02 +1.2743e+00 -1.9935e+00
715 +6.587337463e+01 +6.587337463e+01 +8.163337463e+01 +8.163337463e+01 +1.2614e+00 -1.9688e+00
763 +6.284493787e+01 +6.284493787e+01 +7.860493787e+01 +7.860493787e+01 +1.2577e+00 -1.9684e+00
882 +1.226981745e+01 +1.226981745e+01 +2.802981745e+01 +2.802981745e+01 +1.2939e+00 -1.9840e+00
1074 +8.657984542e+00 +8.657984542e+00 +2.441798454e+01 +2.441798454e+01 +1.2638e+00 -1.9778e+00
1197 +2.263232704e+00 +2.263232704e+00 +1.802323270e+01 +1.802323270e+01 +1.9893e+00 -2.0578e+00
1508 +1.403344951e+00 +1.403344951e+00 +1.716334495e+01 +1.716334495e+01 +1.9814e+00 -2.0565e+00
7019 +8.965129657e-01 +8.965129657e-01 +1.665651297e+01 +1.665651297e+01 +2.2192e+00 -2.0670e+00
11199 +6.226624895e-01 +6.226624895e-01 +1.638266249e+01 +1.638266249e+01 +2.2468e+00 -2.0683e+00
12744 +3.266010408e-01 +3.266010408e-01 +1.608660104e+01 +1.608660104e+01 +2.6078e+00 -2.0723e+00
13674 +2.495751037e-01 +2.495751037e-01 +1.600957510e+01 +1.600957510e+01 +2.6077e+00 -2.0724e+00
14084 +1.476717035e-01 +1.476717035e-01 +1.590767170e+01 +1.590767170e+01 +2.6078e+00 -2.0726e+00
16806 +5.658140141e-02 +5.658140141e-02 +1.581658140e+01 +1.581658140e+01 +2.8944e+00 -2.0680e+00
17458 +2.096450238e-02 +2.096450238e-02 +1.578096450e+01 +1.578096450e+01 +2.8942e+00 -2.0682e+00
18958 +1.294216135e-02 +1.294216135e-02 +1.577294216e+01 +1.577294216e+01 +2.9572e+00 -2.0664e+00
19056 +9.698360114e-03 +9.698360114e-03 +1.576969836e+01 +1.576969836e+01 +2.9573e+00 -2.0665e+00
26735 +5.065125773e-03 +5.065125773e-03 +1.576506513e+01 +1.576506513e+01 +2.9954e+00 -2.0654e+00
47173 +2.880871486e-03 +2.880871486e-03 +1.576288087e+01 +1.576288087e+01 +3.0214e+00 -2.0646e+00
58433 +2.229059128e-03 +2.229059128e-03 +1.576222906e+01 +1.576222906e+01 +3.0324e+00 -2.0642e+00
59427 +1.335017848e-03 +1.335017848e-03 +1.576133502e+01 +1.576133502e+01 +3.0467e+00 -2.0638e+00
62646 +3.674802734e-04 +3.674802734e-04 +1.576036748e+01 +1.576036748e+01 +3.1158e+00 -2.0624e+00
88865 +3.780005983e-06 +3.780005983e-06 +1.576000378e+01 +1.576000378e+01 +3.0991e+00 -2.0624e+00
89058 +2.349055412e-06 +2.349055412e-06 +1.576000235e+01 +1.576000235e+01 +3.0991e+00 -2.0624e+00
93010 +1.574658532e-06 +1.574658532e-06 +1.576000157e+01 +1.576000157e+01 +3.0989e+00 -2.0624e+00
104538 +8.046208659e-07 +8.046208659e-07 +1.576000080e+01 +1.576000080e+01 +3.0985e+00 -2.0624e+00
112751 +5.995879988e-07 +5.995879988e-07 +1.576000060e+01 +1.576000060e+01 +3.0983e+00 -2.0624e+00
120095 +3.266429935e-07 +3.266429935e-07 +1.576000033e+01 +1.576000033e+01 +3.0982e+00 -2.0624e+00
124243 +2.266401911e-07 +2.266401911e-07 +1.576000023e+01 +1.576000023e+01 +3.0980e+00 -2.0624e+00
134215 +8.684113340e-08 +8.684113340e-08 +1.576000009e+01 +1.576000009e+01 +3.0978e+00 -2.0624e+00
135311 +4.169148404e-08 +4.169148404e-08 +1.576000004e+01 +1.576000004e+01 +3.0978e+00 -2.0624e+00
139594 +2.389796094e-08 +2.389796094e-08 +1.576000002e+01 +1.576000002e+01 +3.0977e+00 -2.0624e+00
140273 +1.464309030e-08 +1.464309030e-08 +1.576000001e+01 +1.576000001e+01 +3.0977e+00 -2.0624e+00
143464 +3.106865876e-10 +3.106865876e-10 +1.576000000e+01 +1.576000000e+01 +3.0976e+00 -2.0624e+00
% function evaluation | noise-free fitness - Fopt (3.735000000000e+01) | best noise-free fitness - Fopt | measured fitness | best measured fitness | x1 | x2...
1 +3.327955542e+09 +3.327955542e+09 +3.327955579e+09 +3.327955579e+09 +4.7705e+00 -1.3583e-01
2 +1.352681773e+08 +1.352681773e+08 +1.352682147e+08 +1.352682147e+08 +3.9124e-01 +1.9794e+00
3 +2.294482176e+07 +2.294482176e+07 +2.294485911e+07 +2.294485911e+07 -1.7601e+00 +2.1833e+00
8 +5.440713943e+06 +5.440713943e+06 +5.440751293e+06 +5.440751293e+06 -2.8573e+00 -3.2101e+00
12 +2.753192346e+03 +2.753192346e+03 +2.790542346e+03 +2.790542346e+03 -1.8076e+00 -1.0499e+00
294 +2.740813820e+02 +2.740813820e+02 +3.114313820e+02 +3.114313820e+02 -2.3688e-01 -2.1286e+00
639 +4.763000322e+00 +4.763000322e+00 +4.211300032e+01 +4.211300032e+01 -1.9632e+00 -1.0333e+00
2916 +3.929448478e+00 +3.929448478e+00 +4.127944848e+01 +4.127944848e+01 -1.9920e+00 -1.0223e+00
11260 +2.503963378e+00 +2.503963378e+00 +3.985396338e+01 +3.985396338e+01 -2.2304e+00 -9.4781e-01
20782 +1.579084693e+00 +1.579084693e+00 +3.892908469e+01 +3.892908469e+01 -2.4424e+00 -8.9733e-01
24668 +2.653169566e-01 +2.653169566e-01 +3.761531696e+01 +3.761531696e+01 -3.0356e+00 -8.3467e-01
25313 +2.505563482e-01 +2.505563482e-01 +3.760055635e+01 +3.760055635e+01 -3.0354e+00 -8.3477e-01
35019 +9.047975649e-02 +9.047975649e-02 +3.744047976e+01 +3.744047976e+01 -3.3534e+00 -8.4670e-01
35164 +5.575632663e-02 +5.575632663e-02 +3.740575633e+01 +3.740575633e+01 -3.3535e+00 -8.4682e-01
36387 +3.896287853e-02 +3.896287853e-02 +3.738896288e+01 +3.738896288e+01 -3.3696e+00 -8.4833e-01
42952 +4.884906596e-04 +4.884906596e-04 +3.735048849e+01 +3.735048849e+01 -3.6572e+00 -8.7760e-01
43593 +6.390885118e-05 +6.390885118e-05 +3.735006391e+01 +3.735006391e+01 -3.6425e+00 -8.7760e-01
43674 +6.153533815e-05 +6.153533815e-05 +3.735006154e+01 +3.735006154e+01 -3.6425e+00 -8.7760e-01
54355 +3.954693520e-05 +3.954693520e-05 +3.735003955e+01 +3.735003955e+01 -3.6414e+00 -8.7760e-01
85152 +2.432359768e-05 +2.432359768e-05 +3.735002432e+01 +3.735002432e+01 -3.6401e+00 -8.7760e-01
87775 +5.195384034e-07 +5.195384034e-07 +3.735000052e+01 +3.735000052e+01 -3.6356e+00 -8.7760e-01
88177 +1.880594596e-07 +1.880594596e-07 +3.735000019e+01 +3.735000019e+01 -3.6356e+00 -8.7760e-01
88336 +1.083298002e-07 +1.083298002e-07 +3.735000011e+01 +3.735000011e+01 -3.6355e+00 -8.7760e-01
88379 +8.224864700e-08 +8.224864700e-08 +3.735000008e+01 +3.735000008e+01 -3.6355e+00 -8.7760e-01
89178 +3.009160565e-08 +3.009160565e-08 +3.735000003e+01 +3.735000003e+01 -3.6353e+00 -8.7760e-01
89915 +8.540538943e-09 +8.540538943e-09 +3.735000001e+01 +3.735000001e+01 -3.6353e+00 -8.7760e-01
% function evaluation | noise-free fitness - Fopt (-3.096300000000e+02) | best noise-free fitness - Fopt | measured fitness | best measured fitness | x1 | x2...
1 +1.819745810e+06 +1.819745810e+06 +1.819436180e+06 +1.819436180e+06 -3.6612e+00 +3.3185e+00
4 +3.384763186e+05 +3.384763186e+05 +3.381666886e+05 +3.381666886e+05 +2.5212e+00 +3.4692e+00
7 +2.784281182e+04 +2.784281182e+04 +2.753318182e+04 +2.753318182e+04 +1.5539e+00 +3.0266e+00
15 +2.488941335e+04 +2.488941335e+04 +2.457978335e+04 +2.457978335e+04 -2.1577e+00 +2.1248e+00
34 +2.552404875e+02 +2.552404875e+02 -5.438951254e+01 -5.438951254e+01 -1.8349e+00 +2.3942e+00
75 +6.310724444e+01 +6.310724444e+01 -2.465227556e+02 -2.465227556e+02 +1.5129e+00 +2.8550e+00
91 +5.445505314e+01 +5.445505314e+01 -2.551749469e+02 -2.551749469e+02 +3.8018e+00 +3.1417e+00
421 +1.710638890e+00 +1.710638890e+00 -3.079193611e+02 -3.079193611e+02 -4.6336e+00 +1.9735e+00
796 +1.549172165e+00 +1.549172165e+00 -3.080808278e+02 -3.080808278e+02 -4.6440e+00 +1.9711e+00
845 +6.755306623e-01 +6.755306623e-01 -3.089544693e+02 -3.089544693e+02 -3.3880e+00 +2.1302e+00
901 +3.102305383e-01 +3.102305383e-01 -3.093197695e+02 -3.093197695e+02 -3.3856e+00 +2.1309e+00
1140 +2.291682040e-01 +2.291682040e-01 -3.094008318e+02 -3.094008318e+02 -3.3857e+00 +2.1310e+00
1235 +8.449989124e-02 +8.449989124e-02 -3.095455001e+02 -3.095455001e+02 -3.3831e+00 +2.1317e+00
1426 +1.290200044e-02 +1.290200044e-02 -3.096170980e+02 -3.096170980e+02 -3.4630e+00 +2.1203e+00
1601 +3.110119762e-03 +3.110119762e-03 -3.096268899e+02 -3.096268899e+02 -3.4630e+00 +2.1204e+00
1958 +2.511824980e-03 +2.511824980e-03 -3.096274882e+02 -3.096274882e+02 -3.4632e+00 +2.1204e+00
6472 +8.381142420e-04 +8.381142420e-04 -3.096291619e+02 -3.096291619e+02 -3.4874e+00 +2.1170e+00
8097 +1.032811637e-04 +1.032811637e-04 -3.096298967e+02 -3.096298967e+02 -3.5031e+00 +2.1149e+00
8642 +9.619785163e-05 +9.619785163e-05 -3.096299038e+02 -3.096299038e+02 -3.5031e+00 +2.1149e+00
31394 +6.026258461e-05 +6.026258461e-05 -3.096299397e+02 -3.096299397e+02 -3.5051e+00 +2.1146e+00
38980 +2.212711956e-05 +2.212711956e-05 -3.096299779e+02 -3.096299779e+02 -3.5168e+00 +2.1131e+00
41762 +1.584681252e-05 +1.584681252e-05 -3.096299842e+02 -3.096299842e+02 -3.5167e+00 +2.1131e+00
67067 +2.651285115e-06 +2.651285115e-06 -3.096299973e+02 -3.096299973e+02 -3.5113e+00 +2.1138e+00
67191 +2.235940428e-06 +2.235940428e-06 -3.096299978e+02 -3.096299978e+02 -3.5113e+00 +2.1138e+00
91517 +1.581734921e-06 +1.581734921e-06 -3.096299984e+02 -3.096299984e+02 -3.5116e+00 +2.1138e+00
97180 +9.154124427e-07 +9.154124427e-07 -3.096299991e+02 -3.096299991e+02 -3.5119e+00 +2.1137e+00
100413 +5.137869152e-07 +5.137869152e-07 -3.096299995e+02 -3.096299995e+02 -3.5121e+00 +2.1137e+00
102336 +2.839005333e-07 +2.839005333e-07 -3.096299997e+02 -3.096299997e+02 -3.5123e+00 +2.1137e+00
107244 +1.696063237e-07 +1.696063237e-07 -3.096299998e+02 -3.096299998e+02 -3.5125e+00 +2.1136e+00
107711 +1.343625513e-07 +1.343625513e-07 -3.096299999e+02 -3.096299999e+02 -3.5125e+00 +2.1136e+00
117242 +8.645400840e-08 +8.645400840e-08 -3.096299999e+02 -3.096299999e+02 -3.5125e+00 +2.1136e+00
128842 +5.073940201e-08 +5.073940201e-08 -3.096299999e+02 -3.096299999e+02 -3.5127e+00 +2.1136e+00
129219 +2.373036523e-08 +2.373036523e-08 -3.096300000e+02 -3.096300000e+02 -3.5127e+00 +2.1136e+00
130002 +1.250447212e-08 +1.250447212e-08 -3.096300000e+02 -3.096300000e+02 -3.5127e+00 +2.1136e+00
% function evaluation | noise-free fitness - Fopt (-1.000000000000e+03) | best noise-free fitness - Fopt | measured fitness | best measured fitness | x1 | x2...
1 +1.622748411e+07 +1.622748411e+07 +1.622648411e+07 +1.622648411e+07 +4.9501e+00 -4.3587e-01
2 +8.946750464e+06 +8.946750464e+06 +8.945750464e+06 +8.945750464e+06 -3.7654e+00 +6.0490e-01
3 +1.873038650e+06 +1.873038650e+06 +1.872038650e+06 +1.872038650e+06 -3.9472e-01 +2.2274e+00
11 +7.906535148e+05 +7.906535148e+05 +7.896535148e+05 +7.896535148e+05 +2.1559e-01 +4.4852e+00
18 +8.585806202e+04 +8.585806202e+04 +8.485806202e+04 +8.485806202e+04 -3.2674e+00 +3.8889e+00
35 +4.121077428e+04 +4.121077428e+04 +4.021077428e+04 +4.021077428e+04 -4.6641e+00 +3.3932e+00
40 +3.630275932e+04 +3.630275932e+04 +3.530275932e+04 +3.530275932e+04 -1.7318e+00 +3.4055e+00
47 +1.938420573e+04 +1.938420573e+04 +1.838420573e+04 +1.838420573e+04 -4.6401e+00 +3.4570e+00
50 +1.067631047e+04 +1.067631047e+04 +9.676310470e+03 +9.676310470e+03 +4.5391e+00 +3.6900e+00
95 +5.195662435e+03 +5.195662435e+03 +4.195662435e+03 +4.195662435e+03 -1.5750e+00 +3.6679e+00
175 +2.175736569e+03 +2.175736569e+03 +1.175736569e+03 +1.175736569e+03 -1.9359e-01 +3.6425e+00
270 +4.925852568e+02 +4.925852568e+02 -5.074147432e+02 -5.074147432e+02 -1.3664e+00 +3.6177e+00
368 +1.791404343e+00 +1.791404343e+00 -9.982085957e+02 -9.982085957e+02 +3.2399e+00 +3.5973e+00
809 +1.459998091e+00 +1.459998091e+00 -9.985400019e+02 -9.985400019e+02 +3.2402e+00 +3.5972e+00
938 +9.823381333e-01 +9.823381333e-01 -9.990176619e+02 -9.990176619e+02 +3.2511e+00 +3.5950e+00
947 +2.950012946e-02 +2.950012946e-02 -9.999704999e+02 -9.999704999e+02 +3.2396e+00 +3.5960e+00
1134 +2.472979851e-02 +2.472979851e-02 -9.999752702e+02 -9.999752702e+02 +3.2517e+00 +3.5960e+00
8819 +1.390606680e-02 +1.390606680e-02 -9.999860939e+02 -9.999860939e+02 +3.2907e+00 +3.5960e+00
15659 +8.329926020e-03 +8.329926020e-03 -9.999916701e+02 -9.999916701e+02 +3.3167e+00 +3.5960e+00
18597 +6.182501534e-03 +6.182501534e-03 -9.999938175e+02 -9.999938175e+02 +3.3343e+00 +3.5960e+00
20550 +3.789740864e-03 +3.789740864e-03 -9.999962103e+02 -9.999962103e+02 +3.3482e+00 +3.5960e+00
30645 +2.377988228e-03 +2.377988228e-03 -9.999976220e+02 -9.999976220e+02 +3.3593e+00 +3.5960e+00
70195 +8.261396285e-04 +8.261396285e-04 -9.999991739e+02 -9.999991739e+02 +3.3795e+00 +3.5960e+00
81298 +3.851177350e-04 +3.851177350e-04 -9.999996149e+02 -9.999996149e+02 +3.3899e+00 +3.5960e+00
82808 +7.547040764e-05 +7.547040764e-05 -9.999999245e+02 -9.999999245e+02 +3.3993e+00 +3.5960e+00
82883 +5.324312269e-06 +5.324312269e-06 -9.999999947e+02 -9.999999947e+02 +3.4103e+00 +3.5960e+00
83273 +3.951641816e-06 +3.951641816e-06 -9.999999960e+02 -9.999999960e+02 +3.4103e+00 +3.5960e+00
94461 +2.507394356e-06 +2.507394356e-06 -9.999999975e+02 -9.999999975e+02 +3.4098e+00 +3.5960e+00
116264 +1.549440526e-06 +1.549440526e-06 -9.999999985e+02 -9.999999985e+02 +3.4094e+00 +3.5960e+00
122706 +9.428706562e-07 +9.428706562e-07 -9.999999991e+02 -9.999999991e+02 +3.4091e+00 +3.5960e+00
138361 +5.819299531e-07 +5.819299531e-07 -9.999999994e+02 -9.999999994e+02 +3.4088e+00 +3.5960e+00
147200 +3.969114459e-07 +3.969114459e-07 -9.999999996e+02 -9.999999996e+02 +3.4087e+00 +3.5960e+00
% function evaluation | noise-free fitness - Fopt (5.800000000000e+01) | best noise-free fitness - Fopt | measured fitness | best measured fitness | x1 | x2...
1 +3.751884621e+09 +3.751884621e+09 +3.751884679e+09 +3.751884679e+09 -3.5611e-01 -2.7068e+00
2 +2.695398577e+04 +2.695398577e+04 +2.701198577e+04 +2.701198577e+04 -3.5050e-01 +3.1631e+00
23 +1.131111744e+04 +1.131111744e+04 +1.136911744e+04 +1.136911744e+04 +3.3217e+00 +3.1438e+00
42 +5.407303092e+01 +5.407303092e+01 +1.120730309e+02 +1.120730309e+02 -3.7027e+00 +3.7234e+00
650 +3.284030889e+01 +3.284030889e+01 +9.084030889e+01 +9.084030889e+01 +3.3681e-01 +3.2976e+00
651 +9.685637915e-01 +9.685637915e-01 +5.896856379e+01 +5.896856379e+01 -3.6899e+00 +3.7156e+00
1052 +5.656793186e-01 +5.656793186e-01 +5.856567932e+01 +5.856567932e+01 -3.7117e+00 +3.7167e+00
2644 +3.108583420e-01 +3.108583420e-01 +5.831085834e+01 +5.831085834e+01 -2.4095e+00 +3.5952e+00
5851 +2.213915299e-01 +2.213915299e-01 +5.822139153e+01 +5.822139153e+01 -2.5012e+00 +3.6050e+00
14169 +8.920666298e-02 +8.920666298e-02 +5.808920666e+01 +5.808920666e+01 -2.7575e+00 +3.6320e+00
14589 +5.004274574e-02 +5.004274574e-02 +5.805004275e+01 +5.805004275e+01 -2.7575e+00 +3.6318e+00
17934 +3.750694312e-02 +3.750694312e-02 +5.803750694e+01 +5.803750694e+01 -2.7712e+00 +3.6331e+00
23007 +6.340322333e-03 +6.340322333e-03 +5.800634032e+01 +5.800634032e+01 -2.8950e+00 +3.6455e+00
23091 +6.004019836e-03 +6.004019836e-03 +5.800600402e+01 +5.800600402e+01 -2.8951e+00 +3.6455e+00
23770 +3.583913933e-03 +3.583913933e-03 +5.800358391e+01 +5.800358391e+01 -2.9125e+00 +3.6472e+00
25685 +2.508896349e-03 +2.508896349e-03 +5.800250890e+01 +5.800250890e+01 -2.9151e+00 +3.6474e+00
39239 +1.538817096e-03 +1.538817096e-03 +5.800153882e+01 +5.800153882e+01 -2.9291e+00 +3.6487e+00
57326 +8.032038206e-04 +8.032038206e-04 +5.800080320e+01 +5.800080320e+01 -2.9408e+00 +3.6498e+00
58169 +5.503433232e-04 +5.503433232e-04 +5.800055034e+01 +5.800055034e+01 -2.9407e+00 +3.6499e+00
59188 +3.724537283e-04 +3.724537283e-04 +5.800037245e+01 +5.800037245e+01 -2.9490e+00 +3.6507e+00
60892 +2.259054839e-04 +2.259054839e-04 +5.800022591e+01 +5.800022591e+01 -2.9493e+00 +3.6507e+00
68912 +1.524926823e-04 +1.524926823e-04 +5.800015249e+01 +5.800015249e+01 -2.9520e+00 +3.6509e+00
71147 +3.769607981e-05 +3.769607981e-05 +5.800003770e+01 +5.800003770e+01 -2.9591e+00 +3.6516e+00
72423 +2.490676576e-05 +2.490676576e-05 +5.800002491e+01 +5.800002491e+01 -2.9591e+00 +3.6516e+00
75977 +1.568247728e-05 +1.568247728e-05 +5.800001568e+01 +5.800001568e+01 -2.9601e+00 +3.6516e+00
90787 +6.045644383e-06 +6.045644383e-06 +5.800000605e+01 +5.800000605e+01 -2.9629e+00 +3.6519e+00
90877 +2.541747463e-06 +2.541747463e-06 +5.800000254e+01 +5.800000254e+01 -2.9629e+00 +3.6519e+00
91027 +2.056676564e-06 +2.056676564e-06 +5.800000206e+01 +5.800000206e+01 -2.9629e+00 +3.6519e+00
91143 +1.279404664e-06 +1.279404664e-06 +5.800000128e+01 +5.800000128e+01 -2.9629e+00 +3.6519e+00
94942 +7.546395935e-07 +7.546395935e-07 +5.800000075e+01 +5.800000075e+01 -2.9631e+00 +3.6519e+00
98064 +5.469074935e-07 +5.469074935e-07 +5.800000055e+01 +5.800000055e+01 -2.9633e+00 +3.6519e+00
101645 +3.690857042e-07 +3.690857042e-07 +5.800000037e+01 +5.800000037e+01 -2.9634e+00 +3.6519e+00
111645 +2.027481258e-07 +2.027481258e-07 +5.800000020e+01 +5.800000020e+01 -2.9636e+00 +3.6520e+00
115568 +9.528495326e-08 +9.528495326e-08 +5.800000010e+01 +5.800000010e+01 -2.9637e+00 +3.6520e+00
122015 +5.852727725e-08 +5.852727725e-08 +5.800000006e+01 +5.800000006e+01 -2.9638e+00 +3.6520e+00
128073 +1.397662430e-08 +1.397662430e-08 +5.800000001e+01 +5.800000001e+01 -2.9639e+00 +3.6520e+00
% function evaluation | noise-free fitness - Fopt (9.438000000000e+01) | best noise-free fitness - Fopt | measured fitness | best measured fitness | x1 | x2...
1 +4.721423415e+07 +4.721423415e+07 +4.721432853e+07 +4.721432853e+07 +3.8613e+00 -3.3060e+00
2 +2.339913528e+07 +2.339913528e+07 +2.339922966e+07 +2.339922966e+07 -4.5545e-02 -1.2763e+00
3 +9.187259985e+03 +9.187259985e+03 +9.281639985e+03 +9.281639985e+03 +1.0569e+00 +3.7015e+00
4 +7.564062646e+01 +7.564062646e+01 +1.700206265e+02 +1.700206265e+02 -7.2866e-01 +3.5712e+00
191 +6.183062303e+01 +6.183062303e+01 +1.562106230e+02 +1.562106230e+02 +4.7866e+00 +3.5682e+00
512 +9.022332043e+00 +9.022332043e+00 +1.034023320e+02 +1.034023320e+02 -9.5107e-01 +3.5627e+00
713 +5.385182640e+00 +5.385182640e+00 +9.976518264e+01 +9.976518264e+01 -7.2608e-01 +3.5605e+00
878 +2.666666876e-01 +2.666666876e-01 +9.464666669e+01 +9.464666669e+01 -3.5095e+00 +3.5569e+00
1378 +2.320248968e-01 +2.320248968e-01 +9.461202490e+01 +9.461202490e+01 -3.5095e+00 +3.5570e+00
6734 +7.078563997e-02 +7.078563997e-02 +9.445078564e+01 +9.445078564e+01 -3.2872e+00 +3.5572e+00
7184 +6.036267267e-02 +6.036267267e-02 +9.444036267e+01 +9.444036267e+01 -3.2872e+00 +3.5574e+00
12449 +2.459155680e-02 +2.459155680e-02 +9.440459156e+01 +9.440459156e+01 -3.1998e+00 +3.5574e+00
24084 +1.553507832e-02 +1.553507832e-02 +9.439553508e+01 +9.439553508e+01 -3.1516e+00 +3.5575e+00
28041 +9.855189952e-03 +9.855189952e-03 +9.438985519e+01 +9.438985519e+01 -3.1395e+00 +3.5575e+00
42060 +4.411381467e-03 +4.411381467e-03 +9.438441138e+01 +9.438441138e+01 -3.1067e+00 +3.5575e+00
48540 +2.854093819e-03 +2.854093819e-03 +9.438285409e+01 +9.438285409e+01 -3.0941e+00 +3.5575e+00
48728 +1.608520983e-03 +1.608520983e-03 +9.438160852e+01 +9.438160852e+01 -3.0829e+00 +3.5576e+00
49045 +9.422243804e-04 +9.422243804e-04 +9.438094222e+01 +9.438094222e+01 -3.0724e+00 +3.5576e+00
62960 +4.164270423e-04 +4.164270423e-04 +9.438041643e+01 +9.438041643e+01 -3.0624e+00 +3.5576e+00
63141 +3.641047500e-04 +3.641047500e-04 +9.438036410e+01 +9.438036410e+01 -3.0623e+00 +3.5576e+00
69822 +1.542227105e-04 +1.542227105e-04 +9.438015422e+01 +9.438015422e+01 -3.0554e+00 +3.5576e+00
83112 +9.849742459e-05 +9.849742459e-05 +9.438009850e+01 +9.438009850e+01 -3.0333e+00 +3.5576e+00
92814 +3.522212987e-05 +3.522212987e-05 +9.438003522e+01 +9.438003522e+01 -3.0422e+00 +3.5576e+00
93293 +8.269206049e-06 +8.269206049e-06 +9.438000827e+01 +9.438000827e+01 -3.0422e+00 +3.5576e+00
93559 +1.262346942e-06 +1.262346942e-06 +9.438000126e+01 +9.438000126e+01 -3.0422e+00 +3.5576e+00
98885 +9.882332108e-07 +9.882332108e-07 +9.438000099e+01 +9.438000099e+01 -3.0423e+00 +3.5576e+00
102103 +6.199464195e-07 +6.199464195e-07 +9.438000062e+01 +9.438000062e+01 -3.0425e+00 +3.5576e+00
110322 +3.889060167e-07 +3.889060167e-07 +9.438000039e+01 +9.438000039e+01 -3.0426e+00 +3.5576e+00
118606 +9.258317846e-08 +9.258317846e-08 +9.438000009e+01 +9.438000009e+01 -3.0429e+00 +3.5576e+00
138556 +3.753045519e-08 +3.753045519e-08 +9.438000004e+01 +9.438000004e+01 -3.0430e+00 +3.5576e+00
