% function evaluation | noise-free fitness - Fopt (-5.494000000000e+01) | best noise-free fitness - Fopt | measured fitness | best measured fitness | x1 | x2...
1 +2.007747363e+06 +2.007747363e+06 +2.007692423e+06 +2.007692423e+06 -2.1298e+00 +4.6100e+00 +4.3699e+00 +3.2193e+00 -2.2555e-01
2 +7.120202149e+05 +7.120202149e+05 +7.119652749e+05 +7.119652749e+05 -1.9805e+00 +1.1053e+00 +1.0212e+00 -1.8181e+00 +1.2068e+00
10 +5.979993067e+05 +5.979993067e+05 +5.979443667e+05 +5.979443667e+05 +8.4226e-01 +3.6177e+00 -5.9808e-01 -1.3630e+00 +1.9508e+00
82 +2.396539967e+05 +2.396539967e+05 +2.395990567e+05 +2.395990567e+05 -2.5946e+00 -2.4199e+00 -2.9940e+00 +2.7003e+00 -8.6280e-01
86 +8.941047973e+04 +8.941047973e+04 +8.935553973e+04 +8.935553973e+04 -1.1752e+00 +4.5884e+00 +1.6078e+00 +1.4388e+00 +2.3080e+00
409 +6.205897601e+04 +6.205897601e+04 +6.200403601e+04 +6.200403601e+04 -1.1151e+00 +4.5660e+00 +1.6604e+00 +1.4132e+00 +2.2909e+00
614 +3.884907629e+04 +3.884907629e+04 +3.879413629e+04 +3.879413629e+04 -1.0567e+00 +4.5652e+00 +1.6560e+00 +1.4867e+00 +2.2321e+00
2878 +2.511293234e+04 +2.511293234e+04 +2.505799234e+04 +2.505799234e+04 -1.1154e+00 +4.0635e+00 +1.7349e+00 +1.9074e+00 +2.4713e+00
6687 +1.580602916e+04 +1.580602916e+04 +1.575108916e+04 +1.575108916e+04 -1.3595e+00 +3.0900e+00 +1.8695e+00 +2.2352e+00 +2.9769e+00
9331 +6.655479957e+03 +6.655479957e+03 +6.600539957e+03 +6.600539957e+03 -8.0720e-01 -3.6138e+00 -4.0911e+00 +2.6710e+00 +3.4008e+00
9383 +6.244337308e+03 +6.244337308e+03 +6.189397308e+03 +6.189397308e+03 -7.9978e-01 -3.6260e+00 -4.1021e+00 +2.6669e+00 +3.3982e+00
9545 +3.909037607e+03 +3.909037607e+03 +3.854097607e+03 +3.854097607e+03 -7.5860e-01 -3.5828e+00 -4.0660e+00 +2.7262e+00 +3.4099e+00
10074 +2.481510672e+03 +2.481510672e+03 +2.426570672e+03 +2.426570672e+03 -7.0392e-01 -3.4930e+00 -4.1084e+00 +2.8243e+00 +3.4155e+00
10973 +1.570522939e+03 +1.570522939e+03 +1.515582939e+03 +1.515582939e+03 -6.4111e-01 -3.2728e+00 -4.0901e+00 +2.8356e+00 +3.3858e+00
11578 +9.981315108e+02 +9.981315108e+02 +9.431915108e+02 +9.431915108e+02 -5.9212e-01 -3.1416e+00 -4.1169e+00 +2.7694e+00 +3.3315e+00
13427 +6.098609726e+02 +6.098609726e+02 +5.549209726e+02 +5.549209726e+02 -4.9381e-01 -2.7996e+00 -4.0976e+00 +2.6668e+00 +3.2495e+00
14441 +3.978519987e+02 +3.978519987e+02 +3.429119987e+02 +3.429119987e+02 -4.6827e-01 -2.6522e+00 -4.0553e+00 +2.6143e+00 +3.2066e+00
17434 +2.489801820e+02 +2.489801820e+02 +1.940401820e+02 +1.940401820e+02 -4.4974e-01 -2.3169e+00 -3.9569e+00 +2.5384e+00 +3.0644e+00
23878 +1.576997342e+02 +1.576997342e+02 +1.027597342e+02 +1.027597342e+02 -6.4011e-01 -2.1121e+00 -3.4312e+00 +2.6432e+00 +3.1015e+00
26427 +9.868270750e+01 +9.868270750e+01 +4.374270750e+01 +4.374270750e+01 -7.1479e-01 -2.0407e+00 -3.1568e+00 +2.6817e+00 +3.1915e+00
45587 +6.182142800e+01 +6.182142800e+01 +6.881427995e+00 +6.881427995e+00 -8.0078e-01 -1.8277e+00 -2.6577e+00 +2.7127e+00 +3.3792e+00
47870 +3.678483300e+01 +3.678483300e+01 -1.815516700e+01 -1.815516700e+01 -8.1062e-01 -1.7406e+00 -2.4610e+00 +2.6968e+00 +3.4893e+00
49793 +2.469686303e+01 +2.469686303e+01 -3.024313697e+01 -3.024313697e+01 -8.3611e-01 -1.7176e+00 -2.3513e+00 +2.7114e+00 +3.5392e+00
64919 +1.520513098e+01 +1.520513098e+01 -3.973486902e+01 -3.973486902e+01 -9.9269e-01 -1.6429e+00 -2.0643e+00 +2.8120e+00 +3.4986e+00
67512 +9.789384268e+00 +9.789384268e+00 -4.515061573e+01 -4.515061573e+01 -9.9537e-01 -1.6038e+00 -1.9757e+00 +2.8101e+00 +3.5514e+00
71890 +6.284553719e+00 +6.284553719e+00 -4.865544628e+01 -4.865544628e+01 -1.0131e+00 -1.5723e+00 -1.8997e+00 +2.8136e+00 +3.5731e+00
85658 +3.697626234e+00 +3.697626234e+00 -5.124237377e+01 -5.124237377e+01 -1.0597e+00 -1.5201e+00 -1.7628e+00 +2.8375e+00 +3.5901e+00
90890 +2.446541987e+00 +2.446541987e+00 -5.249345801e+01 -5.249345801e+01 -1.1059e+00 -1.4991e+00 -1.6825e+00 +2.8700e+00 +3.5764e+00
98233 +1.578344308e+00 +1.578344308e+00 -5.336165569e+01 -5.336165569e+01 -1.1735e+00 -1.4927e+00 -1.5998e+00 +2.9210e+00 +3.5393e+00
% function evaluation | noise-free fitness - Fopt (5.913000000000e+01) | best noise-free fitness - Fopt | measured fitness | best measured fitness | x1 | x2...
1 +8.239291963e+05 +8.239291963e+05 +8.239883263e+05 +8.239883263e+05 +1.7678e-01 +5.4967e-01 +4.7617e+00 -1.0687e+00 -2.7198e+00
10 +5.983117869e+05 +5.983117869e+05 +5.983709169e+05 +5.983709169e+05 -3.0233e+00 +2.0862e+00 -1.7485e+00 +1.9587e+00 -1.8764e+00
17 +2.259336898e+05 +2.259336898e+05 +2.259928198e+05 +2.259928198e+05 +1.3730e+00 +4.8285e+00 -3.5602e+00 +4.0683e+00 +2.2292e+00
61 +6.805751926e+04 +6.805751926e+04 +6.811664926e+04 +6.811664926e+04 -7.5164e-01 +4.6230e+00 -2.5484e+00 -1.8080e+00 -2.0788e+00
767 +6.305726192e+04 +6.305726192e+04 +6.311639192e+04 +6.311639192e+04 -6.7376e-01 +4.5512e+00 -2.4308e+00 -1.6897e+00 -1.9999e+00
1747 +3.966201686e+04 +3.966201686e+04 +3.972114686e+04 +3.972114686e+04 -6.2605e-01 +4.4828e+00 -2.1902e+00 -1.5909e+00 -1.8641e+00
2186 +2.476639579e+04 +2.476639579e+04 +2.482552579e+04 +2.482552579e+04 -5.8899e-01 +4.4369e+00 -2.1305e+00 -1.5014e+00 -1.8001e+00
2961 +1.581985276e+04 +1.581985276e+04 +1.587898276e+04 +1.587898276e+04 -4.6183e-01 +4.3517e+00 -1.9553e+00 -1.4147e+00 -1.7351e+00
3479 +9.950871096e+03 +9.950871096e+03 +1.001000110e+04 +1.001000110e+04 -4.1585e-01 +4.2938e+00 -1.8120e+00 -1.3741e+00 -1.6886e+00
3672 +5.934435934e+03 +5.934435934e+03 +5.993565934e+03 +5.993565934e+03 -4.1577e-01 +4.2604e+00 -1.8085e+00 -1.2676e+00 -1.6493e+00
3721 +2.590982243e+03 +2.590982243e+03 +2.650112243e+03 +2.650112243e+03 +4.0606e-01 +2.9131e+00 -3.0249e-01 -2.8156e+00 -2.9203e+00
3727 +2.174044468e+03 +2.174044468e+03 +2.233174468e+03 +2.233174468e+03 +3.9824e-01 +2.9138e+00 -3.0992e-01 -2.8068e+00 -2.9137e+00
3774 +1.441950566e+03 +1.441950566e+03 +1.501080566e+03 +1.501080566e+03 +3.9685e-01 +2.9135e+00 -3.1474e-01 -2.8060e+00 -2.8950e+00
3900 +9.539622482e+02 +9.539622482e+02 +1.013092248e+03 +1.013092248e+03 +3.9895e-01 +2.9126e+00 -3.1055e-01 -2.7810e+00 -2.8516e+00
4232 +6.268137070e+02 +6.268137070e+02 +6.859437070e+02 +6.859437070e+02 +3.9797e-01 +2.9087e+00 -2.9103e-01 -2.7187e+00 -2.8153e+00
5845 +3.839313629e+02 +3.839313629e+02 +4.430613629e+02 +4.430613629e+02 +2.0743e-01 +2.9897e+00 -1.8344e-01 -2.6647e+00 -2.7540e+00
6146 +2.488057894e+02 +2.488057894e+02 +3.079357894e+02 +3.079357894e+02 +1.5679e-01 +3.0234e+00 -1.4206e-01 -2.6976e+00 -2.7496e+00
6733 +1.535641284e+02 +1.535641284e+02 +2.126941284e+02 +2.126941284e+02 +8.9096e-02 +3.0886e+00 -1.1210e-01 -2.7285e+00 -2.7203e+00
7447 +9.534047943e+01 +9.534047943e+01 +1.544704794e+02 +1.544704794e+02 -1.9675e-02 +3.1173e+00 -7.1034e-02 -2.7080e+00 -2.7234e+00
7870 +5.679759164e+01 +5.679759164e+01 +1.159275916e+02 +1.159275916e+02 -7.4537e-02 +3.1514e+00 -3.2732e-02 -2.7326e+00 -2.7154e+00
8089 +3.709792022e+01 +3.709792022e+01 +9.622792022e+01 +9.622792022e+01 -9.7132e-02 +3.1905e+00 -1.6656e-02 -2.7420e+00 -2.6852e+00
8556 +2.470030298e+01 +2.470030298e+01 +8.383030298e+01 +8.383030298e+01 -1.4996e-01 +3.1933e+00 +3.7080e-02 -2.7855e+00 -2.7127e+00
46527 +1.582514601e+01 +1.582514601e+01 +7.495514601e+01 +7.495514601e+01 -3.2911e-01 +3.1903e+00 -5.9225e-02 -2.5834e+00 -2.7250e+00
% function evaluation | noise-free fitness - Fopt (-4.915300000000e+02) | best noise-free fitness - Fopt | measured fitness | best measured fitness | x1 | x2...
1 +9.499145571e+05 +9.499145571e+05 +9.494230271e+05 +9.494230271e+05 -1.5522e+00 -9.2122e-01 -2.0979e+00 +9.3020e-01 -4.0332e+00
4 +6.756919532e+04 +6.756919532e+04 +6.707766532e+04 +6.707766532e+04 +1.8170e-01 -4.7104e+00 -4.6403e+00 +1.1019e-01 +2.7590e+00
111 +6.283608686e+04 +6.283608686e+04 +6.234455686e+04 +6.234455686e+04 +1.7146e-01 -4.7178e+00 -4.6595e+00 +1.2632e-01 +2.7472e+00
306 +3.656144050e+04 +3.656144050e+04 +3.606991050e+04 +3.606991050e+04 +1.1195e-01 -4.6908e+00 -4.6624e+00 +1.1591e-01 +2.7800e+00
484 +2.447672123e+04 +2.447672123e+04 +2.398519123e+04 +2.398519123e+04 +4.8835e-02 -4.7174e+00 -4.6995e+00 +1.2668e-01 +2.7305e+00
613 +1.519020343e+04 +1.519020343e+04 +1.469867343e+04 +1.469867343e+04 +1.0850e-02 -4.7209e+00 -4.6998e+00 +1.2694e-01 +2.7688e+00
878 +9.839534914e+03 +9.839534914e+03 +9.348004914e+03 +9.348004914e+03 -4.3952e-02 -4.6850e+00 -4.5860e+00 +1.5658e-01 +2.7121e+00
1290 +6.306600827e+03 +6.306600827e+03 +5.815070827e+03 +5.815070827e+03 -1.0146e-01 -4.7160e+00 -4.5785e+00 +1.9327e-01 +2.6149e+00
1759 +3.978231610e+03 +3.978231610e+03 +3.486701610e+03 +3.486701610e+03 -1.3331e-01 -4.7812e+00 -4.5863e+00 +2.8555e-01 +2.4826e+00
3008 +2.438679170e+03 +2.438679170e+03 +1.947149170e+03 +1.947149170e+03 -1.0207e-01 -4.6908e+00 -4.6732e+00 +4.9246e-01 +2.2751e+00
4063 +1.562254310e+03 +1.562254310e+03 +1.070724310e+03 +1.070724310e+03 -8.5923e-02 -4.5994e+00 -4.8825e+00 +5.3006e-01 +2.1474e+00
5335 +9.983274053e+02 +9.983274053e+02 +5.067974053e+02 +5.067974053e+02 -5.0771e-02 -4.4262e+00 -5.0000e+00 +5.9823e-01 +1.9843e+00
8040 +6.283633439e+02 +6.283633439e+02 +1.368333439e+02 +1.368333439e+02 -7.0192e-03 -4.0160e+00 -4.9959e+00 +6.3683e-01 +1.7072e+00
11000 +3.941657811e+02 +3.941657811e+02 -9.736421892e+01 -9.736421892e+01 +2.6758e-02 -3.6937e+00 -4.9954e+00 +6.5987e-01 +1.4697e+00
14123 +2.485854781e+02 +2.485854781e+02 -2.429445219e+02 -2.429445219e+02 +1.9554e-02 -3.3401e+00 -4.9738e+00 +5.4432e-01 +1.1448e+00
22355 +1.579165757e+02 +1.579165757e+02 -3.336134243e+02 -3.336134243e+02 -7.8356e-02 -3.0708e+00 -4.8237e+00 +1.7900e-01 +7.7071e-01
30713 +9.857402822e+01 +9.857402822e+01 -3.929559718e+02 -3.929559718e+02 -1.8692e-01 -2.7986e+00 -4.6854e+00 -2.1924e-01 +3.6497e-01
35314 +6.282495727e+01 +6.282495727e+01 -4.287050427e+02 -4.287050427e+02 -2.2474e-01 -2.6112e+00 -4.5605e+00 -3.8458e-01 +1.7510e-01
37740 +3.979867940e+01 +3.979867940e+01 -4.517313206e+02 -4.517313206e+02 -2.7229e-01 -2.5396e+00 -4.5353e+00 -5.4147e-01 +2.8688e-02
40531 +2.473490413e+01 +2.473490413e+01 -4.667950959e+02 -4.667950959e+02 -2.9593e-01 -2.4453e+00 -4.4727e+00 -6.4200e-01 -8.1792e-02
46516 +1.556798032e+01 +1.556798032e+01 -4.759620197e+02 -4.759620197e+02 -3.1161e-01 -2.3226e+00 -4.3812e+00 -7.3241e-01 -1.7919e-01
60741 +9.487324898e+00 +9.487324898e+00 -4.820426751e+02 -4.820426751e+02 -3.3498e-01 -2.1633e+00 -4.2653e+00 -8.5427e-01 -3.1960e-01
68897 +6.073773966e+00 +6.073773966e+00 -4.854562260e+02 -4.854562260e+02 -3.4729e-01 -2.0830e+00 -4.2183e+00 -9.1252e-01 -3.9598e-01
87063 +3.901975003e+00 +3.901975003e+00 -4.876280250e+02 -4.876280250e+02 -3.7546e-01 -1.9921e+00 -4.1575e+00 -1.0202e+00 -5.1090e-01
% function evaluation | noise-free fitness - Fopt (-1.702000000000e+02) | best noise-free fitness - Fopt | measured fitness | best measured fitness | x1 | x2...
1 +2.689963831e+06 +2.689963831e+06 +2.689793631e+06 +2.689793631e+06 +1.2348e+00 -4.4480e-01 -3.3270e+00 -1.0139e+00 +3.8721e+00
2 +1.727055290e+06 +1.727055290e+06 +1.726885090e+06 +1.726885090e+06 +4.6905e+00 +1.8742e+00 -3.6359e+00 +3.8551e-01 +2.3418e+00
6 +6.931126791e+05 +6.931126791e+05 +6.929424791e+05 +6.929424791e+05 +1.5425e+00 -4.2621e+00 -2.7605e+00 +3.2624e+00 +6.1305e-01
19 +4.348505843e+04 +4.348505843e+04 +4.331485843e+04 +4.331485843e+04 -2.8329e+00 -1.6802e+00 -2.0373e+00 +2.5599e+00 +4.1947e+00
206 +3.976521817e+04 +3.976521817e+04 +3.959501817e+04 +3.959501817e+04 -2.8422e+00 -1.6827e+00 -2.0118e+00 +2.5922e+00 +4.1906e+00
662 +2.490495643e+04 +2.490495643e+04 +2.473475643e+04 +2.473475643e+04 -2.9437e+00 -1.6849e+00 -1.9093e+00 +2.6726e+00 +4.2289e+00
1223 +1.562201801e+04 +1.562201801e+04 +1.545181801e+04 +1.545181801e+04 -3.0339e+00 -1.6574e+00 -1.8150e+00 +2.7596e+00 +4.2589e+00
1788 +9.935132884e+03 +9.935132884e+03 +9.764932884e+03 +9.764932884e+03 -3.1309e+00 -1.6061e+00 -1.6843e+00 +2.8089e+00 +4.3347e+00
2277 +6.287714643e+03 +6.287714643e+03 +6.117514643e+03 +6.117514643e+03 -3.2593e+00 -1.6021e+00 -1.5985e+00 +2.8671e+00 +4.3826e+00
2664 +3.907410440e+03 +3.907410440e+03 +3.737210440e+03 +3.737210440e+03 -3.3282e+00 -1.5254e+00 -1.5725e+00 +2.9026e+00 +4.4091e+00
2931 +2.339297906e+03 +2.339297906e+03 +2.169097906e+03 +2.169097906e+03 -3.3978e+00 -1.5017e+00 -1.5343e+00 +2.9451e+00 +4.3855e+00
3137 +1.506898957e+03 +1.506898957e+03 +1.336698957e+03 +1.336698957e+03 -3.4588e+00 -1.5183e+00 -1.5099e+00 +2.9724e+00 +4.4176e+00
3279 +9.483026771e+02 +9.483026771e+02 +7.781026771e+02 +7.781026771e+02 -3.4790e+00 -1.5204e+00 -1.4703e+00 +3.0078e+00 +4.4168e+00
3571 +6.281453215e+02 +6.281453215e+02 +4.579453215e+02 +4.579453215e+02 -3.5221e+00 -1.4748e+00 -1.4461e+00 +3.0461e+00 +4.3874e+00
4440 +3.959450513e+02 +3.959450513e+02 +2.257450513e+02 +2.257450513e+02 -3.5490e+00 -1.3566e+00 -1.4139e+00 +3.1045e+00 +4.3278e+00
4745 +2.492845977e+02 +2.492845977e+02 +7.908459769e+01 +7.908459769e+01 -3.5628e+00 -1.2822e+00 -1.4511e+00 +3.0643e+00 +4.3496e+00
5308 +1.579339085e+02 +1.579339085e+02 -1.226609152e+01 -1.226609152e+01 -3.5622e+00 -1.1604e+00 -1.4383e+00 +3.0531e+00 +4.3693e+00
5827 +9.681184744e+01 +9.681184744e+01 -7.338815256e+01 -7.338815256e+01 -3.5725e+00 -1.0602e+00 -1.4539e+00 +3.0284e+00 +4.3810e+00
6531 +6.219995115e+01 +6.219995115e+01 -1.080000488e+02 -1.080000488e+02 -3.5642e+00 -9.8456e-01 -1.4621e+00 +3.0504e+00 +4.3226e+00
7362 +3.791513003e+01 +3.791513003e+01 -1.322848700e+02 -1.322848700e+02 -3.5857e+00 -9.0127e-01 -1.4846e+00 +3.0170e+00 +4.3441e+00
8620 +2.490011933e+01 +2.490011933e+01 -1.452998807e+02 -1.452998807e+02 -3.6119e+00 -8.1671e-01 -1.5145e+00 +3.0105e+00 +4.3184e+00
11546 +1.572215566e+01 +1.572215566e+01 -1.544778443e+02 -1.544778443e+02 -3.6856e+00 -8.0159e-01 -1.5953e+00 +3.0444e+00 +4.1882e+00
17454 +9.858156484e+00 +9.858156484e+00 -1.603418435e+02 -1.603418435e+02 -3.7730e+00 -8.0391e-01 -1.6763e+00 +3.0747e+00 +4.0728e+00
23707 +5.848501701e+00 +5.848501701e+00 -1.643514983e+02 -1.643514983e+02 -3.8203e+00 -8.0191e-01 -1.7365e+00 +3.1323e+00 +3.9194e+00
26697 +3.916598343e+00 +3.916598343e+00 -1.662834017e+02 -1.662834017e+02 -3.8364e+00 -8.0185e-01 -1.7557e+00 +3.1692e+00 +3.8398e+00
29355 +2.389328121e+00 +2.389328121e+00 -1.678106719e+02 -1.678106719e+02 -3.8518e+00 -7.7907e-01 -1.7799e+00 +3.1864e+00 +3.7831e+00
34686 +1.565287547e+00 +1.565287547e+00 -1.686347125e+02 -1.686347125e+02 -3.8621e+00 -7.8554e-01 -1.7955e+00 +3.2080e+00 +3.7328e+00
41681 +9.443961460e-01 +9.443961460e-01 -1.692556039e+02 -1.692556039e+02 -3.8693e+00 -7.7476e-01 -1.8122e+00 +3.2347e+00 +3.6678e+00
47307 +6.261960243e-01 +6.261960243e-01 -1.695738040e+02 -1.695738040e+02 -3.8923e+00 -7.7483e-01 -1.8361e+00 +3.2429e+00 +3.6340e+00
56622 +3.632386206e-01 +3.632386206e-01 -1.698367614e+02 -1.698367614e+02 -3.8799e+00 -7.7532e-01 -1.8320e+00 +3.2706e+00 +3.5883e+00
% function evaluation | noise-free fitness - Fopt (-4.697500000000e+02) | best noise-free fitness - Fopt | measured fitness | best measured fitness | x1 | x2...
1 +2.366493981e+07 +2.366493981e+07 +2.366447006e+07 +2.366447006e+07 +3.0761e+00 +4.9894e-01 -3.6678e+00 -4.7415e+00 +1.1150e+00
7 +3.376934130e+06 +3.376934130e+06 +3.376464380e+06 +3.376464380e+06 +5.8976e-01 -4.2457e+00 +2.4620e+00 +4.6014e+00 +4.8430e+00
10 +1.263947022e+06 +1.263947022e+06 +1.263477272e+06 +1.263477272e+06 -1.7092e+00 -4.5202e+00 +3.9132e+00 -2.7749e+00 +1.2854e+00
22 +1.798160691e+05 +1.798160691e+05 +1.793463191e+05 +1.793463191e+05 +8.3090e-01 -4.5906e+00 +1.1809e+00 -1.3062e+00 +4.8323e+00
517 +1.581040507e+05 +1.581040507e+05 +1.576343007e+05 +1.576343007e+05 +2.8584e-01 -1.1308e+00 +4.3001e+00 -2.8246e+00 +3.5318e+00
1458 +9.954365249e+04 +9.954365249e+04 +9.907390249e+04 +9.907390249e+04 +3.8151e-01 -1.2270e+00 +4.1004e+00 -2.6458e+00 +3.6544e+00
2293 +1.199592791e+04 +1.199592791e+04 +1.152617791e+04 +1.152617791e+04 +2.3131e+00 -2.0414e+00 +2.9673e+00 +7.8951e-01 -2.6996e+00
2295 +9.918132688e+03 +9.918132688e+03 +9.448382688e+03 +9.448382688e+03 +2.3197e+00 -2.0424e+00 +2.9729e+00 +7.7259e-01 -2.6826e+00
2401 +5.252429232e+03 +5.252429232e+03 +4.782679232e+03 +4.782679232e+03 +2.3186e+00 -2.0602e+00 +2.9852e+00 +8.2529e-01 -2.6670e+00
2452 +3.920548107e+03 +3.920548107e+03 +3.450798107e+03 +3.450798107e+03 +2.3262e+00 -2.0485e+00 +3.0113e+00 +8.2026e-01 -2.6537e+00
2552 +2.022278790e+03 +2.022278790e+03 +1.552528790e+03 +1.552528790e+03 +2.3261e+00 -2.0714e+00 +3.0446e+00 +8.3367e-01 -2.6768e+00
2582 +1.545005311e+03 +1.545005311e+03 +1.075255311e+03 +1.075255311e+03 +2.3597e+00 -2.0911e+00 +3.0193e+00 +8.5429e-01 -2.7134e+00
2725 +9.457867728e+02 +9.457867728e+02 +4.760367728e+02 +4.760367728e+02 +2.3852e+00 -2.1277e+00 +2.9988e+00 +8.9012e-01 -2.7137e+00
3751 +6.269708337e+02 +6.269708337e+02 +1.572208337e+02 +1.572208337e+02 +2.3288e+00 -2.1794e+00 +2.9922e+00 +1.0260e+00 -2.7530e+00
4301 +3.940581308e+02 +3.940581308e+02 -7.569186924e+01 -7.569186924e+01 +2.2316e+00 -2.1641e+00 +3.0684e+00 +1.1213e+00 -2.7628e+00
5721 +2.470813933e+02 +2.470813933e+02 -2.226686067e+02 -2.226686067e+02 +2.0317e+00 -2.1519e+00 +3.2136e+00 +1.2919e+00 -2.7831e+00
9704 +1.555906828e+02 +1.555906828e+02 -3.141593172e+02 -3.141593172e+02 +1.7402e+00 -2.3719e+00 +3.3319e+00 +1.3115e+00 -2.6249e+00
11931 +9.896846850e+01 +9.896846850e+01 -3.707815315e+02 -3.707815315e+02 +1.5959e+00 -2.5933e+00 +3.3612e+00 +1.2370e+00 -2.5389e+00
33538 +6.278617170e+01 +6.278617170e+01 -4.069638283e+02 -4.069638283e+02 +1.3240e+00 -3.0586e+00 +3.4022e+00 +1.0680e+00 -2.3653e+00
35699 +3.978448839e+01 +3.978448839e+01 -4.299655116e+02 -4.299655116e+02 +1.2367e+00 -3.2480e+00 +3.4138e+00 +1.0114e+00 -2.3522e+00
37982 +2.432345929e+01 +2.432345929e+01 -4.454265407e+02 -4.454265407e+02 +1.1494e+00 -3.3675e+00 +3.4280e+00 +9.4618e-01 -2.2543e+00
52855 +1.541143853e+01 +1.541143853e+01 -4.543385615e+02 -4.543385615e+02 +1.0022e+00 -3.6000e+00 +3.4530e+00 +8.7112e-01 -2.1611e+00
57808 +9.676265562e+00 +9.676265562e+00 -4.600737344e+02 -4.600737344e+02 +9.2495e-01 -3.6752e+00 +3.4747e+00 +8.4397e-01 -2.0875e+00
69873 +6.191599302e+00 +6.191599302e+00 -4.635584007e+02 -4.635584007e+02 +8.1845e-01 -3.8323e+00 +3.4946e+00 +7.9144e-01 -2.0125e+00
% function evaluation | noise-free fitness - Fopt (1.999100000000e+02) | best noise-free fitness - Fopt | measured fitness | best measured fitness | x1 | x2...
1 +2.690577863e+06 +2.690577863e+06 +2.690777773e+06 +2.690777773e+06 -3.6821e+00 -1.7719e+00 +4.8365e+00 -1.1902e+00 -3.3563e+00
4 +8.842842917e+05 +8.842842917e+05 +8.844842017e+05 +8.844842017e+05 -4.8870e+00 -2.2955e+00 -3.4770e+00 +4.6219e+00 +4.9031e+00
9 +4.990616863e+05 +4.990616863e+05 +4.992615963e+05 +4.992615963e+05 +4.4280e+00 -9.6451e-02 +4.9110e+00 +2.4537e+00 -1.3284e+00
13 +1.128358907e+05 +1.128358907e+05 +1.130358007e+05 +1.130358007e+05 -1.8478e-01 +1.7691e-01 +2.1231e+00 +2.9482e+00 +2.9516e+00
273 +9.928871266e+04 +9.928871266e+04 +9.948862266e+04 +9.948862266e+04 -2.8105e+00 +8.4083e-01 +6.3777e-01 +4.1714e+00 -2.9490e-01
477 +6.271103375e+04 +6.271103375e+04 +6.291094375e+04 +6.291094375e+04 -2.8251e+00 +7.9569e-01 +6.7440e-01 +4.2501e+00 -2.7826e-01
669 +3.820707903e+04 +3.820707903e+04 +3.840698903e+04 +3.840698903e+04 -2.8697e+00 +7.8768e-01 +7.2943e-01 +4.2404e+00 -2.3538e-01
823 +2.316536106e+04 +2.316536106e+04 +2.336527106e+04 +2.336527106e+04 -2.8625e+00 +7.9118e-01 +7.8562e-01 +4.2613e+00 -2.5048e-01
931 +1.565397228e+04 +1.565397228e+04 +1.585388228e+04 +1.585388228e+04 -2.8773e+00 +8.0240e-01 +8.0678e-01 +4.2998e+00 -2.3693e-01
1481 +9.962419291e+03 +9.962419291e+03 +1.016232929e+04 +1.016232929e+04 -2.8517e+00 +9.0380e-01 +8.9568e-01 +4.3366e+00 -1.9183e-01
4849 +6.305243832e+03 +6.305243832e+03 +6.505153832e+03 +6.505153832e+03 -2.2627e+00 +1.1841e+00 +1.3864e+00 +4.1858e+00 -4.4223e-01
6088 +3.945587760e+03 +3.945587760e+03 +4.145497760e+03 +4.145497760e+03 -2.0025e+00 +1.2621e+00 +1.5776e+00 +4.0690e+00 -4.7246e-01
7348 +2.504667017e+03 +2.504667017e+03 +2.704577017e+03 +2.704577017e+03 -1.7358e+00 +1.3079e+00 +1.7646e+00 +4.0093e+00 -5.2112e-01
9767 +1.573206820e+03 +1.573206820e+03 +1.773116820e+03 +1.773116820e+03 -1.3184e+00 +1.3856e+00 +2.0716e+00 +3.8969e+00 -6.3789e-01
10385 +9.928955413e+02 +9.928955413e+02 +1.192805541e+03 +1.192805541e+03 -1.2208e+00 +1.4363e+00 +2.1655e+00 +3.7639e+00 -6.0813e-01
12107 +6.148816113e+02 +6.148816113e+02 +8.147916113e+02 +8.147916113e+02 -9.3677e-01 +1.4929e+00 +2.3673e+00 +3.7181e+00 -6.7266e-01
12804 +3.815939587e+02 +3.815939587e+02 +5.815039587e+02 +5.815039587e+02 -8.2035e-01 +1.5371e+00 +2.4587e+00 +3.6656e+00 -6.9472e-01
14228 +2.498425857e+02 +2.498425857e+02 +4.497525857e+02 +4.497525857e+02 -7.0111e-01 +1.6063e+00 +2.6067e+00 +3.4970e+00 -7.4019e-01
18145 +1.559486964e+02 +1.559486964e+02 +3.558586964e+02 +3.558586964e+02 -7.0159e-01 +1.7075e+00 +2.7621e+00 +3.1779e+00 -8.0159e-01
20575 +9.668005305e+01 +9.668005305e+01 +2.965900531e+02 +2.965900531e+02 -7.7082e-01 +1.7617e+00 +2.8283e+00 +2.8956e+00 -7.6215e-01
37130 +6.275731670e+01 +6.275731670e+01 +2.626673167e+02 +2.626673167e+02 -9.9790e-01 +1.8629e+00 +2.9071e+00 +2.3915e+00 -7.3850e-01
41012 +3.857537711e+01 +3.857537711e+01 +2.384853771e+02 +2.384853771e+02 -1.0385e+00 +1.8983e+00 +2.9603e+00 +2.1725e+00 -6.9529e-01
43118 +2.499903121e+01 +2.499903121e+01 +2.249090312e+02 +2.249090312e+02 -1.0943e+00 +1.9292e+00 +2.9828e+00 +2.0539e+00 -7.0105e-01
67339 +1.494269284e+01 +1.494269284e+01 +2.148526928e+02 +2.148526928e+02 -1.2033e+00 +1.9879e+00 +3.0382e+00 +1.7468e+00 -6.6808e-01
69293 +9.850529309e+00 +9.850529309e+00 +2.097605293e+02 +2.097605293e+02 -1.2485e+00 +2.0216e+00 +3.0616e+00 +1.6805e+00 -7.1760e-01
74519 +6.306897489e+00 +6.306897489e+00 +2.062168975e+02 +2.062168975e+02 -1.2984e+00 +2.0524e+00 +3.0889e+00 +1.5643e+00 -7.3593e-01
79718 +3.868871570e+00 +3.868871570e+00 +2.037788716e+02 +2.037788716e+02 -1.3595e+00 +2.0822e+00 +3.1093e+00 +1.4400e+00 -7.3976e-01
96342 +2.389547880e+00 +2.389547880e+00 +2.022995479e+02 +2.022995479e+02 -1.4348e+00 +2.1364e+00 +3.1392e+00 +1.3557e+00 -8.3242e-01
% function evaluation | noise-free fitness - Fopt (-4.296000000000e+02) | best noise-free fitness - Fopt | measured fitness | best measured fitness | x1 | x2...
1 +3.653846568e+07 +3.653846568e+07 +3.653803608e+07 +3.653803608e+07 +1.5800e+00 +6.3550e-01 +3.4611e+00 +9.8341e-01 -3.3056e-01
3 +5.562158504e+05 +5.562158504e+05 +5.557862504e+05 +5.557862504e+05 -3.1464e+00 -3.2252e+00 -4.7629e+00 +3.5844e+00 +3.8023e-01
19 +3.422274887e+05 +3.422274887e+05 +3.417978887e+05 +3.417978887e+05 -2.9275e+00 -1.8794e+00 -4.9671e+00 +4.2198e+00 +5.5360e-01
1273 +6.340175094e+04 +6.340175094e+04 +6.297215094e+04 +6.297215094e+04 -2.7138e+00 -1.5341e+00 -7.8685e-01 +4.8413e+00 +4.9521e+00
1334 +6.281742528e+04 +6.281742528e+04 +6.238782528e+04 +6.238782528e+04 -2.7006e+00 -1.5361e+00 -7.7649e-01 +4.8310e+00 +4.9502e+00
1948 +3.920925510e+04 +3.920925510e+04 +3.877965510e+04 +3.877965510e+04 -2.8899e+00 -1.5319e+00 -8.6741e-01 +4.8431e+00 +4.8356e+00
2396 +2.410142002e+04 +2.410142002e+04 +2.367182002e+04 +2.367182002e+04 -2.9662e+00 -1.5870e+00 -9.1073e-01 +4.8557e+00 +4.7274e+00
3530 +1.574936191e+04 +1.574936191e+04 +1.531976191e+04 +1.531976191e+04 -3.2117e+00 -1.5432e+00 -9.5199e-01 +5.0000e+00 +4.5956e+00
3827 +9.710369163e+03 +9.710369163e+03 +9.280769163e+03 +9.280769163e+03 -3.2900e+00 -1.5447e+00 -9.9626e-01 +5.0000e+00 +4.5041e+00
4299 +6.252381004e+03 +6.252381004e+03 +5.822781004e+03 +5.822781004e+03 -3.4204e+00 -1.5342e+00 -1.0472e+00 +4.9961e+00 +4.4660e+00
4794 +3.868703666e+03 +3.868703666e+03 +3.439103666e+03 +3.439103666e+03 -3.5060e+00 -1.5218e+00 -1.1226e+00 +5.0000e+00 +4.3679e+00
5365 +2.428142150e+03 +2.428142150e+03 +1.998542150e+03 +1.998542150e+03 -3.6672e+00 -1.5008e+00 -1.1401e+00 +5.0000e+00 +4.3279e+00
6507 +1.578355119e+03 +1.578355119e+03 +1.148755119e+03 +1.148755119e+03 -3.8501e+00 -1.3285e+00 -1.0377e+00 +4.9873e+00 +4.3779e+00
9369 +9.988362448e+02 +9.988362448e+02 +5.692362448e+02 +5.692362448e+02 -4.1333e+00 -9.8133e-01 -7.9957e-01 +4.9967e+00 +4.4802e+00
14807 +6.307299804e+02 +6.307299804e+02 +2.011299804e+02 +2.011299804e+02 -4.4332e+00 -3.6297e-01 -5.7663e-01 +4.8284e+00 +4.4930e+00
21832 +3.981014886e+02 +3.981014886e+02 -3.149851142e+01 -3.149851142e+01 -4.5613e+00 +3.5648e-01 -5.9276e-01 +4.2991e+00 +4.3163e+00
27094 +2.505948740e+02 +2.505948740e+02 -1.790051260e+02 -1.790051260e+02 -4.5916e+00 +8.6663e-01 -6.4433e-01 +3.9025e+00 +4.1458e+00
35674 +1.569832988e+02 +1.569832988e+02 -2.726167012e+02 -2.726167012e+02 -4.7529e+00 +1.3259e+00 -6.5510e-01 +3.4688e+00 +4.0717e+00
45363 +9.942056061e+01 +9.942056061e+01 -3.301794394e+02 -3.301794394e+02 -4.7021e+00 +1.8577e+00 -7.1279e-01 +3.1724e+00 +3.8456e+00
50125 +6.302286739e+01 +6.302286739e+01 -3.665771326e+02 -3.665771326e+02 -4.6869e+00 +2.1338e+00 -7.4390e-01 +2.9886e+00 +3.7365e+00
53148 +3.826161459e+01 +3.826161459e+01 -3.913383854e+02 -3.913383854e+02 -4.7025e+00 +2.2860e+00 -7.8962e-01 +2.8089e+00 +3.6754e+00
55659 +2.496633406e+01 +2.496633406e+01 -4.046336659e+02 -4.046336659e+02 -4.6901e+00 +2.4428e+00 -7.8231e-01 +2.7731e+00 +3.6174e+00
60628 +1.570342644e+01 +1.570342644e+01 -4.138965736e+02 -4.138965736e+02 -4.6774e+00 +2.6128e+00 -7.9630e-01 +2.6750e+00 +3.5510e+00
68217 +9.713203486e+00 +9.713203486e+00 -4.198867965e+02 -4.198867965e+02 -4.6807e+00 +2.8004e+00 -8.1824e-01 +2.5434e+00 +3.4812e+00
76690 +6.215140870e+00 +6.215140870e+00 -4.233848591e+02 -4.233848591e+02 -4.6989e+00 +2.9037e+00 -8.2533e-01 +2.4561e+00 +3.4538e+00
93563 +3.950923692e+00 +3.950923692e+00 -4.256490763e+02 -4.256490763e+02 -4.6628e+00 +3.0422e+00 -8.4493e-01 +2.3976e+00 +3.3805e+00
% function evaluation | noise-free fitness - Fopt (1.000000000000e+03) | best noise-free fitness - Fopt | measured fitness | best measured fitness | x1 | x2...
1 +1.561238490e+07 +1.561238490e+07 +1.561338490e+07 +1.561338490e+07 -6.6026e-01 +1.3126e+00 -2.2052e+00 -2.6425e+00 -4.2112e-01
3 +2.898065074e+06 +2.898065074e+06 +2.899065074e+06 +2.899065074e+06 -3.4924e+00 -2.6039e-01 -6.3072e-01 +4.2406e+00 -3.6933e+00
15 +2.418180923e+06 +2.418180923e+06 +2.419180923e+06 +2.419180923e+06 -4.3757e+00 +1.9096e+00 -3.8798e+00 -2.1158e+00 -1.3518e+00
19 +4.989373622e+05 +4.989373622e+05 +4.999373622e+05 +4.999373622e+05 +4.0922e+00 +4.7049e+00 -4.3444e+00 +3.7250e+00 +5.2491e-01
39 +2.111395608e+05 +2.111395608e+05 +2.121395608e+05 +2.121395608e+05 +2.9817e+00 +3.5135e+00 -4.5808e+00 +3.2091e+00 +2.0909e+00
64 +7.386099942e+04 +7.386099942e+04 +7.486099942e+04 +7.486099942e+04 +2.9345e+00 +2.3694e+00 -3.9261e+00 +3.3919e+00 -7.5888e-01
233 +5.965178251e+04 +5.965178251e+04 +6.065178251e+04 +6.065178251e+04 +2.9209e+00 +2.3947e+00 -3.9066e+00 +3.4301e+00 -7.6891e-01
381 +3.876249419e+04 +3.876249419e+04 +3.976249419e+04 +3.976249419e+04 +2.8667e+00 +2.4183e+00 -3.9138e+00 +3.4644e+00 -7.6678e-01
662 +2.480362052e+04 +2.480362052e+04 +2.580362052e+04 +2.580362052e+04 +2.8339e+00 +2.4657e+00 -3.9450e+00 +3.5157e+00 -7.6187e-01
3163 +1.583671638e+04 +1.583671638e+04 +1.683671638e+04 +1.683671638e+04 +2.5384e+00 +2.6051e+00 -4.4289e+00 +3.1844e+00 -5.1162e-01
5821 +9.953127036e+03 +9.953127036e+03 +1.095312704e+04 +1.095312704e+04 +2.3568e+00 +2.9095e+00 -4.8933e+00 +2.7927e+00 -1.8564e-01
10491 +6.302414298e+03 +6.302414298e+03 +7.302414298e+03 +7.302414298e+03 +1.7026e+00 +3.2196e+00 -4.9987e+00 +2.1804e+00 +2.9252e-01
12240 +3.936573838e+03 +3.936573838e+03 +4.936573838e+03 +4.936573838e+03 +1.4047e+00 +3.3962e+00 -4.9955e+00 +1.8989e+00 +4.9353e-01
14157 +2.504332115e+03 +2.504332115e+03 +3.504332115e+03 +3.504332115e+03 +1.0511e+00 +3.4718e+00 -4.9783e+00 +1.6446e+00 +6.9031e-01
18093 +1.571636606e+03 +1.571636606e+03 +2.571636606e+03 +2.571636606e+03 +6.0234e-01 +3.5632e+00 -5.0000e+00 +1.2943e+00 +1.1198e+00
18888 +9.980827150e+02 +9.980827150e+02 +1.998082715e+03 +1.998082715e+03 +4.8430e-01 +3.6216e+00 -5.0000e+00 +1.1808e+00 +1.2140e+00
22176 +6.286468405e+02 +6.286468405e+02 +1.628646841e+03 +1.628646841e+03 +1.9686e-01 +3.7042e+00 -5.0000e+00 +9.5369e-01 +1.4412e+00
23017 +3.953379524e+02 +3.953379524e+02 +1.395337952e+03 +1.395337952e+03 +8.0044e-02 +3.7592e+00 -5.0000e+00 +8.5276e-01 +1.5389e+00
24487 +2.507672543e+02 +2.507672543e+02 +1.250767254e+03 +1.250767254e+03 -8.6202e-02 +3.8092e+00 -5.0000e+00 +7.1677e-01 +1.6586e+00
26867 +1.578273120e+02 +1.578273120e+02 +1.157827312e+03 +1.157827312e+03 -2.6778e-01 +3.8752e+00 -5.0000e+00 +5.6739e-01 +1.7845e+00
34347 +9.934510804e+01 +9.934510804e+01 +1.099345108e+03 +1.099345108e+03 -4.8771e-01 +3.7294e+00 -4.8458e+00 +5.1107e-01 +2.2383e+00
38612 +6.227794018e+01 +6.227794018e+01 +1.062277940e+03 +1.062277940e+03 -5.3519e-01 +3.5768e+00 -4.7546e+00 +5.5959e-01 +2.5295e+00
41570 +3.938247216e+01 +3.938247216e+01 +1.039382472e+03 +1.039382472e+03 -6.0145e-01 +3.4776e+00 -4.6701e+00 +5.7496e-01 +2.7267e+00
51523 +2.502893376e+01 +2.502893376e+01 +1.025028934e+03 +1.025028934e+03 -7.6094e-01 +3.3692e+00 -4.5032e+00 +5.5429e-01 +2.9857e+00
69492 +1.580434599e+01 +1.580434599e+01 +1.015804346e+03 +1.015804346e+03 -9.1441e-01 +3.2371e+00 -4.3309e+00 +5.5019e-01 +3.2711e+00
172313 +9.988248234e+00 +9.988248234e+00 +1.009988248e+03 +1.009988248e+03 -1.3696e+00 +3.2876e+00 -3.9262e+00 +3.5167e-01 +3.2894e+00
% function evaluation | noise-free fitness - Fopt (1.951500000000e+02) | best noise-free fitness - Fopt | measured fitness | best measured fitness | x1 | x2...
1 +3.995280750e+07 +3.995280750e+07 +3.995300265e+07 +3.995300265e+07 +1.3963e+00 -1.8273e+00 -4.9517e+00 +3.9726e+00 +2.5452e+00
2 +8.087590471e+06 +8.087590471e+06 +8.087785621e+06 +8.087785621e+06 +1.0124e-01 +2.5677e+00 +6.6894e-01 -3.2152e+00 +3.3635e+00
4 +1.740930278e+05 +1.740930278e+05 +1.742881778e+05 +1.742881778e+05 -2.8169e+00 -3.6968e+00 +4.6001e+00 +4.5922e-01 +1.0041e+00
93 +5.303809851e+04 +5.303809851e+04 +5.323324851e+04 +5.323324851e+04 -8.9161e-02 -2.6394e+00 +4.3319e+00 +2.4810e+00 +2.1169e+00
263 +3.977928836e+04 +3.977928836e+04 +3.997443836e+04 +3.997443836e+04 -2.9120e-02 -2.6702e+00 +4.3246e+00 +2.4579e+00 +2.0873e+00
662 +2.511788653e+04 +2.511788653e+04 +2.531303653e+04 +2.531303653e+04 +9.3875e-02 -2.6320e+00 +4.3301e+00 +2.3736e+00 +2.0582e+00
1841 +1.521566615e+04 +1.521566615e+04 +1.541081615e+04 +1.541081615e+04 +4.4648e-01 -2.6466e+00 +4.3459e+00 +2.2804e+00 +2.1436e+00
2304 +9.902004538e+03 +9.902004538e+03 +1.009715454e+04 +1.009715454e+04 +5.5499e-01 -2.6118e+00 +4.3959e+00 +2.2159e+00 +2.1079e+00
2978 +6.240307784e+03 +6.240307784e+03 +6.435457784e+03 +6.435457784e+03 +6.9866e-01 -2.5861e+00 +4.4403e+00 +2.0791e+00 +2.1420e+00
3785 +3.953339309e+03 +3.953339309e+03 +4.148489309e+03 +4.148489309e+03 +8.9713e-01 -2.5750e+00 +4.4370e+00 +2.0600e+00 +2.2116e+00
4853 +2.503815524e+03 +2.503815524e+03 +2.698965524e+03 +2.698965524e+03 +1.0802e+00 -2.5611e+00 +4.3026e+00 +2.0685e+00 +2.3973e+00
7375 +1.578566963e+03 +1.578566963e+03 +1.773716963e+03 +1.773716963e+03 +1.4081e+00 -2.4479e+00 +4.0315e+00 +2.2537e+00 +2.7203e+00
7910 +9.763178660e+02 +9.763178660e+02 +1.171467866e+03 +1.171467866e+03 +1.4840e+00 -2.5118e+00 +3.9417e+00 +2.2685e+00 +2.8296e+00
8794 +6.242179674e+02 +6.242179674e+02 +8.193679674e+02 +8.193679674e+02 +1.6317e+00 -2.4461e+00 +3.8465e+00 +2.3800e+00 +2.9469e+00
9953 +3.953754183e+02 +3.953754183e+02 +5.905254183e+02 +5.905254183e+02 +1.7483e+00 -2.4053e+00 +3.7391e+00 +2.4351e+00 +3.0761e+00
10834 +2.493897527e+02 +2.493897527e+02 +4.445397527e+02 +4.445397527e+02 +1.7899e+00 -2.3581e+00 +3.6484e+00 +2.4249e+00 +3.1846e+00
11910 +1.577628623e+02 +1.577628623e+02 +3.529128623e+02 +3.529128623e+02 +1.8940e+00 -2.3755e+00 +3.5628e+00 +2.4855e+00 +3.2867e+00
14341 +9.889112936e+01 +9.889112936e+01 +2.940411294e+02 +2.940411294e+02 +1.9921e+00 -2.1472e+00 +3.4819e+00 +2.5134e+00 +3.4021e+00
18842 +6.243527702e+01 +6.243527702e+01 +2.575852770e+02 +2.575852770e+02 +1.9915e+00 -1.7871e+00 +3.4800e+00 +2.4636e+00 +3.4398e+00
21439 +3.802060878e+01 +3.802060878e+01 +2.331706088e+02 +2.331706088e+02 +2.0531e+00 -1.5774e+00 +3.5490e+00 +2.5516e+00 +3.3746e+00
24073 +2.504311640e+01 +2.504311640e+01 +2.201931164e+02 +2.201931164e+02 +2.0644e+00 -1.4297e+00 +3.5659e+00 +2.5541e+00 +3.3685e+00
27119 +1.566262945e+01 +1.566262945e+01 +2.108126294e+02 +2.108126294e+02 +2.0859e+00 -1.2533e+00 +3.5910e+00 +2.5662e+00 +3.3561e+00
32700 +9.996391565e+00 +9.996391565e+00 +2.051463916e+02 +2.051463916e+02 +2.0842e+00 -1.0682e+00 +3.6077e+00 +2.5666e+00 +3.3504e+00
38901 +6.166114170e+00 +6.166114170e+00 +2.013161142e+02 +2.013161142e+02 +2.0523e+00 -9.1072e-01 +3.6026e+00 +2.4927e+00 +3.3749e+00
41685 +3.515960005e+00 +3.515960005e+00 +1.986659600e+02 +1.986659600e+02 +2.0458e+00 -8.1904e-01 +3.6014e+00 +2.4757e+00 +3.3856e+00
43323 +2.357694104e+00 +2.357694104e+00 +1.975076941e+02 +1.975076941e+02 +2.0523e+00 -7.4705e-01 +3.6172e+00 +2.4899e+00 +3.3716e+00
49507 +1.506687352e+00 +1.506687352e+00 +1.966566874e+02 +1.966566874e+02 +2.0557e+00 -6.6624e-01 +3.6234e+00 +2.4876e+00 +3.3718e+00
50062 +9.061294494e-01 +9.061294494e-01 +1.960561294e+02 +1.960561294e+02 +2.0497e+00 -6.3087e-01 +3.6203e+00 +2.4689e+00 +3.3799e+00
58695 +5.970050499e-01 +5.970050499e-01 +1.957470050e+02 +1.957470050e+02 +2.0453e+00 -5.9098e-01 +3.6261e+00 +2.4625e+00 +3.3770e+00
% function evaluation | noise-free fitness - Fopt (-4.335000000000e+01) | best noise-free fitness - Fopt | measured fitness | best measured fitness | x1 | x2...
1 +1.993891883e+06 +1.993891883e+06 +1.993848533e+06 +1.993848533e+06 +2.5904e+00 -8.7263e-01 -4.7743e+00 -1.9056e+00 -3.6404e+00
2 +1.325013265e+06 +1.325013265e+06 +1.324969915e+06 +1.324969915e+06 +1.5341e+00 +1.4854e+00 -3.6493e+00 -3.9759e+00 -4.3537e+00
7 +8.701685022e+05 +8.701685022e+05 +8.701251522e+05 +8.701251522e+05 -4.9450e+00 +4.2303e+00 -3.9649e+00 -4.6497e+00 -3.8731e+00
30 +3.447682491e+05 +3.447682491e+05 +3.447248991e+05 +3.447248991e+05 -2.0313e+00 +1.4446e+00 -3.4989e+00 -1.0968e+00 +1.5783e-02
49 +2.193317994e+05 +2.193317994e+05 +2.192884494e+05 +2.192884494e+05 -3.2250e+00 +1.8554e+00 +4.4478e-02 +1.4455e+00 -8.0761e-01
53 +7.467498583e+04 +7.467498583e+04 +7.463163583e+04 +7.463163583e+04 +1.5206e+00 +3.8424e+00 +2.7899e-01 -2.2232e+00 -3.5093e+00
77 +3.384675622e+04 +3.384675622e+04 +3.380340622e+04 +3.380340622e+04 +1.7560e+00 +1.7571e+00 +3.2849e+00 +2.0769e+00 -2.1226e+00
165 +2.509050129e+04 +2.509050129e+04 +2.504715129e+04 +2.504715129e+04 +1.7734e+00 +1.7900e+00 +3.2828e+00 +2.0752e+00 -2.1336e+00
306 +1.537161219e+04 +1.537161219e+04 +1.532826219e+04 +1.532826219e+04 +1.7530e+00 +1.8137e+00 +3.2870e+00 +2.1148e+00 -2.1298e+00
408 +9.764224815e+03 +9.764224815e+03 +9.720874815e+03 +9.720874815e+03 +1.7652e+00 +1.8597e+00 +3.2645e+00 +2.1412e+00 -2.1396e+00
932 +6.100384252e+03 +6.100384252e+03 +6.057034252e+03 +6.057034252e+03 +1.7251e+00 +1.8106e+00 +3.1406e+00 +2.1442e+00 -2.2294e+00
2192 +3.965849988e+03 +3.965849988e+03 +3.922499988e+03 +3.922499988e+03 +1.8601e+00 +1.7421e+00 +2.8872e+00 +2.0226e+00 -2.3290e+00
3773 +2.498166351e+03 +2.498166351e+03 +2.454816351e+03 +2.454816351e+03 +2.2754e+00 +1.7954e+00 +2.7167e+00 +1.7939e+00 -2.4092e+00
4745 +1.583325359e+03 +1.583325359e+03 +1.539975359e+03 +1.539975359e+03 +2.4763e+00 +1.8205e+00 +2.6047e+00 +1.6671e+00 -2.4109e+00
5610 +9.952892209e+02 +9.952892209e+02 +9.519392209e+02 +9.519392209e+02 +2.6235e+00 +1.8399e+00 +2.4856e+00 +1.5828e+00 -2.3682e+00
6341 +6.240478772e+02 +6.240478772e+02 +5.806978772e+02 +5.806978772e+02 +2.7508e+00 +1.8619e+00 +2.3953e+00 +1.4894e+00 -2.3367e+00
7539 +3.968138345e+02 +3.968138345e+02 +3.534638345e+02 +3.534638345e+02 +2.9259e+00 +1.8747e+00 +2.2265e+00 +1.3717e+00 -2.2608e+00
8519 +2.411777856e+02 +2.411777856e+02 +1.978277856e+02 +1.978277856e+02 +3.1005e+00 +1.8881e+00 +2.1827e+00 +1.2917e+00 -2.3233e+00
10325 +1.571433290e+02 +1.571433290e+02 +1.137933290e+02 +1.137933290e+02 +3.2114e+00 +1.9553e+00 +2.1500e+00 +1.1601e+00 -2.3964e+00
15433 +9.937853358e+01 +9.937853358e+01 +5.602853358e+01 +5.602853358e+01 +3.3178e+00 +2.0917e+00 +2.3198e+00 +9.8300e-01 -2.7374e+00
20004 +6.127149072e+01 +6.127149072e+01 +1.792149072e+01 +1.792149072e+01 +3.3094e+00 +2.2324e+00 +2.4292e+00 +7.9941e-01 -2.9950e+00
22706 +3.734986523e+01 +3.734986523e+01 -6.000134765e+00 -6.000134765e+00 +3.2099e+00 +2.3555e+00 +2.4849e+00 +6.4650e-01 -3.1311e+00
25398 +2.484455481e+01 +2.484455481e+01 -1.850544519e+01 -1.850544519e+01 +3.1820e+00 +2.4270e+00 +2.5446e+00 +5.6795e-01 -3.2336e+00
33303 +1.571714553e+01 +1.571714553e+01 -2.763285447e+01 -2.763285447e+01 +3.1648e+00 +2.5139e+00 +2.6245e+00 +4.6406e-01 -3.3891e+00
41412 +9.518911708e+00 +9.518911708e+00 -3.383108829e+01 -3.383108829e+01 +3.0861e+00 +2.6220e+00 +2.6806e+00 +3.2968e-01 -3.5224e+00
46696 +6.296099214e+00 +6.296099214e+00 -3.705390079e+01 -3.705390079e+01 +3.0918e+00 +2.6637e+00 +2.7477e+00 +2.8714e-01 -3.6279e+00
54310 +3.831639308e+00 +3.831639308e+00 -3.951836069e+01 -3.951836069e+01 +3.0041e+00 +2.7569e+00 +2.7641e+00 +1.6585e-01 -3.7026e+00
% function evaluation | noise-free fitness - Fopt (2.790900000000e+02) | best noise-free fitness - Fopt | measured fitness | best measured fitness | x1 | x2...
1 +5.174734128e+06 +5.174734128e+06 +5.175013218e+06 +5.175013218e+06 -4.6675e+00 +3.8352e-01 +2.5155e+00 +4.6942e+00 +2.9983e+00
2 +1.743561463e+06 +1.743561463e+06 +1.743840553e+06 +1.743840553e+06 -1.9875e+00 -1.9334e+00 -2.5843e+00 +5.9687e-01 -9.6697e-01
7 +1.274946920e+06 +1.274946920e+06 +1.275226010e+06 +1.275226010e+06 +1.5722e+00 -2.4637e+00 -4.1387e+00 -4.3569e+00 +2.6109e+00
14 +8.690593543e+05 +8.690593543e+05 +8.693384443e+05 +8.693384443e+05 +6.2151e-01 -1.2738e+00 +1.1254e+00 -2.4665e+00 -4.7654e+00
25 +5.529392529e+05 +5.529392529e+05 +5.532183429e+05 +5.532183429e+05 +2.1293e+00 -4.9155e+00 +2.2149e+00 +2.2921e+00 +4.3402e-01
31 +2.892597475e+04 +2.892597475e+04 +2.920506475e+04 +2.920506475e+04 +1.0353e+00 -4.4342e+00 -1.1121e+00 -1.3818e+00 +3.2863e+00
43 +1.018712438e+04 +1.018712438e+04 +1.046621438e+04 +1.046621438e+04 +1.3506e-01 -3.6015e+00 -3.5104e+00 +1.8108e+00 +3.7823e+00
118 +9.579638787e+03 +9.579638787e+03 +9.858728787e+03 +9.858728787e+03 +1.4540e-01 -3.5956e+00 -3.5045e+00 +1.8296e+00 +3.7686e+00
381 +6.291353983e+03 +6.291353983e+03 +6.570443983e+03 +6.570443983e+03 +1.8071e-01 -3.5471e+00 -3.5587e+00 +1.7841e+00 +3.7319e+00
873 +3.866942551e+03 +3.866942551e+03 +4.146032551e+03 +4.146032551e+03 +2.4727e-01 -3.5169e+00 -3.6247e+00 +1.7445e+00 +3.6415e+00
1121 +2.401268611e+03 +2.401268611e+03 +2.680358611e+03 +2.680358611e+03 +2.6391e-01 -3.4683e+00 -3.6957e+00 +1.7462e+00 +3.5687e+00
1734 +1.556098070e+03 +1.556098070e+03 +1.835188070e+03 +1.835188070e+03 +3.0364e-01 -3.4361e+00 -3.7835e+00 +1.6730e+00 +3.5096e+00
2603 +9.907867946e+02 +9.907867946e+02 +1.269876795e+03 +1.269876795e+03 +3.0271e-01 -3.4411e+00 -3.8314e+00 +1.4585e+00 +3.5197e+00
3933 +6.224287757e+02 +6.224287757e+02 +9.015187757e+02 +9.015187757e+02 +2.3957e-01 -3.4351e+00 -3.9977e+00 +1.2653e+00 +3.6079e+00
5180 +3.980858339e+02 +3.980858339e+02 +6.771758339e+02 +6.771758339e+02 +1.5182e-01 -3.4119e+00 -4.1433e+00 +1.0306e+00 +3.6789e+00
10382 +2.510058005e+02 +2.510058005e+02 +5.300958005e+02 +5.300958005e+02 -1.8506e-01 -3.2221e+00 -4.1669e+00 +7.2461e-01 +3.5727e+00
16687 +1.550693108e+02 +1.550693108e+02 +4.341593108e+02 +4.341593108e+02 -4.5416e-01 -3.0462e+00 -3.8284e+00 +5.1162e-01 +3.2815e+00
19431 +9.890720744e+01 +9.890720744e+01 +3.779972074e+02 +3.779972074e+02 -6.4425e-01 -2.9257e+00 -3.6896e+00 +4.5537e-01 +3.1366e+00
40034 +6.298120532e+01 +6.298120532e+01 +3.420712053e+02 +3.420712053e+02 -9.2747e-01 -2.7426e+00 -3.3079e+00 +1.8177e-01 +2.8206e+00
41814 +3.961979836e+01 +3.961979836e+01 +3.187097984e+02 +3.187097984e+02 -1.0865e+00 -2.6440e+00 -3.2763e+00 +1.5758e-01 +2.7409e+00
67694 +2.465668729e+01 +2.465668729e+01 +3.037466873e+02 +3.037466873e+02 -1.2039e+00 -2.5607e+00 -3.0153e+00 +2.3691e-02 +2.5485e+00
71466 +1.549854258e+01 +1.549854258e+01 +2.945885426e+02 +2.945885426e+02 -1.2837e+00 -2.5086e+00 -2.9050e+00 -7.5675e-02 +2.4533e+00
82357 +9.953306960e+00 +9.953306960e+00 +2.890433070e+02 +2.890433070e+02 -1.4415e+00 -2.4039e+00 -2.7112e+00 -1.7828e-01 +2.2865e+00
% function evaluation | noise-free fitness - Fopt (1.000000000000e+03) | best noise-free fitness - Fopt | measured fitness | best measured fitness | x1 | x2...
1 +1.053756400e+07 +1.053756400e+07 +1.053856400e+07 +1.053856400e+07 +4.4089e+00 -2.0451e-01 +1.5825e+00 +1.2082e+00 -4.5881e+00
2 +9.640431091e+05 +9.640431091e+05 +9.650431091e+05 +9.650431091e+05 +4.5733e+00 -2.2128e+00 +2.1574e+00 +1.4042e+00 +1.2805e+00
4 +2.701989846e+04 +2.701989846e+04 +2.801989846e+04 +2.801989846e+04 +2.9545e+00 +3.0984e+00 +3.7238e+00 +4.5028e+00 -2.0994e+00
91 +2.110204485e+04 +2.110204485e+04 +2.210204485e+04 +2.210204485e+04 -2.1047e+00 -1.6444e+00 +3.6971e+00 -4.5790e-01 +2.8143e+00
258 +1.473301380e+04 +1.473301380e+04 +1.573301380e+04 +1.573301380e+04 -2.0946e+00 -1.6412e+00 +3.7266e+00 -4.5711e-01 +2.8193e+00
362 +9.853301571e+03 +9.853301571e+03 +1.085330157e+04 +1.085330157e+04 -2.0988e+00 -1.6376e+00 +3.7499e+00 -4.1861e-01 +2.8323e+00
477 +6.249951823e+03 +6.249951823e+03 +7.249951823e+03 +7.249951823e+03 -2.1075e+00 -1.5962e+00 +3.7816e+00 -3.9199e-01 +2.8623e+00
1326 +3.955806424e+03 +3.955806424e+03 +4.955806424e+03 +4.955806424e+03 -2.2151e+00 -1.4115e+00 +3.8391e+00 -3.9013e-01 +2.9146e+00
3264 +2.484486133e+03 +2.484486133e+03 +3.484486133e+03 +3.484486133e+03 -2.1161e+00 -1.1462e+00 +4.0875e+00 -4.7110e-01 +2.5743e+00
4283 +1.568505508e+03 +1.568505508e+03 +2.568505508e+03 +2.568505508e+03 -1.9414e+00 -1.0077e+00 +4.1763e+00 -4.6266e-01 +2.4278e+00
5008 +9.835694224e+02 +9.835694224e+02 +1.983569422e+03 +1.983569422e+03 -1.8560e+00 -8.9529e-01 +4.2488e+00 -4.7185e-01 +2.3321e+00
5642 +6.284288818e+02 +6.284288818e+02 +1.628428882e+03 +1.628428882e+03 -1.8116e+00 -8.3105e-01 +4.3208e+00 -4.9385e-01 +2.2171e+00
6567 +3.930438896e+02 +3.930438896e+02 +1.393043890e+03 +1.393043890e+03 -1.7585e+00 -7.3026e-01 +4.3969e+00 -5.0084e-01 +2.0985e+00
7535 +2.503760668e+02 +2.503760668e+02 +1.250376067e+03 +1.250376067e+03 -1.6415e+00 -6.3309e-01 +4.4842e+00 -5.5189e-01 +2.0290e+00
8155 +1.475454635e+02 +1.475454635e+02 +1.147545464e+03 +1.147545464e+03 -1.5919e+00 -5.6774e-01 +4.5238e+00 -5.3161e-01 +1.9316e+00
8605 +9.997230531e+01 +9.997230531e+01 +1.099972305e+03 +1.099972305e+03 -1.5107e+00 -5.1711e-01 +4.5425e+00 -5.2709e-01 +1.9224e+00
9179 +5.934568475e+01 +5.934568475e+01 +1.059345685e+03 +1.059345685e+03 -1.4751e+00 -4.8229e-01 +4.5573e+00 -5.0015e-01 +1.8518e+00
9819 +3.851321506e+01 +3.851321506e+01 +1.038513215e+03 +1.038513215e+03 -1.4532e+00 -4.4935e-01 +4.5846e+00 -5.0461e-01 +1.8103e+00
10229 +2.314733621e+01 +2.314733621e+01 +1.023147336e+03 +1.023147336e+03 -1.4054e+00 -4.0794e-01 +4.5892e+00 -4.7537e-01 +1.7782e+00
18492 +1.577852897e+01 +1.577852897e+01 +1.015778529e+03 +1.015778529e+03 -1.2499e+00 -3.4345e-01 +4.5737e+00 -4.1502e-01 +1.7801e+00
90374 +9.919316127e+00 +9.919316127e+00 +1.009919316e+03 +1.009919316e+03 -1.2042e+00 -2.2297e-01 +4.3364e+00 +7.6455e-02 +1.5996e+00
% function evaluation | noise-free fitness - Fopt (-1.148100000000e+02) | best noise-free fitness - Fopt | measured fitness | best measured fitness | x1 | x2...
1 +1.885455190e+07 +1.885455190e+07 +1.885443709e+07 +1.885443709e+07 -2.3187e-02 -4.8515e+00 +1.2870e+00 -2.9743e+00 -4.8253e+00
2 +4.339871925e+06 +4.339871925e+06 +4.339757115e+06 +4.339757115e+06 +6.6282e-01 -2.8827e+00 +3.4138e+00 -6.4268e-01 -3.4443e+00
4 +2.231317998e+06 +2.231317998e+06 +2.231203188e+06 +2.231203188e+06 +2.1465e+00 -4.9078e+00 +2.5959e+00 -2.4010e+00 -3.5456e+00
8 +8.541665051e+05 +8.541665051e+05 +8.540516951e+05 +8.540516951e+05 -3.0340e+00 -1.4169e+00 +2.9983e+00 -2.1969e+00 +3.9514e+00
17 +3.848017883e+04 +3.848017883e+04 +3.836536883e+04 +3.836536883e+04 +1.2521e+00 -1.3406e+00 +3.9544e+00 -7.8013e-01 -2.9560e-01
306 +2.479787202e+04 +2.479787202e+04 +2.468306202e+04 +2.468306202e+04 +1.2908e+00 -1.3520e+00 +4.0103e+00 -8.1957e-01 -2.5607e-01
521 +1.581457375e+04 +1.581457375e+04 +1.569976375e+04 +1.569976375e+04 +1.2522e+00 -1.4225e+00 +4.0588e+00 -7.1212e-01 -2.7276e-01
1325 +9.839659802e+03 +9.839659802e+03 +9.724849802e+03 +9.724849802e+03 +1.1086e+00 -1.5982e+00 +4.1767e+00 -6.9750e-01 -2.4221e-01
3010 +6.300392636e+03 +6.300392636e+03 +6.185582636e+03 +6.185582636e+03 +1.0219e+00 -2.0085e+00 +4.0066e+00 -7.1504e-01 -1.8726e-01
5560 +3.937877046e+03 +3.937877046e+03 +3.823067046e+03 +3.823067046e+03 +1.1121e+00 -2.5576e+00 +3.7008e+00 -9.2105e-01 -1.5055e-01
7496 +2.504094412e+03 +2.504094412e+03 +2.389284412e+03 +2.389284412e+03 +1.1941e+00 -2.9652e+00 +3.4127e+00 -9.5201e-01 -1.2363e-01
8632 +1.539703243e+03 +1.539703243e+03 +1.424893243e+03 +1.424893243e+03 +1.2343e+00 -3.1723e+00 +3.2798e+00 -1.0233e+00 -1.2088e-01
9281 +9.999315930e+02 +9.999315930e+02 +8.851215930e+02 +8.851215930e+02 +1.2674e+00 -3.3192e+00 +3.1952e+00 -1.0296e+00 -1.3384e-01
9855 +6.185146334e+02 +6.185146334e+02 +5.037046334e+02 +5.037046334e+02 +1.2974e+00 -3.4644e+00 +3.1239e+00 -1.0850e+00 -1.4307e-01
10764 +3.915807602e+02 +3.915807602e+02 +2.767707602e+02 +2.767707602e+02 +1.3539e+00 -3.6124e+00 +3.0183e+00 -1.0543e+00 -1.6990e-01
11874 +2.479701990e+02 +2.479701990e+02 +1.331601990e+02 +1.331601990e+02 +1.3595e+00 -3.7716e+00 +2.9271e+00 -1.1291e+00 -1.3503e-01
12519 +1.584822817e+02 +1.584822817e+02 +4.367228175e+01 +4.367228175e+01 +1.3852e+00 -3.8677e+00 +2.8913e+00 -1.2073e+00 -1.4050e-01
13260 +9.584258446e+01 +9.584258446e+01 -1.896741554e+01 -1.896741554e+01 +1.3898e+00 -3.9437e+00 +2.8148e+00 -1.1815e+00 -1.1524e-01
13857 +6.139980997e+01 +6.139980997e+01 -5.341019003e+01 -5.341019003e+01 +1.4146e+00 -4.0144e+00 +2.7533e+00 -1.1926e+00 -1.0789e-01
15323 +3.905078790e+01 +3.905078790e+01 -7.575921210e+01 -7.575921210e+01 +1.4380e+00 -4.1144e+00 +2.6743e+00 -1.1528e+00 -1.1707e-01
32742 +2.500879528e+01 +2.500879528e+01 -8.980120472e+01 -8.980120472e+01 +1.3681e+00 -4.0894e+00 +2.4749e+00 -8.0043e-01 +1.8913e-02
% function evaluation | noise-free fitness - Fopt (-3.505800000000e+02) | best noise-free fitness - Fopt | measured fitness | best measured fitness | x1 | x2...
1 +3.610087587e+07 +3.610087587e+07 +3.610052529e+07 +3.610052529e+07 +4.7445e-01 +1.5875e+00 +2.6362e+00 +3.2745e+00 -2.5478e+00
3 +1.490541448e+07 +1.490541448e+07 +1.490506390e+07 +1.490506390e+07 -2.9336e+00 +2.5275e+00 +1.8754e+00 +3.9868e+00 +1.3298e+00
4 +4.147798723e+06 +4.147798723e+06 +4.147448143e+06 +4.147448143e+06 -1.8762e+00 -1.7064e+00 -2.3225e+00 +2.1831e+00 -4.1008e+00
16 +2.294718419e+06 +2.294718419e+06 +2.294367839e+06 +2.294367839e+06 -3.5643e+00 +2.9334e+00 +2.6399e-01 -4.3704e+00 -4.5324e+00
24 +3.129361999e+05 +3.129361999e+05 +3.125856199e+05 +3.125856199e+05 -2.6431e-01 -2.6801e+00 -8.2845e-01 -7.2516e-01 +2.3239e+00
461 +2.492045564e+05 +2.492045564e+05 +2.488539764e+05 +2.488539764e+05 -3.4377e-01 -2.7134e+00 -8.3167e-01 -7.6189e-01 +2.3173e+00
837 +1.539061771e+05 +1.539061771e+05 +1.535555971e+05 +1.535555971e+05 -4.0487e-01 -2.7771e+00 -8.3471e-01 -8.5604e-01 +2.3554e+00
1080 +9.506644544e+04 +9.506644544e+04 +9.471586544e+04 +9.471586544e+04 -4.7199e-01 -2.8415e+00 -8.2167e-01 -8.7433e-01 +2.3921e+00
1328 +5.726450634e+04 +5.726450634e+04 +5.691392634e+04 +5.691392634e+04 -5.7292e-01 -2.7816e+00 -8.1897e-01 -9.4301e-01 +2.4014e+00
1541 +3.818276180e+04 +3.818276180e+04 +3.783218180e+04 +3.783218180e+04 -6.2303e-01 -2.8061e+00 -8.2754e-01 -9.5781e-01 +2.4068e+00
1702 +2.375277005e+04 +2.375277005e+04 +2.340219005e+04 +2.340219005e+04 -6.7594e-01 -2.8034e+00 -8.0783e-01 -9.9342e-01 +2.3620e+00
2122 +1.569642168e+04 +1.569642168e+04 +1.534584168e+04 +1.534584168e+04 -7.7481e-01 -2.7602e+00 -8.4202e-01 -1.0713e+00 +2.3571e+00
2718 +9.682295258e+03 +9.682295258e+03 +9.331715258e+03 +9.331715258e+03 -8.7610e-01 -2.6390e+00 -7.5841e-01 -1.0515e+00 +2.2464e+00
3173 +6.060704534e+03 +6.060704534e+03 +5.710124534e+03 +5.710124534e+03 -9.1324e-01 -2.5674e+00 -7.4489e-01 -1.1098e+00 +2.1172e+00
3449 +3.727216880e+03 +3.727216880e+03 +3.376636880e+03 +3.376636880e+03 -9.5578e-01 -2.5165e+00 -7.0878e-01 -1.1399e+00 +2.0684e+00
3678 +2.379634774e+03 +2.379634774e+03 +2.029054774e+03 +2.029054774e+03 -9.8493e-01 -2.4803e+00 -7.1397e-01 -1.1441e+00 +1.9937e+00
3979 +1.572105293e+03 +1.572105293e+03 +1.221525293e+03 +1.221525293e+03 -1.0275e+00 -2.4310e+00 -7.0130e-01 -1.1538e+00 +1.9540e+00
4145 +9.277235933e+02 +9.277235933e+02 +5.771435933e+02 +5.771435933e+02 -1.0328e+00 -2.4047e+00 -7.0612e-01 -1.1761e+00 +1.8760e+00
4494 +6.146824088e+02 +6.146824088e+02 +2.641024088e+02 +2.641024088e+02 -1.0901e+00 -2.3146e+00 -7.0668e-01 -1.1821e+00 +1.8694e+00
6467 +3.920211679e+02 +3.920211679e+02 +4.144116792e+01 +4.144116792e+01 -1.1223e+00 -2.0962e+00 -8.6436e-01 -1.2316e+00 +1.9441e+00
6708 +2.435840351e+02 +2.435840351e+02 -1.069959649e+02 -1.069959649e+02 -1.1484e+00 -2.0274e+00 -8.8363e-01 -1.2277e+00 +1.9883e+00
7204 +1.552425731e+02 +1.552425731e+02 -1.953374269e+02 -1.953374269e+02 -1.1749e+00 -1.9420e+00 -9.3814e-01 -1.2273e+00 +2.0244e+00
7714 +9.685989110e+01 +9.685989110e+01 -2.537201089e+02 -2.537201089e+02 -1.2263e+00 -1.8346e+00 -9.5457e-01 -1.2204e+00 +2.0723e+00
8144 +6.279858382e+01 +6.279858382e+01 -2.877814162e+02 -2.877814162e+02 -1.2540e+00 -1.8133e+00 -9.9118e-01 -1.1818e+00 +2.0878e+00
8414 +3.631308014e+01 +3.631308014e+01 -3.142669199e+02 -3.142669199e+02 -1.2700e+00 -1.7584e+00 -1.0209e+00 -1.1841e+00 +2.1177e+00
8888 +2.465602364e+01 +2.465602364e+01 -3.259239764e+02 -3.259239764e+02 -1.2822e+00 -1.7071e+00 -1.0633e+00 -1.1884e+00 +2.1314e+00
17739 +1.583388822e+01 +1.583388822e+01 -3.347461118e+02 -3.347461118e+02 -1.3807e+00 -1.6448e+00 -9.7188e-01 -1.0978e+00 +2.2375e+00
23055 +9.223506483e+00 +9.223506483e+00 -3.413564935e+02 -3.413564935e+02 -1.4902e+00 -1.6468e+00 -9.6064e-01 -9.3333e-01 +2.2440e+00
24049 +6.199169296e+00 +6.199169296e+00 -3.443808307e+02 -3.443808307e+02 -1.5168e+00 -1.6361e+00 -8.9888e-01 -9.1562e-01 +2.2841e+00
33622 +3.914275804e+00 +3.914275804e+00 -3.466657242e+02 -3.466657242e+02 -1.5629e+00 -1.6330e+00 -8.0073e-01 -8.7029e-01 +2.3503e+00
35944 +2.248122967e+00 +2.248122967e+00 -3.483318770e+02 -3.483318770e+02 -1.6196e+00 -1.6210e+00 -7.7739e-01 -7.9736e-01 +2.3724e+00
40190 +1.484904388e+00 +1.484904388e+00 -3.490950956e+02 -3.490950956e+02 -1.6486e+00 -1.6341e+00 -7.3530e-01 -7.5580e-01 +2.3868e+00
44310 +9.735783573e-01 +9.735783573e-01 -3.496064216e+02 -3.496064216e+02 -1.6605e+00 -1.6243e+00 -7.1208e-01 -7.4925e-01 +2.4072e+00
52820 +5.622601970e-01 +5.622601970e-01 -3.500177398e+02 -3.500177398e+02 -1.6927e+00 -1.6163e+00 -6.9341e-01 -7.1077e-01 +2.4226e+00
% function evaluation | noise-free fitness - Fopt (-5.700000000000e+00) | best noise-free fitness - Fopt | measured fitness | best measured fitness | x1 | x2...
1 +4.325415711e+07 +4.325415711e+07 +4.325415141e+07 +4.325415141e+07 -4.3602e+00 +9.2402e-01 -3.4422e+00 +2.5301e+00 -2.5289e+00
4 +5.721394171e+06 +5.721394171e+06 +5.721388471e+06 +5.721388471e+06 +3.8218e+00 +2.3125e+00 +1.7730e+00 -3.6501e+00 +3.3467e+00
14 +2.839835626e+06 +2.839835626e+06 +2.839829926e+06 +2.839829926e+06 -1.8541e+00 +1.9665e+00 +2.5770e+00 +4.5484e+00 -3.7232e+00
28 +1.662936164e+06 +1.662936164e+06 +1.662930464e+06 +1.662930464e+06 +3.8908e+00 +2.7249e+00 +1.5838e+00 +3.9196e+00 +4.4320e+00
53 +3.794618098e+05 +3.794618098e+05 +3.794561098e+05 +3.794561098e+05 +4.6157e+00 -9.5977e-01 -4.1764e-02 +4.2233e+00 -2.5636e+00
84 +9.465772427e+04 +9.465772427e+04 +9.465202427e+04 +9.465202427e+04 +3.4041e+00 -1.9545e+00 +3.5290e+00 +4.9671e+00 -2.5245e+00
1583 +6.295148919e+04 +6.295148919e+04 +6.294578919e+04 +6.294578919e+04 +3.3266e+00 -1.6988e+00 +3.5895e+00 +4.7045e+00 -2.6130e+00
2174 +3.963260838e+04 +3.963260838e+04 +3.962690838e+04 +3.962690838e+04 +3.2461e+00 -1.5897e+00 +3.6240e+00 +4.5174e+00 -2.6452e+00
3597 +2.511740173e+04 +2.511740173e+04 +2.511170173e+04 +2.511170173e+04 +3.1242e+00 -1.3342e+00 +3.7542e+00 +4.2064e+00 -2.5340e+00
5369 +1.582574703e+04 +1.582574703e+04 +1.582004703e+04 +1.582004703e+04 +3.0892e+00 -1.1565e+00 +3.9240e+00 +3.7334e+00 -2.3802e+00
8363 +9.985325775e+03 +9.985325775e+03 +9.979625775e+03 +9.979625775e+03 +3.4693e+00 -1.1351e+00 +4.0594e+00 +3.2609e+00 -1.8120e+00
11373 +6.303614431e+03 +6.303614431e+03 +6.297914431e+03 +6.297914431e+03 +3.8920e+00 -1.2370e+00 +4.2498e+00 +2.8294e+00 -1.2601e+00
12881 +3.971040006e+03 +3.971040006e+03 +3.965340006e+03 +3.965340006e+03 +4.0806e+00 -1.2242e+00 +4.2888e+00 +2.6216e+00 -9.9084e-01
16332 +2.498556020e+03 +2.498556020e+03 +2.492856020e+03 +2.492856020e+03 +4.4640e+00 -1.1126e+00 +4.1853e+00 +2.1856e+00 -5.5978e-01
17975 +1.580096107e+03 +1.580096107e+03 +1.574396107e+03 +1.574396107e+03 +4.6202e+00 -1.0458e+00 +4.2112e+00 +2.0359e+00 -2.7273e-01
20747 +9.986893017e+02 +9.986893017e+02 +9.929893017e+02 +9.929893017e+02 +4.8162e+00 -8.0792e-01 +4.1553e+00 +1.8823e+00 +2.1808e-01
28802 +6.305349295e+02 +6.305349295e+02 +6.248349295e+02 +6.248349295e+02 +4.9169e+00 -1.1476e-01 +3.7519e+00 +1.9588e+00 +8.4945e-01
35088 +3.929321656e+02 +3.929321656e+02 +3.872321656e+02 +3.872321656e+02 +4.8638e+00 +5.3662e-01 +3.3808e+00 +2.1792e+00 +1.2892e+00
45419 +2.511491278e+02 +2.511491278e+02 +2.454491278e+02 +2.454491278e+02 +4.9066e+00 +1.1328e+00 +2.8466e+00 +2.3013e+00 +1.5750e+00
51765 +1.555556816e+02 +1.555556816e+02 +1.498556816e+02 +1.498556816e+02 +4.9153e+00 +1.5509e+00 +2.5178e+00 +2.4200e+00 +1.8145e+00
54487 +9.973849801e+01 +9.973849801e+01 +9.403849801e+01 +9.403849801e+01 +4.8884e+00 +1.7697e+00 +2.4162e+00 +2.4957e+00 +1.9717e+00
74649 +6.309130518e+01 +6.309130518e+01 +5.739130518e+01 +5.739130518e+01 +4.7859e+00 +2.2041e+00 +2.2756e+00 +2.7306e+00 +2.3165e+00
77727 +3.846167609e+01 +3.846167609e+01 +3.276167609e+01 +3.276167609e+01 +4.7801e+00 +2.3737e+00 +2.1748e+00 +2.7736e+00 +2.4318e+00
79522 +2.456247240e+01 +2.456247240e+01 +1.886247240e+01 +1.886247240e+01 +4.7693e+00 +2.4786e+00 +2.0925e+00 +2.8260e+00 +2.4805e+00
97801 +1.485881601e+01 +1.485881601e+01 +9.158816007e+00 +9.158816007e+00 +4.7096e+00 +2.7183e+00 +2.0125e+00 +2.9414e+00 +2.6556e+00
99515 +9.842365221e+00 +9.842365221e+00 +4.142365221e+00 +4.142365221e+00 +4.7032e+00 +2.7804e+00 +1.9686e+00 +2.9698e+00 +2.6900e+00
106909 +6.176200225e+00 +6.176200225e+00 +4.762002245e-01 +4.762002245e-01 +4.6915e+00 +2.9151e+00 +1.8922e+00 +3.0165e+00 +2.7790e+00
114677 +3.909278230e+00 +3.909278230e+00 -1.790721770e+00 -1.790721770e+00 +4.6710e+00 +3.0081e+00 +1.8579e+00 +3.0629e+00 +2.8497e+00
138031 +2.442288395e+00 +2.442288395e+00 -3.257711605e+00 -3.257711605e+00 +4.6221e+00 +3.1191e+00 +1.8817e+00 +3.1418e+00 +2.9775e+00
