% function evaluation | noise-free fitness - Fopt (1.238300000000e+02) | best noise-free fitness - Fopt | measured fitness | best measured fitness | x1 | x2...
1 +1.418451597e+03 +1.418451597e+03 +1.542281597e+03 +1.542281597e+03 +7.3533e-01 +4.2054e+00
5 +7.924611505e+02 +7.924611505e+02 +9.162911505e+02 +9.162911505e+02 -1.0295e+00 +7.8169e-01
9 +5.524882508e+01 +5.524882508e+01 +1.790788251e+02 +1.790788251e+02 +6.5842e-01 +2.8538e+00
66 +2.085987084e+00 +2.085987084e+00 +1.259159871e+02 +1.259159871e+02 -7.7878e-02 -5.7465e-02
102 +4.462725375e-01 +4.462725375e-01 +1.242762725e+02 +1.242762725e+02 -1.3924e-01 -1.6566e-01
222 +3.093063229e-01 +3.093063229e-01 +1.241393063e+02 +1.241393063e+02 -1.3854e-01 +3.1618e-02
274 +2.442182297e-01 +2.442182297e-01 +1.240742182e+02 +1.240742182e+02 +3.4949e-01 +1.7183e+00
387 +1.414785147e-01 +1.414785147e-01 +1.239714785e+02 +1.239714785e+02 -1.6967e-01 +5.3675e-03
567 +9.666999050e-02 +9.666999050e-02 +1.239266700e+02 +1.239266700e+02 -1.5745e-01 +1.0894e-01
680 +5.783352314e-02 +5.783352314e-02 +1.238878335e+02 +1.238878335e+02 -1.3923e-01 +2.3206e-01
1736 +3.243442837e-02 +3.243442837e-02 +1.238624344e+02 +1.238624344e+02 -1.1165e-01 +4.0671e-01
1915 +2.161341288e-02 +2.161341288e-02 +1.238516134e+02 +1.238516134e+02 -1.0653e-01 +4.1311e-01
2188 +1.373442636e-02 +1.373442636e-02 +1.238437344e+02 +1.238437344e+02 -9.3421e-02 +4.6465e-01
2195 +6.284800745e-03 +6.284800745e-03 +1.238362848e+02 +1.238362848e+02 -6.6514e-02 +5.6525e-01
2540 +3.971235754e-03 +3.971235754e-03 +1.238339712e+02 +1.238339712e+02 -6.6160e-02 +5.7723e-01
3019 +2.218214063e-03 +2.218214063e-03 +1.238322182e+02 +1.238322182e+02 -5.7386e-02 +6.1009e-01
3581 +1.470871942e-03 +1.470871942e-03 +1.238314709e+02 +1.238314709e+02 -5.2832e-02 +6.2576e-01
3756 +9.013205926e-04 +9.013205926e-04 +1.238309013e+02 +1.238309013e+02 -4.8058e-02 +6.4303e-01
4123 +3.695394882e-04 +3.695394882e-04 +1.238303695e+02 +1.238303695e+02 -4.0510e-02 +6.7131e-01
4560 +1.909394326e-04 +1.909394326e-04 +1.238301909e+02 +1.238301909e+02 -3.6065e-02 +6.8394e-01
4735 +1.528730770e-04 +1.528730770e-04 +1.238301529e+02 +1.238301529e+02 -3.6192e-02 +6.8390e-01
5184 +3.398969831e-05 +3.398969831e-05 +1.238300340e+02 +1.238300340e+02 -3.0350e-02 +7.0453e-01
5331 +5.689977129e-06 +5.689977129e-06 +1.238300057e+02 +1.238300057e+02 -3.0538e-02 +7.0445e-01
5414 +2.674974780e-06 +2.674974780e-06 +1.238300027e+02 +1.238300027e+02 -3.0597e-02 +7.0439e-01
5513 +9.044906761e-07 +9.044906761e-07 +1.238300009e+02 +1.238300009e+02 -3.0638e-02 +7.0444e-01
6139 +6.197565199e-07 +6.197565199e-07 +1.238300006e+02 +1.238300006e+02 -3.0543e-02 +7.0482e-01
7063 +3.879525963e-07 +3.879525963e-07 +1.238300004e+02 +1.238300004e+02 -3.0442e-02 +7.0516e-01
7734 +2.392041267e-07 +2.392041267e-07 +1.238300002e+02 +1.238300002e+02 -3.0334e-02 +7.0556e-01
8249 +1.541080792e-07 +1.541080792e-07 +1.238300002e+02 +1.238300002e+02 -3.0270e-02 +7.0571e-01
9004 +6.512702555e-08 +6.512702555e-08 +1.238300001e+02 +1.238300001e+02 -3.0215e-02 +7.0594e-01
9236 +6.270228425e-08 +6.270228425e-08 +1.238300001e+02 +1.238300001e+02 -3.0214e-02 +7.0594e-01
9642 +3.947437222e-08 +3.947437222e-08 +1.238300000e+02 +1.238300000e+02 -3.0182e-02 +7.0605e-01
9903 +1.769660685e-08 +1.769660685e-08 +1.238300000e+02 +1.238300000e+02 -3.0135e-02 +7.0622e-01
10021 +1.562314367e-08 +1.562314367e-08 +1.238300000e+02 +1.238300000e+02 -3.0134e-02 +7.0622e-01
11970 +9.552394431e-09 +9.552394431e-09 +1.238300000e+02 +1.238300000e+02 -3.0120e-02 +7.0627e-01
% function evaluation | noise-free fitness - Fopt (4.751000000000e+01) | best noise-free fitness - Fopt | measured fitness | best measured fitness | x1 | x2...
1 +6.450520206e+03 +6.450520206e+03 +6.498030206e+03 +6.498030206e+03 +1.1381e+00 +2.1592e+00
2 +2.271914137e+03 +2.271914137e+03 +2.319424137e+03 +2.319424137e+03 -3.9564e+00 +2.7006e+00
3 +1.638085619e+01 +1.638085619e+01 +6.389085619e+01 +6.389085619e+01 +2.3287e-01 +3.3410e-01
28 +1.418300681e+01 +1.418300681e+01 +6.169300681e+01 +6.169300681e+01 +8.3947e-01 -3.0815e-01
90 +7.403051644e-01 +7.403051644e-01 +4.825030516e+01 +4.825030516e+01 -5.7521e-01 +1.3356e-01
136 +2.714560564e-02 +2.714560564e-02 +4.753714561e+01 +4.753714561e+01 +1.0055e+00 -2.0164e-01
194 +2.444961811e-02 +2.444961811e-02 +4.753444962e+01 +4.753444962e+01 +9.9294e-01 -2.0274e-01
660 +9.640800609e-03 +9.640800609e-03 +4.751964080e+01 +4.751964080e+01 +9.1165e-01 -1.5942e-01
2206 +4.507284361e-03 +4.507284361e-03 +4.751450728e+01 +4.751450728e+01 +8.4460e-01 -1.2741e-01
2386 +1.676722419e-03 +1.676722419e-03 +4.751167672e+01 +4.751167672e+01 +7.0700e-01 -6.7081e-02
2447 +1.319266938e-03 +1.319266938e-03 +4.751131927e+01 +4.751131927e+01 +7.0736e-01 -6.7013e-02
2578 +3.975560276e-05 +3.975560276e-05 +4.751003976e+01 +4.751003976e+01 +6.9918e-01 -6.1943e-02
2644 +2.410578774e-05 +2.410578774e-05 +4.751002411e+01 +4.751002411e+01 +7.0081e-01 -6.2148e-02
2747 +1.368888707e-05 +1.368888707e-05 +4.751001369e+01 +4.751001369e+01 +7.0056e-01 -6.2107e-02
2807 +7.532456898e-06 +7.532456898e-06 +4.751000753e+01 +4.751000753e+01 +7.0066e-01 -6.2206e-02
2808 +4.252581775e-06 +4.252581775e-06 +4.751000425e+01 +4.751000425e+01 +7.0062e-01 -6.2236e-02
2853 +2.991140931e-06 +2.991140931e-06 +4.751000299e+01 +4.751000299e+01 +7.0073e-01 -6.2323e-02
3439 +2.210565491e-06 +2.210565491e-06 +4.751000221e+01 +4.751000221e+01 +7.0121e-01 -6.2560e-02
4466 +1.526988648e-06 +1.526988648e-06 +4.751000153e+01 +4.751000153e+01 +7.0169e-01 -6.2757e-02
6023 +8.490053389e-07 +8.490053389e-07 +4.751000085e+01 +4.751000085e+01 +7.0234e-01 -6.3045e-02
6598 +6.291926056e-07 +6.291926056e-07 +4.751000063e+01 +4.751000063e+01 +7.0265e-01 -6.3188e-02
7221 +3.876725714e-07 +3.876725714e-07 +4.751000039e+01 +4.751000039e+01 +7.0302e-01 -6.3329e-02
8517 +2.413392792e-07 +2.413392792e-07 +4.751000024e+01 +4.751000024e+01 +7.0324e-01 -6.3440e-02
8928 +1.252422237e-07 +1.252422237e-07 +4.751000013e+01 +4.751000013e+01 +7.0355e-01 -6.3581e-02
9284 +9.954792546e-08 +9.954792546e-08 +4.751000010e+01 +4.751000010e+01 +7.0358e-01 -6.3590e-02
9560 +6.218952819e-08 +6.218952819e-08 +4.751000006e+01 +4.751000006e+01 +7.0371e-01 -6.3644e-02
10006 +3.806548676e-08 +3.806548676e-08 +4.751000004e+01 +4.751000004e+01 +7.0387e-01 -6.3718e-02
10267 +1.496919566e-08 +1.496919566e-08 +4.751000001e+01 +4.751000001e+01 +7.0397e-01 -6.3756e-02
10782 +5.877389242e-09 +5.877389242e-09 +4.751000001e+01 +4.751000001e+01 +7.0406e-01 -6.3796e-02
% function evaluation | noise-free fitness - Fopt (5.534000000000e+01) | best noise-free fitness - Fopt | measured fitness | best measured fitness | x1 | x2...
1 +7.741565544e+00 +7.741565544e+00 +6.308156554e+01 +6.308156554e+01 -1.1818e+00 +3.2228e+00
689 +5.780092143e+00 +5.780092143e+00 +6.112009214e+01 +6.112009214e+01 -3.0362e-01 +2.2598e+00
1053 +3.512124971e+00 +3.512124971e+00 +5.885212497e+01 +5.885212497e+01 +5.9668e-01 +8.2472e-01
1116 +2.419183209e+00 +2.419183209e+00 +5.775918321e+01 +5.775918321e+01 +6.6143e-01 +7.8752e-01
1254 +1.581918741e+00 +1.581918741e+00 +5.692191874e+01 +5.692191874e+01 +7.2578e-01 +4.5033e-01
1484 +7.954741042e-01 +7.954741042e-01 +5.613547410e+01 +5.613547410e+01 +6.1922e-01 +8.6536e-02
1532 +4.371753007e-01 +4.371753007e-01 +5.577717530e+01 +5.577717530e+01 +1.0721e-01 -1.8320e-01
1546 +3.502693504e-01 +3.502693504e-01 +5.569026935e+01 +5.569026935e+01 -1.0994e+00 -1.9269e-01
1669 +2.239247073e-01 +2.239247073e-01 +5.556392471e+01 +5.556392471e+01 +1.0661e-01 -1.6431e-01
1671 +7.912225258e-02 +7.912225258e-02 +5.541912225e+01 +5.541912225e+01 -1.0886e+00 -1.8044e-01
1715 +4.353351199e-02 +4.353351199e-02 +5.538353351e+01 +5.538353351e+01 -1.0802e+00 -1.7734e-01
1758 +3.150286038e-02 +3.150286038e-02 +5.537150286e+01 +5.537150286e+01 -1.0920e+00 -1.7287e-01
1875 +2.486472210e-02 +2.486472210e-02 +5.536486472e+01 +5.536486472e+01 -1.0502e+00 -1.7459e-01
2185 +1.578821992e-02 +1.578821992e-02 +5.535578822e+01 +5.535578822e+01 -9.0298e-01 -1.9072e-01
2210 +8.302369894e-03 +8.302369894e-03 +5.534830237e+01 +5.534830237e+01 -8.8928e-01 -1.8848e-01
2261 +3.325241839e-03 +3.325241839e-03 +5.534332524e+01 +5.534332524e+01 -6.9694e-01 -2.0153e-01
2390 +1.648501630e-03 +1.648501630e-03 +5.534164850e+01 +5.534164850e+01 -7.6635e-01 -1.9532e-01
2440 +1.191290732e-03 +1.191290732e-03 +5.534119129e+01 +5.534119129e+01 -7.0616e-01 -2.0005e-01
2492 +2.883562994e-04 +2.883562994e-04 +5.534028836e+01 +5.534028836e+01 -6.8889e-01 -2.0003e-01
2801 +1.993118854e-04 +1.993118854e-04 +5.534019931e+01 +5.534019931e+01 -6.8902e-01 -1.9989e-01
2966 +7.957071007e-05 +7.957071007e-05 +5.534007957e+01 +5.534007957e+01 -6.8898e-01 -1.9964e-01
2997 +4.959216807e-05 +4.959216807e-05 +5.534004959e+01 +5.534004959e+01 -6.8916e-01 -1.9952e-01
3098 +3.538509636e-05 +3.538509636e-05 +5.534003539e+01 +5.534003539e+01 -6.8902e-01 -1.9946e-01
3173 +2.271534264e-05 +2.271534264e-05 +5.534002272e+01 +5.534002272e+01 -6.8896e-01 -1.9932e-01
4236 +1.107699313e-05 +1.107699313e-05 +5.534001108e+01 +5.534001108e+01 -6.8184e-01 -1.9970e-01
4254 +6.028865315e-06 +6.028865315e-06 +5.534000603e+01 +5.534000603e+01 -6.8191e-01 -1.9965e-01
4380 +3.195549333e-06 +3.195549333e-06 +5.534000320e+01 +5.534000320e+01 -6.8198e-01 -1.9960e-01
4517 +2.356030215e-06 +2.356030215e-06 +5.534000236e+01 +5.534000236e+01 -6.8176e-01 -1.9957e-01
6496 +1.455949416e-06 +1.455949416e-06 +5.534000146e+01 +5.534000146e+01 -6.8102e-01 -1.9960e-01
8009 +9.855630552e-07 +9.855630552e-07 +5.534000099e+01 +5.534000099e+01 -6.8052e-01 -1.9961e-01
8085 +3.238233930e-07 +3.238233930e-07 +5.534000032e+01 +5.534000032e+01 -6.7951e-01 -1.9965e-01
8505 +2.481981696e-07 +2.481981696e-07 +5.534000025e+01 +5.534000025e+01 -6.7943e-01 -1.9966e-01
9243 +1.527806432e-07 +1.527806432e-07 +5.534000015e+01 +5.534000015e+01 -6.7920e-01 -1.9967e-01
9282 +9.984509575e-08 +9.984509575e-08 +5.534000010e+01 +5.534000010e+01 -6.7903e-01 -1.9968e-01
10410 +5.787776303e-08 +5.787776303e-08 +5.534000006e+01 +5.534000006e+01 -6.7880e-01 -1.9968e-01
10738 +3.428895923e-08 +3.428895923e-08 +5.534000003e+01 +5.534000003e+01 -6.7873e-01 -1.9968e-01
11126 +2.283999123e-08 +2.283999123e-08 +5.534000002e+01 +5.534000002e+01 -6.7863e-01 -1.9969e-01
11951 +1.227203938e-08 +1.227203938e-08 +5.534000001e+01 +5.534000001e+01 -6.7857e-01 -1.9969e-01
12291 +8.549974950e-09 +8.549974950e-09 +5.534000001e+01 +5.534000001e+01 -6.7853e-01 -1.9969e-01
% function evaluation | noise-free fitness - Fopt (-9.033000000000e+01) | best noise-free fitness - Fopt | measured fitness | best measured fitness | x1 | x2...
1 +4.076532276e+02 +4.076532276e+02 +3.173232276e+02 +3.173232276e+02 -2.3124e-01 +1.2347e+00
10 +3.994926646e-02 +3.994926646e-02 -9.029005073e+01 -9.029005073e+01 -8.0839e-01 +7.8174e-01
145 +2.355315905e-04 +2.355315905e-04 -9.032976447e+01 -9.032976447e+01 -4.1089e-01 +5.3574e-01
558 +1.529871976e-04 +1.529871976e-04 -9.032984701e+01 -9.032984701e+01 -4.3006e-01 +5.4885e-01
955 +8.855349992e-05 +8.855349992e-05 -9.032991145e+01 -9.032991145e+01 -4.3020e-01 +5.4876e-01
1118 +4.404779672e-05 +4.404779672e-05 -9.032995595e+01 -9.032995595e+01 -4.3017e-01 +5.4856e-01
1122 +3.155578250e-05 +3.155578250e-05 -9.032996844e+01 -9.032996844e+01 -4.3021e-01 +5.4849e-01
1195 +2.487073583e-05 +2.487073583e-05 -9.032997513e+01 -9.032997513e+01 -4.3030e-01 +5.4831e-01
4105 +1.556645206e-05 +1.556645206e-05 -9.032998443e+01 -9.032998443e+01 -4.3184e-01 +5.4938e-01
4916 +6.846729477e-06 +6.846729477e-06 -9.032999315e+01 -9.032999315e+01 -4.4408e-01 +5.5738e-01
5331 +6.289762354e-06 +6.289762354e-06 -9.032999371e+01 -9.032999371e+01 -4.4385e-01 +5.5726e-01
7282 +3.967355127e-06 +3.967355127e-06 -9.032999603e+01 -9.032999603e+01 -4.4291e-01 +5.5663e-01
9011 +2.462423296e-06 +2.462423296e-06 -9.032999754e+01 -9.032999754e+01 -4.4206e-01 +5.5606e-01
10245 +1.576660779e-06 +1.576660779e-06 -9.032999842e+01 -9.032999842e+01 -4.4150e-01 +5.5572e-01
11243 +9.831066734e-07 +9.831066734e-07 -9.032999902e+01 -9.032999902e+01 -4.4103e-01 +5.5540e-01
12852 +6.024622081e-07 +6.024622081e-07 -9.032999940e+01 -9.032999940e+01 -4.4058e-01 +5.5510e-01
13548 +3.546326610e-07 +3.546326610e-07 -9.032999965e+01 -9.032999965e+01 -4.4026e-01 +5.5489e-01
14211 +2.499225786e-07 +2.499225786e-07 -9.032999975e+01 -9.032999975e+01 -4.4009e-01 +5.5478e-01
15260 +1.561920158e-07 +1.561920158e-07 -9.032999984e+01 -9.032999984e+01 -4.3991e-01 +5.5467e-01
16069 +7.118035228e-08 +7.118035228e-08 -9.032999993e+01 -9.032999993e+01 -4.3966e-01 +5.5451e-01
16168 +5.588177032e-08 +5.588177032e-08 -9.032999994e+01 -9.032999994e+01 -4.3960e-01 +5.5448e-01
16443 +3.905797996e-08 +3.905797996e-08 -9.032999996e+01 -9.032999996e+01 -4.3953e-01 +5.5442e-01
17551 +2.502460461e-08 +2.502460461e-08 -9.032999997e+01 -9.032999997e+01 -4.3946e-01 +5.5438e-01
17713 +1.417033957e-08 +1.417033957e-08 -9.032999999e+01 -9.032999999e+01 -4.3939e-01 +5.5434e-01
17877 +9.285059832e-09 +9.285059832e-09 -9.032999999e+01 -9.032999999e+01 -4.3932e-01 +5.5429e-01
% function evaluation | noise-free fitness - Fopt (6.561000000000e+01) | best noise-free fitness - Fopt | measured fitness | best measured fitness | x1 | x2...
1 +5.405132751e+03 +5.405132751e+03 +5.470742751e+03 +5.470742751e+03 -2.1490e+00 +3.9026e+00
2 +8.203221709e+02 +8.203221709e+02 +8.859321709e+02 +8.859321709e+02 +2.3734e+00 -3.4408e+00
9 +2.243114168e+02 +2.243114168e+02 +2.899214168e+02 +2.899214168e+02 +7.5364e-01 -8.7801e-01
10 +8.747943615e+01 +8.747943615e+01 +1.530894362e+02 +1.530894362e+02 +5.8735e-01 -3.2873e-01
16 +1.105240470e+01 +1.105240470e+01 +7.666240470e+01 +7.666240470e+01 -6.2981e-01 -9.8656e-01
42 +2.083050333e+00 +2.083050333e+00 +6.769305033e+01 +6.769305033e+01 +8.4503e-01 +4.6079e-01
359 +6.136072421e-01 +6.136072421e-01 +6.622360724e+01 +6.622360724e+01 +7.8800e-02 +3.4562e-01
407 +1.518686483e-01 +1.518686483e-01 +6.576186865e+01 +6.576186865e+01 -4.7291e-01 -9.2030e-01
639 +7.068344502e-02 +7.068344502e-02 +6.568068345e+01 +6.568068345e+01 -4.8053e-01 -9.2782e-01
671 +4.049713779e-02 +4.049713779e-02 +6.565049714e+01 +6.565049714e+01 -4.8001e-01 -9.1182e-01
700 +2.201995710e-02 +2.201995710e-02 +6.563201996e+01 +6.563201996e+01 -4.8742e-01 -9.1226e-01
737 +1.490085521e-02 +1.490085521e-02 +6.562490086e+01 +6.562490086e+01 -4.7155e-01 -8.5530e-01
1093 +8.992321969e-03 +8.992321969e-03 +6.561899232e+01 +6.561899232e+01 -4.5716e-01 -7.8930e-01
1137 +2.159327345e-03 +2.159327345e-03 +6.561215933e+01 +6.561215933e+01 -4.2868e-01 -6.8404e-01
1849 +1.200147133e-03 +1.200147133e-03 +6.561120015e+01 +6.561120015e+01 -4.1939e-01 -6.4586e-01
1991 +9.532209408e-04 +9.532209408e-04 +6.561095322e+01 +6.561095322e+01 -4.1819e-01 -6.4229e-01
2354 +6.303209261e-04 +6.303209261e-04 +6.561063032e+01 +6.561063032e+01 -4.1601e-01 -6.3705e-01
3808 +1.162508106e-04 +1.162508106e-04 +6.561011625e+01 +6.561011625e+01 -4.0565e-01 -6.0087e-01
3979 +7.498450242e-05 +7.498450242e-05 +6.561007498e+01 +6.561007498e+01 -4.0587e-01 -6.0088e-01
4471 +5.101538780e-05 +5.101538780e-05 +6.561005102e+01 +6.561005102e+01 -4.0430e-01 -5.9566e-01
4527 +3.945520811e-05 +3.945520811e-05 +6.561003946e+01 +6.561003946e+01 -4.0455e-01 -5.9568e-01
5519 +1.509025530e-05 +1.509025530e-05 +6.561001509e+01 +6.561001509e+01 -4.0314e-01 -5.9094e-01
5719 +7.635287560e-06 +7.635287560e-06 +6.561000764e+01 +6.561000764e+01 -3.9903e-01 -5.7666e-01
6765 +6.305931478e-06 +6.305931478e-06 +6.561000631e+01 +6.561000631e+01 -3.9918e-01 -5.7726e-01
7242 +1.814070444e-06 +1.814070444e-06 +6.561000181e+01 +6.561000181e+01 -4.0136e-01 -5.8489e-01
7333 +1.185253637e-06 +1.185253637e-06 +6.561000119e+01 +6.561000119e+01 -4.0139e-01 -5.8489e-01
7850 +9.859670911e-07 +9.859670911e-07 +6.561000099e+01 +6.561000099e+01 -4.0134e-01 -5.8471e-01
9109 +6.177241971e-07 +6.177241971e-07 +6.561000062e+01 +6.561000062e+01 -4.0122e-01 -5.8427e-01
10027 +3.791989371e-07 +3.791989371e-07 +6.561000038e+01 +6.561000038e+01 -4.0112e-01 -5.8390e-01
10946 +2.213591443e-07 +2.213591443e-07 +6.561000022e+01 +6.561000022e+01 -4.0102e-01 -5.8359e-01
11288 +8.394722784e-08 +8.394722784e-08 +6.561000008e+01 +6.561000008e+01 -4.0090e-01 -5.8319e-01
11501 +3.480153055e-08 +3.480153055e-08 +6.561000003e+01 +6.561000003e+01 -4.0085e-01 -5.8298e-01
12062 +1.289502904e-08 +1.289502904e-08 +6.561000001e+01 +6.561000001e+01 -4.0078e-01 -5.8275e-01
12436 +9.761450315e-09 +9.761450315e-09 +6.561000001e+01 +6.561000001e+01 -4.0078e-01 -5.8274e-01
% function evaluation | noise-free fitness - Fopt (-2.900800000000e+02) | best noise-free fitness - Fopt | measured fitness | best measured fitness | x1 | x2...
1 +5.953530402e+02 +5.953530402e+02 +3.052730402e+02 +3.052730402e+02 -9.2295e-01 -3.0241e+00
3 +3.123989639e+02 +3.123989639e+02 +2.231896395e+01 +2.231896395e+01 -1.0273e+00 +9.8266e-01
5 +1.521818666e+02 +1.521818666e+02 -1.378981334e+02 -1.378981334e+02 -2.0207e+00 +4.0484e-02
24 +4.066537134e+01 +4.066537134e+01 -2.494146287e+02 -2.494146287e+02 -7.7521e-01 +6.1914e-01
51 +3.021278617e+01 +3.021278617e+01 -2.598672138e+02 -2.598672138e+02 -1.5455e+00 +6.3518e-01
56 +7.485180883e+00 +7.485180883e+00 -2.825948191e+02 -2.825948191e+02 -2.5086e+00 +5.6959e-01
72 +5.954769354e+00 +5.954769354e+00 -2.841252306e+02 -2.841252306e+02 +3.7045e-01 -1.2544e+00
110 +1.352887182e+00 +1.352887182e+00 -2.887271128e+02 -2.887271128e+02 -2.5846e+00 +5.2210e-01
119 +4.523272284e-01 +4.523272284e-01 -2.896276728e+02 -2.896276728e+02 -2.5053e+00 +4.9766e-01
324 +3.388371349e-01 +3.388371349e-01 -2.897411629e+02 -2.897411629e+02 -1.7897e+00 +4.5930e-01
493 +2.240374170e-01 +2.240374170e-01 -2.898559626e+02 -2.898559626e+02 -1.7820e+00 +4.6573e-01
695 +1.072932956e-01 +1.072932956e-01 -2.899727067e+02 -2.899727067e+02 -1.3390e+00 +4.3382e-01
850 +1.146071668e-02 +1.146071668e-02 -2.900685393e+02 -2.900685393e+02 -4.3629e-01 +3.0914e-01
1042 +8.910446333e-03 +8.910446333e-03 -2.900710896e+02 -2.900710896e+02 -4.3135e-01 +3.0653e-01
1465 +6.202157330e-03 +6.202157330e-03 -2.900737978e+02 -2.900737978e+02 -4.5736e-01 +3.0961e-01
1582 +2.265861953e-03 +2.265861953e-03 -2.900777341e+02 -2.900777341e+02 -6.0452e-01 +3.4282e-01
1794 +2.695769831e-04 +2.695769831e-04 -2.900797304e+02 -2.900797304e+02 -5.9881e-01 +3.4022e-01
1888 +2.000295908e-04 +2.000295908e-04 -2.900798000e+02 -2.900798000e+02 -5.9895e-01 +3.4012e-01
1928 +1.238487744e-04 +1.238487744e-04 -2.900798762e+02 -2.900798762e+02 -5.9904e-01 +3.3994e-01
2061 +8.889620301e-05 +8.889620301e-05 -2.900799111e+02 -2.900799111e+02 -5.9914e-01 +3.3981e-01
2408 +4.209733493e-05 +4.209733493e-05 -2.900799579e+02 -2.900799579e+02 -6.1811e-01 +3.4292e-01
2459 +3.231552796e-05 +3.231552796e-05 -2.900799677e+02 -2.900799677e+02 -6.1814e-01 +3.4296e-01
2515 +1.446731034e-05 +1.446731034e-05 -2.900799855e+02 -2.900799855e+02 -6.1809e-01 +3.4304e-01
2549 +1.786134476e-07 +1.786134476e-07 -2.900799998e+02 -2.900799998e+02 -6.1811e-01 +3.4323e-01
2654 +1.426301424e-07 +1.426301424e-07 -2.900799999e+02 -2.900799999e+02 -6.1811e-01 +3.4323e-01
2723 +1.475780209e-08 +1.475780209e-08 -2.900800000e+02 -2.900800000e+02 -6.1799e-01 +3.4319e-01
3470 +9.985967608e-09 +9.985967608e-09 -2.900800000e+02 -2.900800000e+02 -6.1800e-01 +3.4319e-01
% function evaluation | noise-free fitness - Fopt (2.510000000000e+01) | best noise-free fitness - Fopt | measured fitness | best measured fitness | x1 | x2...
1 +4.737797502e+04 +4.737797502e+04 +4.740307502e+04 +4.740307502e+04 +4.6678e+00 -3.0193e+00
2 +1.586770649e+04 +1.586770649e+04 +1.589280649e+04 +1.589280649e+04 +2.2274e+00 +4.1731e+00
3 +1.735827455e+02 +1.735827455e+02 +1.986827455e+02 +1.986827455e+02 +1.8658e+00 -2.9837e-02
11 +1.111130997e+02 +1.111130997e+02 +1.362130997e+02 +1.362130997e+02 -4.0584e+00 -2.7138e-01
31 +7.424833690e+01 +7.424833690e+01 +9.934833690e+01 +9.934833690e+01 -4.4339e+00 -8.3696e-01
55 +1.081343520e+01 +1.081343520e+01 +3.591343520e+01 +3.591343520e+01 -2.6742e+00 -4.7342e+00
66 +2.224778569e+00 +2.224778569e+00 +2.732477857e+01 +2.732477857e+01 -4.7586e+00 -7.0795e-01
168 +1.584342835e+00 +1.584342835e+00 +2.668434284e+01 +2.668434284e+01 -4.7578e+00 -7.2109e-01
189 +9.507807636e-01 +9.507807636e-01 +2.605078076e+01 +2.605078076e+01 -1.0490e+00 +1.1491e-01
279 +7.143744295e-03 +7.143744295e-03 +2.510714374e+01 +2.510714374e+01 -8.7118e-01 +1.7081e-01
472 +6.172071489e-03 +6.172071489e-03 +2.510617207e+01 +2.510617207e+01 -8.6013e-01 +1.7205e-01
830 +3.089124910e-03 +3.089124910e-03 +2.510308912e+01 +2.510308912e+01 -8.0837e-01 +1.7718e-01
2063 +2.382907450e-03 +2.382907450e-03 +2.510238291e+01 +2.510238291e+01 -7.9285e-01 +1.7788e-01
2204 +1.495723419e-03 +1.495723419e-03 +2.510149572e+01 +2.510149572e+01 -7.6991e-01 +1.7971e-01
2222 +8.882327536e-04 +8.882327536e-04 +2.510088823e+01 +2.510088823e+01 -6.7595e-01 +1.8717e-01
2488 +3.101989532e-04 +3.101989532e-04 +2.510031020e+01 +2.510031020e+01 -6.9378e-01 +1.8556e-01
2498 +3.579929614e-05 +3.579929614e-05 +2.510003580e+01 +2.510003580e+01 -6.7087e-01 +1.8625e-01
3063 +2.500037955e-05 +2.500037955e-05 +2.510002500e+01 +2.510002500e+01 -6.7125e-01 +1.8612e-01
4042 +1.272578089e-05 +1.272578089e-05 +2.510001273e+01 +2.510001273e+01 -6.7447e-01 +1.8590e-01
4077 +9.127494522e-06 +9.127494522e-06 +2.510000913e+01 +2.510000913e+01 -6.8889e-01 +1.8506e-01
4260 +2.239492577e-06 +2.239492577e-06 +2.510000224e+01 +2.510000224e+01 -6.7957e-01 +1.8559e-01
4355 +1.454785735e-06 +1.454785735e-06 +2.510000145e+01 +2.510000145e+01 -6.7966e-01 +1.8563e-01
5666 +9.602103859e-07 +9.602103859e-07 +2.510000096e+01 +2.510000096e+01 -6.8016e-01 +1.8559e-01
6395 +2.435908897e-08 +2.435908897e-08 +2.510000002e+01 +2.510000002e+01 -6.8269e-01 +1.8545e-01
6749 +1.483446610e-08 +1.483446610e-08 +2.510000001e+01 +2.510000001e+01 -6.8246e-01 +1.8546e-01
6762 +7.927283718e-09 +7.927283718e-09 +2.510000001e+01 +2.510000001e+01 -6.8237e-01 +1.8548e-01
% function evaluation | noise-free fitness - Fopt (-8.756000000000e+01) | best noise-free fitness - Fopt | measured fitness | best measured fitness | x1 | x2...
1 +1.686840295e+03 +1.686840295e+03 +1.599280295e+03 +1.599280295e+03 -3.1208e+00 +2.3530e+00
4 +5.182934980e+02 +5.182934980e+02 +4.307334980e+02 +4.307334980e+02 -1.3538e+00 +1.2678e+00
6 +7.940787650e+01 +7.940787650e+01 -8.152123498e+00 -8.152123498e+00 -8.8930e-01 +2.6768e+00
7 +2.015386386e+00 +2.015386386e+00 -8.554461361e+01 -8.554461361e+01 -9.0789e-02 -8.2484e-01
53 +1.412476155e+00 +1.412476155e+00 -8.614752385e+01 -8.614752385e+01 -1.3890e+00 +4.3800e+00
111 +7.700127175e-01 +7.700127175e-01 -8.678998728e+01 -8.678998728e+01 +8.1329e-02 -3.5718e-01
122 +5.979164622e-01 +5.979164622e-01 -8.696208354e+01 -8.696208354e+01 +1.4640e-01 -4.2454e-01
258 +2.285092825e-01 +2.285092825e-01 -8.733149072e+01 -8.733149072e+01 +1.6306e-01 -1.6349e-01
371 +1.238711178e-01 +1.238711178e-01 -8.743612888e+01 -8.743612888e+01 +1.5056e-01 +1.2651e-01
438 +1.240092246e-02 +1.240092246e-02 -8.754759908e+01 -8.754759908e+01 +1.1931e-01 +4.7162e-01
664 +1.301260841e-03 +1.301260841e-03 -8.755869874e+01 -8.755869874e+01 +8.2154e-02 +6.5269e-01
857 +9.297498831e-04 +9.297498831e-04 -8.755907025e+01 -8.755907025e+01 +8.2522e-02 +6.5270e-01
881 +5.612456409e-04 +5.612456409e-04 -8.755943875e+01 -8.755943875e+01 +8.2169e-02 +6.5650e-01
1014 +3.196342712e-04 +3.196342712e-04 -8.755968037e+01 -8.755968037e+01 +7.9858e-02 +6.6778e-01
1044 +1.255484652e-04 +1.255484652e-04 -8.755987445e+01 -8.755987445e+01 +7.7700e-02 +6.7906e-01
1885 +9.889799696e-05 +9.889799696e-05 -8.755990110e+01 -8.755990110e+01 +7.7155e-02 +6.8177e-01
3249 +1.364567596e-05 +1.364567596e-05 -8.755998635e+01 -8.755998635e+01 +7.3813e-02 +6.9643e-01
3372 +6.564330690e-06 +6.564330690e-06 -8.755999344e+01 -8.755999344e+01 +7.1086e-02 +7.0895e-01
3649 +6.307505643e-06 +6.307505643e-06 -8.755999369e+01 -8.755999369e+01 +7.1110e-02 +7.0886e-01
5361 +8.649006418e-07 +8.649006418e-07 -8.755999914e+01 -8.755999914e+01 +7.2647e-02 +7.0220e-01
5465 +3.126625927e-07 +3.126625927e-07 -8.755999969e+01 -8.755999969e+01 +7.2618e-02 +7.0220e-01
5584 +2.489550610e-07 +2.489550610e-07 -8.755999975e+01 -8.755999975e+01 +7.2559e-02 +7.0240e-01
6069 +1.287005205e-07 +1.287005205e-07 -8.755999987e+01 -8.755999987e+01 +7.2519e-02 +7.0261e-01
6441 +9.787230226e-08 +9.787230226e-08 -8.755999990e+01 -8.755999990e+01 +7.2497e-02 +7.0273e-01
6797 +5.966245453e-08 +5.966245453e-08 -8.755999994e+01 -8.755999994e+01 +7.2464e-02 +7.0286e-01
7341 +3.004701910e-08 +3.004701910e-08 -8.755999997e+01 -8.755999997e+01 +7.2427e-02 +7.0302e-01
7509 +1.783267578e-08 +1.783267578e-08 -8.755999998e+01 -8.755999998e+01 +7.2395e-02 +7.0316e-01
7612 +1.326988297e-08 +1.326988297e-08 -8.755999999e+01 -8.755999999e+01 +7.2397e-02 +7.0316e-01
9615 +9.661420108e-09 +9.661420108e-09 -8.755999999e+01 -8.755999999e+01 +7.2383e-02 +7.0324e-01
% function evaluation | noise-free fitness - Fopt (6.007000000000e+01) | best noise-free fitness - Fopt | measured fitness | best measured fitness | x1 | x2...
1 +3.905011659e+02 +3.905011659e+02 +4.505711659e+02 +4.505711659e+02 -4.4214e+00 +4.5151e+00
4 +7.103672732e+00 +7.103672732e+00 +6.717367273e+01 +6.717367273e+01 +1.9513e-01 +1.5711e+00
17 +2.469653128e+00 +2.469653128e+00 +6.253965313e+01 +6.253965313e+01 -4.2304e+00 -7.8439e-02
104 +1.580821056e+00 +1.580821056e+00 +6.165082106e+01 +6.165082106e+01 -4.2318e+00 -6.6290e-02
682 +4.669965016e-01 +4.669965016e-01 +6.053699650e+01 +6.053699650e+01 -2.5904e+00 -2.4756e-01
2250 +3.864763788e-01 +3.864763788e-01 +6.045647638e+01 +6.045647638e+01 -2.3731e+00 -2.6555e-01
3107 +2.111303170e-01 +2.111303170e-01 +6.028113032e+01 +6.028113032e+01 -1.8223e+00 -2.9221e-01
3796 +1.553777796e-01 +1.553777796e-01 +6.022537778e+01 +6.022537778e+01 -1.6574e+00 -3.0001e-01
4461 +6.694283175e-02 +6.694283175e-02 +6.013694283e+01 +6.013694283e+01 -1.2850e+00 -3.0677e-01
4935 +6.268064136e-02 +6.268064136e-02 +6.013268064e+01 +6.013268064e+01 -1.2637e+00 -3.0695e-01
5310 +2.897120853e-02 +2.897120853e-02 +6.009897121e+01 +6.009897121e+01 -1.0481e+00 -3.0523e-01
5930 +2.505585356e-02 +2.505585356e-02 +6.009505585e+01 +6.009505585e+01 -1.0108e+00 -3.0125e-01
6442 +1.463228572e-02 +1.463228572e-02 +6.008463229e+01 +6.008463229e+01 -8.9723e-01 -3.0064e-01
6947 +9.198922947e-05 +9.198922947e-05 +6.007009199e+01 +6.007009199e+01 -6.7001e-01 -2.8347e-01
8009 +5.807680098e-05 +5.807680098e-05 +6.007005808e+01 +6.007005808e+01 -6.6091e-01 -2.8250e-01
8305 +3.407525168e-05 +3.407525168e-05 +6.007003408e+01 +6.007003408e+01 -6.6074e-01 -2.8263e-01
8384 +4.074294921e-06 +4.074294921e-06 +6.007000407e+01 +6.007000407e+01 -6.4662e-01 -2.8158e-01
8580 +2.188623277e-06 +2.188623277e-06 +6.007000219e+01 +6.007000219e+01 -6.4652e-01 -2.8144e-01
8626 +9.354478934e-07 +9.354478934e-07 +6.007000094e+01 +6.007000094e+01 -6.4646e-01 -2.8148e-01
9022 +4.174599226e-07 +4.174599226e-07 +6.007000042e+01 +6.007000042e+01 -6.4733e-01 -2.8155e-01
9320 +3.897618228e-07 +3.897618228e-07 +6.007000039e+01 +6.007000039e+01 -6.4733e-01 -2.8155e-01
9806 +2.299401416e-07 +2.299401416e-07 +6.007000023e+01 +6.007000023e+01 -6.4752e-01 -2.8158e-01
10200 +1.349145862e-07 +1.349145862e-07 +6.007000013e+01 +6.007000013e+01 -6.4778e-01 -2.8160e-01
11109 +5.918361268e-08 +5.918361268e-08 +6.007000006e+01 +6.007000006e+01 -6.4805e-01 -2.8162e-01
11656 +3.878476917e-08 +3.878476917e-08 +6.007000004e+01 +6.007000004e+01 -6.4815e-01 -2.8163e-01
12834 +2.510438435e-08 +2.510438435e-08 +6.007000003e+01 +6.007000003e+01 -6.4823e-01 -2.8164e-01
13163 +1.067202504e-08 +1.067202504e-08 +6.007000001e+01 +6.007000001e+01 -6.4842e-01 -2.8165e-01
13262 +8.857973910e-09 +8.857973910e-09 +6.007000001e+01 +6.007000001e+01 -6.4842e-01 -2.8165e-01
% function evaluation | noise-free fitness - Fopt (-1.366300000000e+02) | best noise-free fitness - Fopt | measured fitness | best measured fitness | x1 | x2...
1 +2.307199445e+00 +2.307199445e+00 -1.343228006e+02 -1.343228006e+02 -2.8702e-01 +7.3257e-01
198 +5.361297789e-03 +5.361297789e-03 -1.366246387e+02 -1.366246387e+02 -2.1895e-01 +7.6309e-01
285 +2.510220190e-03 +2.510220190e-03 -1.366274898e+02 -1.366274898e+02 -2.2276e-01 +7.6560e-01
613 +1.412971376e-03 +1.412971376e-03 -1.366285870e+02 -1.366285870e+02 -2.2085e-01 +7.1397e-01
890 +8.752658715e-06 +8.752658715e-06 -1.366299912e+02 -1.366299912e+02 -2.2242e-01 +6.7454e-01
1012 +5.848516594e-06 +5.848516594e-06 -1.366299942e+02 -1.366299942e+02 -2.2245e-01 +6.7445e-01
1025 +3.708004414e-06 +3.708004414e-06 -1.366299963e+02 -1.366299963e+02 -2.2248e-01 +6.7456e-01
1026 +2.497408417e-06 +2.497408417e-06 -1.366299975e+02 -1.366299975e+02 -2.2253e-01 +6.7471e-01
2713 +1.582045201e-06 +1.582045201e-06 -1.366299984e+02 -1.366299984e+02 -2.2252e-01 +6.7394e-01
3075 +9.301896284e-07 +9.301896284e-07 -1.366299991e+02 -1.366299991e+02 -2.2255e-01 +6.7325e-01
4611 +5.829909355e-07 +5.829909355e-07 -1.366299994e+02 -1.366299994e+02 -2.2255e-01 +6.7284e-01
5436 +3.941227078e-07 +3.941227078e-07 -1.366299996e+02 -1.366299996e+02 -2.2254e-01 +6.7257e-01
5802 +2.435874649e-07 +2.435874649e-07 -1.366299998e+02 -1.366299998e+02 -2.2254e-01 +6.7228e-01
6420 +1.506286651e-07 +1.506286651e-07 -1.366299998e+02 -1.366299998e+02 -2.2254e-01 +6.7204e-01
7766 +7.355038179e-08 +7.355038179e-08 -1.366299999e+02 -1.366299999e+02 -2.2255e-01 +6.7174e-01
8062 +6.210208880e-08 +6.210208880e-08 -1.366299999e+02 -1.366299999e+02 -2.2254e-01 +6.7173e-01
8166 +3.540102966e-08 +3.540102966e-08 -1.366300000e+02 -1.366300000e+02 -2.2254e-01 +6.7158e-01
8621 +1.836846764e-08 +1.836846764e-08 -1.366300000e+02 -1.366300000e+02 -2.2254e-01 +6.7147e-01
9332 +8.341316970e-09 +8.341316970e-09 -1.366300000e+02 -1.366300000e+02 -2.2254e-01 +6.7136e-01
% function evaluation | noise-free fitness - Fopt (1.639300000000e+02) | best noise-free fitness - Fopt | measured fitness | best measured fitness | x1 | x2...
1 +1.380420113e+03 +1.380420113e+03 +1.544350113e+03 +1.544350113e+03 -4.5322e+00 -1.7789e+00
3 +3.313164507e+01 +3.313164507e+01 +1.970616451e+02 +1.970616451e+02 -3.2747e+00 +2.0483e-01
4 +3.264638196e+00 +3.264638196e+00 +1.671946382e+02 +1.671946382e+02 -8.6790e-01 +9.1827e-01
8 +1.163936395e+00 +1.163936395e+00 +1.650939364e+02 +1.650939364e+02 -1.8137e+00 -3.7091e+00
155 +3.234340444e-01 +3.234340444e-01 +1.642534340e+02 +1.642534340e+02 -8.9199e-02 -7.5094e-01
197 +2.101954134e-01 +2.101954134e-01 +1.641401954e+02 +1.641401954e+02 -8.5264e-02 -7.5430e-01
200 +1.449184328e-01 +1.449184328e-01 +1.640749184e+02 +1.640749184e+02 -8.6190e-02 -7.6569e-01
201 +3.163021192e-02 +3.163021192e-02 +1.639616302e+02 +1.639616302e+02 -7.4584e-02 -7.6108e-01
291 +1.779669924e-02 +1.779669924e-02 +1.639477967e+02 +1.639477967e+02 -6.8010e-02 -7.5025e-01
311 +8.851455276e-03 +8.851455276e-03 +1.639388515e+02 +1.639388515e+02 -1.2195e-01 -8.9419e-01
325 +1.021550373e-03 +1.021550373e-03 +1.639310216e+02 +1.639310216e+02 -7.1133e-02 -7.7251e-01
880 +6.717084399e-04 +6.717084399e-04 +1.639306717e+02 +1.639306717e+02 -6.3387e-02 -7.5541e-01
950 +6.143650842e-04 +6.143650842e-04 +1.639306144e+02 +1.639306144e+02 -6.3491e-02 -7.5531e-01
1483 +2.519162022e-04 +2.519162022e-04 +1.639302519e+02 +1.639302519e+02 -5.6921e-02 -7.3820e-01
1625 +2.465541187e-04 +2.465541187e-04 +1.639302466e+02 +1.639302466e+02 -5.6858e-02 -7.3814e-01
1816 +1.051058111e-04 +1.051058111e-04 +1.639301051e+02 +1.639301051e+02 -5.1825e-02 -7.2643e-01
2081 +9.946912110e-05 +9.946912110e-05 +1.639300995e+02 +1.639300995e+02 -5.1987e-02 -7.2641e-01
2204 +2.701234936e-05 +2.701234936e-05 +1.639300270e+02 +1.639300270e+02 -4.6695e-02 -7.1394e-01
2346 +2.151208062e-05 +2.151208062e-05 +1.639300215e+02 +1.639300215e+02 -4.6662e-02 -7.1376e-01
2449 +1.462585919e-05 +1.462585919e-05 +1.639300146e+02 +1.639300146e+02 -4.6770e-02 -7.1369e-01
3180 +9.546283565e-06 +9.546283565e-06 +1.639300095e+02 +1.639300095e+02 -4.1080e-02 -6.9978e-01
5175 +6.306800884e-06 +6.306800884e-06 +1.639300063e+02 +1.639300063e+02 -4.1452e-02 -7.0056e-01
5524 +1.089182376e-06 +1.089182376e-06 +1.639300011e+02 +1.639300011e+02 -4.2744e-02 -7.0383e-01
5863 +8.618837626e-07 +8.618837626e-07 +1.639300009e+02 +1.639300009e+02 -4.2773e-02 -7.0384e-01
6414 +5.546276043e-07 +5.546276043e-07 +1.639300006e+02 +1.639300006e+02 -4.2941e-02 -7.0429e-01
7309 +3.889160780e-07 +3.889160780e-07 +1.639300004e+02 +1.639300004e+02 -4.3032e-02 -7.0448e-01
8141 +2.205437113e-07 +2.205437113e-07 +1.639300002e+02 +1.639300002e+02 -4.3190e-02 -7.0486e-01
9051 +1.125669655e-07 +1.125669655e-07 +1.639300001e+02 +1.639300001e+02 -4.3266e-02 -7.0507e-01
9281 +9.350534924e-08 +9.350534924e-08 +1.639300001e+02 +1.639300001e+02 -4.3322e-02 -7.0523e-01
9771 +6.015918075e-08 +6.015918075e-08 +1.639300001e+02 +1.639300001e+02 -4.3348e-02 -7.0527e-01
10158 +2.157332801e-08 +2.157332801e-08 +1.639300000e+02 +1.639300000e+02 -4.3429e-02 -7.0547e-01
10638 +5.631335398e-09 +5.631335398e-09 +1.639300000e+02 +1.639300000e+02 -4.3488e-02 -7.0562e-01
% function evaluation | noise-free fitness - Fopt (-5.002000000000e+01) | best noise-free fitness - Fopt | measured fitness | best measured fitness | x1 | x2...
1 +2.040260583e+04 +2.040260583e+04 +2.035258583e+04 +2.035258583e+04 -3.5318e+00 -2.1130e+00
2 +1.497027855e+03 +1.497027855e+03 +1.447007855e+03 +1.447007855e+03 +4.0663e-01 +4.9518e+00
5 +9.118815416e+02 +9.118815416e+02 +8.618615416e+02 +8.618615416e+02 -1.3425e+00 +2.2353e+00
10 +1.207402268e+02 +1.207402268e+02 +7.072022679e+01 +7.072022679e+01 -1.0660e-01 +1.6190e+00
11 +2.072035159e+01 +2.072035159e+01 -2.929964841e+01 -2.929964841e+01 -5.5707e-01 +4.8072e+00
79 +1.149234032e+00 +1.149234032e+00 -4.887076597e+01 -4.887076597e+01 +4.1888e-01 -6.3069e-01
121 +6.657347083e-01 +6.657347083e-01 -4.935426529e+01 -4.935426529e+01 -6.0416e-01 +2.1166e+00
192 +2.803717544e-01 +2.803717544e-01 -4.973962825e+01 -4.973962825e+01 -2.3453e-01 +5.9849e-02
293 +9.850651692e-02 +9.850651692e-02 -4.992149348e+01 -4.992149348e+01 -2.4626e-01 +1.3153e-01
391 +5.848779782e-02 +5.848779782e-02 -4.996151220e+01 -4.996151220e+01 -2.3608e-01 +1.4558e-01
741 +3.741278432e-02 +3.741278432e-02 -4.998258722e+01 -4.998258722e+01 -2.7301e-01 +2.5896e-01
914 +1.083763554e-02 +1.083763554e-02 -5.000916236e+01 -5.000916236e+01 -3.1688e-01 +3.8656e-01
1017 +3.248505905e-03 +3.248505905e-03 -5.001675149e+01 -5.001675149e+01 -3.4867e-01 +5.1490e-01
1263 +1.207573771e-03 +1.207573771e-03 -5.001879243e+01 -5.001879243e+01 -3.5373e-01 +5.2710e-01
1737 +9.968180248e-04 +9.968180248e-04 -5.001900318e+01 -5.001900318e+01 -3.5629e-01 +5.4035e-01
2181 +6.295112352e-04 +6.295112352e-04 -5.001937049e+01 -5.001937049e+01 -3.5865e-01 +5.4782e-01
2483 +3.448032567e-04 +3.448032567e-04 -5.001965520e+01 -5.001965520e+01 -3.6257e-01 +5.6251e-01
3170 +1.693461788e-04 +1.693461788e-04 -5.001983065e+01 -5.001983065e+01 -3.6551e-01 +5.7671e-01
3286 +9.666722121e-05 +9.666722121e-05 -5.001990333e+01 -5.001990333e+01 -3.6675e-01 +5.8042e-01
3762 +4.235289468e-05 +4.235289468e-05 -5.001995765e+01 -5.001995765e+01 -3.6998e-01 +5.9326e-01
4202 +3.046208351e-05 +3.046208351e-05 -5.001996954e+01 -5.001996954e+01 -3.6993e-01 +5.9328e-01
4225 +1.926159354e-05 +1.926159354e-05 -5.001998074e+01 -5.001998074e+01 -3.6988e-01 +5.9341e-01
4306 +1.471602585e-05 +1.471602585e-05 -5.001998528e+01 -5.001998528e+01 -3.6973e-01 +5.9320e-01
6200 +9.865199445e-06 +9.865199445e-06 -5.001999013e+01 -5.001999013e+01 -3.7007e-01 +5.9472e-01
8122 +6.125256427e-06 +6.125256427e-06 -5.001999387e+01 -5.001999387e+01 -3.7042e-01 +5.9618e-01
9470 +3.951300997e-06 +3.951300997e-06 -5.001999605e+01 -5.001999605e+01 -3.7067e-01 +5.9729e-01
10392 +2.483338847e-06 +2.483338847e-06 -5.001999752e+01 -5.001999752e+01 -3.7089e-01 +5.9823e-01
10724 +2.916016939e-07 +2.916016939e-07 -5.001999971e+01 -5.001999971e+01 -3.7196e-01 +6.0265e-01
11054 +2.443086657e-07 +2.443086657e-07 -5.001999976e+01 -5.001999976e+01 -3.7194e-01 +6.0261e-01
11375 +1.530477292e-07 +1.530477292e-07 -5.001999985e+01 -5.001999985e+01 -3.7189e-01 +6.0238e-01
12026 +8.949714214e-08 +8.949714214e-08 -5.001999991e+01 -5.001999991e+01 -3.7184e-01 +6.0217e-01
12303 +6.117479501e-08 +6.117479501e-08 -5.001999994e+01 -5.001999994e+01 -3.7182e-01 +6.0208e-01
13525 +3.857500985e-08 +3.857500985e-08 -5.001999996e+01 -5.001999996e+01 -3.7174e-01 +6.0174e-01
13840 +2.461264614e-08 +2.461264614e-08 -5.001999998e+01 -5.001999998e+01 -3.7177e-01 +6.0185e-01
14684 +1.570645480e-08 +1.570645480e-08 -5.001999998e+01 -5.001999998e+01 -3.7175e-01 +6.0179e-01
15345 +8.769909243e-09 +8.769909243e-09 -5.001999999e+01 -5.001999999e+01 -3.7173e-01 +6.0170e-01
15373 +3.644323954e-09 +3.644323954e-09 -5.002000000e+01 -5.002000000e+01 -3.7172e-01 +6.0166e-01
% function evaluation | noise-free fitness - Fopt (5.888600000000e+02) | best noise-free fitness - Fopt | measured fitness | best measured fitness | x1 | x2...
1 +2.518431130e+03 +2.518431130e+03 +3.107291130e+03 +3.107291130e+03 -1.7555e+00 +2.9187e+00
2 +2.185703946e+01 +2.185703946e+01 +6.107170395e+02 +6.107170395e+02 +6.6686e-01 -8.2302e-01
40 +1.057083173e+01 +1.057083173e+01 +5.994308317e+02 +5.994308317e+02 -1.9699e+00 -7.1965e-01
53 +4.055381130e+00 +4.055381130e+00 +5.929153811e+02 +5.929153811e+02 -3.1938e-02 +1.0995e-01
118 +6.306036827e-01 +6.306036827e-01 +5.894906037e+02 +5.894906037e+02 +1.2654e-01 +1.9933e-01
151 +1.322818743e-01 +1.322818743e-01 +5.889922819e+02 +5.889922819e+02 +1.6535e-01 +5.7534e-02
498 +9.647639144e-02 +9.647639144e-02 +5.889564764e+02 +5.889564764e+02 +1.9748e-01 -1.0996e-02
504 +5.912434318e-02 +5.912434318e-02 +5.889191243e+02 +5.889191243e+02 +3.1361e-01 -2.6137e-01
648 +3.253349543e-02 +3.253349543e-02 +5.888925335e+02 +5.888925335e+02 +3.0575e-01 -2.8180e-01
784 +2.425928075e-02 +2.425928075e-02 +5.888842593e+02 +5.888842593e+02 +3.0692e-01 -2.7590e-01
807 +1.215916724e-02 +1.215916724e-02 +5.888721592e+02 +5.888721592e+02 +3.4125e-01 -3.5835e-01
1077 +8.998321603e-03 +8.998321603e-03 +5.888689983e+02 +5.888689983e+02 +3.4808e-01 -3.8440e-01
1083 +4.253784888e-03 +4.253784888e-03 +5.888642538e+02 +5.888642538e+02 +3.9373e-01 -5.2673e-01
1134 +8.218423714e-04 +8.218423714e-04 +5.888608218e+02 +5.888608218e+02 +3.9405e-01 -5.1725e-01
1439 +4.477353148e-04 +4.477353148e-04 +5.888604477e+02 +5.888604477e+02 +3.9939e-01 -5.3406e-01
1469 +3.826564263e-04 +3.826564263e-04 +5.888603827e+02 +5.888603827e+02 +3.9919e-01 -5.3416e-01
2209 +2.306190501e-04 +2.306190501e-04 +5.888602306e+02 +5.888602306e+02 +4.0665e-01 -5.5660e-01
2296 +1.239340315e-04 +1.239340315e-04 +5.888601239e+02 +5.888601239e+02 +4.0655e-01 -5.5706e-01
2351 +9.607035975e-05 +9.607035975e-05 +5.888600961e+02 +5.888600961e+02 +4.0643e-01 -5.5703e-01
2392 +5.943655140e-05 +5.943655140e-05 +5.888600594e+02 +5.888600594e+02 +4.0946e-01 -5.6863e-01
2448 +3.526804630e-05 +3.526804630e-05 +5.888600353e+02 +5.888600353e+02 +4.0958e-01 -5.6872e-01
2581 +1.924307196e-05 +1.924307196e-05 +5.888600192e+02 +5.888600192e+02 +4.0963e-01 -5.6858e-01
2630 +1.302765850e-05 +1.302765850e-05 +5.888600130e+02 +5.888600130e+02 +4.0968e-01 -5.6859e-01
2691 +8.952020721e-06 +8.952020721e-06 +5.888600090e+02 +5.888600090e+02 +4.0981e-01 -5.6884e-01
3398 +5.099202326e-06 +5.099202326e-06 +5.888600051e+02 +5.888600051e+02 +4.1191e-01 -5.7581e-01
3461 +1.848288775e-07 +1.848288775e-07 +5.888600002e+02 +5.888600002e+02 +4.1198e-01 -5.7573e-01
4069 +1.559477596e-07 +1.559477596e-07 +5.888600002e+02 +5.888600002e+02 +4.1198e-01 -5.7572e-01
4576 +9.709390270e-08 +9.709390270e-08 +5.888600001e+02 +5.888600001e+02 +4.1193e-01 -5.7554e-01
4819 +6.263258001e-08 +6.263258001e-08 +5.888600001e+02 +5.888600001e+02 +4.1189e-01 -5.7541e-01
5197 +2.043566383e-08 +2.043566383e-08 +5.888600000e+02 +5.888600000e+02 +4.1181e-01 -5.7517e-01
5249 +1.479224920e-08 +1.479224920e-08 +5.888600000e+02 +5.888600000e+02 +4.1180e-01 -5.7514e-01
6205 +5.745278031e-09 +5.745278031e-09 +5.888600000e+02 +5.888600000e+02 +4.1177e-01 -5.7504e-01
% function evaluation | noise-free fitness - Fopt (-3.294000000000e+01) | best noise-free fitness - Fopt | measured fitness | best measured fitness | x1 | x2...
1 +5.830076589e+03 +5.830076589e+03 +5.797136589e+03 +5.797136589e+03 +4.9402e+00 -1.1278e+00
2 +2.147021089e+03 +2.147021089e+03 +2.114081089e+03 +2.114081089e+03 -4.5631e+00 +1.1000e+00
4 +2.441714220e+02 +2.441714220e+02 +2.112314220e+02 +2.112314220e+02 -1.4397e+00 +1.1754e+00
24 +5.966504077e+01 +5.966504077e+01 +2.672504077e+01 +2.672504077e+01 -7.0513e-01 -5.5803e-01
29 +4.885164125e+00 +4.885164125e+00 -2.805483587e+01 -2.805483587e+01 +8.2061e-03 -1.0438e+00
86 +1.048312151e+00 +1.048312151e+00 -3.189168785e+01 -3.189168785e+01 +1.5736e-01 -1.2140e-01
121 +2.068616832e-02 +2.068616832e-02 -3.291931383e+01 -3.291931383e+01 -4.0250e-02 +4.2362e-01
866 +8.509740209e-03 +8.509740209e-03 -3.293149026e+01 -3.293149026e+01 -1.0288e-01 +5.2347e-01
1049 +1.994417497e-03 +1.994417497e-03 -3.293800558e+01 -3.293800558e+01 -1.5447e-01 +5.9590e-01
1194 +1.378179947e-03 +1.378179947e-03 -3.293862182e+01 -3.293862182e+01 -1.6381e-01 +6.0938e-01
1911 +9.795813605e-04 +9.795813605e-04 -3.293902042e+01 -3.293902042e+01 -1.7386e-01 +6.2542e-01
2468 +6.259837412e-04 +6.259837412e-04 -3.293937402e+01 -3.293937402e+01 -1.7792e-01 +6.3016e-01
2791 +3.240294861e-04 +3.240294861e-04 -3.293967597e+01 -3.293967597e+01 -1.8788e-01 +6.4374e-01
3598 +1.369486900e-04 +1.369486900e-04 -3.293986305e+01 -3.293986305e+01 -1.9611e-01 +6.5536e-01
4134 +9.945955082e-05 +9.945955082e-05 -3.293990054e+01 -3.293990054e+01 -1.9714e-01 +6.5718e-01
4758 +7.630907703e-06 +7.630907703e-06 -3.293999237e+01 -3.293999237e+01 -2.0700e-01 +6.7079e-01
4793 +5.503674942e-06 +5.503674942e-06 -3.293999450e+01 -3.293999450e+01 -2.1249e-01 +6.7862e-01
5079 +3.445223982e-06 +3.445223982e-06 -3.293999655e+01 -3.293999655e+01 -2.1252e-01 +6.7854e-01
6154 +2.441617205e-06 +2.441617205e-06 -3.293999756e+01 -3.293999756e+01 -2.1213e-01 +6.7801e-01
6911 +1.573036251e-06 +1.573036251e-06 -3.293999843e+01 -3.293999843e+01 -2.1172e-01 +6.7744e-01
8074 +9.453175025e-07 +9.453175025e-07 -3.293999905e+01 -3.293999905e+01 -2.1135e-01 +6.7694e-01
9054 +6.125972831e-07 +6.125972831e-07 -3.293999939e+01 -3.293999939e+01 -2.1110e-01 +6.7659e-01
10150 +3.771988304e-07 +3.771988304e-07 -3.293999962e+01 -3.293999962e+01 -2.1087e-01 +6.7625e-01
10848 +2.114917876e-07 +2.114917876e-07 -3.293999979e+01 -3.293999979e+01 -2.1067e-01 +6.7600e-01
11316 +1.545784727e-07 +1.545784727e-07 -3.293999985e+01 -3.293999985e+01 -2.1056e-01 +6.7583e-01
11990 +2.715260905e-08 +2.715260905e-08 -3.293999997e+01 -3.293999997e+01 -2.1030e-01 +6.7547e-01
12177 +1.866578003e-08 +1.866578003e-08 -3.293999998e+01 -3.293999998e+01 -2.1020e-01 +6.7534e-01
12332 +1.575740782e-08 +1.575740782e-08 -3.293999998e+01 -3.293999998e+01 -2.1024e-01 +6.7540e-01
12401 +6.479105252e-09 +6.479105252e-09 -3.293999999e+01 -3.293999999e+01 -2.1017e-01 +6.7530e-01
% function evaluation | noise-free fitness - Fopt (-1.116200000000e+02) | best noise-free fitness - Fopt | measured fitness | best measured fitness | x1 | x2...
1 +8.987324046e+04 +8.987324046e+04 +8.976162046e+04 +8.976162046e+04 +4.4545e+00 +4.7495e+00
2 +3.489147538e+02 +3.489147538e+02 +2.372947538e+02 +2.372947538e+02 -3.3269e-01 +2.3797e+00
6 +1.616309786e+02 +1.616309786e+02 +5.001097861e+01 +5.001097861e+01 -7.6408e-01 -1.8255e+00
10 +9.834076603e+01 +9.834076603e+01 -1.327923397e+01 -1.327923397e+01 +2.3464e+00 -1.4170e+00
19 +1.624681965e+01 +1.624681965e+01 -9.537318035e+01 -9.537318035e+01 +1.5093e+00 +2.9392e-01
33 +8.101211842e+00 +8.101211842e+00 -1.035187882e+02 -1.035187882e+02 +2.9112e+00 -1.6246e+00
49 +4.495305423e+00 +4.495305423e+00 -1.071246946e+02 -1.071246946e+02 -3.1091e-01 -1.5258e+00
191 +1.254476068e+00 +1.254476068e+00 -1.103655239e+02 -1.103655239e+02 -3.5029e-01 -1.5845e+00
193 +1.802069012e-01 +1.802069012e-01 -1.114397931e+02 -1.114397931e+02 -3.9324e-01 -1.5019e+00
321 +1.526606341e-01 +1.526606341e-01 -1.114673394e+02 -1.114673394e+02 -3.9119e-01 -1.5805e+00
640 +6.096581301e-02 +6.096581301e-02 -1.115590342e+02 -1.115590342e+02 -3.7354e-01 -1.2318e+00
1748 +3.025654478e-02 +3.025654478e-02 -1.115897435e+02 -1.115897435e+02 -3.6029e-01 -1.0426e+00
2206 +1.753194065e-02 +1.753194065e-02 -1.116024681e+02 -1.116024681e+02 -3.4942e-01 -9.3823e-01
2782 +1.575870728e-02 +1.575870728e-02 -1.116042413e+02 -1.116042413e+02 -3.4751e-01 -9.1942e-01
3189 +4.705587642e-03 +4.705587642e-03 -1.116152944e+02 -1.116152944e+02 -3.3441e-01 -7.7318e-01
3463 +3.425240386e-03 +3.425240386e-03 -1.116165748e+02 -1.116165748e+02 -3.3193e-01 -7.6522e-01
3636 +8.382520110e-04 +8.382520110e-04 -1.116191617e+02 -1.116191617e+02 -3.2076e-01 -6.6569e-01
3856 +3.952852875e-04 +3.952852875e-04 -1.116196047e+02 -1.116196047e+02 -3.1718e-01 -6.5328e-01
4160 +2.194043713e-04 +2.194043713e-04 -1.116197806e+02 -1.116197806e+02 -3.1863e-01 -6.6075e-01
4433 +1.536101324e-04 +1.536101324e-04 -1.116198464e+02 -1.116198464e+02 -3.1895e-01 -6.6059e-01
5232 +9.460428056e-05 +9.460428056e-05 -1.116199054e+02 -1.116199054e+02 -3.1806e-01 -6.5263e-01
5978 +3.888157802e-05 +3.888157802e-05 -1.116199611e+02 -1.116199611e+02 -3.1669e-01 -6.4497e-01
6409 +1.901877098e-06 +1.901877098e-06 -1.116199981e+02 -1.116199981e+02 -3.1502e-01 -6.3160e-01
6587 +3.706716001e-07 +3.706716001e-07 -1.116199996e+02 -1.116199996e+02 -3.1500e-01 -6.3177e-01
7182 +2.328798558e-07 +2.328798558e-07 -1.116199998e+02 -1.116199998e+02 -3.1501e-01 -6.3192e-01
7546 +1.456751164e-07 +1.456751164e-07 -1.116199999e+02 -1.116199999e+02 -3.1504e-01 -6.3215e-01
7867 +9.255273881e-08 +9.255273881e-08 -1.116199999e+02 -1.116199999e+02 -3.1507e-01 -6.3233e-01
8964 +4.951685639e-08 +4.951685639e-08 -1.116200000e+02 -1.116200000e+02 -3.1509e-01 -6.3250e-01
9074 +2.744754113e-08 +2.744754113e-08 -1.116200000e+02 -1.116200000e+02 -3.1511e-01 -6.3263e-01
10401 +1.871065081e-08 +1.871065081e-08 -1.116200000e+02 -1.116200000e+02 -3.1513e-01 -6.3273e-01
10582 +1.509623360e-08 +1.509623360e-08 -1.116200000e+02 -1.116200000e+02 -3.1513e-01 -6.3273e-01
10585 +6.404206943e-09 +6.404206943e-09 -1.116200000e+02 -1.116200000e+02 -3.1514e-01 -6.3290e-01
