% function evaluation | noise-free fitness - Fopt (-5.465000000000e+02) | best noise-free fitness - Fopt | measured fitness | best measured fitness | x1 | x2...
1 +2.575548317e+04 +2.575548317e+04 +2.520898317e+04 +2.520898317e+04 -2.4672e+00 +1.9014e-01 +1.6746e+00 +4.3880e+00 -1.4713e+00 -2.8475e+00 +9.1251e-01 +1.1015e+00 -3.2087e+00 -8.8572e-01
9 +2.112344186e+04 +2.112344186e+04 +2.057694186e+04 +2.057694186e+04 +4.7198e+00 -3.1660e+00 -5.7487e-01 +3.8184e+00 -4.1852e-01 -3.6937e+00 -2.9156e-01 +2.3995e-01 -3.3656e+00 +1.9364e+00
16 +1.443501053e+04 +1.443501053e+04 +1.388851053e+04 +1.388851053e+04 -1.7013e+00 -4.7781e+00 +2.1676e+00 -2.2312e+00 -2.8081e+00 -4.1737e+00 +1.9269e+00 +6.2380e-01 -1.2319e+00 +1.3582e+00
% function evaluation | noise-free fitness - Fopt (1.000000000000e+03) | best noise-free fitness - Fopt | measured fitness | best measured fitness | x1 | x2...
1 +1.444465943e+05 +1.444465943e+05 +1.454465943e+05 +1.454465943e+05 -2.3787e+00 +3.3577e+00 +9.4700e-01 -4.0836e+00 +2.8590e-01 -2.9209e+00 +1.2082e-01 -3.8287e+00 +2.9190e+00 -1.3371e+00
2 +4.842668005e+04 +4.842668005e+04 +4.942668005e+04 +4.942668005e+04 -7.9538e-02 +1.0715e+00 -1.1594e+00 +3.2846e+00 -2.9703e+00 +1.2255e+00 +2.8308e+00 -1.8289e+00 -2.7644e+00 -2.3234e+00
11 +2.809687603e+04 +2.809687603e+04 +2.909687603e+04 +2.909687603e+04 +3.6982e+00 +1.8889e+00 +4.5806e+00 +8.8642e-01 -8.4297e-01 +4.3660e+00 +1.1446e+00 +1.2529e+00 +1.0779e+00 -3.8242e-01
27 +9.645064589e+03 +9.645064589e+03 +1.064506459e+04 +1.064506459e+04 -2.6857e+00 -1.7870e-01 +6.6109e-01 -8.7337e-01 -2.9997e+00 +1.4521e-01 -3.2452e+00 +3.7351e-01 -2.4704e+00 +9.4981e-01
96 +5.106544367e+03 +5.106544367e+03 +6.106544367e+03 +6.106544367e+03 +2.6351e-01 +1.7990e-01 +1.7863e+00 -1.9011e-01 +1.8671e+00 +2.2556e-01 +4.6682e-02 +3.3702e+00 -1.5950e-01 -1.7369e+00
% function evaluation | noise-free fitness - Fopt (2.083800000000e+02) | best noise-free fitness - Fopt | measured fitness | best measured fitness | x1 | x2...
1 +2.168642254e+05 +2.168642254e+05 +2.170726054e+05 +2.170726054e+05 -2.1351e+00 -2.8603e+00 -4.8873e+00 +1.5169e+00 +3.1581e+00 +9.3665e-01 -4.5216e+00 -3.9316e-01 +2.9950e+00 -2.9566e+00
2 +1.154585348e+05 +1.154585348e+05 +1.156669148e+05 +1.156669148e+05 -1.5787e+00 -4.6194e+00 +4.7036e+00 -1.2094e+00 -2.7396e-01 +3.6716e+00 -4.9983e+00 +4.1982e+00 -8.3268e-01 -3.2517e+00
3 +7.379700275e+04 +7.379700275e+04 +7.400538275e+04 +7.400538275e+04 -2.3912e+00 -9.6277e-01 +8.9241e-01 -2.6489e+00 +6.2881e-01 -1.3282e+00 -2.2386e+00 +2.9003e+00 +8.5469e-01 -2.0277e+00
7 +4.886075672e+04 +4.886075672e+04 +4.906913672e+04 +4.906913672e+04 -3.5969e+00 -1.9009e+00 +1.6603e+00 +4.7341e+00 +1.5566e+00 +3.6677e+00 -3.4589e+00 +2.6016e+00 -8.9155e-01 -1.5369e+00
12 +1.722536453e+04 +1.722536453e+04 +1.743374453e+04 +1.743374453e+04 -2.7892e+00 -4.8234e+00 +4.3156e+00 -3.8789e+00 +1.0118e+00 +1.7376e+00 -2.0493e+00 +3.5496e+00 -1.9227e-01 +7.9114e-01
33 +6.727962792e+03 +6.727962792e+03 +6.936342792e+03 +6.936342792e+03 -3.1261e+00 +2.5054e+00 -2.2522e+00 +4.7457e-01 +1.0161e+00 -4.4871e-01 +3.7649e+00 +2.1120e+00 +7.4073e-01 +3.1173e+00
% function evaluation | noise-free fitness - Fopt (-1.449600000000e+02) | best noise-free fitness - Fopt | measured fitness | best measured fitness | x1 | x2...
1 +2.898572304e+04 +2.898572304e+04 +2.884076304e+04 +2.884076304e+04 -3.0592e+00 +1.7532e+00 -3.3031e+00 +2.5496e+00 -4.4701e-01 -2.1419e+00 -2.2954e+00 +2.8464e+00 -2.9581e+00 +4.0767e+00
21 +2.229857109e+04 +2.229857109e+04 +2.215361109e+04 +2.215361109e+04 +1.4242e+00 -3.4647e-01 -3.7603e+00 +3.0417e+00 -2.6162e-01 +9.6396e-01 -1.2416e+00 +3.3299e+00 +6.6431e-01 +4.9001e+00
36 +8.919635408e+03 +8.919635408e+03 +8.774675408e+03 +8.774675408e+03 -6.2301e-02 -2.0702e+00 +2.1569e+00 -3.3808e-01 -4.4391e+00 +1.2299e+00 -1.7713e+00 -7.0634e-02 -4.0000e+00 -2.3121e-01
% function evaluation | noise-free fitness - Fopt (-6.300000000000e+00) | best noise-free fitness - Fopt | measured fitness | best measured fitness | x1 | x2...
1 +1.056830630e+05 +1.056830630e+05 +1.056767630e+05 +1.056767630e+05 +2.0509e-01 +4.8499e+00 +3.3975e+00 -2.3592e+00 -2.3397e+00 +3.7862e+00 -4.1369e+00 -4.0198e+00 -7.9041e-01 -5.8963e-02
2 +1.498371520e+04 +1.498371520e+04 +1.497741520e+04 +1.497741520e+04 -1.1903e+00 -1.9792e+00 +1.4590e+00 +2.9660e+00 -1.0403e+00 +1.4744e+00 +3.9948e+00 +1.3992e+00 +2.4309e+00 +3.5352e+00
58 +6.698746656e+03 +6.698746656e+03 +6.692446656e+03 +6.692446656e+03 -7.7750e-01 +2.7599e+00 -3.9653e+00 +2.7111e+00 +1.5626e+00 -1.9319e+00 -7.3462e-01 +2.1789e-01 +1.7966e+00 +8.8392e-01
% function evaluation | noise-free fitness - Fopt (-3.790000000000e+00) | best noise-free fitness - Fopt | measured fitness | best measured fitness | x1 | x2...
1 +4.830092993e+04 +4.830092993e+04 +4.829713993e+04 +4.829713993e+04 -2.7236e+00 -2.9124e+00 +2.0156e+00 -4.6655e+00 -2.2808e+00 -2.6102e+00 +3.1348e+00 -4.7285e-01 -1.4775e+00 -4.4413e+00
7 +3.500565945e+04 +3.500565945e+04 +3.500186945e+04 +3.500186945e+04 -4.0516e+00 -2.6649e+00 +2.6510e+00 +3.4209e+00 -3.7034e+00 +3.1686e+00 -4.2084e+00 -1.4743e+00 +3.2181e+00 +1.7702e+00
30 +1.827186359e+04 +1.827186359e+04 +1.826807359e+04 +1.826807359e+04 -7.7491e-01 -2.7050e+00 -7.1455e-01 -2.3447e+00 -1.4780e+00 +2.2918e+00 -3.1945e+00 -2.3431e+00 +3.5559e+00 -2.9776e+00
60 +1.081427612e+04 +1.081427612e+04 +1.081048612e+04 +1.081048612e+04 -2.0959e-01 +1.0128e+00 +1.1694e+00 -3.7697e+00 -1.1719e+00 +2.5743e-01 -4.2208e+00 -3.2048e+00 -5.9257e-02 -7.0756e-01
% function evaluation | noise-free fitness - Fopt (-5.675000000000e+01) | best noise-free fitness - Fopt | measured fitness | best measured fitness | x1 | x2...
1 +4.099151117e+04 +4.099151117e+04 +4.093476117e+04 +4.093476117e+04 +3.0431e+00 -1.6586e+00 -2.7720e-01 +7.9201e-01 +2.1438e+00 +3.8050e+00 +1.6569e+00 +3.5028e+00 +2.5284e+00 -4.4653e-02
14 +2.970973813e+04 +2.970973813e+04 +2.965298813e+04 +2.965298813e+04 -3.9763e+00 +4.4048e+00 -1.5543e+00 -3.3461e+00 -4.2414e+00 +2.5048e+00 -3.3522e-01 -5.1176e-01 +2.1329e+00 +1.2464e-01
43 +1.123948340e+04 +1.123948340e+04 +1.118273340e+04 +1.118273340e+04 -3.3386e+00 -4.0365e+00 -4.0475e+00 +2.3045e+00 -2.4542e+00 -2.4737e+00 +2.9131e+00 +1.0363e+00 +1.8916e+00 +2.4598e+00
97 +9.432763832e+03 +9.432763832e+03 +9.376013832e+03 +9.376013832e+03 -2.6286e+00 -1.4432e+00 +1.7514e+00 +3.3951e+00 -3.7863e+00 -1.9615e+00 -1.3928e-01 +4.1500e+00 +3.9029e-01 +2.2635e+00
% function evaluation | noise-free fitness - Fopt (-5.980000000000e+01) | best noise-free fitness - Fopt | measured fitness | best measured fitness | x1 | x2...
1 +1.790042797e+05 +1.790042797e+05 +1.789444797e+05 +1.789444797e+05 -3.1290e+00 -4.2925e-01 -1.3431e+00 -4.2337e+00 +2.1885e+00 +3.3102e+00 -4.0973e-01 -2.0468e+00 -9.3363e-02 -3.9738e+00
2 +3.204918650e+04 +3.204918650e+04 +3.198938650e+04 +3.198938650e+04 -5.5717e-01 +6.1342e-01 -1.0720e+00 -3.5985e+00 -1.3316e+00 -3.0889e+00 -5.4049e-02 +1.8292e+00 +2.1105e+00 +1.4034e+00
11 +1.033151287e+04 +1.033151287e+04 +1.027171287e+04 +1.027171287e+04 +4.3418e+00 -6.8918e-01 -3.1205e-02 +4.7455e+00 -3.8277e+00 +1.3637e+00 -3.6202e+00 +7.4159e-01 -1.0747e+00 +1.1112e+00
13 +7.505537014e+03 +7.505537014e+03 +7.445737014e+03 +7.445737014e+03 -1.2641e+00 -3.1156e+00 -1.2474e+00 -2.3445e+00 -4.2489e+00 -2.6910e+00 -2.9286e+00 +2.4181e+00 -2.1546e+00 +2.4150e+00
% function evaluation | noise-free fitness - Fopt (1.155700000000e+02) | best noise-free fitness - Fopt | measured fitness | best measured fitness | x1 | x2...
1 +1.231809493e+05 +1.231809493e+05 +1.232965193e+05 +1.232965193e+05 +4.0741e+00 -4.4865e+00 +1.4974e+00 +4.5015e+00 -3.5160e+00 +3.4362e+00 -3.6623e+00 +3.8095e+00 +1.5453e+00 +3.9513e+00
2 +3.338127724e+04 +3.338127724e+04 +3.349684724e+04 +3.349684724e+04 +3.9461e+00 +1.4047e+00 +1.3673e+00 -4.1459e+00 +4.3148e+00 +3.0736e+00 +7.0087e-01 +3.7623e+00 +1.6053e+00 +4.1463e+00
47 +1.807716939e+04 +1.807716939e+04 +1.819273939e+04 +1.819273939e+04 +8.3820e-01 +7.8270e-01 +4.2628e+00 +3.4849e+00 +3.1611e+00 -7.7220e-01 +4.2289e+00 +2.4995e+00 +2.0428e+00 +3.5844e+00
73 +1.102524078e+04 +1.102524078e+04 +1.114081078e+04 +1.114081078e+04 +3.7208e-01 +3.7458e+00 +7.8022e-01 +2.8763e-01 -2.5073e+00 -9.3343e-01 +3.8409e+00 +2.1714e+00 +2.7192e+00 +1.8498e+00
% function evaluation | noise-free fitness - Fopt (-3.912000000000e+01) | best noise-free fitness - Fopt | measured fitness | best measured fitness | x1 | x2...
1 +1.319934178e+05 +1.319934178e+05 +1.319542978e+05 +1.319542978e+05 -1.2517e+00 -1.0179e+00 +3.2970e+00 -4.5426e+00 +4.2305e+00 +2.3180e+00 +3.2864e+00 +1.8888e+00 +4.2066e+00 -3.0555e+00
2 +5.126886832e+04 +5.126886832e+04 +5.122974832e+04 +5.122974832e+04 +1.9827e+00 -3.4870e-01 -2.4741e+00 -3.8603e+00 -3.6946e+00 -7.3230e-01 -1.4263e+00 +1.7939e-01 -2.2490e+00 -1.0306e+00
4 +3.589489199e+04 +3.589489199e+04 +3.585577199e+04 +3.585577199e+04 +3.6046e+00 +2.1344e+00 +1.4396e+00 +2.2283e+00 +8.2922e-01 +4.0411e+00 -7.2815e-01 +8.5641e-01 +3.5213e+00 -1.9349e-01
9 +2.249281067e+04 +2.249281067e+04 +2.245369067e+04 +2.245369067e+04 -1.4238e-01 +4.9929e+00 -3.0045e+00 +8.2876e-01 -2.8781e+00 +1.2135e+00 -2.9092e+00 -2.5930e+00 +1.8938e+00 -4.4301e+00
34 +9.982927416e+03 +9.982927416e+03 +9.943807416e+03 +9.943807416e+03 +3.3608e+00 +2.5487e+00 -4.7477e+00 +3.7643e+00 -7.7627e-01 -1.8327e+00 -1.7394e+00 -3.3181e+00 +2.3713e+00 -3.7342e-01
% function evaluation | noise-free fitness - Fopt (-8.801000000000e+01) | best noise-free fitness - Fopt | measured fitness | best measured fitness | x1 | x2...
1 +5.716962413e+04 +5.716962413e+04 +5.708161413e+04 +5.708161413e+04 +4.4063e+00 +7.0723e-01 +2.1326e+00 -1.8653e+00 +2.8535e+00 +6.3920e-01 +2.9914e+00 +3.8031e+00 -2.3826e+00 -5.9930e-01
2 +3.024920140e+04 +3.024920140e+04 +3.016119140e+04 +3.016119140e+04 -2.6953e+00 -7.0133e-01 -2.4875e+00 +3.7452e+00 +3.1030e+00 -2.4492e+00 +1.2705e+00 -3.9687e+00 +7.1707e-01 +1.9701e+00
4 +2.492060060e+04 +2.492060060e+04 +2.483259060e+04 +2.483259060e+04 -3.7038e+00 +1.7283e+00 +1.0910e-01 +4.2416e+00 -2.2504e+00 -3.6849e+00 +4.4999e+00 +1.2955e-01 -3.7731e+00 -5.9927e-01
39 +1.190196688e+04 +1.190196688e+04 +1.181395688e+04 +1.181395688e+04 -1.1939e+00 +3.6772e+00 +1.3597e+00 +4.2115e+00 -3.0549e+00 +4.5585e+00 +1.2049e+00 -2.2482e+00 -1.4690e+00 +1.5360e+00
70 +9.002807293e+03 +9.002807293e+03 +8.914797293e+03 +8.914797293e+03 +2.6228e+00 +6.0030e-01 -4.3882e+00 +2.9459e+00 -1.7982e+00 +2.1605e+00 -1.2097e+00 -6.2373e-01 +1.9624e-01 +2.4734e+00
% function evaluation | noise-free fitness - Fopt (7.934000000000e+01) | best noise-free fitness - Fopt | measured fitness | best measured fitness | x1 | x2...
1 +5.469956175e+04 +5.469956175e+04 +5.477890175e+04 +5.477890175e+04 -1.8093e+00 +4.6987e+00 +4.6279e+00 +2.5031e+00 -4.7353e+00 +4.3287e+00 +4.5739e+00 +3.3212e+00 +2.4301e+00 -2.2851e+00
21 +8.926030394e+03 +8.926030394e+03 +9.005370394e+03 +9.005370394e+03 -4.8324e-01 +2.2681e+00 -4.1529e+00 -2.8293e+00 +2.3801e+00 +2.0524e-01 -3.3118e-01 +3.7981e+00 +1.1459e+00 -1.8257e+00
25 +5.030828400e+03 +5.030828400e+03 +5.110168400e+03 +5.110168400e+03 -2.1396e+00 +8.7828e-01 +2.3988e+00 -4.6459e+00 +1.1184e+00 -1.5806e+00 +3.3845e+00 +9.6003e-01 +7.8135e-01 -7.1878e-01
% function evaluation | noise-free fitness - Fopt (1.721800000000e+02) | best noise-free fitness - Fopt | measured fitness | best measured fitness | x1 | x2...
1 +1.158578836e+05 +1.158578836e+05 +1.160300636e+05 +1.160300636e+05 -1.2274e+00 +4.6988e+00 +3.4215e+00 +1.5749e+00 +4.7254e+00 +2.2486e+00 +2.7747e-01 -1.9189e+00 -4.8005e+00 +4.4974e-01
2 +1.413083838e+04 +1.413083838e+04 +1.430301838e+04 +1.430301838e+04 -4.0968e+00 +3.3064e+00 -5.8481e-01 +4.3071e+00 -1.3335e+00 -2.2536e+00 -4.7636e+00 -9.7809e-01 +1.5707e+00 +1.6813e+00
71 +6.115821710e+03 +6.115821710e+03 +6.288001710e+03 +6.288001710e+03 -2.9167e+00 +2.3862e+00 +4.9260e+00 -2.5667e+00 +4.0844e+00 -2.4753e+00 -1.6548e+00 -2.9853e-01 +1.3047e+00 +2.1895e+00
% function evaluation | noise-free fitness - Fopt (-3.181900000000e+02) | best noise-free fitness - Fopt | measured fitness | best measured fitness | x1 | x2...
1 +1.035663592e+05 +1.035663592e+05 +1.032481692e+05 +1.032481692e+05 -1.5634e+00 +4.7632e+00 -4.0245e+00 +4.3195e+00 -3.6251e+00 -3.9915e+00 -3.4786e+00 +3.7725e+00 +3.9931e-01 +4.1736e+00
5 +5.061697433e+04 +5.061697433e+04 +5.029878433e+04 +5.029878433e+04 -4.9702e+00 -2.7129e-01 -1.7424e+00 -4.2552e+00 +3.3458e-01 -2.4918e+00 -3.3385e+00 -4.0026e-01 +2.5187e+00 +3.0927e-01
9 +5.505281410e+03 +5.505281410e+03 +5.187091410e+03 +5.187091410e+03 -2.8729e-01 -3.4123e+00 -1.3946e+00 -2.0128e+00 -4.0298e+00 +1.5832e+00 -4.8782e-01 -3.3487e+00 -1.0526e+00 +2.5434e+00
% function evaluation | noise-free fitness - Fopt (-5.276000000000e+01) | best noise-free fitness - Fopt | measured fitness | best measured fitness | x1 | x2...
1 +1.266311668e+05 +1.266311668e+05 +1.265784068e+05 +1.265784068e+05 +1.5844e+00 -1.4611e+00 +1.6671e+00 -1.5051e+00 +3.3504e-01 -1.1925e+00 +4.5228e+00 -1.0725e+00 +4.7688e+00 +1.1497e+00
3 +1.313095447e+04 +1.313095447e+04 +1.307819447e+04 +1.307819447e+04 -3.3417e+00 -9.3386e-01 -6.9436e-01 -1.0106e+00 +4.0928e-01 -3.0524e+00 -2.6132e+00 +2.0657e+00 -1.3773e+00 +3.2023e+00
12 +9.937540073e+03 +9.937540073e+03 +9.884780073e+03 +9.884780073e+03 -1.8564e+00 -1.2751e+00 +4.4195e+00 +6.7375e-01 +6.5650e-01 -4.2534e+00 -1.6765e+00 +3.4889e-01 -1.7813e-01 +2.2551e+00
40 +2.053026058e+03 +2.053026058e+03 +2.000266058e+03 +2.000266058e+03 -2.2833e+00 -1.5094e+00 -2.2609e-01 -3.8945e+00 +2.5113e+00 -3.4488e-01 +9.0804e-01 +3.1499e+00 -1.9246e+00 +5.8230e-01
