% function evaluation | noise-free fitness - Fopt (-5.494000000000e+01) | best noise-free fitness - Fopt | measured fitness | best measured fitness | x1 | x2...
1 +1.336325657e+07 +1.336325657e+07 +1.336320163e+07 +1.336320163e+07 -1.0242e+00 -2.2592e+00 +4.7162e+00 -2.1626e+00 +6.7702e-01 +9.6816e-01 +4.7013e+00 +2.2896e+00 -1.4680e+00 -4.1859e+00
2 +5.253684013e+06 +5.253684013e+06 +5.253629073e+06 +5.253629073e+06 -3.3132e+00 -9.9842e-01 +3.7064e+00 -3.3320e+00 +1.4797e+00 -9.1999e-01 -8.6335e-01 +1.8826e+00 +1.8478e+00 +4.1571e+00
7 +2.235323343e+06 +2.235323343e+06 +2.235268403e+06 +2.235268403e+06 +2.4717e+00 +2.9146e-01 +6.9651e-01 +2.2981e+00 +3.5167e+00 -2.8107e+00 -2.8187e+00 +5.4497e-01 +4.2033e+00 -1.2785e+00
35 +1.876047341e+05 +1.876047341e+05 +1.875497941e+05 +1.875497941e+05 +3.1763e+00 -6.3520e-01 +1.2330e+00 +3.6208e+00 +4.8556e+00 +3.5261e+00 +9.0019e-01 +7.1754e-01 +1.7737e+00 +8.2700e-01
241 +1.200494021e+05 +1.200494021e+05 +1.199944621e+05 +1.199944621e+05 -4.4011e+00 -2.7446e+00 +1.5163e+00 +2.4302e+00 +3.0433e+00 +3.6872e+00 -1.2820e+00 -3.6818e+00 -1.2560e+00 -4.9340e+00
257 +8.774407533e+04 +8.774407533e+04 +8.768913533e+04 +8.768913533e+04 -4.3397e+00 -2.8700e+00 +1.4628e+00 +2.2531e+00 +3.0838e+00 +3.5984e+00 -1.4149e+00 -3.7103e+00 -1.3265e+00 -4.8464e+00
514 +5.441640957e+04 +5.441640957e+04 +5.436146957e+04 +5.436146957e+04 -4.3426e+00 -2.5193e+00 +1.6073e+00 +2.2873e+00 +3.1107e+00 +3.7972e+00 -1.4200e+00 -3.6031e+00 -1.3128e+00 -4.9052e+00
554 +2.855177921e+04 +2.855177921e+04 +2.849683921e+04 +2.849683921e+04 -4.3521e+00 -2.7983e+00 +1.5917e+00 +2.5412e+00 +3.0886e+00 +3.6513e+00 -1.5122e+00 -3.6886e+00 -1.4225e+00 -5.0000e+00
860 +2.355994311e+04 +2.355994311e+04 +2.350500311e+04 +2.350500311e+04 -4.2662e+00 -2.8412e+00 +1.6479e+00 +2.5728e+00 +3.0957e+00 +3.7443e+00 -1.4353e+00 -3.7423e+00 -1.5070e+00 -4.9975e+00
1287 +1.525757861e+04 +1.525757861e+04 +1.520263861e+04 +1.520263861e+04 -3.9936e+00 -2.6851e+00 +1.6980e+00 +2.7304e+00 +3.0853e+00 +3.5779e+00 -1.5935e+00 -3.7633e+00 -1.2056e+00 -4.6415e+00
3712 +9.549469209e+03 +9.549469209e+03 +9.494529209e+03 +9.494529209e+03 -3.9362e+00 -2.5722e+00 +2.1212e+00 +2.5643e+00 +2.6790e+00 +3.5214e+00 -1.7277e+00 -3.6765e+00 -1.2541e+00 -4.5503e+00
26305 +6.307657490e+03 +6.307657490e+03 +6.252717490e+03 +6.252717490e+03 -3.7519e+00 -2.8777e+00 +1.9070e+00 +2.9893e+00 +2.2115e+00 +4.4077e+00 -1.2968e+00 -2.5202e+00 -1.6257e+00 -4.4177e+00
48333 +3.896183437e+03 +3.896183437e+03 +3.841243437e+03 +3.841243437e+03 -3.6684e+00 -2.9736e+00 +1.2196e+00 +3.2797e+00 +2.0129e+00 +4.7133e+00 -1.3734e+00 -1.8398e+00 -2.3634e+00 -3.3746e+00
66252 +2.498875116e+03 +2.498875116e+03 +2.443935116e+03 +2.443935116e+03 -3.5560e+00 -3.0230e+00 +7.5496e-01 +3.3690e+00 +1.9957e+00 +4.9659e+00 -1.3199e+00 -1.4504e+00 -2.9503e+00 -2.6653e+00
99518 +1.574433377e+03 +1.574433377e+03 +1.519493377e+03 +1.519493377e+03 -3.7538e+00 -2.8246e+00 +2.4725e-01 +3.3131e+00 +1.9788e+00 +5.0000e+00 -1.5495e+00 -1.0963e+00 -3.4943e+00 -2.0154e+00
123963 +9.997970333e+02 +9.997970333e+02 +9.448570333e+02 +9.448570333e+02 -3.7069e+00 -2.7210e+00 -2.6112e-02 +3.3736e+00 +1.9305e+00 +5.0000e+00 -1.6500e+00 -7.6515e-01 -3.7151e+00 -1.4893e+00
% function evaluation | noise-free fitness - Fopt (5.913000000000e+01) | best noise-free fitness - Fopt | measured fitness | best measured fitness | x1 | x2...
1 +4.267923469e+07 +4.267923469e+07 +4.267929382e+07 +4.267929382e+07 -7.5476e-01 +1.4206e+00 +2.7487e+00 +1.5638e-01 +2.7098e+00 +3.7889e+00 -4.0494e+00 -3.0358e-01 +4.3585e-02 -1.9125e+00
2 +5.884286276e+06 +5.884286276e+06 +5.884345406e+06 +5.884345406e+06 +1.8128e+00 +4.2706e+00 +1.8134e+00 -1.7074e+00 -1.4397e+00 -3.7842e+00 -2.8948e-01 -4.2460e+00 -4.2210e+00 +1.3786e+00
8 +1.040827555e+06 +1.040827555e+06 +1.040886685e+06 +1.040886685e+06 +6.1674e-01 +1.6381e+00 -3.1396e+00 +1.3996e+00 -2.9072e+00 +2.5157e+00 -1.4086e+00 +3.5362e+00 -2.7419e+00 +2.1316e+00
10 +7.394725657e+05 +7.394725657e+05 +7.395316957e+05 +7.395316957e+05 -3.6545e+00 +2.3159e+00 +3.9145e+00 +5.5909e-01 -1.2398e+00 -1.4271e+00 -1.1421e+00 +1.6293e+00 -2.6594e+00 +4.6245e+00
106 +4.637703751e+05 +4.637703751e+05 +4.638295051e+05 +4.638295051e+05 -2.1700e+00 +1.1172e-01 -4.8306e+00 +4.4692e+00 -1.2546e+00 +2.7369e+00 +2.9798e+00 +3.4791e-01 -4.8154e+00 +9.7903e-01
217 +3.329349521e+05 +3.329349521e+05 +3.329940821e+05 +3.329940821e+05 +1.2640e+00 -1.0814e+00 -2.0016e+00 +4.1626e+00 -1.2906e+00 +1.7444e+00 -4.1271e+00 +1.0613e+00 -1.3534e+00 +4.9814e+00
321 +2.201662096e+05 +2.201662096e+05 +2.202253396e+05 +2.202253396e+05 +2.5886e-01 +1.0227e+00 -9.1510e-01 +5.0100e-01 -2.6984e+00 +1.9591e+00 -1.8481e+00 +3.0959e+00 -2.7309e+00 +2.0555e+00
498 +1.288443500e+05 +1.288443500e+05 +1.289034800e+05 +1.289034800e+05 +1.0377e-01 -2.0244e+00 -3.5049e+00 +5.0000e+00 +3.9104e-01 +1.1782e+00 -1.9804e+00 +7.9277e-01 -1.1556e+00 +5.0000e+00
1049 +9.914208700e+04 +9.914208700e+04 +9.920121700e+04 +9.920121700e+04 +3.9609e-01 -2.2093e+00 -3.7564e+00 +4.9492e+00 +2.4010e-01 +1.1151e+00 -1.9217e+00 +9.6263e-01 -9.6701e-01 +5.0000e+00
2104 +5.965658848e+04 +5.965658848e+04 +5.971571848e+04 +5.971571848e+04 -1.2454e+00 -1.2368e+00 -4.1934e+00 +2.4914e+00 +6.2482e-01 +2.2531e-01 -1.8041e+00 +2.2614e+00 -7.2936e-02 +5.0000e+00
2423 +3.371692837e+04 +3.371692837e+04 +3.377605837e+04 +3.377605837e+04 -1.9059e+00 -1.8276e+00 -3.0261e+00 +2.7272e+00 +1.9626e+00 -2.0668e+00 -1.8386e+00 +3.1340e+00 +6.8404e-01 +5.0000e+00
2448 +2.461573628e+04 +2.461573628e+04 +2.467486628e+04 +2.467486628e+04 -1.2218e+00 -1.0145e+00 -3.9561e+00 +2.5045e+00 +6.0382e-01 +2.2534e-01 -1.9633e+00 +2.3146e+00 +3.6413e-02 +4.7436e+00
3107 +1.567067366e+04 +1.567067366e+04 +1.572980366e+04 +1.572980366e+04 -1.3594e+00 -8.0357e-01 -3.6687e+00 +2.4161e+00 +6.9067e-01 +2.3563e-01 -2.0302e+00 +2.3724e+00 -1.0585e-01 +4.8851e+00
5386 +9.461980251e+03 +9.461980251e+03 +9.521110251e+03 +9.521110251e+03 -1.4266e+00 -8.8018e-01 -3.6981e+00 +1.9736e+00 +1.3538e+00 -8.6609e-03 -2.0539e+00 +2.6327e+00 -3.7941e-01 +4.9885e+00
7811 +6.247767616e+03 +6.247767616e+03 +6.306897616e+03 +6.306897616e+03 -1.8129e+00 -6.0086e-01 -3.6383e+00 +1.4923e+00 +1.3471e+00 -1.7931e-01 -2.1102e+00 +2.7766e+00 -5.6085e-01 +4.9718e+00
9104 +3.960011132e+03 +3.960011132e+03 +4.019141132e+03 +4.019141132e+03 -2.2531e+00 -4.5675e-01 -3.6470e+00 +1.5249e+00 +1.4553e+00 -1.4944e-01 -2.0094e+00 +3.0389e+00 -5.9119e-01 +4.7882e+00
13012 +2.465982324e+03 +2.465982324e+03 +2.525112324e+03 +2.525112324e+03 -2.3693e+00 -4.0749e-01 -3.3292e+00 +1.2709e+00 +1.2261e+00 -4.5900e-01 -2.5329e+00 +3.4377e+00 -6.0085e-01 +4.8133e+00
25451 +1.581872257e+03 +1.581872257e+03 +1.641002257e+03 +1.641002257e+03 -2.6472e+00 -2.5003e-01 -3.4518e+00 +1.0436e+00 +1.2397e+00 -4.4787e-01 -2.6731e+00 +3.8487e+00 -7.9346e-01 +4.5698e+00
43432 +9.987929933e+02 +9.987929933e+02 +1.057922993e+03 +1.057922993e+03 -2.7372e+00 -1.3171e-01 -3.5118e+00 +9.6903e-01 +1.2002e+00 -2.0544e-01 -2.8559e+00 +4.0741e+00 -8.7843e-01 +4.4968e+00
118806 +6.306159344e+02 +6.306159344e+02 +6.897459344e+02 +6.897459344e+02 -2.7565e+00 +2.2972e-01 -3.4949e+00 +7.0986e-01 +8.7023e-01 +4.1198e-01 -3.1568e+00 +4.3875e+00 -1.0082e+00 +4.3375e+00
% function evaluation | noise-free fitness - Fopt (-4.915300000000e+02) | best noise-free fitness - Fopt | measured fitness | best measured fitness | x1 | x2...
1 +3.007545338e+07 +3.007545338e+07 +3.007496185e+07 +3.007496185e+07 +2.1748e+00 -1.2872e+00 -1.7149e+00 -3.8570e+00 -3.0563e+00 +3.8204e+00 +3.2886e+00 -4.6101e-01 +4.0482e+00 -2.1130e+00
2 +1.522288927e+06 +1.522288927e+06 +1.521797397e+06 +1.521797397e+06 -1.0537e+00 -2.1242e+00 -1.3880e+00 -3.8033e+00 -1.2752e+00 -3.7441e-01 -2.3148e+00 +4.1200e+00 +3.2527e+00 +2.7713e+00
9 +8.822021895e+05 +8.822021895e+05 +8.817106595e+05 +8.817106595e+05 +3.7702e+00 -3.7133e+00 +4.7896e-01 +4.9397e+00 -4.1027e+00 -3.4040e+00 -4.9520e+00 +4.8044e+00 +2.0930e+00 +8.9969e-01
60 +6.077262886e+05 +6.077262886e+05 +6.072347586e+05 +6.072347586e+05 +3.1474e+00 -2.5815e+00 -7.5690e-01 +5.7693e-02 -4.6526e+00 -6.2986e-01 -7.2080e-01 +9.3474e-01 -1.5424e+00 -3.4694e+00
277 +1.470905467e+05 +1.470905467e+05 +1.465990167e+05 +1.465990167e+05 -2.0887e-02 +1.6518e+00 -5.6473e-01 -5.1975e-01 +2.5876e-02 -3.7660e+00 -1.2596e+00 +2.0872e+00 -5.0000e+00 +4.2338e+00
1061 +9.082577965e+04 +9.082577965e+04 +9.033424965e+04 +9.033424965e+04 -2.7529e-01 -9.1794e-01 -6.2335e-01 -2.4665e+00 +1.3400e+00 -2.8596e+00 -3.5789e-01 +7.2927e-01 -3.5271e+00 +3.1196e+00
1649 +6.184977142e+04 +6.184977142e+04 +6.135824142e+04 +6.135824142e+04 -4.6866e-01 -1.0103e+00 -5.0156e-01 -2.3236e+00 +1.7249e+00 -2.8319e+00 -2.9066e-01 +8.9855e-01 -3.0832e+00 +3.0312e+00
3154 +3.924981670e+04 +3.924981670e+04 +3.875828670e+04 +3.875828670e+04 -5.4395e-01 -9.7482e-01 -8.5010e-01 -1.9400e+00 +1.6674e+00 -3.1954e+00 -4.2456e-01 +8.9508e-01 -2.9909e+00 +2.7619e+00
3735 +2.336495302e+04 +2.336495302e+04 +2.287342302e+04 +2.287342302e+04 -6.7880e-01 -1.1149e+00 -9.3270e-01 -1.5525e+00 +2.0747e+00 -3.5620e+00 -2.8800e-01 +1.0047e+00 -2.9360e+00 +2.8026e+00
4070 +1.441911953e+04 +1.441911953e+04 +1.392758953e+04 +1.392758953e+04 -4.0177e-01 -4.8735e-02 -2.7279e+00 -1.2662e+00 +2.8036e+00 -4.3592e+00 +6.6979e-02 +2.0196e+00 -2.5137e+00 +1.2726e+00
4220 +9.273331456e+03 +9.273331456e+03 +8.781801456e+03 +8.781801456e+03 -4.2467e-01 +2.7335e-01 -2.7496e+00 -1.2290e+00 +2.8917e+00 -4.3540e+00 +7.4237e-02 +1.9052e+00 -2.5344e+00 +1.4490e+00
4454 +3.888995249e+03 +3.888995249e+03 +3.397465249e+03 +3.397465249e+03 -3.7732e-01 +3.5185e-01 -2.6152e+00 -1.2245e+00 +2.8819e+00 -4.2867e+00 +3.2978e-02 +1.7851e+00 -2.4155e+00 +1.4054e+00
5078 +2.238110821e+03 +2.238110821e+03 +1.746580821e+03 +1.746580821e+03 -4.4846e-01 +2.5581e-01 -2.5706e+00 -1.2635e+00 +2.6600e+00 -4.2469e+00 +6.2718e-03 +1.8313e+00 -2.7045e+00 +1.4451e+00
5837 +1.459144089e+03 +1.459144089e+03 +9.676140892e+02 +9.676140892e+02 -4.6822e-01 +2.0617e-01 -2.3716e+00 -1.3008e+00 +2.6431e+00 -4.1606e+00 +4.8747e-02 +1.6565e+00 -2.7045e+00 +1.4903e+00
7194 +9.974747742e+02 +9.974747742e+02 +5.059447742e+02 +5.059447742e+02 -4.6285e-01 +2.3257e-01 -2.3840e+00 -1.3150e+00 +2.6079e+00 -4.1626e+00 +1.1620e-02 +1.6606e+00 -2.7297e+00 +1.4972e+00
25210 +6.204891706e+02 +6.204891706e+02 +1.289591706e+02 +1.289591706e+02 -6.7386e-01 +2.7187e-01 -2.4355e+00 -1.2283e+00 +2.3685e+00 -4.1971e+00 -1.4542e-01 +1.7779e+00 -2.8796e+00 +1.6834e+00
52334 +3.981015589e+02 +3.981015589e+02 -9.342844112e+01 -9.342844112e+01 -8.5766e-01 +2.4677e-01 -2.6671e+00 -1.2321e+00 +2.2056e+00 -4.0961e+00 -2.7848e-01 +1.8198e+00 -3.0564e+00 +1.5742e+00
% function evaluation | noise-free fitness - Fopt (-1.702000000000e+02) | best noise-free fitness - Fopt | measured fitness | best measured fitness | x1 | x2...
1 +1.800742047e+07 +1.800742047e+07 +1.800725027e+07 +1.800725027e+07 +7.9258e-01 +3.4384e+00 -3.4739e+00 +6.0813e-01 +1.0186e-02 -4.8617e+00 -2.2901e+00 +4.5658e+00 +4.4867e+00 +6.6700e-01
3 +4.653377500e+05 +4.653377500e+05 +4.651675500e+05 +4.651675500e+05 +8.9887e-01 +3.3493e-02 -1.2093e+00 +4.3331e+00 +1.0777e+00 +5.2274e-02 +4.1644e+00 +2.4268e+00 -4.3871e+00 +1.1300e+00
176 +3.964087521e+05 +3.964087521e+05 +3.962385521e+05 +3.962385521e+05 +3.2243e+00 -4.5127e+00 +7.2079e-01 +1.9570e+00 -6.5656e-01 +2.9879e+00 -1.2179e+00 +3.1166e+00 -2.9181e+00 +3.1291e+00
372 +1.034267433e+05 +1.034267433e+05 +1.032565433e+05 +1.032565433e+05 -3.3154e+00 +1.0028e+00 +5.1105e-01 +5.0000e+00 +5.0000e+00 -2.0883e+00 -2.2834e+00 +1.3844e+00 -3.4331e+00 +2.2418e+00
445 +9.462967583e+04 +9.462967583e+04 +9.445947583e+04 +9.445947583e+04 +1.9625e+00 -2.9516e+00 +5.0589e-01 +3.7472e+00 +2.5389e+00 +1.7271e+00 -2.2973e+00 +1.0505e+00 -5.0000e+00 +1.9637e+00
630 +5.368286979e+04 +5.368286979e+04 +5.351266979e+04 +5.351266979e+04 +1.9806e+00 -3.0742e+00 +6.5013e-01 +3.6543e+00 +2.6004e+00 +1.5335e+00 -2.3808e+00 +1.2111e+00 -4.9860e+00 +1.9642e+00
994 +1.782153440e+04 +1.782153440e+04 +1.765133440e+04 +1.765133440e+04 +1.9035e+00 -3.0302e+00 +3.8435e-01 +3.6740e+00 +2.8183e+00 +1.8372e+00 -2.2049e+00 +1.4104e+00 -4.8743e+00 +1.5125e+00
1200 +1.559941506e+04 +1.559941506e+04 +1.542921506e+04 +1.542921506e+04 +1.7790e+00 -3.0307e+00 +1.8806e-01 +3.7184e+00 +2.9684e+00 +1.7558e+00 -2.3867e+00 +1.4485e+00 -4.8499e+00 +1.4803e+00
2362 +9.760201052e+03 +9.760201052e+03 +9.590001052e+03 +9.590001052e+03 +1.9074e+00 -3.1947e+00 +1.1586e-01 +4.0479e+00 +2.7135e+00 +1.8958e+00 -2.0772e+00 +1.3708e+00 -4.7585e+00 +1.4670e+00
17410 +6.300692578e+03 +6.300692578e+03 +6.130492578e+03 +6.130492578e+03 +1.5549e+00 -3.1538e+00 +1.8160e-01 +4.5850e+00 +2.0844e+00 +1.6076e+00 -1.4952e+00 +1.7022e+00 -4.4727e+00 +1.6832e+00
36766 +3.783996186e+03 +3.783996186e+03 +3.613796186e+03 +3.613796186e+03 +6.3476e-01 -2.6223e+00 +3.6754e-01 +4.5061e+00 +2.1298e+00 +8.7992e-01 -7.7744e-01 +2.0340e+00 -4.1969e+00 +1.8959e+00
56523 +2.505867555e+03 +2.505867555e+03 +2.335667555e+03 +2.335667555e+03 +8.2904e-02 -2.3866e+00 +3.5932e-01 +4.4104e+00 +2.3640e+00 +5.5505e-01 -3.0987e-01 +2.0927e+00 -4.1735e+00 +1.8999e+00
86762 +1.583732792e+03 +1.583732792e+03 +1.413532792e+03 +1.413532792e+03 -5.9301e-01 -1.8007e+00 +1.5748e-01 +4.4731e+00 +2.5927e+00 +1.3613e-01 -1.5952e-01 +2.3424e+00 -4.0438e+00 +1.8660e+00
128694 +9.954757149e+02 +9.954757149e+02 +8.252757149e+02 +8.252757149e+02 -1.0925e+00 -1.4234e+00 -6.2779e-02 +4.3826e+00 +2.7989e+00 -2.1279e-01 +1.9923e-01 +2.5335e+00 -4.0200e+00 +1.8788e+00
% function evaluation | noise-free fitness - Fopt (-4.697500000000e+02) | best noise-free fitness - Fopt | measured fitness | best measured fitness | x1 | x2...
1 +7.138379828e+05 +7.138379828e+05 +7.133682328e+05 +7.133682328e+05 +4.4873e+00 +3.8924e+00 +3.5942e+00 +3.8113e+00 -2.4014e+00 +3.1832e+00 +1.8427e+00 +3.6777e+00 -3.3902e+00 +4.3877e+00
55 +4.045849914e+05 +4.045849914e+05 +4.041152414e+05 +4.041152414e+05 +1.2074e+00 -4.8587e+00 -2.1714e+00 -1.4022e+00 +2.8380e+00 +4.6178e+00 -1.9633e+00 +4.4084e+00 -9.0091e-01 -3.0325e+00
206 +1.619860529e+05 +1.619860529e+05 +1.615163029e+05 +1.615163029e+05 +3.6467e+00 +2.6427e+00 +2.5959e+00 +7.7064e-01 +3.0563e+00 +4.8222e+00 +1.3160e+00 +3.6078e+00 +2.7059e+00 +4.6318e+00
454 +1.395917392e+05 +1.395917392e+05 +1.391219892e+05 +1.391219892e+05 +3.5285e+00 +2.5529e+00 +2.6424e+00 +9.1107e-01 +3.2295e+00 +4.7819e+00 +1.4536e+00 +3.3796e+00 +2.7939e+00 +4.7073e+00
634 +9.974640819e+04 +9.974640819e+04 +9.927665819e+04 +9.927665819e+04 +3.6927e+00 +2.5156e+00 +2.4867e+00 +6.0892e-01 +3.0913e+00 +5.0000e+00 +1.3245e+00 +3.6168e+00 +2.7461e+00 +4.7363e+00
824 +6.142752948e+04 +6.142752948e+04 +6.095777948e+04 +6.095777948e+04 +2.9747e+00 +1.7073e-01 +2.9212e+00 +1.4046e+00 +1.8854e+00 +4.9504e+00 +2.7682e+00 +4.0466e+00 +3.6831e+00 +4.3762e+00
1006 +3.442266566e+04 +3.442266566e+04 +3.395291566e+04 +3.395291566e+04 +2.7817e+00 +2.8046e-01 +2.7152e+00 +1.1706e+00 +2.1350e+00 +4.9244e+00 +2.5690e+00 +4.0046e+00 +3.6606e+00 +4.3199e+00
1294 +2.407548016e+04 +2.407548016e+04 +2.360573016e+04 +2.360573016e+04 +2.7621e+00 +4.3579e-01 +2.6491e+00 +1.0471e+00 +2.2892e+00 +4.7663e+00 +2.4768e+00 +4.1171e+00 +3.6457e+00 +4.3007e+00
2337 +1.567447189e+04 +1.567447189e+04 +1.520472189e+04 +1.520472189e+04 +2.8629e+00 +5.4190e-01 +2.6623e+00 +8.9389e-01 +2.4543e+00 +4.7169e+00 +2.6077e+00 +3.8935e+00 +3.7148e+00 +4.0068e+00
2834 +9.545117334e+03 +9.545117334e+03 +9.075367334e+03 +9.075367334e+03 +2.7180e+00 +2.9335e-01 +2.5315e+00 +9.3042e-01 +2.3892e+00 +4.7818e+00 +2.7543e+00 +3.7688e+00 +3.5994e+00 +3.5889e+00
4264 +6.131615300e+03 +6.131615300e+03 +5.661865300e+03 +5.661865300e+03 +2.9088e+00 +3.1080e-01 +2.4209e+00 +1.0011e+00 +2.3435e+00 +4.8969e+00 +3.0405e+00 +3.8399e+00 +3.8124e+00 +3.3768e+00
8023 +3.921327375e+03 +3.921327375e+03 +3.451577375e+03 +3.451577375e+03 +2.9837e+00 +1.1985e-01 +2.1841e+00 +1.2009e+00 +2.0362e+00 +4.7878e+00 +3.2173e+00 +3.7814e+00 +3.8449e+00 +3.0760e+00
9563 +2.155186205e+03 +2.155186205e+03 +1.685436205e+03 +1.685436205e+03 +3.1240e+00 +9.4800e-02 +2.0018e+00 +1.0763e+00 +1.9529e+00 +4.7977e+00 +3.1873e+00 +3.5989e+00 +3.8724e+00 +2.8704e+00
13110 +1.572333231e+03 +1.572333231e+03 +1.102583231e+03 +1.102583231e+03 +3.1152e+00 -7.3791e-02 +2.0460e+00 +1.0827e+00 +1.7074e+00 +4.6697e+00 +3.1661e+00 +3.4283e+00 +3.8411e+00 +2.8746e+00
13928 +9.556040597e+02 +9.556040597e+02 +4.858540597e+02 +4.858540597e+02 +3.1502e+00 -2.1228e-01 +1.9226e+00 +1.1166e+00 +1.6179e+00 +4.5933e+00 +3.1786e+00 +3.2442e+00 +3.9237e+00 +2.7990e+00
14825 +6.141480690e+02 +6.141480690e+02 +1.443980690e+02 +1.443980690e+02 +3.1794e+00 -2.6174e-01 +1.9242e+00 +1.1882e+00 +1.4686e+00 +4.5722e+00 +3.2832e+00 +3.1455e+00 +3.9611e+00 +2.7535e+00
22438 +3.965312021e+02 +3.965312021e+02 -7.321879793e+01 -7.321879793e+01 +3.1823e+00 -3.6622e-01 +1.9239e+00 +1.1255e+00 +1.4193e+00 +4.4825e+00 +3.3147e+00 +3.1831e+00 +4.0250e+00 +2.6607e+00
37881 +2.511568075e+02 +2.511568075e+02 -2.185931925e+02 -2.185931925e+02 +3.2343e+00 -5.0896e-01 +1.9712e+00 +9.8643e-01 +1.2872e+00 +4.2928e+00 +3.3329e+00 +3.3230e+00 +4.1214e+00 +2.5790e+00
% function evaluation | noise-free fitness - Fopt (-1.280000000000e+01) | best noise-free fitness - Fopt | measured fitness | best measured fitness | x1 | x2...
1 +1.428703998e+07 +1.428703998e+07 +1.428702718e+07 +1.428702718e+07 +2.8162e+00 +3.4208e+00 -3.6815e+00 +3.4230e+00 +4.6632e+00 -2.5717e+00 +1.2167e+00 -1.4105e+00 -4.5435e+00 -4.9252e+00
7 +4.862346602e+06 +4.862346602e+06 +4.862333802e+06 +4.862333802e+06 +2.2023e+00 -4.0008e+00 +3.9577e+00 +2.2169e+00 +9.7730e-01 -4.2722e+00 -1.5007e+00 -4.2852e+00 -1.9300e+00 +3.4742e+00
12 +2.880383454e+06 +2.880383454e+06 +2.880370654e+06 +2.880370654e+06 -3.2738e+00 -4.0446e+00 -1.6748e+00 +4.1685e+00 +4.6901e+00 -2.9268e+00 +1.4727e+00 -3.1518e+00 +4.7354e+00 -4.1802e+00
28 +1.953749064e+06 +1.953749064e+06 +1.953736264e+06 +1.953736264e+06 +3.4570e+00 +4.2265e+00 -4.0590e+00 -3.3720e+00 +2.1468e+00 +2.8210e+00 +3.2377e+00 -4.2813e+00 -1.3509e+00 -2.5524e+00
38 +2.659673960e+05 +2.659673960e+05 +2.659545960e+05 +2.659545960e+05 +8.5158e-01 -3.4169e+00 -2.6857e+00 +8.1623e-01 +2.6957e+00 -3.5673e+00 +8.4922e-01 -4.2443e+00 +5.5703e-01 +1.2449e+00
357 +1.960195584e+05 +1.960195584e+05 +1.960067584e+05 +1.960067584e+05 -1.6021e+00 -1.7826e+00 -2.6242e-02 -2.4113e+00 +3.6318e+00 -4.8607e+00 -6.6099e-01 -2.0541e+00 -3.1352e+00 -1.7569e+00
387 +1.344688753e+05 +1.344688753e+05 +1.344560753e+05 +1.344560753e+05 +2.7124e+00 -5.0000e+00 +2.8731e+00 -2.0717e+00 +2.0497e-01 -3.6664e+00 -7.6473e-01 -2.2163e+00 -4.5075e+00 -8.2575e-01
539 +8.237237711e+04 +8.237237711e+04 +8.235957711e+04 +8.235957711e+04 +2.6148e+00 -4.9849e+00 +2.8882e+00 -2.2143e+00 +3.7785e-01 -3.6909e+00 -7.2861e-01 -2.3105e+00 -4.5054e+00 -9.9012e-01
754 +3.699335901e+04 +3.699335901e+04 +3.698055901e+04 +3.698055901e+04 -1.6146e+00 -3.4194e+00 -1.2939e-01 -1.1213e+00 +1.9116e+00 +5.4932e-01 +3.8869e+00 -2.5949e+00 -2.7761e+00 -3.9148e+00
1026 +1.849500489e+04 +1.849500489e+04 +1.848220489e+04 +1.848220489e+04 -1.7434e+00 -3.4531e+00 +3.2553e-02 -1.1098e+00 +1.9603e+00 +5.9444e-01 +3.8646e+00 -2.6904e+00 -2.8132e+00 -3.7566e+00
1460 +1.441638004e+04 +1.441638004e+04 +1.440358004e+04 +1.440358004e+04 -1.7115e+00 -3.3615e+00 -1.2175e-01 -1.1042e+00 +2.1317e+00 +5.4668e-01 +3.6475e+00 -2.6775e+00 -2.8787e+00 -3.7195e+00
1918 +9.630780031e+03 +9.630780031e+03 +9.617980031e+03 +9.617980031e+03 -1.6658e+00 -3.6008e+00 -1.2501e-01 -1.0732e+00 +2.2416e+00 +6.1536e-01 +3.7650e+00 -2.5546e+00 -3.0367e+00 -3.5045e+00
3586 +6.261378459e+03 +6.261378459e+03 +6.248578459e+03 +6.248578459e+03 -1.6083e+00 -3.6489e+00 +1.4418e-01 -1.0824e+00 +2.3452e+00 +5.1732e-01 +3.4184e+00 -2.4489e+00 -3.0868e+00 -3.6120e+00
10015 +3.672867143e+03 +3.672867143e+03 +3.660067143e+03 +3.660067143e+03 -1.7262e+00 -3.7028e+00 +3.6038e-01 -9.6729e-01 +2.0830e+00 -1.2863e-01 +2.8723e+00 -2.6717e+00 -3.0528e+00 -3.5333e+00
15937 +2.505425522e+03 +2.505425522e+03 +2.492625522e+03 +2.492625522e+03 -1.7606e+00 -3.3561e+00 +2.8251e-01 -1.0117e+00 +2.1887e+00 -5.4492e-01 +2.7061e+00 -2.7451e+00 -2.8392e+00 -3.4267e+00
28391 +1.571001679e+03 +1.571001679e+03 +1.558201679e+03 +1.558201679e+03 -1.7039e+00 -3.0873e+00 +4.0371e-01 -9.2686e-01 +2.3234e+00 -8.7534e-01 +2.3671e+00 -2.8523e+00 -2.5908e+00 -3.5109e+00
35829 +7.403519910e+02 +7.403519910e+02 +7.275519910e+02 +7.275519910e+02 -1.3940e+00 -2.7822e+00 +3.7922e-01 -8.9000e-01 +2.2253e+00 -1.2653e+00 +2.0874e+00 -3.0219e+00 -2.5291e+00 -3.5252e+00
37563 +6.196955691e+02 +6.196955691e+02 +6.068955691e+02 +6.068955691e+02 -1.4903e+00 -2.8182e+00 +4.8820e-01 -9.0804e-01 +2.2494e+00 -1.3781e+00 +2.0124e+00 -3.0065e+00 -2.4909e+00 -3.4862e+00
53157 +3.975816809e+02 +3.975816809e+02 +3.847816809e+02 +3.847816809e+02 -1.5073e+00 -2.5383e+00 +4.4579e-01 -8.6490e-01 +2.3335e+00 -1.5693e+00 +1.9840e+00 -3.1024e+00 -2.3728e+00 -3.5854e+00
77583 +2.488718169e+02 +2.488718169e+02 +2.360718169e+02 +2.360718169e+02 -1.3657e+00 -2.3647e+00 +5.2882e-01 -8.4069e-01 +2.3369e+00 -1.7915e+00 +1.7453e+00 -3.1819e+00 -2.2604e+00 -3.6231e+00
% function evaluation | noise-free fitness - Fopt (-3.856900000000e+02) | best noise-free fitness - Fopt | measured fitness | best measured fitness | x1 | x2...
1 +6.440774936e+06 +6.440774936e+06 +6.440389246e+06 +6.440389246e+06 +1.3845e+00 -3.6882e+00 -4.6917e+00 +4.8898e+00 -4.0116e+00 -2.4011e-01 -2.8335e+00 +8.9370e-02 +4.8062e+00 -4.5785e+00
2 +3.510598864e+06 +3.510598864e+06 +3.510213174e+06 +3.510213174e+06 -3.2984e+00 -4.4688e+00 -4.3215e+00 -4.6896e-01 +9.7786e-01 +2.9020e+00 -2.1192e+00 +1.7575e+00 +4.4003e+00 -3.0326e+00
6 +1.183060081e+06 +1.183060081e+06 +1.182674391e+06 +1.182674391e+06 +1.3942e+00 -4.4080e+00 -4.5823e+00 -4.9838e-01 +3.9867e+00 +3.6094e+00 +3.3013e+00 +3.1976e+00 -3.6553e+00 +2.4318e+00
164 +7.058078425e+05 +7.058078425e+05 +7.054221525e+05 +7.054221525e+05 -4.3081e+00 -1.6541e+00 -3.6438e+00 +2.4072e+00 -1.9378e+00 +4.5960e+00 -3.8620e+00 +3.2637e+00 +3.6149e-01 +3.8359e+00
294 +2.214829434e+05 +2.214829434e+05 +2.210972534e+05 +2.210972534e+05 -5.0000e+00 -3.9093e+00 -1.2407e-01 +2.6063e+00 +4.6161e+00 +4.5737e-01 -7.0879e-01 +2.6940e+00 -2.0564e+00 +3.6640e-02
680 +1.486571024e+05 +1.486571024e+05 +1.482714124e+05 +1.482714124e+05 -5.0000e+00 -3.6209e+00 +4.2725e-01 +2.9769e+00 +5.0000e+00 -3.1340e-01 -1.2679e+00 +3.8226e+00 -1.9541e+00 -8.0773e-01
1198 +9.427508889e+04 +9.427508889e+04 +9.388939889e+04 +9.388939889e+04 -4.9577e+00 -4.3399e+00 -4.7501e-01 +2.1963e+00 +4.5685e+00 +2.6362e-01 -9.2111e-01 +2.6472e+00 -2.2299e+00 +4.5555e-01
1868 +6.055664639e+04 +6.055664639e+04 +6.017095639e+04 +6.017095639e+04 -4.8688e+00 -4.9205e+00 -1.0659e+00 +1.5517e+00 +5.0000e+00 +3.4828e-01 -1.7263e+00 +2.8005e+00 -2.6221e+00 +4.5762e-01
2241 +3.716842541e+04 +3.716842541e+04 +3.678273541e+04 +3.678273541e+04 -4.7051e+00 -4.6509e+00 -1.1835e+00 +2.9207e+00 +4.9525e+00 +1.2519e+00 -2.2228e+00 +1.9727e+00 -2.0873e+00 +1.0123e+00
2953 +2.452310601e+04 +2.452310601e+04 +2.413741601e+04 +2.413741601e+04 -4.6447e+00 -4.8474e+00 -1.1144e+00 +2.6745e+00 +5.0000e+00 +1.2136e+00 -2.5331e+00 +1.5699e+00 -1.9580e+00 +1.0526e+00
4016 +1.488777442e+04 +1.488777442e+04 +1.450208442e+04 +1.450208442e+04 -4.9010e+00 -4.5244e+00 -1.4083e+00 +2.6379e+00 +5.0000e+00 +1.1685e+00 -2.5976e+00 +1.4010e+00 -2.2614e+00 +1.3220e+00
5694 +9.947892331e+03 +9.947892331e+03 +9.562202331e+03 +9.562202331e+03 -4.8467e+00 -4.2503e+00 -1.4255e+00 +2.4414e+00 +4.8875e+00 +1.1293e+00 -2.6834e+00 +1.0227e+00 -2.3461e+00 +1.5393e+00
10274 +5.471819603e+03 +5.471819603e+03 +5.086129603e+03 +5.086129603e+03 -4.5117e+00 -4.2416e+00 -1.3285e+00 +1.9861e+00 +4.7301e+00 +1.4689e+00 -2.9034e+00 +5.0217e-01 -2.3448e+00 +2.1503e+00
14159 +3.919780619e+03 +3.919780619e+03 +3.534090619e+03 +3.534090619e+03 -4.2953e+00 -3.8306e+00 -1.5308e+00 +1.8213e+00 +4.8543e+00 +1.3065e+00 -2.8140e+00 +4.9336e-01 -2.5712e+00 +1.9437e+00
21120 +2.479974376e+03 +2.479974376e+03 +2.094284376e+03 +2.094284376e+03 -4.0274e+00 -3.7093e+00 -1.3436e+00 +1.4240e+00 +4.8654e+00 +1.2180e+00 -2.8734e+00 +1.3031e-01 -2.5981e+00 +2.0596e+00
30403 +1.547607945e+03 +1.547607945e+03 +1.161917945e+03 +1.161917945e+03 -3.7476e+00 -3.6611e+00 -1.3940e+00 +7.8977e-01 +4.8108e+00 +1.3298e+00 -2.7168e+00 -7.2945e-02 -2.8074e+00 +2.4036e+00
32794 +9.820653483e+02 +9.820653483e+02 +5.963753483e+02 +5.963753483e+02 -3.6727e+00 -3.8011e+00 -1.5819e+00 +7.2796e-01 +4.9759e+00 +1.3818e+00 -2.5556e+00 -9.3476e-02 -2.8837e+00 +2.3581e+00
38427 +6.256205997e+02 +6.256205997e+02 +2.399305997e+02 +2.399305997e+02 -3.5198e+00 -3.7807e+00 -1.6683e+00 +6.2894e-01 +4.9371e+00 +1.5199e+00 -2.5620e+00 -8.7152e-02 -2.8945e+00 +2.4538e+00
55049 +3.960364637e+02 +3.960364637e+02 +1.034646368e+01 +1.034646368e+01 -3.3534e+00 -3.7684e+00 -1.7719e+00 +3.8071e-01 +4.8588e+00 +1.6481e+00 -2.4960e+00 -5.8964e-02 -2.9491e+00 +2.5620e+00
137364 +2.511778257e+02 +2.511778257e+02 -1.345121743e+02 -1.345121743e+02 -3.0248e+00 -3.8005e+00 -1.9234e+00 +9.6645e-02 +4.7918e+00 +1.8613e+00 -2.4502e+00 -1.0291e-01 -2.9214e+00 +2.6554e+00
% function evaluation | noise-free fitness - Fopt (4.000000000000e+01) | best noise-free fitness - Fopt | measured fitness | best measured fitness | x1 | x2...
1 +7.798658237e+06 +7.798658237e+06 +7.798698237e+06 +7.798698237e+06 +2.8364e+00 +7.1076e-01 -3.8226e+00 +1.3443e+00 -1.2209e+00 -3.3554e+00 +2.5061e-01 +4.8998e+00 -3.5381e+00 -2.6458e+00
4 +3.561256526e+06 +3.561256526e+06 +3.561296526e+06 +3.561296526e+06 +1.2180e+00 +4.8085e+00 -4.2608e+00 +7.3923e-01 +1.8894e+00 -2.3863e+00 -2.2028e+00 -2.2597e+00 -2.9634e+00 +1.4615e+00
6 +6.871313708e+05 +6.871313708e+05 +6.871713708e+05 +6.871713708e+05 -4.7753e+00 -2.5397e+00 -2.7671e+00 -6.6550e-01 -2.0012e-01 -1.2545e-01 +2.3406e+00 +4.3442e+00 -3.2672e-01 -8.2555e-01
347 +5.978519254e+05 +5.978519254e+05 +5.978919254e+05 +5.978919254e+05 -4.6956e+00 +8.3866e-01 -1.5125e+00 -4.7268e+00 -4.0460e+00 +3.5095e-01 +4.1113e+00 +3.8508e+00 +1.3975e+00 -8.6471e-02
454 +3.818092295e+05 +3.818092295e+05 +3.818492295e+05 +3.818492295e+05 -4.1030e+00 +5.0000e+00 -3.5894e+00 -5.0000e+00 -4.7604e+00 -2.7236e+00 +3.7929e+00 +3.6568e+00 +2.4331e+00 -3.4537e+00
662 +2.041904423e+05 +2.041904423e+05 +2.042304423e+05 +2.042304423e+05 -4.2641e+00 +2.5952e+00 -4.1415e+00 -4.8365e+00 -5.0000e+00 -3.1617e+00 +3.4241e+00 +1.8163e+00 +1.9404e+00 -3.5669e+00
1028 +1.519242851e+05 +1.519242851e+05 +1.519642851e+05 +1.519642851e+05 -4.1609e+00 +2.2966e+00 -3.9426e+00 -4.9045e+00 -4.9658e+00 -3.1124e+00 +3.2252e+00 +1.5955e+00 +2.2008e+00 -3.6344e+00
1942 +9.134060965e+04 +9.134060965e+04 +9.138060965e+04 +9.138060965e+04 -2.3867e+00 +5.5101e-01 -3.5781e+00 -4.2838e+00 -5.0000e+00 -3.2104e+00 +2.7206e+00 +2.0003e+00 +2.1500e+00 -4.6732e+00
2974 +6.213993742e+04 +6.213993742e+04 +6.217993742e+04 +6.217993742e+04 -2.7021e+00 +1.1646e-02 -3.4856e+00 -4.8887e+00 -3.3966e+00 -1.1167e+00 +2.4999e+00 +1.8279e+00 +2.0356e+00 -4.4897e+00
5340 +3.957077005e+04 +3.957077005e+04 +3.961077005e+04 +3.961077005e+04 -2.9339e+00 -8.9760e-01 -2.5690e+00 -4.9400e+00 -3.2217e+00 -2.4011e+00 +2.5285e+00 +1.7434e+00 +2.3753e+00 -5.0000e+00
8544 +2.507321093e+04 +2.507321093e+04 +2.511321093e+04 +2.511321093e+04 -3.7678e+00 -1.4296e+00 -2.2700e+00 -5.0000e+00 -2.7589e+00 -2.1231e+00 +2.0171e+00 +1.1219e+00 +2.1585e+00 -4.9769e+00
11739 +1.555798263e+04 +1.555798263e+04 +1.559798263e+04 +1.559798263e+04 -3.1399e+00 -1.6474e+00 -2.0432e+00 -4.9935e+00 -1.8281e+00 -2.2884e+00 +1.4324e+00 +8.8536e-01 +1.9459e+00 -5.0000e+00
13878 +9.866587515e+03 +9.866587515e+03 +9.906587515e+03 +9.906587515e+03 -2.9521e+00 -1.9548e+00 -1.9420e+00 -4.9869e+00 -1.5472e+00 -2.3001e+00 +1.0511e+00 +7.6794e-01 +1.8006e+00 -4.9865e+00
22184 +5.526895793e+03 +5.526895793e+03 +5.566895793e+03 +5.566895793e+03 -3.0398e+00 -2.7841e+00 -1.5812e+00 -4.9937e+00 -1.0190e+00 -2.0141e+00 +5.6457e-01 +4.3483e-01 +1.6097e+00 -5.0000e+00
23776 +3.832694366e+03 +3.832694366e+03 +3.872694366e+03 +3.872694366e+03 -3.3538e+00 -2.8003e+00 -1.6363e+00 -4.9675e+00 -7.5752e-01 -1.8142e+00 +4.8023e-01 +4.3043e-01 +1.5612e+00 -5.0000e+00
25297 +1.872971806e+03 +1.872971806e+03 +1.912971806e+03 +1.912971806e+03 -3.1671e+00 -3.1905e+00 -1.3861e+00 -4.8843e+00 -3.0972e-01 -1.6435e+00 +1.2906e-01 +4.5754e-01 +1.4061e+00 -4.9264e+00
25960 +1.574487668e+03 +1.574487668e+03 +1.614487668e+03 +1.614487668e+03 -3.1712e+00 -3.1909e+00 -1.3763e+00 -4.9034e+00 -2.9828e-01 -1.6247e+00 +1.1546e-01 +4.7629e-01 +1.4234e+00 -4.9273e+00
45373 +9.977700727e+02 +9.977700727e+02 +1.037770073e+03 +1.037770073e+03 -3.4119e+00 -3.5267e+00 -1.1949e+00 -4.9649e+00 -1.0228e-01 -1.5330e+00 +7.9735e-02 +5.1679e-01 +1.4945e+00 -5.0000e+00
55417 +6.305522105e+02 +6.305522105e+02 +6.705522105e+02 +6.705522105e+02 -3.5323e+00 -3.6319e+00 -1.1153e+00 -4.9920e+00 +6.7852e-02 -1.3922e+00 +5.4646e-02 +5.8679e-01 +1.4936e+00 -4.9443e+00
57231 +3.718015103e+02 +3.718015103e+02 +4.118015103e+02 +4.118015103e+02 -3.5812e+00 -3.8123e+00 -8.2102e-01 -4.9463e+00 +1.6422e-01 -1.4239e+00 -7.8941e-02 +8.5980e-01 +1.5629e+00 -4.9823e+00
68138 +2.280430432e+02 +2.280430432e+02 +2.680430432e+02 +2.680430432e+02 -3.5987e+00 -3.8389e+00 -7.3913e-01 -4.8347e+00 +3.0234e-01 -1.3838e+00 -1.0729e-01 +1.1321e+00 +1.5841e+00 -4.9206e+00
74066 +1.514486862e+02 +1.514486862e+02 +1.914486862e+02 +1.914486862e+02 -3.6057e+00 -3.8502e+00 -7.2880e-01 -4.8419e+00 +3.7596e-01 -1.4081e+00 -9.4933e-02 +1.1108e+00 +1.5871e+00 -4.9339e+00
82453 +9.995718107e+01 +9.995718107e+01 +1.399571811e+02 +1.399571811e+02 -3.6382e+00 -3.9766e+00 -7.3636e-01 -4.7961e+00 +5.1895e-01 -1.3295e+00 -1.8452e-02 +1.2376e+00 +1.6442e+00 -4.9998e+00
% function evaluation | noise-free fitness - Fopt (1.142600000000e+02) | best noise-free fitness - Fopt | measured fitness | best measured fitness | x1 | x2...
1 +4.919331676e+06 +4.919331676e+06 +4.919445936e+06 +4.919445936e+06 -1.7867e+00 +1.9198e+00 -1.4101e+00 -1.4154e+00 -1.7865e+00 -2.8384e+00 +1.2826e-01 -3.4934e+00 +2.7687e+00 -1.4900e+00
3 +1.073374393e+06 +1.073374393e+06 +1.073488653e+06 +1.073488653e+06 -3.9133e+00 -4.3556e-01 -9.0923e-02 +3.1131e+00 +3.5799e+00 -2.3467e+00 +2.5182e+00 +2.2197e+00 +2.7870e+00 +4.9030e+00
29 +9.166145456e+05 +9.166145456e+05 +9.167288056e+05 +9.167288056e+05 -8.3345e-01 -1.1495e+00 +6.1091e-01 +2.9113e+00 -3.7859e-01 -4.0364e+00 -1.9940e+00 -4.4807e+00 +4.8956e+00 -4.1233e+00
44 +2.218495485e+05 +2.218495485e+05 +2.219638085e+05 +2.219638085e+05 +3.1490e+00 +2.8606e+00 +4.0960e+00 -2.3408e+00 -1.2220e+00 -3.8017e+00 +8.7815e-01 -2.7199e-01 -4.5403e+00 +2.5470e+00
433 +1.109967686e+05 +1.109967686e+05 +1.111110286e+05 +1.111110286e+05 +4.3079e+00 -2.2402e+00 +2.4322e+00 +2.7586e+00 +5.0000e+00 -2.4016e+00 -2.3715e-01 +6.8782e-01 +3.9501e+00 -2.6606e+00
454 +9.825397536e+04 +9.825397536e+04 +9.836823536e+04 +9.836823536e+04 +2.9106e+00 +2.8639e+00 +4.2177e+00 -2.6612e+00 -1.4021e+00 -3.8458e+00 +1.1543e+00 -2.3346e-01 -4.8136e+00 +2.4586e+00
1494 +6.005209383e+04 +6.005209383e+04 +6.016635383e+04 +6.016635383e+04 +3.2730e+00 +3.2458e+00 +5.0000e+00 -2.2353e+00 -5.5784e-01 -4.7166e+00 +2.8469e-01 -6.3156e-01 -4.5987e+00 +2.5184e+00
2695 +3.760491601e+04 +3.760491601e+04 +3.771917601e+04 +3.771917601e+04 +4.0542e+00 +3.6338e+00 +4.9900e+00 -6.6662e-01 +2.4904e-01 -4.2921e+00 +1.4392e+00 -6.3616e-01 -3.2704e+00 +2.2927e+00
3845 +2.486155221e+04 +2.486155221e+04 +2.497581221e+04 +2.497581221e+04 +3.4324e+00 +2.9925e+00 +5.0000e+00 -5.9384e-01 +7.1054e-01 -3.5831e+00 +1.1442e+00 -6.7720e-02 -2.8082e+00 +2.0256e+00
5719 +1.499736640e+04 +1.499736640e+04 +1.511162640e+04 +1.511162640e+04 +3.0670e+00 +3.0913e+00 +4.9334e+00 -7.3254e-01 +1.2066e+00 -3.4090e+00 +1.1849e+00 +2.3168e-01 -2.6482e+00 +1.9066e+00
8294 +9.760579998e+03 +9.760579998e+03 +9.874839998e+03 +9.874839998e+03 +2.7156e+00 +2.9459e+00 +4.9527e+00 -8.2815e-01 +1.6060e+00 -3.1601e+00 +8.8695e-01 +4.5643e-01 -2.3869e+00 +1.4913e+00
10428 +6.293978348e+03 +6.293978348e+03 +6.408238348e+03 +6.408238348e+03 +2.6596e+00 +2.6755e+00 +4.7161e+00 -1.0539e+00 +1.9225e+00 -2.8647e+00 +1.0441e+00 +8.1500e-01 -2.3231e+00 +1.4163e+00
19465 +3.906386058e+03 +3.906386058e+03 +4.020646058e+03 +4.020646058e+03 +2.3805e+00 +2.3236e+00 +4.5313e+00 -1.3837e+00 +2.2578e+00 -2.5379e+00 +7.7508e-01 +1.1126e+00 -2.1396e+00 +9.0872e-01
57750 +2.503223580e+03 +2.503223580e+03 +2.617483580e+03 +2.617483580e+03 +2.5551e+00 +1.6147e+00 +4.2658e+00 -2.0445e+00 +2.4591e+00 -2.2294e+00 +7.3346e-01 +1.2948e+00 -2.3044e+00 +4.1957e-01
86569 +1.571392564e+03 +1.571392564e+03 +1.685652564e+03 +1.685652564e+03 +2.6838e+00 +9.4017e-01 +3.8508e+00 -2.3922e+00 +2.5242e+00 -1.8249e+00 +1.0079e+00 +1.4249e+00 -2.1811e+00 -3.5965e-02
131368 +9.994626928e+02 +9.994626928e+02 +1.113722693e+03 +1.113722693e+03 +2.9141e+00 +1.3800e-01 +3.5157e+00 -2.7673e+00 +2.4287e+00 -1.4572e+00 +9.2374e-01 +1.5707e+00 -2.2539e+00 -7.0219e-01
% function evaluation | noise-free fitness - Fopt (1.393000000000e+01) | best noise-free fitness - Fopt | measured fitness | best measured fitness | x1 | x2...
1 +1.767396058e+06 +1.767396058e+06 +1.767409988e+06 +1.767409988e+06 -4.3293e+00 -2.6278e+00 +2.7312e+00 -4.7338e-01 +3.5013e+00 -4.6804e+00 -1.0568e+00 -1.0950e+00 +1.3446e+00 -1.8973e+00
8 +1.022758465e+06 +1.022758465e+06 +1.022772395e+06 +1.022772395e+06 +2.3032e+00 -1.7491e+00 -2.1075e+00 +2.5122e+00 +3.1031e+00 +9.9542e-01 -4.6107e+00 +2.4083e+00 +1.2862e+00 +9.6371e-01
14 +4.915838130e+05 +4.915838130e+05 +4.915977430e+05 +4.915977430e+05 +2.2765e-01 +4.5825e+00 +4.1566e+00 +2.8392e+00 +4.5161e+00 -2.4229e+00 -2.1012e+00 -4.0993e+00 +1.9796e+00 -3.1626e+00
140 +2.319411567e+05 +2.319411567e+05 +2.319550867e+05 +2.319550867e+05 +4.9913e+00 +3.8705e+00 -1.9851e+00 +1.2454e+00 +2.6138e-01 +1.3293e+00 +9.5790e-01 +2.4239e+00 -2.4969e-01 +3.2704e+00
436 +1.549601164e+05 +1.549601164e+05 +1.549740464e+05 +1.549740464e+05 +1.3619e-01 -5.0000e+00 +1.7061e-01 +1.1108e+00 +3.1268e+00 -7.4352e-01 -3.6934e+00 +3.5514e+00 -3.0518e+00 +4.3126e+00
611 +3.989685164e+04 +3.989685164e+04 +3.991078164e+04 +3.991078164e+04 +1.8748e+00 +2.4479e+00 +1.4558e+00 +4.5313e-01 -1.2768e+00 -2.0119e+00 +2.2504e+00 -1.3158e+00 -4.4661e-01 +1.4474e+00
833 +3.974841895e+04 +3.974841895e+04 +3.976234895e+04 +3.976234895e+04 +1.8685e+00 +2.4392e+00 +1.3185e+00 +4.9705e-01 -1.3602e+00 -2.0450e+00 +2.3788e+00 -1.3722e+00 -3.9823e-01 +1.3612e+00
983 +2.159169377e+04 +2.159169377e+04 +2.160562377e+04 +2.160562377e+04 +2.6965e+00 -1.3950e+00 +1.9518e+00 +1.6437e+00 -1.7628e+00 -4.7470e-01 +3.3355e+00 -2.6050e+00 +4.8735e-01 +2.2570e-01
1034 +5.949379679e+03 +5.949379679e+03 +5.963309679e+03 +5.963309679e+03 +2.5982e+00 -1.7765e+00 +1.9604e+00 +1.4614e+00 -1.9073e+00 -4.8531e-01 +3.3302e+00 -2.7005e+00 +4.7811e-01 +1.7254e-01
1705 +3.846692996e+03 +3.846692996e+03 +3.860622996e+03 +3.860622996e+03 +2.4474e+00 -2.0605e+00 +1.9019e+00 +1.3600e+00 -2.1488e+00 -6.3227e-01 +3.3638e+00 -2.7203e+00 +4.5701e-01 +2.2044e-01
31976 +2.506350596e+03 +2.506350596e+03 +2.520280596e+03 +2.520280596e+03 +2.5238e+00 -1.8418e+00 +2.1311e+00 +1.8315e+00 -1.9145e+00 -6.1368e-01 +2.7163e+00 -3.0415e+00 +4.3677e-01 +7.2194e-01
76217 +1.576850034e+03 +1.576850034e+03 +1.590780034e+03 +1.590780034e+03 +2.6542e+00 -1.4000e+00 +2.3904e+00 +2.1875e+00 -1.7170e+00 -6.3951e-01 +2.0088e+00 -3.4775e+00 +5.0284e-01 +1.1255e+00
98995 +9.899381545e+02 +9.899381545e+02 +1.003868155e+03 +1.003868155e+03 +2.8293e+00 -1.0793e+00 +2.4263e+00 +2.4208e+00 -1.6041e+00 -7.2754e-01 +1.5309e+00 -3.8782e+00 +5.8385e-01 +1.3200e+00
127528 +6.305152927e+02 +6.305152927e+02 +6.444452927e+02 +6.444452927e+02 +2.8549e+00 -7.5680e-01 +2.6371e+00 +2.5575e+00 -1.4905e+00 -7.8339e-01 +1.1478e+00 -4.1320e+00 +5.8046e-01 +1.5293e+00
% function evaluation | noise-free fitness - Fopt (-3.175000000000e+01) | best noise-free fitness - Fopt | measured fitness | best measured fitness | x1 | x2...
1 +1.379047501e+06 +1.379047501e+06 +1.379015751e+06 +1.379015751e+06 -2.5216e+00 -3.1104e+00 -2.3179e+00 +3.3787e-01 -1.0646e+00 -3.8468e+00 +1.6714e-01 +4.2492e+00 +3.9038e+00 -3.8582e-01
11 +8.278327030e+05 +8.278327030e+05 +8.278009530e+05 +8.278009530e+05 -5.2295e-02 -4.5025e+00 +1.9650e+00 -9.7033e-01 +2.5614e+00 +1.4098e+00 +2.2751e+00 +4.5769e+00 -1.9512e+00 -3.5779e+00
100 +1.291051705e+05 +1.291051705e+05 +1.290734205e+05 +1.290734205e+05 -4.5038e+00 +4.5056e+00 +3.4497e+00 +1.8624e+00 +9.3971e-01 -4.6503e-01 -4.5352e-01 +4.4830e+00 +4.6562e+00 -4.8606e+00
462 +8.408433426e+04 +8.408433426e+04 +8.405258426e+04 +8.405258426e+04 -4.6123e+00 +4.5130e+00 +3.4698e+00 +2.0316e+00 +1.0616e+00 -5.9351e-01 -4.3635e-01 +4.4368e+00 +4.5494e+00 -4.7779e+00
696 +6.058330298e+04 +6.058330298e+04 +6.055155298e+04 +6.055155298e+04 -4.5114e+00 +4.2863e+00 +3.5655e+00 +1.9328e+00 +1.1815e+00 -6.9292e-01 -5.1589e-01 +4.6051e+00 +4.6541e+00 -4.8413e+00
807 +2.045028096e+04 +2.045028096e+04 +2.041853096e+04 +2.041853096e+04 -3.5717e+00 +5.0000e+00 +3.3736e+00 +2.7449e+00 +1.2856e-01 +6.7864e-01 -7.3280e-01 +4.7514e+00 +3.1767e+00 -2.5446e+00
1226 +1.520268895e+04 +1.520268895e+04 +1.517093895e+04 +1.517093895e+04 -4.4461e+00 +4.7849e+00 +2.7263e+00 +2.2185e+00 +1.1664e+00 -2.2304e-01 -6.4195e-01 +5.0000e+00 +4.8990e+00 -2.3909e+00
1663 +9.793449514e+03 +9.793449514e+03 +9.761699514e+03 +9.761699514e+03 -4.1658e+00 +4.8269e+00 +2.8079e+00 +2.1147e+00 +9.5152e-01 -1.6216e-01 -5.7081e-01 +4.9379e+00 +4.7715e+00 -2.4535e+00
1795 +5.349433705e+03 +5.349433705e+03 +5.317683705e+03 +5.317683705e+03 -4.1975e+00 +4.9370e+00 +3.0133e+00 +2.3730e+00 +8.7753e-01 -2.5474e-01 -6.2060e-01 +5.0000e+00 +4.6579e+00 -2.5857e+00
2357 +3.703750644e+03 +3.703750644e+03 +3.672000644e+03 +3.672000644e+03 -3.9148e+00 +4.8023e+00 +3.0481e+00 +2.5537e+00 +6.9927e-01 -2.9056e-01 -6.9043e-01 +4.9769e+00 +4.5893e+00 -2.5393e+00
8957 +2.392114623e+03 +2.392114623e+03 +2.360364623e+03 +2.360364623e+03 -3.8186e+00 +4.5076e+00 +3.2888e+00 +2.6631e+00 +6.6461e-01 -2.0658e-01 -7.7775e-01 +4.7887e+00 +4.2317e+00 -2.6779e+00
16668 +1.498762266e+03 +1.498762266e+03 +1.467012266e+03 +1.467012266e+03 -3.6778e+00 +4.2154e+00 +3.6147e+00 +2.7114e+00 +7.0486e-01 -1.7739e-01 -9.9765e-01 +4.6496e+00 +4.0106e+00 -2.8371e+00
30320 +9.899568945e+02 +9.899568945e+02 +9.582068945e+02 +9.582068945e+02 -3.6453e+00 +4.0908e+00 +3.9088e+00 +2.8586e+00 +5.6614e-01 +3.0554e-02 -1.1126e+00 +4.4673e+00 +3.5638e+00 -2.8534e+00
69222 +6.288635236e+02 +6.288635236e+02 +5.971135236e+02 +5.971135236e+02 -3.4381e+00 +3.7239e+00 +4.0887e+00 +2.9610e+00 +5.2534e-01 +1.8261e-01 -1.3171e+00 +4.2970e+00 +3.2245e+00 -2.6804e+00
123986 +3.763746512e+02 +3.763746512e+02 +3.446246512e+02 +3.446246512e+02 -3.2804e+00 +3.4538e+00 +4.4778e+00 +2.8533e+00 +4.5819e-01 +4.9935e-01 -1.6061e+00 +4.1363e+00 +2.6733e+00 -2.5932e+00
137593 +2.507138261e+02 +2.507138261e+02 +2.189638261e+02 +2.189638261e+02 -3.2195e+00 +3.3246e+00 +4.4880e+00 +2.7974e+00 +4.1574e-01 +5.8774e-01 -1.6876e+00 +4.1119e+00 +2.5040e+00 -2.5155e+00
% function evaluation | noise-free fitness - Fopt (5.432000000000e+01) | best noise-free fitness - Fopt | measured fitness | best measured fitness | x1 | x2...
1 +6.843478496e+06 +6.843478496e+06 +6.843532816e+06 +6.843532816e+06 +2.9140e+00 +4.2343e+00 -3.2589e+00 -3.2267e+00 -9.3390e-03 -3.4396e+00 -3.0647e+00 -3.8812e+00 -4.3620e+00 -3.5246e+00
5 +5.762206429e+06 +5.762206429e+06 +5.762260749e+06 +5.762260749e+06 -1.2509e+00 +3.5418e+00 -3.4898e+00 -2.6607e+00 -3.2948e+00 -2.6978e-01 -2.7300e+00 -4.4579e+00 -1.8450e+00 +1.4795e+00
8 +2.724970751e+06 +2.724970751e+06 +2.725025071e+06 +2.725025071e+06 +3.4989e+00 -4.6296e+00 +3.0748e+00 -2.2831e+00 -3.6186e+00 +2.0364e+00 +2.8833e+00 -1.4429e+00 +2.4108e+00 -2.5967e+00
19 +2.362727996e+06 +2.362727996e+06 +2.362782316e+06 +2.362782316e+06 -1.3109e+00 -7.0485e-01 +4.8159e+00 +3.6404e+00 -3.0997e+00 -1.4704e-01 -4.6725e+00 -3.9627e+00 +3.7858e+00 -4.1414e+00
26 +1.041656929e+06 +1.041656929e+06 +1.041711249e+06 +1.041711249e+06 -1.2301e+00 -2.7645e+00 +1.2676e+00 -1.5795e+00 -2.7135e+00 +3.9886e+00 -9.2558e-02 -3.1247e+00 +3.0933e+00 -1.3613e+00
60 +8.297125869e+05 +8.297125869e+05 +8.297669069e+05 +8.297669069e+05 +4.2555e+00 -4.9781e+00 +3.3399e-01 -1.5116e+00 +4.5598e+00 +4.3770e+00 +4.9565e+00 -4.8177e+00 +3.8151e-01 +2.6353e+00
180 +2.704206673e+05 +2.704206673e+05 +2.704749873e+05 +2.704749873e+05 +2.7047e+00 -1.3280e+00 +1.3132e+00 +1.1174e+00 -3.6305e+00 +4.4509e+00 -1.7095e+00 -3.5155e+00 -5.5250e-01 +3.3038e+00
251 +7.167988125e+04 +7.167988125e+04 +7.173420125e+04 +7.173420125e+04 +3.7940e+00 -1.3870e+00 +9.9776e-01 +8.8952e-01 -4.2431e+00 +4.0086e+00 -8.3746e-01 -2.8368e+00 -9.9617e-01 +3.7617e+00
872 +4.890307988e+04 +4.890307988e+04 +4.895739988e+04 +4.895739988e+04 +3.9588e+00 -8.1719e-01 +1.5666e+00 -3.2731e-01 -5.0000e+00 +3.4998e+00 -1.2630e+00 -2.6451e+00 -1.8474e+00 +3.8572e+00
1775 +3.633961672e+04 +3.633961672e+04 +3.639393672e+04 +3.639393672e+04 +3.8159e+00 -1.0438e+00 +1.3696e+00 -4.6774e-01 -4.9808e+00 +3.5226e+00 -1.1644e+00 -2.6882e+00 -1.7546e+00 +3.9455e+00
3474 +2.453499676e+04 +2.453499676e+04 +2.458931676e+04 +2.458931676e+04 +3.5424e+00 -8.7600e-01 +1.4853e+00 -1.0174e+00 -4.9229e+00 +3.5137e+00 -1.2324e+00 -2.6323e+00 -1.6509e+00 +3.9787e+00
5243 +1.538871766e+04 +1.538871766e+04 +1.544303766e+04 +1.544303766e+04 +3.1393e+00 -4.2432e-01 +1.4691e+00 -1.5951e+00 -5.0000e+00 +3.7918e+00 -1.6224e+00 -2.5593e+00 -1.4977e+00 +4.0463e+00
8813 +9.840588211e+03 +9.840588211e+03 +9.894908211e+03 +9.894908211e+03 +2.7638e+00 -8.3791e-01 +1.5194e+00 -1.8781e+00 -4.7200e+00 +3.4092e+00 -1.9068e+00 -2.5849e+00 -1.3734e+00 +4.5276e+00
11758 +5.746610758e+03 +5.746610758e+03 +5.800930758e+03 +5.800930758e+03 +2.4301e+00 -8.2407e-01 +1.4209e+00 -2.1500e+00 -4.4070e+00 +3.3695e+00 -1.7171e+00 -2.7446e+00 -1.1612e+00 +4.9995e+00
12959 +3.912954970e+03 +3.912954970e+03 +3.967274970e+03 +3.967274970e+03 +2.1779e+00 -7.7087e-01 +1.5012e+00 -2.2213e+00 -4.5159e+00 +3.3720e+00 -1.8740e+00 -2.7751e+00 -1.1151e+00 +4.9955e+00
16112 +2.310127501e+03 +2.310127501e+03 +2.364447501e+03 +2.364447501e+03 +2.0347e+00 -8.0037e-01 +1.4610e+00 -2.3186e+00 -4.4152e+00 +3.4936e+00 -1.9945e+00 -2.7317e+00 -8.9181e-01 +4.9712e+00
25918 +1.575180337e+03 +1.575180337e+03 +1.629500337e+03 +1.629500337e+03 +1.8498e+00 -7.2186e-01 +1.4213e+00 -2.4730e+00 -4.2734e+00 +3.5444e+00 -2.0145e+00 -2.7549e+00 -7.3822e-01 +5.0000e+00
33567 +9.766328305e+02 +9.766328305e+02 +1.030952830e+03 +1.030952830e+03 +1.5460e+00 -5.0123e-01 +1.3620e+00 -2.4397e+00 -4.1618e+00 +3.6030e+00 -2.1259e+00 -2.8285e+00 -5.1170e-01 +4.9866e+00
45245 +6.287319367e+02 +6.287319367e+02 +6.830519367e+02 +6.830519367e+02 +1.4841e+00 -3.5229e-01 +1.3019e+00 -2.6219e+00 -3.8866e+00 +3.6941e+00 -2.0503e+00 -2.9028e+00 -4.4181e-01 +4.9886e+00
86354 +3.976907290e+02 +3.976907290e+02 +4.520107290e+02 +4.520107290e+02 +1.4228e+00 +7.0668e-02 +1.1173e+00 -2.5910e+00 -3.6955e+00 +3.9359e+00 -2.1208e+00 -2.8916e+00 -2.4531e-01 +4.9562e+00
% function evaluation | noise-free fitness - Fopt (4.052000000000e+01) | best noise-free fitness - Fopt | measured fitness | best measured fitness | x1 | x2...
1 +7.267111700e+07 +7.267111700e+07 +7.267115752e+07 +7.267115752e+07 -2.0584e+00 +4.3344e+00 +4.2354e+00 -4.0826e+00 +3.7064e+00 +2.6998e+00 +2.9360e+00 +3.8446e+00 -4.0020e+00 -4.8448e+00
2 +3.552756693e+07 +3.552756693e+07 +3.552760745e+07 +3.552760745e+07 -4.8643e+00 -1.2765e+00 +4.7561e+00 -4.9952e+00 -6.6747e-01 -2.7187e+00 -1.5507e-01 +9.4993e-02 +3.4144e+00 -1.3489e+00
3 +9.500102191e+06 +9.500102191e+06 +9.500142711e+06 +9.500142711e+06 +4.5353e+00 +3.7827e+00 -2.6072e+00 +2.2776e+00 -4.7965e+00 +7.5494e-01 -1.1978e+00 -2.8422e+00 +9.2877e-01 -7.1756e-01
8 +2.623296305e+06 +2.623296305e+06 +2.623336825e+06 +2.623336825e+06 -3.6536e-01 -2.2845e+00 +5.7321e-02 +4.2737e+00 -3.6107e+00 +2.5265e+00 +2.4408e+00 +2.3755e-02 -1.1097e-01 -2.7667e+00
9 +3.584263012e+05 +3.584263012e+05 +3.584668212e+05 +3.584668212e+05 +4.2843e+00 -9.2143e-01 +3.5079e+00 -2.0942e+00 +4.6220e+00 -3.3271e+00 +2.8703e+00 -9.0525e-01 -4.9296e+00 +5.2432e-01
488 +2.212893681e+05 +2.212893681e+05 +2.213298881e+05 +2.213298881e+05 +2.0490e+00 -3.2422e+00 -1.4799e+00 +3.0930e+00 +1.7274e+00 -3.0607e+00 +4.6342e+00 +3.6363e+00 -2.0487e+00 -1.5508e+00
820 +1.450001516e+05 +1.450001516e+05 +1.450406716e+05 +1.450406716e+05 +3.8865e+00 -3.6690e+00 -2.5480e+00 +4.7176e+00 +8.7326e-02 -1.2053e+00 +4.9610e+00 +4.6499e+00 -4.5525e-01 -3.7044e+00
1198 +5.867720676e+04 +5.867720676e+04 +5.871772676e+04 +5.871772676e+04 +1.7910e+00 -1.4145e+00 +7.4043e-01 +3.6387e+00 +1.8701e+00 -1.4279e+00 +4.8738e+00 +4.0137e+00 -4.3396e+00 -7.9566e-02
1428 +3.755817518e+04 +3.755817518e+04 +3.759869518e+04 +3.759869518e+04 +3.5761e+00 -7.3335e-01 -1.6411e-01 +2.5340e+00 +8.7350e-01 -1.0263e+00 +3.4771e+00 +3.5089e+00 -4.0781e+00 +1.6471e-01
2599 +2.460542038e+04 +2.460542038e+04 +2.464594038e+04 +2.464594038e+04 +3.6846e+00 -6.5021e-01 -3.1344e-01 +2.5371e+00 +9.0725e-01 -9.7760e-01 +3.5265e+00 +3.3689e+00 -4.1078e+00 +2.8735e-01
3596 +1.538159050e+04 +1.538159050e+04 +1.542211050e+04 +1.542211050e+04 +3.3437e+00 -6.5288e-01 -3.8496e-01 +2.6709e+00 +9.6996e-01 -8.0535e-01 +3.8577e+00 +3.4192e+00 -4.5397e+00 +3.0773e-01
4603 +9.495418403e+03 +9.495418403e+03 +9.535938403e+03 +9.535938403e+03 +3.3521e+00 -5.3729e-01 -5.9637e-01 +2.8757e+00 +8.6964e-01 -7.8948e-01 +3.8999e+00 +3.4083e+00 -4.5460e+00 +6.0868e-01
8483 +6.054461567e+03 +6.054461567e+03 +6.094981567e+03 +6.094981567e+03 +3.6167e+00 -1.7435e-01 -1.0004e+00 +2.9600e+00 +6.8436e-01 -9.2276e-01 +3.7542e+00 +3.8528e+00 -4.6195e+00 +1.0923e+00
9941 +3.948253441e+03 +3.948253441e+03 +3.988773441e+03 +3.988773441e+03 +3.9058e+00 -3.3035e-02 -9.8524e-01 +3.0202e+00 +6.2464e-01 -9.2329e-01 +3.7110e+00 +3.9630e+00 -4.5141e+00 +1.1577e+00
17075 +2.467290855e+03 +2.467290855e+03 +2.507810855e+03 +2.507810855e+03 +4.2232e+00 +1.2921e-01 -1.0917e+00 +3.1002e+00 +5.9366e-01 -8.6469e-01 +3.6466e+00 +4.1893e+00 -4.4194e+00 +1.5514e+00
30926 +1.570392060e+03 +1.570392060e+03 +1.610912060e+03 +1.610912060e+03 +4.3492e+00 +1.3251e-01 -1.1408e+00 +3.1763e+00 +4.1666e-01 -7.6137e-01 +3.6291e+00 +3.8807e+00 -3.9478e+00 +2.0853e+00
79978 +9.948697372e+02 +9.948697372e+02 +1.035389737e+03 +1.035389737e+03 +4.0788e+00 +2.0855e-01 -7.3936e-01 +3.2715e+00 +4.0898e-01 -1.0140e+00 +3.4744e+00 +3.5773e+00 -3.6025e+00 +2.5463e+00
% function evaluation | noise-free fitness - Fopt (-1.184900000000e+02) | best noise-free fitness - Fopt | measured fitness | best measured fitness | x1 | x2...
1 +1.004164798e+07 +1.004164798e+07 +1.004152949e+07 +1.004152949e+07 +2.1826e+00 +2.8098e+00 -1.7047e+00 -1.3451e+00 -3.1656e+00 +3.4841e+00 +4.4129e+00 -2.0047e+00 -2.3431e+00 -4.7101e+00
7 +8.433211238e+06 +8.433211238e+06 +8.433092748e+06 +8.433092748e+06 +1.4774e+00 -4.4698e+00 -4.0434e+00 +3.1861e+00 -2.4557e+00 -1.6494e+00 +3.9083e+00 -3.8380e+00 +2.6227e+00 -6.5907e-01
34 +5.060198450e+06 +5.060198450e+06 +5.060079960e+06 +5.060079960e+06 -1.9211e+00 -2.6895e+00 -4.1790e+00 +2.4320e+00 -9.4933e-01 +1.0084e+00 +3.5981e+00 -1.5546e-01 -6.3797e-01 -1.4529e+00
69 +3.813494788e+06 +3.813494788e+06 +3.813376298e+06 +3.813376298e+06 -4.4138e+00 +1.8281e-01 -4.8357e+00 +8.7119e-01 -2.3017e+00 +2.1032e+00 +4.9546e+00 +4.7519e+00 +1.2648e+00 +9.3891e-01
83 +1.975026865e+06 +1.975026865e+06 +1.974908375e+06 +1.974908375e+06 -1.2813e+00 +2.2055e+00 -1.4527e+00 -1.4025e+00 -3.0455e+00 +1.7104e+00 -8.7618e-01 -2.7895e+00 +1.5844e+00 -4.4625e+00
170 +3.831174843e+05 +3.831174843e+05 +3.829989943e+05 +3.829989943e+05 -4.1158e+00 +2.3883e+00 -7.9115e-01 +1.5873e+00 -4.4397e+00 +1.4073e+00 -3.8576e+00 +4.2226e-01 -1.2059e+00 -2.6489e+00
473 +2.207418869e+05 +2.207418869e+05 +2.206233969e+05 +2.206233969e+05 -3.3808e+00 -3.1328e+00 -4.8609e+00 -4.0325e+00 -2.7369e+00 +4.0761e+00 -3.5781e-01 -2.5393e+00 +3.9751e+00 -4.5817e+00
847 +9.638621202e+04 +9.638621202e+04 +9.626772202e+04 +9.626772202e+04 -2.3426e+00 -5.0000e+00 -5.0000e+00 -3.7240e+00 -3.4142e+00 +5.0000e+00 -1.0367e+00 -1.8107e+00 +4.5874e+00 -3.5188e+00
1033 +5.265884953e+04 +5.265884953e+04 +5.254035953e+04 +5.254035953e+04 -1.8824e+00 -2.9597e+00 -3.7563e+00 -5.0000e+00 -4.4597e+00 +2.2178e+00 -1.2566e+00 -4.2761e-02 +2.6539e+00 -2.2828e+00
1326 +3.148571080e+04 +3.148571080e+04 +3.136722080e+04 +3.136722080e+04 -1.7993e+00 -2.6561e+00 -3.7415e+00 -4.9887e+00 -4.5856e+00 +2.2924e+00 -1.3548e+00 +6.3701e-02 +2.7703e+00 -2.1707e+00
2023 +2.449376354e+04 +2.449376354e+04 +2.437527354e+04 +2.437527354e+04 -2.0961e+00 -2.6632e+00 -3.6148e+00 -5.0000e+00 -4.5542e+00 +2.1941e+00 -1.4206e+00 -6.7148e-02 +2.7396e+00 -2.3148e+00
3704 +1.559446026e+04 +1.559446026e+04 +1.547597026e+04 +1.547597026e+04 -2.4179e+00 -2.6656e+00 -3.4658e+00 -5.0000e+00 -4.3939e+00 +2.2173e+00 -1.5199e+00 -3.7534e-01 +2.7132e+00 -2.5000e+00
6297 +9.948494762e+03 +9.948494762e+03 +9.830004762e+03 +9.830004762e+03 -2.5812e+00 -2.4744e+00 -3.3828e+00 -4.9875e+00 -4.6144e+00 +1.5644e+00 -1.9141e+00 -6.6165e-01 +2.1718e+00 -2.1786e+00
10958 +6.298904929e+03 +6.298904929e+03 +6.180414929e+03 +6.180414929e+03 -2.4891e+00 -2.2970e+00 -2.9398e+00 -4.9030e+00 -4.6891e+00 +1.0616e+00 -2.3051e+00 -7.0382e-01 +1.8509e+00 -2.2746e+00
31421 +3.979966593e+03 +3.979966593e+03 +3.861476593e+03 +3.861476593e+03 -2.5759e+00 -1.9298e+00 -2.9056e+00 -4.0832e+00 -4.5942e+00 +5.1064e-01 -2.4375e+00 -6.3202e-01 +1.5693e+00 -2.2978e+00
79335 +2.508629716e+03 +2.508629716e+03 +2.390139716e+03 +2.390139716e+03 -2.3873e+00 -2.1916e+00 -2.6195e+00 -2.9786e+00 -4.6142e+00 -4.3221e-01 -2.7161e+00 -1.0193e+00 +1.3673e+00 -2.4452e+00
112539 +1.580396115e+03 +1.580396115e+03 +1.461906115e+03 +1.461906115e+03 -2.3421e+00 -2.3725e+00 -2.3693e+00 -1.9658e+00 -4.5403e+00 -8.1614e-01 -2.9313e+00 -1.2299e+00 +1.1976e+00 -2.6606e+00
147093 +9.900164142e+02 +9.900164142e+02 +8.715264142e+02 +8.715264142e+02 -2.2505e+00 -2.5792e+00 -2.2279e+00 -1.4318e+00 -4.4527e+00 -1.1752e+00 -3.1776e+00 -1.4928e+00 +1.2188e+00 -2.8970e+00
% function evaluation | noise-free fitness - Fopt (2.810000000000e+01) | best noise-free fitness - Fopt | measured fitness | best measured fitness | x1 | x2...
1 +9.839594856e+06 +9.839594856e+06 +9.839622956e+06 +9.839622956e+06 -2.0842e+00 -1.6294e+00 +4.1349e-01 +2.0950e+00 +2.8636e+00 +2.1707e-01 -1.3901e+00 +2.0742e+00 +3.0857e+00 +4.6460e+00
3 +6.657284199e+05 +6.657284199e+05 +6.657565199e+05 +6.657565199e+05 -9.9964e-01 +1.3558e+00 -1.0118e+00 +4.7372e+00 -2.0880e+00 -1.6488e+00 -6.4831e-01 +1.7642e+00 -4.5080e+00 +2.1768e+00
95 +2.305177790e+05 +2.305177790e+05 +2.305458790e+05 +2.305458790e+05 +4.1011e+00 -2.3325e-01 +2.2229e+00 +1.5185e+00 +1.4694e+00 -3.4380e+00 +1.5143e+00 -2.2609e+00 -4.5057e+00 -1.0377e+00
442 +1.394314013e+05 +1.394314013e+05 +1.394595013e+05 +1.394595013e+05 -2.3412e+00 +2.5022e-01 -3.1142e+00 +9.6455e-01 -3.9719e+00 -3.8736e+00 -3.4742e+00 -4.3450e+00 -4.9615e+00 +4.2471e-01
566 +6.106346547e+04 +6.106346547e+04 +6.109156547e+04 +6.109156547e+04 -3.0372e+00 -3.3729e-01 -4.8051e+00 +1.0639e+00 -3.1476e+00 -3.4360e+00 -4.0110e+00 -4.1062e+00 -4.3075e+00 -8.7480e-01
766 +1.969171378e+04 +1.969171378e+04 +1.971981378e+04 +1.971981378e+04 -3.1312e+00 +1.3082e+00 -3.2882e+00 +2.4145e+00 -4.3491e+00 -2.8081e+00 -5.0000e+00 -3.6990e+00 -5.0000e+00 +6.2863e-01
1014 +1.456893696e+04 +1.456893696e+04 +1.459703696e+04 +1.459703696e+04 -3.0019e+00 +1.3100e+00 -3.2371e+00 +2.2379e+00 -4.5941e+00 -2.7340e+00 -5.0000e+00 -3.6642e+00 -4.7983e+00 +6.3004e-01
2170 +9.640888981e+03 +9.640888981e+03 +9.668988981e+03 +9.668988981e+03 -2.7684e+00 +1.2546e+00 -3.5391e+00 +2.0392e+00 -4.4974e+00 -2.6986e+00 -5.0000e+00 -4.2161e+00 -4.4535e+00 +6.4456e-01
4857 +6.279773426e+03 +6.279773426e+03 +6.307873426e+03 +6.307873426e+03 -2.4679e+00 +1.2075e+00 -3.6633e+00 +2.1258e+00 -4.4288e+00 -2.5048e+00 -5.0000e+00 -4.3928e+00 -4.3746e+00 +7.7066e-01
15128 +3.958376239e+03 +3.958376239e+03 +3.986476239e+03 +3.986476239e+03 -2.0406e+00 +1.4380e+00 -3.3197e+00 +2.2073e+00 -4.5734e+00 -2.2861e+00 -4.9342e+00 -3.7961e+00 -4.2893e+00 +9.2845e-01
32422 +2.506229691e+03 +2.506229691e+03 +2.534329691e+03 +2.534329691e+03 -1.6850e+00 +1.6336e+00 -2.6889e+00 +2.2298e+00 -4.5059e+00 -2.2675e+00 -4.7962e+00 -3.3417e+00 -4.2262e+00 +1.0540e+00
54636 +1.583675478e+03 +1.583675478e+03 +1.611775478e+03 +1.611775478e+03 -1.2797e+00 +1.7168e+00 -2.1557e+00 +2.2502e+00 -4.4328e+00 -2.1854e+00 -4.7583e+00 -3.1503e+00 -4.1846e+00 +1.1532e+00
101855 +9.893661167e+02 +9.893661167e+02 +1.017466117e+03 +1.017466117e+03 -7.4687e-01 +1.9475e+00 -1.5264e+00 +2.3213e+00 -4.2259e+00 -2.0695e+00 -4.3902e+00 -2.8893e+00 -4.0898e+00 +1.3614e+00
