% function evaluation | noise-free fitness - Fopt (-2.098800000000e+02) | best noise-free fitness - Fopt | measured fitness | best measured fitness | x1 | x2...
1 +2.797822518e+06 +2.797822518e+06 +2.797612638e+06 +2.797612638e+06 -3.6646e+00 +2.2460e+00 +2.0057e-03 -2.0620e+00 +3.3633e+00
2 +8.201221153e+05 +8.201221153e+05 +8.199122353e+05 +8.199122353e+05 -1.0670e+00 +1.2922e+00 -3.4298e+00 -9.8532e-01 +1.0735e+00
10 +1.017264093e+05 +1.017264093e+05 +1.015165293e+05 +1.015165293e+05 +2.0492e+00 -4.0951e+00 +1.0058e+00 +4.2005e+00 +1.8425e+00
138 +6.423581412e+04 +6.423581412e+04 +6.402593412e+04 +6.402593412e+04 -4.5992e-01 +3.6798e+00 -1.1148e+00 +3.3274e+00 +1.9224e+00
207 +3.944732330e+04 +3.944732330e+04 +3.923744330e+04 +3.923744330e+04 +3.5135e-01 +4.2664e+00 +1.1474e-01 +3.1687e+00 +1.6798e+00
391 +1.608809599e+04 +1.608809599e+04 +1.587821599e+04 +1.587821599e+04 +6.9640e-01 -1.2012e-01 +8.5038e-01 +2.2728e+00 +1.8761e+00
623 +1.117096141e+04 +1.117096141e+04 +1.096108141e+04 +1.096108141e+04 +1.3844e+00 +6.0907e-01 +6.1300e-01 +2.6398e+00 +1.8174e+00
1130 +9.787013357e+03 +9.787013357e+03 +9.577133357e+03 +9.577133357e+03 -1.9038e+00 -3.6504e+00 +1.0681e+00 +2.2201e+00 +1.7380e+00
2153 +5.394828399e+03 +5.394828399e+03 +5.184948399e+03 +5.184948399e+03 +1.0660e+00 +5.5946e-01 +3.3334e+00 +2.3567e+00 +1.8635e+00
2197 +1.245354219e+03 +1.245354219e+03 +1.035474219e+03 +1.035474219e+03 +2.3935e+00 +1.6241e+00 +2.9986e+00 +2.3959e+00 +1.8162e+00
5810 +6.495794859e+02 +6.495794859e+02 +4.396994859e+02 +4.396994859e+02 +3.5920e+00 +2.0501e+00 +3.0917e+00 +2.3845e+00 +1.7669e+00
10138 +6.306502860e+02 +6.306502860e+02 +4.207702860e+02 +4.207702860e+02 +2.5678e+00 +1.7164e+00 +2.8732e+00 +2.3052e+00 +1.7885e+00
13706 +1.977237707e+02 +1.977237707e+02 -1.215622926e+01 -1.215622926e+01 +3.0017e+00 +2.1148e+00 +3.2676e+00 +2.3680e+00 +1.7907e+00
% function evaluation | noise-free fitness - Fopt (-9.209000000000e+01) | best noise-free fitness - Fopt | measured fitness | best measured fitness | x1 | x2...
1 +1.369497351e+05 +1.369497351e+05 +1.368576451e+05 +1.368576451e+05 +1.6369e+00 -2.6487e+00 +3.8587e-01 -3.8773e+00 -1.6239e-01
26 +3.469000636e+04 +3.469000636e+04 +3.459791636e+04 +3.459791636e+04 -3.4869e+00 -1.6126e+00 +4.3630e+00 -2.3410e+00 -2.1290e-01
90 +1.202765501e+04 +1.202765501e+04 +1.193556501e+04 +1.193556501e+04 -9.9376e-01 -2.9434e-01 -1.1394e+00 -1.3165e+00 -1.5528e-01
537 +5.221951861e+03 +5.221951861e+03 +5.129861861e+03 +5.129861861e+03 +1.0562e+00 -2.5223e+00 +6.0415e-01 -1.7920e+00 -4.8980e-02
750 +1.459422573e+03 +1.459422573e+03 +1.367332573e+03 +1.367332573e+03 +2.0516e+00 -1.6343e+00 +5.9439e-01 -1.7209e+00 -1.0429e-01
3015 +4.059883765e+02 +4.059883765e+02 +3.138983765e+02 +3.138983765e+02 +1.4235e+00 +2.2725e+00 -2.4260e-01 -1.8274e+00 -1.0155e-01
% function evaluation | noise-free fitness - Fopt (-8.789000000000e+01) | best noise-free fitness - Fopt | measured fitness | best measured fitness | x1 | x2...
1 +2.735781870e+05 +2.735781870e+05 +2.734902970e+05 +2.734902970e+05 -2.4932e+00 +2.2387e+00 -4.7610e-01 -1.0888e+00 -3.5698e+00
20 +1.144276474e+05 +1.144276474e+05 +1.143397574e+05 +1.143397574e+05 +4.1297e+00 +3.7442e+00 +4.7461e+00 -3.7922e+00 -3.0435e+00
28 +9.767980939e+04 +9.767980939e+04 +9.759191939e+04 +9.759191939e+04 -1.5180e+00 -1.8931e+00 +1.6488e+00 -2.6175e-01 -3.0795e+00
49 +1.439668629e+04 +1.439668629e+04 +1.430879629e+04 +1.430879629e+04 -3.5632e+00 +4.5945e+00 +3.3289e+00 -2.6741e+00 -3.0576e+00
117 +7.638879460e+03 +7.638879460e+03 +7.550989460e+03 +7.550989460e+03 -2.5199e+00 +5.0000e+00 +1.3227e+00 -2.6013e+00 -3.0797e+00
976 +5.886856341e+03 +5.886856341e+03 +5.798966341e+03 +5.798966341e+03 +4.1734e+00 +3.7830e+00 +4.0046e-01 -1.8353e+00 -3.1343e+00
1387 +3.671870357e+03 +3.671870357e+03 +3.583980357e+03 +3.583980357e+03 -2.7739e+00 +2.7614e+00 +2.5625e+00 -2.0682e+00 -3.1202e+00
2310 +2.037233824e+03 +2.037233824e+03 +1.949343824e+03 +1.949343824e+03 +3.1080e+00 -8.7033e-01 +1.3309e-01 -2.1015e+00 -3.0870e+00
3820 +2.716608536e+02 +2.716608536e+02 +1.837708536e+02 +1.837708536e+02 -2.7965e+00 +2.1792e+00 +1.6581e+00 -2.1390e+00 -3.0804e+00
% function evaluation | noise-free fitness - Fopt (3.201900000000e+02) | best noise-free fitness - Fopt | measured fitness | best measured fitness | x1 | x2...
1 +1.879778542e+06 +1.879778542e+06 +1.880098732e+06 +1.880098732e+06 -2.6176e+00 -8.6788e-03 +6.8772e-01 +7.4112e-01 -2.2435e+00
2 +2.801571948e+05 +2.801571948e+05 +2.804773848e+05 +2.804773848e+05 -2.1470e+00 +1.5657e+00 -3.4402e+00 -3.6698e+00 -3.6087e+00
10 +1.784416247e+05 +1.784416247e+05 +1.787618147e+05 +1.787618147e+05 +2.2918e+00 +4.6337e+00 -1.4939e+00 +3.6148e-01 -3.7970e+00
18 +1.507391993e+05 +1.507391993e+05 +1.510593893e+05 +1.510593893e+05 +1.1660e+00 -4.4961e-01 +4.4532e+00 +1.2206e+00 -3.4730e+00
44 +9.688381222e+04 +9.688381222e+04 +9.720400222e+04 +9.720400222e+04 +3.5223e+00 +3.0941e+00 +1.1911e+00 +4.9215e-01 -3.2886e+00
76 +7.308321054e+03 +7.308321054e+03 +7.628511054e+03 +7.628511054e+03 -1.3011e+00 +4.4665e+00 +2.6819e+00 -5.6168e-01 -3.4985e+00
163 +5.394752596e+03 +5.394752596e+03 +5.714942596e+03 +5.714942596e+03 +1.5647e+00 -3.5208e+00 +6.4502e-01 -1.2291e+00 -3.4557e+00
981 +3.744809746e+03 +3.744809746e+03 +4.064999746e+03 +4.064999746e+03 +9.7630e-01 -3.8655e+00 +1.8649e+00 -8.8939e-01 -3.4157e+00
1320 +1.497419857e+03 +1.497419857e+03 +1.817609857e+03 +1.817609857e+03 +3.1928e+00 -3.4928e-01 +7.7012e-01 -8.0312e-01 -3.4390e+00
3312 +4.135583745e+02 +4.135583745e+02 +7.337483745e+02 +7.337483745e+02 +2.8869e+00 -2.4852e+00 +8.9548e-01 -9.0258e-01 -3.4608e+00
7949 +2.779939645e+02 +2.779939645e+02 +5.981839645e+02 +5.981839645e+02 -3.2341e+00 -5.4028e-01 +1.5994e+00 -7.8836e-01 -3.4661e+00
% function evaluation | noise-free fitness - Fopt (-1.042400000000e+02) | best noise-free fitness - Fopt | measured fitness | best measured fitness | x1 | x2...
1 +9.943789803e+05 +9.943789803e+05 +9.942747403e+05 +9.942747403e+05 +2.6364e+00 +2.2767e+00 -4.8113e-03 +5.8167e-01 -1.0405e+00
19 +4.432797738e+05 +4.432797738e+05 +4.431755338e+05 +4.431755338e+05 +4.5944e+00 -2.0217e+00 +2.2428e+00 -1.1529e+00 -7.7611e-01
39 +2.084182420e+05 +2.084182420e+05 +2.083140020e+05 +2.083140020e+05 +3.6096e+00 +3.7350e+00 -4.4409e+00 -2.5746e+00 +1.3792e-01
53 +1.242430977e+05 +1.242430977e+05 +1.241388577e+05 +1.241388577e+05 -1.6397e+00 +4.6829e-01 +3.6082e+00 -3.7696e-02 +2.6909e-01
64 +2.744791185e+04 +2.744791185e+04 +2.734367185e+04 +2.734367185e+04 +2.7821e+00 -3.5198e+00 +1.3695e+00 -1.2012e+00 +5.7735e-02
160 +2.410040290e+04 +2.410040290e+04 +2.399616290e+04 +2.399616290e+04 -1.4279e-01 -4.1457e-01 -1.0428e+00 -1.3111e+00 -4.5263e-02
282 +1.558220646e+04 +1.558220646e+04 +1.547796646e+04 +1.547796646e+04 +1.9748e+00 +1.1572e+00 +3.0300e+00 -7.6021e-01 -1.6164e-01
443 +9.236049234e+03 +9.236049234e+03 +9.131809234e+03 +9.131809234e+03 +4.3886e+00 +1.2487e+00 +1.0257e+00 -2.0085e-01 +2.0118e-02
1237 +3.310758523e+03 +3.310758523e+03 +3.206518523e+03 +3.206518523e+03 +2.8901e+00 -2.8447e+00 +1.6202e+00 -6.1736e-01 -1.0997e-02
3275 +2.488360048e+03 +2.488360048e+03 +2.384120048e+03 +2.384120048e+03 -4.8041e+00 -2.9161e+00 +1.2425e+00 -3.3777e-01 -9.6872e-02
4094 +8.846238066e+02 +8.846238066e+02 +7.803838066e+02 +7.803838066e+02 -2.7862e+00 -3.0140e+00 +1.6988e+00 -6.0580e-01 -3.9808e-02
8103 +3.885798606e+02 +3.885798606e+02 +2.843398606e+02 +2.843398606e+02 +5.0000e+00 -2.2808e+00 +9.6569e-01 -4.1624e-01 -5.6728e-02
% function evaluation | noise-free fitness - Fopt (-1.000000000000e+03) | best noise-free fitness - Fopt | measured fitness | best measured fitness | x1 | x2...
1 +1.605985059e+07 +1.605985059e+07 +1.605885059e+07 +1.605885059e+07 -3.2730e+00 -3.7570e+00 -2.1502e-01 +2.2164e+00 -3.4083e+00
2 +1.775106494e+05 +1.775106494e+05 +1.765106494e+05 +1.765106494e+05 +3.5690e+00 -1.1336e+00 +7.4641e-01 -2.5693e+00 +8.4041e-01
6 +1.546931006e+05 +1.546931006e+05 +1.536931006e+05 +1.536931006e+05 +3.7345e-01 +4.9744e+00 -2.8122e+00 -2.2090e+00 +8.6947e-01
12 +1.794312445e+04 +1.794312445e+04 +1.694312445e+04 +1.694312445e+04 +2.5790e+00 -2.7415e+00 -2.8718e-01 -9.5819e-01 +6.7266e-01
464 +1.558148092e+04 +1.558148092e+04 +1.458148092e+04 +1.458148092e+04 -2.8646e+00 +4.1217e+00 -4.3290e+00 -1.3933e+00 +6.0523e-01
541 +3.074558382e+03 +3.074558382e+03 +2.074558382e+03 +2.074558382e+03 +2.0533e+00 +4.6534e+00 -2.2528e+00 -9.9558e-01 +5.4804e-01
2112 +2.001988030e+03 +2.001988030e+03 +1.001988030e+03 +1.001988030e+03 +3.4451e-01 -5.9547e-02 -1.1076e+00 -9.5635e-01 +5.7169e-01
4468 +1.254536081e+03 +1.254536081e+03 +2.545360810e+02 +2.545360810e+02 -1.4443e+00 -2.6837e+00 -1.5528e+00 -1.1528e+00 +5.1385e-01
5349 +7.835761609e+02 +7.835761609e+02 -2.164238391e+02 -2.164238391e+02 +2.0809e+00 +1.8736e-01 -1.3396e+00 -1.0510e+00 +5.3382e-01
% function evaluation | noise-free fitness - Fopt (-3.629000000000e+01) | best noise-free fitness - Fopt | measured fitness | best measured fitness | x1 | x2...
1 +6.633140979e+07 +6.633140979e+07 +6.633137350e+07 +6.633137350e+07 +4.8907e+00 +3.6776e+00 +3.0285e+00 +6.5401e-01 +4.2761e+00
2 +2.244002301e+06 +2.244002301e+06 +2.243966011e+06 +2.243966011e+06 +5.4120e-01 -3.5083e+00 -4.5318e+00 +7.8152e-01 -2.5195e+00
9 +1.125667548e+06 +1.125667548e+06 +1.125631258e+06 +1.125631258e+06 -2.2335e+00 -4.7815e+00 -6.4180e-01 -4.3305e+00 -2.7368e+00
12 +8.804971054e+05 +8.804971054e+05 +8.804608154e+05 +8.804608154e+05 -4.9322e+00 +3.2235e-01 +2.1266e+00 -2.9695e-01 -4.6017e+00
22 +5.055235799e+05 +5.055235799e+05 +5.054872899e+05 +5.054872899e+05 +4.4166e+00 -1.8132e+00 +3.8754e+00 -3.5005e+00 -4.5023e+00
32 +1.278054634e+05 +1.278054634e+05 +1.277691734e+05 +1.277691734e+05 +2.6452e+00 +1.5541e+00 +2.3420e+00 -1.1051e+00 -3.9255e+00
57 +2.394798835e+04 +2.394798835e+04 +2.391169835e+04 +2.391169835e+04 +2.3442e-01 -3.2003e+00 -1.4897e+00 -2.1096e+00 -3.8333e+00
638 +6.086489348e+03 +6.086489348e+03 +6.050199348e+03 +6.050199348e+03 -4.6055e-01 -4.2972e+00 +2.5458e-02 -2.4250e+00 -3.7409e+00
695 +2.583453230e+03 +2.583453230e+03 +2.547163230e+03 +2.547163230e+03 -3.6719e-01 -3.8992e+00 +5.4543e-01 -3.0683e+00 -3.7760e+00
1655 +1.431749233e+03 +1.431749233e+03 +1.395459233e+03 +1.395459233e+03 +1.1852e+00 -1.0689e+00 -7.4678e-01 -3.0497e+00 -3.7426e+00
4169 +7.648625552e+02 +7.648625552e+02 +7.285725552e+02 +7.285725552e+02 +3.0989e+00 -4.1532e+00 +1.7679e-01 -3.0015e+00 -3.7482e+00
7973 +2.912961657e+02 +2.912961657e+02 +2.550061657e+02 +2.550061657e+02 -7.9329e-01 -3.0609e+00 +8.8338e-02 -2.8941e+00 -3.7606e+00
% function evaluation | noise-free fitness - Fopt (-4.840000000000e+01) | best noise-free fitness - Fopt | measured fitness | best measured fitness | x1 | x2...
1 +3.633532440e+07 +3.633532440e+07 +3.633527600e+07 +3.633527600e+07 -1.6620e+00 +3.3542e+00 -4.1731e+00 +4.3126e+00 -3.5669e+00
2 +1.754515644e+07 +1.754515644e+07 +1.754510804e+07 +1.754510804e+07 +1.9528e+00 -2.1056e-01 +1.5098e+00 -4.8793e+00 -1.4686e+00
4 +3.712355784e+06 +3.712355784e+06 +3.712307384e+06 +3.712307384e+06 -4.9108e-01 +1.7908e+00 -3.8924e+00 +2.1843e+00 +1.0514e+00
5 +6.922738632e+05 +6.922738632e+05 +6.922254632e+05 +6.922254632e+05 +3.5021e+00 -2.8443e+00 -3.7868e+00 +1.6637e+00 +3.1477e+00
23 +3.148553120e+05 +3.148553120e+05 +3.148069120e+05 +3.148069120e+05 -3.8460e+00 +4.8201e+00 +4.0208e+00 -2.8868e+00 +2.1383e+00
72 +1.262002757e+05 +1.262002757e+05 +1.261518757e+05 +1.261518757e+05 -3.0283e-01 +1.5241e+00 -2.4950e+00 -3.4349e+00 +2.4112e+00
216 +1.894229406e+04 +1.894229406e+04 +1.889389406e+04 +1.889389406e+04 -1.7977e+00 -5.5217e-01 -4.7129e+00 -1.8586e+00 +2.6896e+00
488 +1.242883645e+04 +1.242883645e+04 +1.238043645e+04 +1.238043645e+04 -1.2868e+00 -1.8375e+00 -1.2492e+00 -2.6447e+00 +2.5920e+00
656 +2.242491285e+03 +2.242491285e+03 +2.194091285e+03 +2.194091285e+03 -9.4440e-01 -9.0943e-01 -3.3062e-01 -2.0954e+00 +2.6638e+00
3174 +1.154706242e+03 +1.154706242e+03 +1.106306242e+03 +1.106306242e+03 -4.0986e+00 -2.6173e+00 -3.1386e-01 -2.1659e+00 +2.7000e+00
4955 +4.501841288e+02 +4.501841288e+02 +4.017841288e+02 +4.017841288e+02 -1.6498e+00 -9.0357e-01 -7.3602e-01 -2.2795e+00 +2.7021e+00
7790 +3.226753029e+02 +3.226753029e+02 +2.742753029e+02 +2.742753029e+02 -1.0156e+00 -2.2684e+00 -5.0655e-01 -2.2707e+00 +2.6796e+00
% function evaluation | noise-free fitness - Fopt (1.000000000000e+03) | best noise-free fitness - Fopt | measured fitness | best measured fitness | x1 | x2...
1 +5.614414679e+06 +5.614414679e+06 +5.615414679e+06 +5.615414679e+06 +8.2829e-01 -2.3374e+00 +3.6942e+00 -2.9377e+00 +2.0917e+00
3 +2.047323769e+06 +2.047323769e+06 +2.048323769e+06 +2.048323769e+06 +1.4989e+00 +2.3550e+00 -4.5072e+00 -4.4877e+00 -1.4130e+00
10 +9.860301855e+05 +9.860301855e+05 +9.870301855e+05 +9.870301855e+05 +1.6025e+00 +1.8139e+00 -1.1747e+00 -1.9885e+00 -1.1439e+00
12 +9.876599275e+04 +9.876599275e+04 +9.976599275e+04 +9.976599275e+04 +6.9756e-01 -3.9905e+00 -3.2019e+00 -3.5017e+00 -2.8332e-01
47 +4.336613349e+04 +4.336613349e+04 +4.436613349e+04 +4.436613349e+04 -3.1048e+00 -2.7602e-01 +1.9222e+00 -3.2542e+00 -5.0321e-02
158 +2.022709847e+04 +2.022709847e+04 +2.122709847e+04 +2.122709847e+04 +4.4959e+00 -1.5821e+00 -2.6463e+00 -2.4082e+00 -1.3652e-01
461 +1.452378628e+04 +1.452378628e+04 +1.552378628e+04 +1.552378628e+04 +6.4342e-01 +3.6363e+00 +1.8646e+00 -2.1550e+00 -2.6487e-01
868 +8.258140713e+03 +8.258140713e+03 +9.258140713e+03 +9.258140713e+03 -3.9488e+00 +2.5702e+00 +1.9296e+00 -2.3325e+00 -2.4363e-01
2140 +2.552487890e+03 +2.552487890e+03 +3.552487890e+03 +3.552487890e+03 +1.1556e+00 +4.7662e+00 +1.6643e+00 -2.1293e+00 -1.5005e-01
2522 +1.591440302e+03 +1.591440302e+03 +2.591440302e+03 +2.591440302e+03 +1.1697e+00 -2.1892e+00 +2.2557e+00 -2.0785e+00 -1.6566e-01
3118 +1.418096527e+03 +1.418096527e+03 +2.418096527e+03 +2.418096527e+03 -4.1072e+00 +1.1260e+00 +1.5830e+00 -2.3516e+00 -1.7814e-01
% function evaluation | noise-free fitness - Fopt (3.261100000000e+02) | best noise-free fitness - Fopt | measured fitness | best measured fitness | x1 | x2...
1 +3.527315630e+07 +3.527315630e+07 +3.527348241e+07 +3.527348241e+07 +3.4153e+00 +1.1160e+00 +1.2403e+00 +4.1056e+00 +4.1426e+00
4 +1.829858327e+07 +1.829858327e+07 +1.829890938e+07 +1.829890938e+07 +1.3320e+00 +1.0734e+00 -1.9163e+00 -3.8086e+00 +2.4770e+00
5 +8.943499872e+06 +8.943499872e+06 +8.943825982e+06 +8.943825982e+06 -1.1034e+00 -8.4547e-02 +3.0686e+00 +2.4930e+00 +1.2744e+00
7 +5.519698257e+05 +5.519698257e+05 +5.522959357e+05 +5.522959357e+05 -5.1255e-01 +2.0888e+00 -1.4080e+00 +4.0054e+00 -1.4677e+00
22 +1.571388238e+05 +1.571388238e+05 +1.574649338e+05 +1.574649338e+05 -2.9666e+00 -1.7367e+00 -3.9267e+00 -4.8683e-01 -1.4145e+00
34 +2.488234471e+04 +2.488234471e+04 +2.520845471e+04 +2.520845471e+04 +2.3291e+00 +2.4440e+00 +1.8288e+00 -4.9681e-01 -1.6260e+00
567 +8.497323595e+03 +8.497323595e+03 +8.823433595e+03 +8.823433595e+03 +3.3670e+00 +1.3616e+00 +4.3785e+00 +2.8297e-01 -1.6528e+00
760 +4.254170094e+03 +4.254170094e+03 +4.580280094e+03 +4.580280094e+03 +1.0210e+00 +3.7656e+00 +1.6472e+00 +4.3248e-01 -1.7476e+00
1761 +4.380780651e+02 +4.380780651e+02 +7.641880651e+02 +7.641880651e+02 +2.0459e+00 +3.4556e+00 +2.4796e+00 +2.4369e-01 -1.7320e+00
% function evaluation | noise-free fitness - Fopt (-4.682000000000e+01) | best noise-free fitness - Fopt | measured fitness | best measured fitness | x1 | x2...
1 +3.518185538e+06 +3.518185538e+06 +3.518138718e+06 +3.518138718e+06 +1.6635e+00 +7.1553e-01 +3.2644e+00 -4.0394e+00 +1.4660e+00
2 +1.756272997e+06 +1.756272997e+06 +1.756226177e+06 +1.756226177e+06 +9.5238e-01 +1.6909e+00 +1.9885e+00 -3.0804e+00 +4.4077e+00
4 +6.292554049e+05 +6.292554049e+05 +6.292085849e+05 +6.292085849e+05 +1.8063e+00 -4.8166e+00 -2.6766e+00 -3.2657e+00 +4.0302e+00
20 +2.774970414e+05 +2.774970414e+05 +2.774502214e+05 +2.774502214e+05 +2.4985e+00 +2.7693e+00 -3.3137e+00 +5.7767e-01 +3.3028e+00
34 +1.052297319e+05 +1.052297319e+05 +1.051829119e+05 +1.051829119e+05 -3.7376e+00 +3.0968e+00 +1.6015e+00 -3.7176e+00 +3.1264e+00
251 +2.265888107e+04 +2.265888107e+04 +2.261206107e+04 +2.261206107e+04 -2.6118e-01 +6.6658e-01 +4.2295e+00 -2.8345e+00 +3.2926e+00
426 +5.398329803e+03 +5.398329803e+03 +5.351509803e+03 +5.351509803e+03 -5.0000e+00 -1.2915e-01 +3.0832e-01 -1.9709e+00 +3.2187e+00
898 +2.187797545e+03 +2.187797545e+03 +2.140977545e+03 +2.140977545e+03 -4.0020e+00 +4.5637e+00 +2.6867e+00 -1.8539e+00 +3.2140e+00
2544 +6.059013298e+02 +6.059013298e+02 +5.590813298e+02 +5.590813298e+02 -4.2609e+00 +2.1800e+00 +2.6124e+00 -2.0889e+00 +3.1927e+00
% function evaluation | noise-free fitness - Fopt (-5.563000000000e+01) | best noise-free fitness - Fopt | measured fitness | best measured fitness | x1 | x2...
1 +2.716609474e+06 +2.716609474e+06 +2.716553844e+06 +2.716553844e+06 -4.2139e+00 -2.2779e+00 +1.2689e+00 -4.1132e+00 +3.1200e+00
5 +8.726946138e+04 +8.726946138e+04 +8.721383138e+04 +8.721383138e+04 -4.6119e+00 -3.2839e+00 -2.3084e+00 -2.1558e+00 +1.3937e+00
128 +9.229305821e+03 +9.229305821e+03 +9.173675821e+03 +9.173675821e+03 +7.3836e-02 -2.9375e+00 -3.5611e+00 -1.1492e+00 +1.4508e+00
589 +1.722354375e+02 +1.722354375e+02 +1.166054375e+02 +1.166054375e+02 +3.3531e-01 -1.0135e+00 -2.6230e+00 -6.8825e-01 +1.4658e+00
% function evaluation | noise-free fitness - Fopt (3.460000000000e+01) | best noise-free fitness - Fopt | measured fitness | best measured fitness | x1 | x2...
1 +2.293754401e+06 +2.293754401e+06 +2.293789001e+06 +2.293789001e+06 +2.8270e+00 -2.7326e+00 -2.5228e+00 +3.6027e+00 -3.1039e+00
2 +5.635375212e+05 +5.635375212e+05 +5.635721212e+05 +5.635721212e+05 -1.2697e+00 -1.5659e+00 +4.2307e+00 -2.6966e+00 -2.2033e+00
25 +6.115199079e+04 +6.115199079e+04 +6.118659079e+04 +6.118659079e+04 +4.5353e+00 -1.8483e+00 -2.7664e+00 +1.9092e+00 -1.7562e+00
100 +1.853851909e+04 +1.853851909e+04 +1.857311909e+04 +1.857311909e+04 -3.8543e+00 -4.1906e+00 -4.7006e-01 +1.3618e+00 -1.7894e+00
338 +1.034787760e+04 +1.034787760e+04 +1.038247760e+04 +1.038247760e+04 +3.8494e+00 +7.3809e-02 -1.5830e+00 +8.6981e-01 -1.8957e+00
848 +8.665284220e+03 +8.665284220e+03 +8.699884220e+03 +8.699884220e+03 -2.9489e+00 -4.4823e+00 -7.4670e-01 +8.7467e-01 -1.8760e+00
1051 +2.675199695e+03 +2.675199695e+03 +2.709799695e+03 +2.709799695e+03 +5.4762e-01 +2.1827e+00 -2.0330e+00 +5.2949e-01 -1.7536e+00
2088 +9.209063528e+02 +9.209063528e+02 +9.555063528e+02 +9.555063528e+02 +1.2274e+00 +1.9652e+00 -1.5762e+00 +6.6234e-01 -1.7681e+00
5012 +3.333391678e+02 +3.333391678e+02 +3.679391678e+02 +3.679391678e+02 -3.1708e+00 +1.9837e+00 -1.8987e+00 +7.5462e-01 -1.8015e+00
% function evaluation | noise-free fitness - Fopt (8.816000000000e+01) | best noise-free fitness - Fopt | measured fitness | best measured fitness | x1 | x2...
1 +6.820952317e+06 +6.820952317e+06 +6.821040477e+06 +6.821040477e+06 +2.6176e-01 -3.8233e+00 -4.4083e+00 -2.4022e+00 +1.3734e+00
2 +6.154871088e+06 +6.154871088e+06 +6.154959248e+06 +6.154959248e+06 +2.8733e-01 +4.0645e+00 +4.1788e+00 +5.9639e-01 -3.3908e+00
4 +3.748323894e+06 +3.748323894e+06 +3.748412054e+06 +3.748412054e+06 -3.2570e+00 -4.1719e+00 -4.4112e+00 -3.2152e+00 -2.3043e+00
5 +1.532571984e+06 +1.532571984e+06 +1.532660144e+06 +1.532660144e+06 +4.3273e+00 +6.9819e-02 -7.6599e-01 -3.4060e+00 -5.7421e-01
11 +3.773114436e+05 +3.773114436e+05 +3.773996036e+05 +3.773996036e+05 +6.9551e-01 +1.8092e+00 +2.0442e+00 +6.2173e-01 -6.0399e-01
36 +4.748034693e+04 +4.748034693e+04 +4.756850693e+04 +4.756850693e+04 -1.6626e+00 +4.8403e+00 -1.7693e+00 +4.5565e+00 -7.3985e-01
204 +1.704959513e+04 +1.704959513e+04 +1.713775513e+04 +1.713775513e+04 -1.3443e+00 -4.8803e+00 -2.6894e+00 +3.9459e+00 -8.6471e-01
263 +1.547357396e+04 +1.547357396e+04 +1.556173396e+04 +1.556173396e+04 +1.9916e+00 -3.1462e+00 -2.6074e+00 +3.5328e+00 -8.5081e-01
270 +9.807795710e+03 +9.807795710e+03 +9.895955710e+03 +9.895955710e+03 +1.3709e+00 -4.4474e+00 -1.5000e+00 +3.9873e+00 -8.9343e-01
628 +5.166460033e+03 +5.166460033e+03 +5.254620033e+03 +5.254620033e+03 +3.5132e-01 +9.8420e-02 +9.3234e-01 +3.4557e+00 -9.4648e-01
1380 +3.385619486e+03 +3.385619486e+03 +3.473779486e+03 +3.473779486e+03 -5.0000e+00 +3.0957e+00 +7.4921e-01 +3.4235e+00 -8.6106e-01
3190 +2.360084348e+03 +2.360084348e+03 +2.448244348e+03 +2.448244348e+03 -5.0000e+00 -4.1903e+00 +1.3373e+00 +3.7159e+00 -9.0273e-01
4917 +1.557588746e+03 +1.557588746e+03 +1.645748746e+03 +1.645748746e+03 -1.7079e+00 +4.6586e+00 +1.5179e+00 +3.5751e+00 -9.1643e-01
7621 +7.862771083e+02 +7.862771083e+02 +8.744371083e+02 +8.744371083e+02 +1.4375e+00 -6.2653e-01 +8.4770e-01 +3.6320e+00 -8.9869e-01
% function evaluation | noise-free fitness - Fopt (-1.866200000000e+02) | best noise-free fitness - Fopt | measured fitness | best measured fitness | x1 | x2...
1 +1.100753515e+07 +1.100753515e+07 +1.100734853e+07 +1.100734853e+07 -3.3654e+00 +3.1556e+00 -3.7970e+00 -2.8593e+00 +3.7983e+00
2 +3.840800555e+05 +3.840800555e+05 +3.838934355e+05 +3.838934355e+05 +6.9857e-01 +3.4487e+00 -2.3556e+00 -4.8341e-01 +7.5125e-01
23 +7.747738105e+04 +7.747738105e+04 +7.729076105e+04 +7.729076105e+04 -3.9762e+00 -3.0392e+00 +1.8160e+00 -3.7567e+00 +1.3466e-01
165 +6.087615232e+04 +6.087615232e+04 +6.068953232e+04 +6.068953232e+04 -1.8510e+00 -5.0000e+00 -5.0000e+00 -3.8030e+00 +3.3631e-01
168 +2.620362883e+04 +2.620362883e+04 +2.601700883e+04 +2.601700883e+04 -4.8717e+00 -2.6466e+00 +2.6609e+00 -3.9048e+00 +4.8803e-01
209 +5.644446169e+03 +5.644446169e+03 +5.457826169e+03 +5.457826169e+03 +3.1063e+00 +1.3351e+00 +1.6538e+00 -2.7343e+00 +4.1209e-01
814 +1.778365843e+03 +1.778365843e+03 +1.591745843e+03 +1.591745843e+03 -4.0942e+00 -3.3905e+00 +3.2586e+00 -3.0401e+00 +3.9107e-01
1743 +1.135645644e+03 +1.135645644e+03 +9.490256442e+02 +9.490256442e+02 -3.9005e+00 +1.1501e+00 +1.3573e+00 -3.1145e+00 +3.8460e-01
2598 +5.084810498e+02 +5.084810498e+02 +3.218610498e+02 +3.218610498e+02 +5.0000e+00 -6.2918e-01 +1.9609e+00 -3.1959e+00 +4.0762e-01
6161 +3.628774944e+02 +3.628774944e+02 +1.762574944e+02 +1.762574944e+02 -6.4672e-01 -1.8092e+00 +2.1928e+00 -3.2267e+00 +4.0321e-01
6858 +1.977364296e+02 +1.977364296e+02 +1.111642959e+01 +1.111642959e+01 +4.4647e+00 -1.1742e+00 +2.3449e+00 -3.1592e+00 +3.8474e-01
