% function evaluation | noise-free fitness - Fopt (1.238300000000e+02) | best noise-free fitness - Fopt | measured fitness | best measured fitness | x1 | x2...
1 +3.527616187e+04 +3.527616187e+04 +3.539999187e+04 +3.539999187e+04 +1.1787e+00 +4.0345e-01 -8.4338e-01 +4.1918e+00 +9.4647e-02
3 +2.312529228e+04 +2.312529228e+04 +2.324912228e+04 +2.324912228e+04 +1.4948e+00 -1.0026e+00 -4.9625e+00 +1.8717e+00 +4.0397e-01
27 +1.209727085e+04 +1.209727085e+04 +1.222110085e+04 +1.222110085e+04 -2.0432e+00 +5.5848e-01 +2.3639e+00 +3.5966e+00 +7.9688e-02
38 +6.865473939e+03 +6.865473939e+03 +6.989303939e+03 +6.989303939e+03 -8.1530e-01 +2.2310e+00 -9.3012e-01 +3.3988e+00 -4.2780e+00
53 +4.010417189e+03 +4.010417189e+03 +4.134247189e+03 +4.134247189e+03 -9.5946e-01 +7.7221e-01 -6.7132e-01 +1.0445e+00 -3.9776e+00
67 +2.469662348e+03 +2.469662348e+03 +2.593492348e+03 +2.593492348e+03 +8.5515e-01 +1.5345e-01 -3.5154e+00 -8.6666e-02 +1.5254e+00
71 +1.389552545e+03 +1.389552545e+03 +1.513382545e+03 +1.513382545e+03 +1.0775e+00 -2.4968e+00 +3.8849e-01 -1.2529e+00 +6.4412e-01
509 +9.799127949e+02 +9.799127949e+02 +1.103742795e+03 +1.103742795e+03 +1.0918e+00 -2.4005e+00 +4.1222e-01 -1.2689e+00 +7.3304e-01
1030 +6.239892331e+02 +6.239892331e+02 +7.478192331e+02 +7.478192331e+02 +1.1177e+00 -2.2829e+00 +4.1956e-01 -1.2250e+00 +8.1245e-01
1440 +3.848317651e+02 +3.848317651e+02 +5.086617651e+02 +5.086617651e+02 +1.1162e+00 -2.2248e+00 +4.4735e-01 -1.2572e+00 +9.4139e-01
1779 +2.461340412e+02 +2.461340412e+02 +3.699640412e+02 +3.699640412e+02 +1.1229e+00 -2.1530e+00 +4.4826e-01 -1.2192e+00 +1.0109e+00
2099 +1.579333138e+02 +1.579333138e+02 +2.817633138e+02 +2.817633138e+02 +1.1585e+00 -2.0700e+00 +4.3449e-01 -1.2210e+00 +1.0622e+00
2351 +9.601505840e+01 +9.601505840e+01 +2.198450584e+02 +2.198450584e+02 +1.1960e+00 -1.9805e+00 +4.8423e-01 -1.2271e+00 +1.1119e+00
2685 +6.260293483e+01 +6.260293483e+01 +1.864329348e+02 +1.864329348e+02 +1.1964e+00 -1.9134e+00 +5.1932e-01 -1.2584e+00 +1.1926e+00
3114 +3.923629268e+01 +3.923629268e+01 +1.630662927e+02 +1.630662927e+02 +1.3044e+00 -1.8655e+00 +6.0112e-01 -1.2188e+00 +1.2331e+00
3489 +2.457865972e+01 +2.457865972e+01 +1.484086597e+02 +1.484086597e+02 +1.3171e+00 -1.8021e+00 +7.0026e-01 -1.1598e+00 +1.2167e+00
3676 +1.521473371e+01 +1.521473371e+01 +1.390447337e+02 +1.390447337e+02 +1.3732e+00 -1.7922e+00 +7.5931e-01 -1.1359e+00 +1.1888e+00
3905 +9.164046321e+00 +9.164046321e+00 +1.329940463e+02 +1.329940463e+02 +1.4187e+00 -1.7810e+00 +8.0966e-01 -1.1296e+00 +1.1987e+00
4044 +6.300110758e+00 +6.300110758e+00 +1.301301108e+02 +1.301301108e+02 +1.4205e+00 -1.7675e+00 +8.4546e-01 -1.1355e+00 +1.2108e+00
4195 +3.840914230e+00 +3.840914230e+00 +1.276709142e+02 +1.276709142e+02 +1.4274e+00 -1.7332e+00 +8.8475e-01 -1.1415e+00 +1.1786e+00
4338 +2.422778237e+00 +2.422778237e+00 +1.262527782e+02 +1.262527782e+02 +1.4498e+00 -1.7194e+00 +9.0461e-01 -1.1064e+00 +1.1561e+00
4420 +1.581367115e+00 +1.581367115e+00 +1.254113671e+02 +1.254113671e+02 +1.4682e+00 -1.7515e+00 +9.1906e-01 -1.1209e+00 +1.1957e+00
4520 +8.552774574e-01 +8.552774574e-01 +1.246852775e+02 +1.246852775e+02 +1.4343e+00 -1.7067e+00 +9.4303e-01 -1.0701e+00 +1.1640e+00
4743 +6.242992346e-01 +6.242992346e-01 +1.244542992e+02 +1.244542992e+02 +1.4444e+00 -1.7025e+00 +9.7258e-01 -1.0658e+00 +1.1626e+00
37554 +3.977586297e-01 +3.977586297e-01 +1.242277586e+02 +1.242277586e+02 +1.1967e+00 -1.4481e+00 +9.4893e-01 -8.1309e-01 +9.2657e-01
58218 +2.484838582e-01 +2.484838582e-01 +1.240784839e+02 +1.240784839e+02 +1.0246e+00 -1.2499e+00 +9.3487e-01 -6.3745e-01 +7.6379e-01
81485 +1.561710263e-01 +1.561710263e-01 +1.239861710e+02 +1.239861710e+02 +8.8020e-01 -1.0878e+00 +9.1165e-01 -4.9305e-01 +6.3266e-01
% function evaluation | noise-free fitness - Fopt (4.751000000000e+01) | best noise-free fitness - Fopt | measured fitness | best measured fitness | x1 | x2...
1 +8.397336908e+04 +8.397336908e+04 +8.402087908e+04 +8.402087908e+04 -6.1044e-01 +1.9758e+00 -2.4036e+00 +2.0598e+00 -3.9617e+00
2 +2.071202587e+04 +2.071202587e+04 +2.075953587e+04 +2.075953587e+04 +2.3732e-01 +1.0686e-01 -2.3047e+00 +3.8961e+00 -2.0105e+00
8 +1.437598176e+04 +1.437598176e+04 +1.442349176e+04 +1.442349176e+04 +1.1770e+00 -5.9958e-01 +3.7057e-01 -2.7639e+00 +3.3537e+00
11 +1.822983898e+02 +1.822983898e+02 +2.298083898e+02 +2.298083898e+02 -8.6684e-01 -1.0396e+00 +1.4464e+00 +2.7797e-02 -8.5278e-02
269 +1.564654350e+02 +1.564654350e+02 +2.039754350e+02 +2.039754350e+02 -8.4649e-01 -1.0151e+00 +1.4017e+00 +6.6490e-02 -8.1920e-02
766 +9.865339734e+01 +9.865339734e+01 +1.461633973e+02 +1.461633973e+02 -8.1551e-01 -9.6302e-01 +1.2417e+00 +1.4611e-01 -8.3233e-02
1259 +6.245598109e+01 +6.245598109e+01 +1.099659811e+02 +1.099659811e+02 -7.3933e-01 -8.7454e-01 +1.1353e+00 +2.0463e-01 -1.1325e-01
1770 +3.923551973e+01 +3.923551973e+01 +8.674551973e+01 +8.674551973e+01 -6.6492e-01 -8.1465e-01 +1.0496e+00 +2.8337e-01 -7.5459e-02
2143 +2.459255322e+01 +2.459255322e+01 +7.210255322e+01 +7.210255322e+01 -6.0277e-01 -7.2128e-01 +1.0102e+00 +3.6354e-01 -6.8397e-02
2468 +1.579988733e+01 +1.579988733e+01 +6.330988733e+01 +6.330988733e+01 -5.9073e-01 -6.5588e-01 +9.0242e-01 +3.4665e-01 -1.1105e-01
2809 +9.674432793e+00 +9.674432793e+00 +5.718443279e+01 +5.718443279e+01 -5.3830e-01 -5.7174e-01 +8.7011e-01 +3.6583e-01 -1.6158e-01
3044 +6.247765981e+00 +6.247765981e+00 +5.375776598e+01 +5.375776598e+01 -4.5803e-01 -5.2404e-01 +8.3576e-01 +3.7764e-01 -1.5462e-01
3370 +3.975186334e+00 +3.975186334e+00 +5.148518633e+01 +5.148518633e+01 -4.1788e-01 -4.5222e-01 +7.7020e-01 +4.3017e-01 -1.7625e-01
5982 +2.501611644e+00 +2.501611644e+00 +5.001161164e+01 +5.001161164e+01 -6.0748e-01 -2.6016e-02 +4.8473e-01 +2.8254e-01 -4.2921e-02
7514 +1.577854573e+00 +1.577854573e+00 +4.908785457e+01 +4.908785457e+01 -6.4837e-01 +1.1642e-01 +1.5890e-01 +1.7396e-01 +7.3838e-02
8993 +9.842488843e-01 +9.842488843e-01 +4.849424888e+01 +4.849424888e+01 -6.1288e-01 +1.5898e-01 -7.6682e-02 +3.1346e-02 +1.4473e-01
10733 +6.219476969e-01 +6.219476969e-01 +4.813194770e+01 +4.813194770e+01 -5.0347e-01 +1.8993e-01 -2.3857e-01 -7.6584e-02 +1.6930e-01
12813 +3.849004284e-01 +3.849004284e-01 +4.789490043e+01 +4.789490043e+01 -3.8289e-01 +2.1539e-01 -3.6362e-01 -1.7773e-01 +1.9337e-01
14549 +2.421939082e-01 +2.421939082e-01 +4.775219391e+01 +4.775219391e+01 -2.7814e-01 +2.5660e-01 -4.4891e-01 -2.3787e-01 +2.0314e-01
16189 +1.528156637e-01 +1.528156637e-01 +4.766281566e+01 +4.766281566e+01 -1.6265e-01 +2.9379e-01 -5.1843e-01 -2.9728e-01 +2.0355e-01
18971 +9.983611687e-02 +9.983611687e-02 +4.760983612e+01 +4.760983612e+01 -5.7699e-02 +3.2130e-01 -5.6712e-01 -3.3797e-01 +2.0302e-01
23602 +5.947999777e-02 +5.947999777e-02 +4.756948000e+01 +4.756948000e+01 +2.7092e-02 +3.5720e-01 -6.1482e-01 -3.7109e-01 +2.0337e-01
25747 +3.927837148e-02 +3.927837148e-02 +4.754927837e+01 +4.754927837e+01 +1.0143e-01 +3.8273e-01 -6.4663e-01 -3.9927e-01 +2.0181e-01
32229 +2.154697481e-02 +2.154697481e-02 +4.753154697e+01 +4.753154697e+01 +1.6474e-01 +4.0304e-01 -6.7856e-01 -4.2097e-01 +1.9944e-01
44792 +1.435222776e-02 +1.435222776e-02 +4.752435223e+01 +4.752435223e+01 +2.1600e-01 +4.2130e-01 -6.9879e-01 -4.3662e-01 +1.9709e-01
% function evaluation | noise-free fitness - Fopt (5.534000000000e+01) | best noise-free fitness - Fopt | measured fitness | best measured fitness | x1 | x2...
1 +5.252040298e+04 +5.252040298e+04 +5.257574298e+04 +5.257574298e+04 +1.8893e+00 -9.3428e-01 +8.9881e-02 +4.9739e+00 +4.1166e+00
2 +2.746892828e+04 +2.746892828e+04 +2.752426828e+04 +2.752426828e+04 -4.3839e+00 +2.4873e+00 +1.9149e+00 +1.4019e+00 -1.5930e+00
10 +5.563487202e+03 +5.563487202e+03 +5.618827202e+03 +5.618827202e+03 -3.5738e-01 +3.1520e+00 -5.9641e-02 -1.5403e-01 +1.1762e-01
11 +3.594080415e+03 +3.594080415e+03 +3.649420415e+03 +3.649420415e+03 +4.0623e+00 -2.9421e+00 -3.4283e+00 -1.9506e+00 +1.7894e+00
40 +1.824429863e+03 +1.824429863e+03 +1.879769863e+03 +1.879769863e+03 +7.4222e-01 -4.6497e-01 -4.5602e+00 -3.9557e+00 +2.6348e+00
85 +1.323672281e+03 +1.323672281e+03 +1.379012281e+03 +1.379012281e+03 +1.3641e+00 +1.1968e+00 +3.3849e-01 -1.1492e+00 +1.2565e+00
520 +9.969402234e+02 +9.969402234e+02 +1.052280223e+03 +1.052280223e+03 +1.2671e+00 +1.1431e+00 +3.5272e-01 -1.2225e+00 +1.1623e+00
1327 +6.239087145e+02 +6.239087145e+02 +6.792487145e+02 +6.792487145e+02 +1.1618e+00 +1.0093e+00 +3.9536e-01 -1.2882e+00 +9.7317e-01
2219 +3.921424479e+02 +3.921424479e+02 +4.474824479e+02 +4.474824479e+02 +1.0405e+00 +8.2539e-01 +4.9454e-01 -1.4028e+00 +8.4425e-01
3247 +2.511583760e+02 +2.511583760e+02 +3.064983760e+02 +3.064983760e+02 +1.0256e+00 +5.8218e-01 +7.3316e-01 -1.4228e+00 +7.2658e-01
4520 +1.580282585e+02 +1.580282585e+02 +2.133682585e+02 +2.133682585e+02 +8.7356e-01 +3.0202e-01 +8.3265e-01 -1.1783e+00 +5.8043e-01
5949 +9.950517345e+01 +9.950517345e+01 +1.548451734e+02 +1.548451734e+02 +7.2883e-01 +6.0631e-02 +9.5175e-01 -9.0032e-01 +3.6533e-01
7213 +6.205424317e+01 +6.205424317e+01 +1.173942432e+02 +1.173942432e+02 +5.8352e-01 -7.3276e-02 +9.2014e-01 -5.8477e-01 +1.7955e-01
7923 +3.956087031e+01 +3.956087031e+01 +9.490087031e+01 +9.490087031e+01 +4.9814e-01 -1.2824e-01 +8.6961e-01 -3.9090e-01 +1.0526e-02
8541 +2.509894099e+01 +2.509894099e+01 +8.043894099e+01 +8.043894099e+01 +3.8170e-01 -7.6976e-02 +8.5204e-01 -2.7452e-01 -1.0700e-01
9090 +1.554127847e+01 +1.554127847e+01 +7.088127847e+01 +7.088127847e+01 +3.0025e-01 -9.7350e-02 +8.2570e-01 -1.5838e-01 -1.7211e-01
9387 +9.715925817e+00 +9.715925817e+00 +6.505592582e+01 +6.505592582e+01 +2.6020e-01 -9.0502e-02 +7.7562e-01 -6.9194e-02 -2.1815e-01
9694 +6.121958555e+00 +6.121958555e+00 +6.146195856e+01 +6.146195856e+01 +2.2357e-01 -6.9164e-02 +7.6365e-01 -1.2248e-02 -2.8484e-01
9960 +3.716624319e+00 +3.716624319e+00 +5.905662432e+01 +5.905662432e+01 +1.9136e-01 -7.5981e-02 +7.0911e-01 +2.7321e-02 -3.2709e-01
10099 +2.438020760e+00 +2.438020760e+00 +5.777802076e+01 +5.777802076e+01 +1.3428e-01 -5.3310e-02 +6.8029e-01 +8.2852e-02 -3.3920e-01
11117 +1.584434388e+00 +1.584434388e+00 +5.692443439e+01 +5.692443439e+01 +9.2632e-02 +1.1414e-01 +5.6662e-01 +1.1096e-01 -3.7109e-01
12111 +9.980279972e-01 +9.980279972e-01 +5.633802800e+01 +5.633802800e+01 +4.9025e-02 +3.4060e-01 +4.0353e-01 +8.8972e-02 -3.5628e-01
13586 +6.250657411e-01 +6.250657411e-01 +5.596506574e+01 +5.596506574e+01 +2.5176e-03 +4.8701e-01 +2.2870e-01 +7.2947e-02 -3.2510e-01
15453 +3.963887220e-01 +3.963887220e-01 +5.573638872e+01 +5.573638872e+01 -1.0536e-02 +5.5987e-01 +5.3958e-02 +2.8244e-02 -2.7198e-01
17477 +2.483679544e-01 +2.483679544e-01 +5.558836795e+01 +5.558836795e+01 -8.0221e-03 +6.1999e-01 -7.9821e-02 +5.0908e-03 -2.2657e-01
21902 +1.525655552e-01 +1.525655552e-01 +5.549256556e+01 +5.549256556e+01 +1.8533e-03 +6.5928e-01 -1.9865e-01 -3.5898e-02 -1.7100e-01
25170 +9.613017860e-02 +9.613017860e-02 +5.543613018e+01 +5.543613018e+01 +1.4006e-02 +6.9076e-01 -3.1173e-01 -7.1344e-02 -1.1803e-01
28183 +6.245759918e-02 +6.245759918e-02 +5.540245760e+01 +5.540245760e+01 +2.4919e-02 +7.1186e-01 -3.9837e-01 -1.0406e-01 -8.0824e-02
35174 +3.794111461e-02 +3.794111461e-02 +5.537794111e+01 +5.537794111e+01 +3.7535e-02 +7.2598e-01 -4.6972e-01 -1.3078e-01 -4.1789e-02
50167 +2.397323651e-02 +2.397323651e-02 +5.536397324e+01 +5.536397324e+01 +5.1005e-02 +7.4390e-01 -5.3625e-01 -1.5909e-01 -5.7875e-03
54202 +1.353810442e-02 +1.353810442e-02 +5.535353810e+01 +5.535353810e+01 +6.0439e-02 +7.4951e-01 -5.8554e-01 -1.8066e-01 +2.1029e-02
61628 +8.632470147e-03 +8.632470147e-03 +5.534863247e+01 +5.534863247e+01 +6.6616e-02 +7.5753e-01 -6.2172e-01 -1.9413e-01 +4.1909e-02
% function evaluation | noise-free fitness - Fopt (-9.033000000000e+01) | best noise-free fitness - Fopt | measured fitness | best measured fitness | x1 | x2...
1 +1.848757344e+04 +1.848757344e+04 +1.839724344e+04 +1.839724344e+04 -4.9629e+00 -4.1249e-01 -1.0364e+00 -9.2779e-01 -2.4029e+00
2 +9.904827581e+03 +9.904827581e+03 +9.814497581e+03 +9.814497581e+03 -7.3230e-02 +4.7707e+00 +3.1436e+00 -1.4983e-02 -2.2627e+00
18 +5.110044477e+03 +5.110044477e+03 +5.019714477e+03 +5.019714477e+03 -2.5238e+00 +2.2064e+00 -2.8096e-01 -4.6492e+00 -4.0234e+00
38 +2.180660171e+03 +2.180660171e+03 +2.090330171e+03 +2.090330171e+03 -2.4892e+00 +1.1144e+00 +1.0005e+00 -1.8127e+00 -3.1768e+00
61 +4.821296779e+02 +4.821296779e+02 +3.917996779e+02 +3.917996779e+02 -5.3013e-01 +3.0232e+00 +9.9170e-01 -1.3718e+00 -9.0264e-01
305 +3.946318893e+02 +3.946318893e+02 +3.043018893e+02 +3.043018893e+02 -5.5664e-01 +2.9831e+00 +9.8646e-01 -1.3872e+00 -9.3123e-01
634 +2.408108743e+02 +2.408108743e+02 +1.504808743e+02 +1.504808743e+02 -5.6943e-01 +2.8671e+00 +1.0028e+00 -1.4208e+00 -9.8155e-01
996 +1.580446515e+02 +1.580446515e+02 +6.771465154e+01 +6.771465154e+01 -6.0714e-01 +2.8015e+00 +1.0817e+00 -1.3881e+00 -1.0508e+00
2047 +9.964758983e+01 +9.964758983e+01 +9.317589829e+00 +9.317589829e+00 -6.3596e-01 +2.6582e+00 +1.1935e+00 -1.2033e+00 -1.1963e+00
2957 +6.182737185e+01 +6.182737185e+01 -2.850262815e+01 -2.850262815e+01 -7.4770e-01 +2.6620e+00 +1.2050e+00 -9.0855e-01 -1.2903e+00
3516 +3.952869163e+01 +3.952869163e+01 -5.080130837e+01 -5.080130837e+01 -7.9757e-01 +2.7281e+00 +1.2188e+00 -7.7499e-01 -1.3726e+00
3915 +2.464177588e+01 +2.464177588e+01 -6.568822412e+01 -6.568822412e+01 -8.5791e-01 +2.7373e+00 +1.2400e+00 -7.1499e-01 -1.4369e+00
4138 +1.566630905e+01 +1.566630905e+01 -7.466369095e+01 -7.466369095e+01 -8.9392e-01 +2.7947e+00 +1.2768e+00 -6.7397e-01 -1.4858e+00
4407 +9.968736420e+00 +9.968736420e+00 -8.036126358e+01 -8.036126358e+01 -9.1481e-01 +2.7725e+00 +1.2657e+00 -6.0233e-01 -1.5312e+00
4705 +5.947122322e+00 +5.947122322e+00 -8.438287768e+01 -8.438287768e+01 -9.4956e-01 +2.8307e+00 +1.3208e+00 -5.7016e-01 -1.5708e+00
% function evaluation | noise-free fitness - Fopt (6.561000000000e+01) | best noise-free fitness - Fopt | measured fitness | best measured fitness | x1 | x2...
1 +3.432319421e+03 +3.432319421e+03 +3.497929421e+03 +3.497929421e+03 -9.4933e-01 -6.8465e-01 -3.5776e+00 +3.0288e+00 +2.0938e+00
22 +3.523190211e+02 +3.523190211e+02 +4.179290211e+02 +4.179290211e+02 +4.8354e-02 -1.1771e+00 -3.0060e+00 +1.0099e+00 +1.2945e+00
1340 +2.466598172e+02 +2.466598172e+02 +3.122698172e+02 +3.122698172e+02 +2.1252e-02 -9.4914e-01 -2.9410e+00 +6.3736e-01 +1.3444e+00
2244 +1.583881155e+02 +1.583881155e+02 +2.239981155e+02 +2.239981155e+02 +5.7197e-02 -8.5967e-01 -3.0190e+00 +3.6521e-01 +1.4046e+00
3017 +9.965015571e+01 +9.965015571e+01 +1.652601557e+02 +1.652601557e+02 +4.4438e-02 -7.5063e-01 -3.1386e+00 +1.6935e-01 +1.3824e+00
3528 +6.162919755e+01 +6.162919755e+01 +1.272391976e+02 +1.272391976e+02 -9.3228e-03 -8.1688e-01 -3.1228e+00 +2.2087e-03 +1.3771e+00
3981 +3.965490300e+01 +3.965490300e+01 +1.052649030e+02 +1.052649030e+02 -5.0420e-02 -8.3913e-01 -3.1309e+00 -9.1126e-02 +1.3039e+00
4232 +2.478339286e+01 +2.478339286e+01 +9.039339286e+01 +9.039339286e+01 -7.4887e-02 -8.7369e-01 -3.1410e+00 -1.9208e-01 +1.2918e+00
4498 +1.533396855e+01 +1.533396855e+01 +8.094396855e+01 +8.094396855e+01 -1.3733e-01 -8.8175e-01 -3.1653e+00 -2.3104e-01 +1.2789e+00
4700 +9.601996035e+00 +9.601996035e+00 +7.521199603e+01 +7.521199603e+01 -1.6036e-01 -8.7776e-01 -3.1538e+00 -2.8772e-01 +1.2572e+00
4841 +6.049137578e+00 +6.049137578e+00 +7.165913758e+01 +7.165913758e+01 -1.8276e-01 -9.0720e-01 -3.1453e+00 -3.1377e-01 +1.2256e+00
4949 +3.146144815e+00 +3.146144815e+00 +6.875614482e+01 +6.875614482e+01 -2.1176e-01 -9.1377e-01 -3.1662e+00 -3.4770e-01 +1.2187e+00
5016 +2.403491946e+00 +2.403491946e+00 +6.801349195e+01 +6.801349195e+01 -2.2018e-01 -9.0765e-01 -3.1661e+00 -3.7235e-01 +1.2241e+00
5102 +1.421109457e+00 +1.421109457e+00 +6.703110946e+01 +6.703110946e+01 -2.4816e-01 -9.2530e-01 -3.1877e+00 -3.8537e-01 +1.2211e+00
5249 +9.899698838e-01 +9.899698838e-01 +6.659996988e+01 +6.659996988e+01 -2.5956e-01 -9.3805e-01 -3.1732e+00 -4.0396e-01 +1.2102e+00
32411 +6.275075103e-01 +6.275075103e-01 +6.623750751e+01 +6.623750751e+01 -3.2134e-01 -7.2801e-01 -2.6448e+00 -4.6945e-01 +9.1800e-01
74377 +3.976288197e-01 +3.976288197e-01 +6.600762882e+01 +6.600762882e+01 -3.6458e-01 -5.7431e-01 -2.2230e+00 -5.0704e-01 +7.0029e-01
90643 +2.446116325e-01 +2.446116325e-01 +6.585461163e+01 +6.585461163e+01 -3.9253e-01 -4.5698e-01 -1.8697e+00 -5.3245e-01 +5.2674e-01
108136 +1.479567799e-01 +1.479567799e-01 +6.575795678e+01 +6.575795678e+01 -4.0819e-01 -3.7769e-01 -1.6266e+00 -5.4496e-01 +4.1052e-01
137884 +9.913301780e-02 +9.913301780e-02 +6.570913302e+01 +6.570913302e+01 -4.1783e-01 -3.3070e-01 -1.4626e+00 -5.5402e-01 +3.3483e-01
152191 +6.049523260e-02 +6.049523260e-02 +6.567049523e+01 +6.567049523e+01 -4.2738e-01 -2.8429e-01 -1.2997e+00 -5.5944e-01 +2.6535e-01
167622 +3.754845322e-02 +3.754845322e-02 +6.564754845e+01 +6.564754845e+01 -4.3041e-01 -2.5804e-01 -1.2093e+00 -5.6233e-01 +2.2235e-01
% function evaluation | noise-free fitness - Fopt (-1.536000000000e+01) | best noise-free fitness - Fopt | measured fitness | best measured fitness | x1 | x2...
1 +1.504623861e+04 +1.504623861e+04 +1.503087861e+04 +1.503087861e+04 +2.4976e+00 -1.3759e+00 +3.4461e+00 -2.6376e+00 +1.3909e+00
28 +2.605493616e+03 +2.605493616e+03 +2.590133616e+03 +2.590133616e+03 +1.0422e+00 -1.2434e-01 +2.2840e+00 +1.2836e+00 -1.2930e+00
36 +1.777496518e+03 +1.777496518e+03 +1.762136518e+03 +1.762136518e+03 +1.3950e+00 +1.2663e+00 +1.6720e+00 +3.8074e-02 +1.0472e+00
70 +1.111364670e+03 +1.111364670e+03 +1.096004670e+03 +1.096004670e+03 -2.8342e-01 -1.4199e+00 -2.5065e+00 -7.7473e-01 +1.4629e+00
563 +9.977554586e+02 +9.977554586e+02 +9.823954586e+02 +9.823954586e+02 -2.1127e-01 -1.3828e+00 -2.4289e+00 -8.2844e-01 +1.4073e+00
1850 +6.307583157e+02 +6.307583157e+02 +6.153983157e+02 +6.153983157e+02 +1.1659e-01 -1.1706e+00 -2.3139e+00 -1.0156e+00 +1.3701e+00
3053 +3.972126811e+02 +3.972126811e+02 +3.818526811e+02 +3.818526811e+02 +3.2449e-01 -9.4554e-01 -2.1890e+00 -1.1810e+00 +1.4502e+00
4510 +2.509425652e+02 +2.509425652e+02 +2.355825652e+02 +2.355825652e+02 +4.7149e-01 -5.9910e-01 -2.0719e+00 -1.4520e+00 +1.3674e+00
7302 +1.582020936e+02 +1.582020936e+02 +1.428420936e+02 +1.428420936e+02 +5.7504e-01 -2.6308e-01 -1.3890e+00 -1.3004e+00 +1.0461e+00
9236 +9.929501853e+01 +9.929501853e+01 +8.393501853e+01 +8.393501853e+01 +7.0396e-01 -1.7815e-01 -8.8261e-01 -1.0718e+00 +7.6217e-01
10516 +6.299854513e+01 +6.299854513e+01 +4.763854513e+01 +4.763854513e+01 +7.7468e-01 -1.5894e-01 -5.0107e-01 -9.8303e-01 +6.0884e-01
11390 +3.980516208e+01 +3.980516208e+01 +2.444516208e+01 +2.444516208e+01 +7.8402e-01 -1.7987e-01 -2.8867e-01 -9.1355e-01 +4.1104e-01
12095 +2.450237477e+01 +2.450237477e+01 +9.142374765e+00 +9.142374765e+00 +7.8297e-01 -2.2904e-01 -1.1118e-01 -8.3861e-01 +2.9898e-01
12547 +1.584055432e+01 +1.584055432e+01 +4.805543158e-01 +4.805543158e-01 +8.1432e-01 -1.9574e-01 +2.8809e-02 -7.9883e-01 +2.5295e-01
12908 +9.516705151e+00 +9.516705151e+00 -5.843294849e+00 -5.843294849e+00 +7.6697e-01 -2.1948e-01 +1.3139e-01 -7.6756e-01 +1.7746e-01
13234 +6.130415055e+00 +6.130415055e+00 -9.229584945e+00 -9.229584945e+00 +7.4914e-01 -2.3488e-01 +1.9948e-01 -7.4543e-01 +1.0095e-01
13733 +3.969058240e+00 +3.969058240e+00 -1.139094176e+01 -1.139094176e+01 +7.6839e-01 -2.2735e-01 +3.0421e-01 -6.5935e-01 +2.8125e-02
16537 +2.478276906e+00 +2.478276906e+00 -1.288172309e+01 -1.288172309e+01 +6.0679e-01 +2.6168e-01 +1.8415e-01 -4.4435e-01 -1.4955e-01
18168 +1.552980839e+00 +1.552980839e+00 -1.380701916e+01 -1.380701916e+01 +4.6497e-01 +4.5169e-01 +1.5004e-01 -1.3416e-01 -1.4305e-01
19589 +9.447101727e-01 +9.447101727e-01 -1.441528983e+01 -1.441528983e+01 +3.1689e-01 +5.1425e-01 +1.2110e-01 +1.0621e-01 -1.4409e-01
20762 +6.272409699e-01 +6.272409699e-01 -1.473275903e+01 -1.473275903e+01 +1.5616e-01 +5.0942e-01 +9.1937e-02 +2.5727e-01 -1.5228e-01
22542 +3.934765755e-01 +3.934765755e-01 -1.496652342e+01 -1.496652342e+01 +3.3414e-02 +4.8872e-01 +6.4265e-02 +3.7678e-01 -1.4537e-01
24759 +2.478646448e-01 +2.478646448e-01 -1.511213536e+01 -1.511213536e+01 -1.0476e-01 +4.5598e-01 +9.8479e-03 +4.6302e-01 -1.3805e-01
28628 +1.534042768e-01 +1.534042768e-01 -1.520659572e+01 -1.520659572e+01 -2.1929e-01 +4.1867e-01 -3.6919e-02 +5.1235e-01 -1.2551e-01
31783 +9.824537707e-02 +9.824537707e-02 -1.526175462e+01 -1.526175462e+01 -3.4648e-01 +3.8929e-01 -9.5627e-02 +5.7012e-01 -1.1639e-01
34182 +6.309306451e-02 +6.309306451e-02 -1.529690694e+01 -1.529690694e+01 -4.0778e-01 +3.6496e-01 -1.3010e-01 +5.9496e-01 -1.0419e-01
36734 +3.752783820e-02 +3.752783820e-02 -1.532247216e+01 -1.532247216e+01 -4.8908e-01 +3.4340e-01 -1.7092e-01 +6.2420e-01 -9.3383e-02
39779 +2.320598153e-02 +2.320598153e-02 -1.533679402e+01 -1.533679402e+01 -5.4904e-01 +3.2195e-01 -2.0369e-01 +6.3638e-01 -8.3462e-02
46735 +1.446419636e-02 +1.446419636e-02 -1.534553580e+01 -1.534553580e+01 -5.8878e-01 +3.1050e-01 -2.2612e-01 +6.5461e-01 -7.6349e-02
% function evaluation | noise-free fitness - Fopt (-1.318000000000e+01) | best noise-free fitness - Fopt | measured fitness | best measured fitness | x1 | x2...
1 +9.358697136e+04 +9.358697136e+04 +9.357379136e+04 +9.357379136e+04 -3.5778e+00 -4.0623e+00 -4.0654e+00 -3.7307e+00 +3.9656e+00
3 +3.624381539e+04 +3.624381539e+04 +3.623063539e+04 +3.623063539e+04 +2.1690e+00 +3.3141e+00 -9.6131e-01 -2.3317e+00 +1.5706e+00
5 +1.018925683e+04 +1.018925683e+04 +1.017607683e+04 +1.017607683e+04 +4.8765e+00 +5.3423e-01 +4.0408e+00 +3.3433e+00 +1.2781e+00
12 +4.831043305e+03 +4.831043305e+03 +4.817863305e+03 +4.817863305e+03 -3.3695e+00 -5.5663e-01 -1.0864e+00 +1.6778e+00 +6.2933e-01
256 +3.977948003e+03 +3.977948003e+03 +3.964768003e+03 +3.964768003e+03 -2.3995e+00 +3.7425e-01 -2.7849e+00 +1.5099e+00 +6.4701e-01
712 +5.782058526e+02 +5.782058526e+02 +5.650258526e+02 +5.650258526e+02 +1.8533e+00 -1.8258e-02 +1.1171e+00 -4.7913e-01 -1.8138e-01
1436 +3.949815013e+02 +3.949815013e+02 +3.818015013e+02 +3.818015013e+02 +1.6911e+00 -4.0458e-02 +1.0555e+00 -4.1994e-01 -3.5972e-02
2261 +2.494014956e+02 +2.494014956e+02 +2.362214956e+02 +2.362214956e+02 +1.4987e+00 +2.6778e-02 +9.3843e-01 -3.3917e-01 +6.7731e-02
3046 +1.563162648e+02 +1.563162648e+02 +1.431362648e+02 +1.431362648e+02 +1.3614e+00 +7.6110e-03 +7.8081e-01 -2.7508e-01 +1.8210e-01
3622 +9.822616449e+01 +9.822616449e+01 +8.504616449e+01 +8.504616449e+01 +1.1990e+00 +2.7769e-02 +6.7831e-01 -3.1096e-01 +2.6361e-01
4137 +6.296668309e+01 +6.296668309e+01 +4.978668309e+01 +4.978668309e+01 +1.0840e+00 +5.7219e-02 +5.5732e-01 -3.1170e-01 +2.8371e-01
4591 +3.807826695e+01 +3.807826695e+01 +2.489826695e+01 +2.489826695e+01 +9.5261e-01 +8.5525e-02 +4.6838e-01 -3.1748e-01 +3.1461e-01
4965 +2.426332150e+01 +2.426332150e+01 +1.108332150e+01 +1.108332150e+01 +8.5492e-01 +8.2563e-02 +3.9518e-01 -3.1998e-01 +3.0387e-01
5280 +1.454030098e+01 +1.454030098e+01 +1.360300975e+00 +1.360300975e+00 +7.8735e-01 +7.9838e-02 +3.1140e-01 -3.1385e-01 +3.1176e-01
5517 +9.255372940e+00 +9.255372940e+00 -3.924627060e+00 -3.924627060e+00 +7.2541e-01 +6.6972e-02 +2.6121e-01 -2.8315e-01 +3.0698e-01
5727 +6.006348851e+00 +6.006348851e+00 -7.173651149e+00 -7.173651149e+00 +6.8081e-01 +7.8890e-02 +2.1412e-01 -2.9087e-01 +3.3453e-01
5938 +3.660786930e+00 +3.660786930e+00 -9.519213070e+00 -9.519213070e+00 +6.5439e-01 +6.6381e-02 +1.4900e-01 -2.6798e-01 +3.1843e-01
6122 +2.191780075e+00 +2.191780075e+00 -1.098821993e+01 -1.098821993e+01 +6.0920e-01 +7.0789e-02 +1.2006e-01 -2.4881e-01 +3.1816e-01
6276 +1.514694580e+00 +1.514694580e+00 -1.166530542e+01 -1.166530542e+01 +5.6988e-01 +7.8429e-02 +1.2038e-01 -2.5988e-01 +3.1793e-01
6456 +9.484455243e-01 +9.484455243e-01 -1.223155448e+01 -1.223155448e+01 +5.2001e-01 +7.9484e-02 +9.4823e-02 -2.7101e-01 +3.0078e-01
7329 +6.291284277e-01 +6.291284277e-01 -1.255087157e+01 -1.255087157e+01 +4.5319e-01 +1.2923e-01 +1.2517e-01 -3.3183e-01 +2.1883e-01
9014 +3.854803322e-01 +3.854803322e-01 -1.279451967e+01 -1.279451967e+01 +3.5299e-01 +2.0951e-01 +1.8113e-01 -4.4581e-01 +1.0176e-01
11584 +2.480746769e-01 +2.480746769e-01 -1.293192532e+01 -1.293192532e+01 +2.5957e-01 +2.6357e-01 +2.0212e-01 -5.0572e-01 +2.9790e-02
13474 +1.526045736e-01 +1.526045736e-01 -1.302739543e+01 -1.302739543e+01 +1.6300e-01 +3.1485e-01 +2.1983e-01 -5.7530e-01 -5.2900e-02
16798 +9.706319489e-02 +9.706319489e-02 -1.308293681e+01 -1.308293681e+01 +7.9906e-02 +3.5464e-01 +2.2213e-01 -6.3465e-01 -1.1946e-01
23469 +6.251794682e-02 +6.251794682e-02 -1.311748205e+01 -1.311748205e+01 +1.6942e-03 +3.9503e-01 +2.1925e-01 -6.7843e-01 -1.7054e-01
28540 +3.867318112e-02 +3.867318112e-02 -1.314132682e+01 -1.314132682e+01 -6.4314e-02 +4.2010e-01 +2.1460e-01 -7.1398e-01 -2.2103e-01
35806 +2.490914020e-02 +2.490914020e-02 -1.315509086e+01 -1.315509086e+01 -1.0859e-01 +4.3904e-01 +2.1198e-01 -7.3716e-01 -2.4883e-01
41974 +1.205260793e-02 +1.205260793e-02 -1.316794739e+01 -1.316794739e+01 -1.6229e-01 +4.5866e-01 +2.0710e-01 -7.6522e-01 -2.8029e-01
57601 +9.358327574e-03 +9.358327574e-03 -1.317064167e+01 -1.317064167e+01 -1.7747e-01 +4.6531e-01 +2.0469e-01 -7.7549e-01 -2.9231e-01
% function evaluation | noise-free fitness - Fopt (-6.052000000000e+01) | best noise-free fitness - Fopt | measured fitness | best measured fitness | x1 | x2...
1 +1.107917771e+05 +1.107917771e+05 +1.107312571e+05 +1.107312571e+05 -1.7569e+00 -4.0560e+00 -2.7223e+00 +4.6107e+00 -2.2680e+00
4 +2.393193447e+04 +2.393193447e+04 +2.387141447e+04 +2.387141447e+04 -4.4309e-01 -1.1630e+00 +2.7797e+00 -3.0033e+00 -2.9342e+00
12 +1.282599124e+04 +1.282599124e+04 +1.276547124e+04 +1.276547124e+04 -1.4813e+00 +3.9311e+00 -1.2842e+00 +1.5032e-01 -1.1908e+00
16 +7.571177640e+03 +7.571177640e+03 +7.510657640e+03 +7.510657640e+03 -2.2562e+00 +1.5395e-01 +1.6439e+00 -1.9869e+00 +5.3571e-02
31 +1.531490574e+03 +1.531490574e+03 +1.470970574e+03 +1.470970574e+03 -3.3989e-01 -5.7771e-01 -1.2550e-02 +5.5522e-01 -2.0644e+00
778 +9.712336803e+02 +9.712336803e+02 +9.107136803e+02 +9.107136803e+02 -4.2141e-01 -4.2254e-01 -3.3409e-02 +4.9312e-01 -1.9040e+00
916 +2.862163856e+02 +2.862163856e+02 +2.256963856e+02 +2.256963856e+02 -7.8662e-01 +2.9420e-01 -1.0931e+00 -3.8440e-01 -8.3482e-01
1122 +2.422226519e+02 +2.422226519e+02 +1.817026519e+02 +1.817026519e+02 -7.5733e-01 +2.7773e-01 -1.0203e+00 -3.6891e-01 -8.3833e-01
1632 +1.571211599e+02 +1.571211599e+02 +9.660115995e+01 +9.660115995e+01 -7.5605e-01 +2.9252e-01 -9.0357e-01 -2.5234e-01 -8.3479e-01
2144 +9.725389563e+01 +9.725389563e+01 +3.673389563e+01 +3.673389563e+01 -6.9525e-01 +3.0566e-01 -7.7526e-01 -1.5791e-01 -7.8535e-01
2637 +6.295200417e+01 +6.295200417e+01 +2.432004170e+00 +2.432004170e+00 -6.5667e-01 +3.4017e-01 -7.3326e-01 -1.6846e-02 -7.4053e-01
3015 +3.918170589e+01 +3.918170589e+01 -2.133829411e+01 -2.133829411e+01 -6.7150e-01 +2.9460e-01 -6.8002e-01 +7.2611e-02 -6.4848e-01
3317 +2.456751576e+01 +2.456751576e+01 -3.595248424e+01 -3.595248424e+01 -6.5544e-01 +2.7462e-01 -6.3940e-01 +1.3426e-01 -5.5589e-01
3624 +1.575527674e+01 +1.575527674e+01 -4.476472326e+01 -4.476472326e+01 -6.3240e-01 +2.8959e-01 -5.6382e-01 +1.8048e-01 -5.1663e-01
3896 +9.900258388e+00 +9.900258388e+00 -5.061974161e+01 -5.061974161e+01 -5.7792e-01 +3.2470e-01 -5.8095e-01 +2.2092e-01 -4.1959e-01
4141 +5.980895743e+00 +5.980895743e+00 -5.453910426e+01 -5.453910426e+01 -5.1306e-01 +2.7502e-01 -5.6751e-01 +2.1269e-01 -3.2192e-01
4386 +3.785358276e+00 +3.785358276e+00 -5.673464172e+01 -5.673464172e+01 -4.9499e-01 +3.5723e-01 -4.8644e-01 +2.5258e-01 -3.1922e-01
4653 +2.401570645e+00 +2.401570645e+00 -5.811842935e+01 -5.811842935e+01 -4.3960e-01 +3.3162e-01 -4.6651e-01 +2.3227e-01 -2.8831e-01
5595 +1.580667470e+00 +1.580667470e+00 -5.893933253e+01 -5.893933253e+01 -3.4282e-01 +1.8200e-01 -4.8294e-01 +2.4320e-01 -2.5675e-01
7175 +9.453561133e-01 +9.453561133e-01 -5.957464389e+01 -5.957464389e+01 -2.5728e-01 -9.8642e-02 -5.1602e-01 +2.1814e-01 -1.6392e-01
8235 +6.304094902e-01 +6.304094902e-01 -5.988959051e+01 -5.988959051e+01 -1.6889e-01 -2.7818e-01 -4.9720e-01 +1.9805e-01 -9.4633e-02
9885 +3.949470215e-01 +3.949470215e-01 -6.012505298e+01 -6.012505298e+01 -8.5985e-02 -4.0767e-01 -4.5592e-01 +1.7917e-01 +1.4860e-02
12451 +2.385456157e-01 +2.385456157e-01 -6.028145438e+01 -6.028145438e+01 +1.0463e-03 -5.0515e-01 -3.9694e-01 +1.5489e-01 +1.1493e-01
14366 +1.542317088e-01 +1.542317088e-01 -6.036576829e+01 -6.036576829e+01 +6.3663e-02 -5.7041e-01 -3.5227e-01 +1.4062e-01 +1.8522e-01
16299 +9.069141516e-02 +9.069141516e-02 -6.042930858e+01 -6.042930858e+01 +1.5664e-01 -6.4933e-01 -2.8295e-01 +1.2081e-01 +2.9000e-01
21624 +6.291377344e-02 +6.291377344e-02 -6.045708623e+01 -6.045708623e+01 +1.9128e-01 -6.7755e-01 -2.6271e-01 +1.1584e-01 +3.3523e-01
27374 +3.955110973e-02 +3.955110973e-02 -6.048044889e+01 -6.048044889e+01 +2.4386e-01 -7.1129e-01 -2.3109e-01 +1.0740e-01 +3.9647e-01
30408 +2.429520314e-02 +2.429520314e-02 -6.049570480e+01 -6.049570480e+01 +2.9490e-01 -7.3696e-01 -1.9041e-01 +9.4422e-02 +4.5557e-01
32539 +1.355758538e-02 +1.355758538e-02 -6.050644241e+01 -6.050644241e+01 +3.1467e-01 -7.5045e-01 -1.7654e-01 +9.3414e-02 +4.7667e-01
39280 +9.726078485e-03 +9.726078485e-03 -6.051027392e+01 -6.051027392e+01 +3.2964e-01 -7.5909e-01 -1.6826e-01 +9.1676e-02 +4.9309e-01
% function evaluation | noise-free fitness - Fopt (1.844000000000e+02) | best noise-free fitness - Fopt | measured fitness | best measured fitness | x1 | x2...
1 +2.431649756e+05 +2.431649756e+05 +2.433493756e+05 +2.433493756e+05 +4.1807e+00 -4.4593e+00 +1.9381e+00 +1.7493e+00 -1.9843e-01
2 +9.386141332e+04 +9.386141332e+04 +9.404581332e+04 +9.404581332e+04 -4.4026e+00 -1.9438e+00 -5.4813e-01 +2.0878e+00 -4.2484e+00
5 +1.563101570e+04 +1.563101570e+04 +1.581541570e+04 +1.581541570e+04 -2.8246e+00 +2.8094e+00 +2.7746e+00 +1.8817e+00 +1.8881e+00
25 +2.853797227e+03 +2.853797227e+03 +3.038197227e+03 +3.038197227e+03 +2.2089e-01 +2.5151e+00 +4.0123e+00 -2.9850e+00 +2.5660e+00
57 +2.364321099e+03 +2.364321099e+03 +2.548721099e+03 +2.548721099e+03 +1.3255e+00 +1.2186e+00 +1.7375e+00 +8.8629e-01 +3.4871e-01
74 +3.921882061e+02 +3.921882061e+02 +5.765882061e+02 +5.765882061e+02 +1.9685e+00 +9.7087e-02 +4.9784e+00 -1.4300e+00 +3.2981e-01
517 +2.508556507e+02 +2.508556507e+02 +4.352556507e+02 +4.352556507e+02 +2.0008e+00 +1.9469e-01 +4.9385e+00 -1.4774e+00 +4.2024e-01
983 +1.563141205e+02 +1.563141205e+02 +3.407141205e+02 +3.407141205e+02 +2.0871e+00 +2.7780e-01 +4.8309e+00 -1.5327e+00 +4.6102e-01
1791 +9.816670054e+01 +9.816670054e+01 +2.825667005e+02 +2.825667005e+02 +2.1909e+00 +3.9375e-01 +4.7274e+00 -1.6198e+00 +4.6891e-01
2504 +6.255007876e+01 +6.255007876e+01 +2.469500788e+02 +2.469500788e+02 +2.2886e+00 +4.9469e-01 +4.6272e+00 -1.7217e+00 +3.9015e-01
2913 +3.890049024e+01 +3.890049024e+01 +2.233004902e+02 +2.233004902e+02 +2.3322e+00 +4.8641e-01 +4.5617e+00 -1.8065e+00 +2.8908e-01
3217 +2.476119886e+01 +2.476119886e+01 +2.091611989e+02 +2.091611989e+02 +2.3643e+00 +5.4223e-01 +4.5339e+00 -1.8397e+00 +2.1843e-01
3483 +1.430221338e+01 +1.430221338e+01 +1.987022134e+02 +1.987022134e+02 +2.3922e+00 +5.5219e-01 +4.4846e+00 -1.8820e+00 +1.7054e-01
3676 +9.916077004e+00 +9.916077004e+00 +1.943160770e+02 +1.943160770e+02 +2.4146e+00 +5.7786e-01 +4.4782e+00 -1.9063e+00 +1.5107e-01
3811 +5.412313052e+00 +5.412313052e+00 +1.898123131e+02 +1.898123131e+02 +2.4458e+00 +5.8530e-01 +4.4789e+00 -1.9733e+00 +1.1468e-01
3936 +3.894264314e+00 +3.894264314e+00 +1.882942643e+02 +1.882942643e+02 +2.4649e+00 +6.0293e-01 +4.4742e+00 -1.9650e+00 +1.0648e-01
4120 +2.490558044e+00 +2.490558044e+00 +1.868905580e+02 +1.868905580e+02 +2.4926e+00 +6.3401e-01 +4.4825e+00 -1.9930e+00 +8.4292e-02
% function evaluation | noise-free fitness - Fopt (2.277700000000e+02) | best noise-free fitness - Fopt | measured fitness | best measured fitness | x1 | x2...
1 +6.702834477e+04 +6.702834477e+04 +6.725611477e+04 +6.725611477e+04 +4.5657e+00 -3.7565e+00 -3.4400e+00 -6.8245e-01 +2.1966e-01
2 +2.592515297e+04 +2.592515297e+04 +2.615292297e+04 +2.615292297e+04 +2.7741e+00 +1.7246e-01 +3.7480e+00 -2.0523e+00 -1.7278e+00
9 +2.262180904e+04 +2.262180904e+04 +2.284957904e+04 +2.284957904e+04 -4.1280e+00 -1.1151e+00 +2.2469e+00 -5.6992e-01 +3.9750e-01
13 +1.048930580e+04 +1.048930580e+04 +1.071707580e+04 +1.071707580e+04 -3.5879e-01 +2.9636e-01 +4.7977e+00 -3.7691e+00 +4.4480e+00
33 +4.361281624e+03 +4.361281624e+03 +4.589051624e+03 +4.589051624e+03 +9.0819e-01 -1.6559e+00 +2.0568e+00 +1.3509e-02 +4.4529e-01
83 +3.304380327e+03 +3.304380327e+03 +3.532150327e+03 +3.532150327e+03 +3.1102e+00 -2.4875e+00 -8.0595e-01 +1.0500e+00 -2.8270e+00
766 +2.509336153e+03 +2.509336153e+03 +2.737106153e+03 +2.737106153e+03 +3.0877e+00 -2.3654e+00 -9.0992e-01 +1.0896e+00 -2.8806e+00
1432 +1.582730148e+03 +1.582730148e+03 +1.810500148e+03 +1.810500148e+03 +2.9612e+00 -2.1636e+00 -9.7678e-01 +1.0952e+00 -2.8629e+00
2046 +9.957923029e+02 +9.957923029e+02 +1.223562303e+03 +1.223562303e+03 +2.8239e+00 -2.0173e+00 -1.1042e+00 +1.0848e+00 -2.8727e+00
2761 +6.285832454e+02 +6.285832454e+02 +8.563532454e+02 +8.563532454e+02 +2.7126e+00 -1.8885e+00 -1.2436e+00 +1.0793e+00 -2.8554e+00
3483 +3.971807318e+02 +3.971807318e+02 +6.249507318e+02 +6.249507318e+02 +2.6121e+00 -1.8157e+00 -1.4312e+00 +1.0909e+00 -2.8280e+00
4235 +2.507970338e+02 +2.507970338e+02 +4.785670338e+02 +4.785670338e+02 +2.5028e+00 -1.7270e+00 -1.5550e+00 +1.0640e+00 -2.7021e+00
5038 +1.578715671e+02 +1.578715671e+02 +3.856415671e+02 +3.856415671e+02 +2.2898e+00 -1.6829e+00 -1.6587e+00 +9.8658e-01 -2.5796e+00
13948 +9.992270243e+01 +9.992270243e+01 +3.276927024e+02 +3.276927024e+02 +1.3063e+00 -1.2338e+00 -7.0712e-01 +6.1721e-01 -1.7449e+00
20536 +6.300348311e+01 +6.300348311e+01 +2.907734831e+02 +2.907734831e+02 +6.3430e-01 -4.2661e-01 +3.9349e-01 +5.0876e-02 -9.3136e-01
22544 +3.905935844e+01 +3.905935844e+01 +2.668293584e+02 +2.668293584e+02 +3.2090e-01 -7.7877e-02 +5.5943e-01 -1.6696e-01 -6.4242e-01
23398 +2.508082778e+01 +2.508082778e+01 +2.528508278e+02 +2.528508278e+02 +2.4512e-01 +9.1683e-02 +6.0842e-01 -3.1535e-01 -4.8999e-01
24030 +1.574504600e+01 +1.574504600e+01 +2.435150460e+02 +2.435150460e+02 +1.4867e-01 +2.3248e-01 +6.6579e-01 -3.7837e-01 -4.2449e-01
24468 +9.831832996e+00 +9.831832996e+00 +2.376018330e+02 +2.376018330e+02 +8.3255e-02 +3.1086e-01 +6.3391e-01 -4.6916e-01 -3.6540e-01
24799 +6.161544749e+00 +6.161544749e+00 +2.339315447e+02 +2.339315447e+02 +9.1843e-02 +4.1136e-01 +6.2574e-01 -5.0901e-01 -2.9791e-01
25150 +3.967239733e+00 +3.967239733e+00 +2.317372397e+02 +2.317372397e+02 +6.3449e-02 +5.2117e-01 +6.5263e-01 -5.7522e-01 -2.6792e-01
27486 +2.483701723e+00 +2.483701723e+00 +2.302537017e+02 +2.302537017e+02 -3.7746e-01 +4.4447e-01 +3.8885e-01 -4.3890e-01 -4.8182e-02
29330 +1.568212954e+00 +1.568212954e+00 +2.293382130e+02 +2.293382130e+02 -4.9515e-01 +3.4768e-01 +2.5664e-01 -1.9182e-01 +1.7510e-01
30758 +9.890788490e-01 +9.890788490e-01 +2.287590788e+02 +2.287590788e+02 -5.1171e-01 +2.0668e-01 +1.6206e-01 -8.4507e-03 +2.9652e-01
32176 +6.218536687e-01 +6.218536687e-01 +2.283918537e+02 +2.283918537e+02 -4.8374e-01 +6.3117e-02 +6.8864e-02 +1.2625e-01 +3.6236e-01
33725 +3.942319288e-01 +3.942319288e-01 +2.281642319e+02 +2.281642319e+02 -4.3816e-01 -5.5992e-02 -3.7352e-02 +2.3231e-01 +3.8947e-01
35964 +2.455435965e-01 +2.455435965e-01 +2.280155436e+02 +2.280155436e+02 -3.8574e-01 -1.5655e-01 -1.2934e-01 +3.0703e-01 +3.9345e-01
38188 +1.480731800e-01 +1.480731800e-01 +2.279180732e+02 +2.279180732e+02 -3.3681e-01 -2.4320e-01 -2.2376e-01 +3.7524e-01 +3.8711e-01
40851 +9.517349436e-02 +9.517349436e-02 +2.278651735e+02 +2.278651735e+02 -2.9391e-01 -3.0311e-01 -3.0531e-01 +4.2154e-01 +3.7334e-01
50049 +5.902418633e-02 +5.902418633e-02 +2.278290242e+02 +2.278290242e+02 -2.5328e-01 -3.6003e-01 -3.7491e-01 +4.6258e-01 +3.6073e-01
59754 +3.423698014e-02 +3.423698014e-02 +2.278042370e+02 +2.278042370e+02 -2.1791e-01 -4.0888e-01 -4.4542e-01 +4.9974e-01 +3.4518e-01
72094 +1.582690957e-02 +1.582690957e-02 +2.277858269e+02 +2.277858269e+02 -1.8288e-01 -4.5806e-01 -5.1700e-01 +5.3643e-01 +3.3137e-01
83845 +7.871667376e-03 +7.871667376e-03 +2.277778717e+02 +2.277778717e+02 -1.5345e-01 -4.9507e-01 -5.7372e-01 +5.6278e-01 +3.1408e-01
% function evaluation | noise-free fitness - Fopt (9.640000000000e+01) | best noise-free fitness - Fopt | measured fitness | best measured fitness | x1 | x2...
1 +1.322254800e+04 +1.322254800e+04 +1.331894800e+04 +1.331894800e+04 -1.4747e-01 +1.6028e+00 -4.8199e+00 -1.1587e+00 +8.1819e-01
14 +1.693055962e+03 +1.693055962e+03 +1.789455962e+03 +1.789455962e+03 +1.1908e+00 -2.7973e+00 +4.5996e+00 -2.0052e-01 -8.6682e-01
110 +1.579297711e+03 +1.579297711e+03 +1.675697711e+03 +1.675697711e+03 +2.8214e+00 -9.2260e-01 +4.7649e+00 +2.2601e+00 +1.3164e+00
1071 +9.974817923e+02 +9.974817923e+02 +1.093881792e+03 +1.093881792e+03 +2.8752e+00 -9.3976e-01 +4.5280e+00 +2.3781e+00 +1.4881e+00
1885 +1.758382116e+02 +1.758382116e+02 +2.722382116e+02 +2.722382116e+02 +1.4486e+00 -2.9813e-01 +2.6619e+00 +7.0442e-01 +2.2575e+00
1999 +1.558281213e+02 +1.558281213e+02 +2.522281213e+02 +2.522281213e+02 +1.4080e+00 -3.2110e-01 +2.6538e+00 +7.3243e-01 +2.2345e+00
2506 +9.792381638e+01 +9.792381638e+01 +1.943238164e+02 +1.943238164e+02 +1.3949e+00 -2.7528e-01 +2.7022e+00 +8.8366e-01 +2.1428e+00
3107 +6.148024771e+01 +6.148024771e+01 +1.578802477e+02 +1.578802477e+02 +1.3097e+00 -2.0405e-01 +2.7692e+00 +1.0203e+00 +2.1140e+00
3566 +3.874415634e+01 +3.874415634e+01 +1.351441563e+02 +1.351441563e+02 +1.2425e+00 -9.8233e-02 +2.7638e+00 +1.0877e+00 +2.1450e+00
3818 +2.331914813e+01 +2.331914813e+01 +1.197191481e+02 +1.197191481e+02 +1.1781e+00 +2.2480e-02 +2.7779e+00 +1.0864e+00 +2.1401e+00
3979 +1.561751280e+01 +1.561751280e+01 +1.120175128e+02 +1.120175128e+02 +1.1553e+00 +8.1706e-02 +2.7923e+00 +1.1072e+00 +2.1633e+00
4243 +9.789597707e+00 +9.789597707e+00 +1.061895977e+02 +1.061895977e+02 +1.1750e+00 +1.2490e-01 +2.8641e+00 +1.1664e+00 +2.1896e+00
4538 +6.166061340e+00 +6.166061340e+00 +1.025660613e+02 +1.025660613e+02 +1.1445e+00 +2.1097e-01 +2.8802e+00 +1.1866e+00 +2.1974e+00
144435 +3.980301315e+00 +3.980301315e+00 +1.003803013e+02 +1.003803013e+02 +2.5612e-01 +1.2333e+00 +9.7570e-01 +1.6068e-01 +7.5456e-01
% function evaluation | noise-free fitness - Fopt (-9.045000000000e+01) | best noise-free fitness - Fopt | measured fitness | best measured fitness | x1 | x2...
1 +5.983324119e+04 +5.983324119e+04 +5.974279119e+04 +5.974279119e+04 -1.9876e+00 +3.3696e+00 +3.8504e+00 -2.1728e+00 -1.9870e+00
2 +1.504464696e+03 +1.504464696e+03 +1.414014696e+03 +1.414014696e+03 +4.3691e-01 +5.9432e-01 +1.4459e+00 -2.2537e+00 +1.6339e+00
13 +8.399993585e+02 +8.399993585e+02 +7.495493585e+02 +7.495493585e+02 -2.9516e+00 +9.6458e-01 +9.3817e-02 -2.5183e+00 +3.6261e+00
220 +6.296568218e+02 +6.296568218e+02 +5.392068218e+02 +5.392068218e+02 -2.1047e+00 +6.2710e-01 +5.2203e-01 -1.5382e+00 +4.3856e+00
715 +3.939195418e+02 +3.939195418e+02 +3.034695418e+02 +3.034695418e+02 -2.1743e+00 +6.6903e-01 +5.9847e-01 -1.5623e+00 +4.2652e+00
1178 +2.504105174e+02 +2.504105174e+02 +1.599605174e+02 +1.599605174e+02 -2.2700e+00 +7.2193e-01 +6.4061e-01 -1.5903e+00 +4.1714e+00
1642 +1.572197808e+02 +1.572197808e+02 +6.676978082e+01 +6.676978082e+01 -2.3549e+00 +7.6308e-01 +7.4373e-01 -1.5881e+00 +4.0703e+00
2286 +9.945769426e+01 +9.945769426e+01 +9.007694265e+00 +9.007694265e+00 -2.4331e+00 +7.9455e-01 +9.1044e-01 -1.5543e+00 +3.9930e+00
2912 +6.207235028e+01 +6.207235028e+01 -2.837764972e+01 -2.837764972e+01 -2.4439e+00 +8.3639e-01 +1.0382e+00 -1.3822e+00 +3.9415e+00
3437 +3.957059574e+01 +3.957059574e+01 -5.087940426e+01 -5.087940426e+01 -2.4637e+00 +8.9717e-01 +1.1098e+00 -1.2882e+00 +3.9745e+00
3741 +2.502885593e+01 +2.502885593e+01 -6.542114407e+01 -6.542114407e+01 -2.4893e+00 +9.3058e-01 +1.1746e+00 -1.2159e+00 +3.9994e+00
4046 +1.491615044e+01 +1.491615044e+01 -7.553384956e+01 -7.553384956e+01 -2.4729e+00 +9.5799e-01 +1.2100e+00 -1.1180e+00 +3.9946e+00
4316 +9.918209894e+00 +9.918209894e+00 -8.053179011e+01 -8.053179011e+01 -2.5081e+00 +9.8068e-01 +1.2510e+00 -1.0746e+00 +4.0144e+00
4826 +6.247054857e+00 +6.247054857e+00 -8.420294514e+01 -8.420294514e+01 -2.5205e+00 +1.0220e+00 +1.2816e+00 -1.0061e+00 +4.0530e+00
222751 +3.979752259e+00 +3.979752259e+00 -8.647024774e+01 -8.647024774e+01 -5.7768e-01 +8.1924e-01 +4.1289e-01 +9.5470e-01 +1.0260e+00
% function evaluation | noise-free fitness - Fopt (3.995000000000e+01) | best noise-free fitness - Fopt | measured fitness | best measured fitness | x1 | x2...
1 +2.180860604e+05 +2.180860604e+05 +2.181260104e+05 +2.181260104e+05 +1.7086e-01 +3.6769e+00 -3.9099e+00 -3.5941e+00 -4.3795e+00
2 +2.263920287e+04 +2.263920287e+04 +2.267915287e+04 +2.267915287e+04 +1.1012e+00 -4.6926e+00 -1.4792e+00 +7.8742e-01 -2.3428e+00
3 +3.478961435e+03 +3.478961435e+03 +3.518911435e+03 +3.518911435e+03 +5.4921e-01 -3.1654e+00 +1.4416e+00 -3.3491e+00 -1.3394e+00
27 +2.483939136e+03 +2.483939136e+03 +2.523889136e+03 +2.523889136e+03 +1.3446e+00 -2.2678e+00 +2.6571e+00 +3.2436e-01 -1.6681e+00
34 +3.097919699e+02 +3.097919699e+02 +3.497419699e+02 +3.497419699e+02 -8.2719e-01 -9.6489e-01 -4.0387e-01 -2.6460e+00 -2.3852e-01
407 +2.487163195e+02 +2.487163195e+02 +2.886663195e+02 +2.886663195e+02 -8.6655e-01 -9.2028e-01 -4.4499e-01 -2.5904e+00 -2.6753e-01
1190 +1.581375886e+02 +1.581375886e+02 +1.980875886e+02 +1.980875886e+02 -1.0059e+00 -9.9827e-01 -5.7082e-01 -2.4144e+00 -3.2124e-01
5573 +9.978906218e+01 +9.978906218e+01 +1.397390622e+02 +1.397390622e+02 -9.3051e-01 -4.3337e-01 -4.3554e-02 -1.5447e+00 +2.8713e-02
8148 +6.303295477e+01 +6.303295477e+01 +1.029829548e+02 +1.029829548e+02 -7.1747e-01 -3.7928e-02 +2.7343e-01 -1.0042e+00 +3.2012e-01
9485 +3.862558265e+01 +3.862558265e+01 +7.857558265e+01 +7.857558265e+01 -4.8455e-01 +1.3531e-01 +3.8444e-01 -7.0237e-01 +5.3575e-01
10280 +2.473614791e+01 +2.473614791e+01 +6.468614791e+01 +6.468614791e+01 -3.4340e-01 +1.5538e-01 +4.0766e-01 -4.8142e-01 +5.5597e-01
10770 +1.570012860e+01 +1.570012860e+01 +5.565012860e+01 +5.565012860e+01 -2.2784e-01 +2.1481e-01 +4.6343e-01 -3.7800e-01 +6.0063e-01
11120 +9.957127504e+00 +9.957127504e+00 +4.990712750e+01 +4.990712750e+01 -1.6696e-01 +2.1637e-01 +5.0737e-01 -2.8003e-01 +6.5081e-01
11471 +6.204119647e+00 +6.204119647e+00 +4.615411965e+01 +4.615411965e+01 -1.3009e-01 +2.0736e-01 +5.6220e-01 -1.9064e-01 +6.7477e-01
11751 +3.928239779e+00 +3.928239779e+00 +4.387823978e+01 +4.387823978e+01 -9.9400e-02 +2.2634e-01 +5.7330e-01 -7.4070e-02 +6.5893e-01
13365 +2.510536901e+00 +2.510536901e+00 +4.246053690e+01 +4.246053690e+01 +1.9409e-01 +2.9080e-01 +4.5096e-01 -5.7263e-02 +5.9288e-01
15149 +1.579218066e+00 +1.579218066e+00 +4.152921807e+01 +4.152921807e+01 +4.0784e-01 +3.4191e-01 +1.9849e-01 +3.4612e-02 +4.1253e-01
16946 +9.904414902e-01 +9.904414902e-01 +4.094044149e+01 +4.094044149e+01 +4.7025e-01 +3.6294e-01 -2.8566e-03 +1.3288e-01 +2.3945e-01
18312 +6.219193182e-01 +6.219193182e-01 +4.057191932e+01 +4.057191932e+01 +4.7316e-01 +3.2477e-01 -1.6631e-01 +1.5451e-01 +8.2863e-02
20093 +3.971127745e-01 +3.971127745e-01 +4.034711277e+01 +4.034711277e+01 +4.5158e-01 +2.7758e-01 -2.9861e-01 +1.5425e-01 -2.9911e-02
22590 +2.477814569e-01 +2.477814569e-01 +4.019778146e+01 +4.019778146e+01 +4.1804e-01 +2.1482e-01 -4.1320e-01 +1.5094e-01 -1.4938e-01
25210 +1.583023209e-01 +1.583023209e-01 +4.010830232e+01 +4.010830232e+01 +4.0087e-01 +1.4675e-01 -5.0826e-01 +1.3094e-01 -2.3696e-01
29432 +9.320980017e-02 +9.320980017e-02 +4.004320980e+01 +4.004320980e+01 +3.7285e-01 +8.1765e-02 -5.9006e-01 +1.1156e-01 -3.2525e-01
33510 +6.223749416e-02 +6.223749416e-02 +4.001223749e+01 +4.001223749e+01 +3.5658e-01 +4.1574e-02 -6.3134e-01 +9.3901e-02 -3.7198e-01
37370 +3.644904810e-02 +3.644904810e-02 +3.998644905e+01 +3.998644905e+01 +3.3607e-01 -1.5176e-02 -6.8228e-01 +7.2193e-02 -4.3350e-01
44350 +2.202220305e-02 +2.202220305e-02 +3.997202220e+01 +3.997202220e+01 +3.2546e-01 -6.3455e-02 -7.3035e-01 +5.1681e-02 -4.8408e-01
48137 +1.430742905e-02 +1.430742905e-02 +3.996430743e+01 +3.996430743e+01 +3.0885e-01 -1.0445e-01 -7.6668e-01 +3.3777e-02 -5.2994e-01
50483 +9.655823373e-03 +9.655823373e-03 +3.995965582e+01 +3.995965582e+01 +3.0513e-01 -1.1368e-01 -7.7865e-01 +3.0960e-02 -5.3715e-01
% function evaluation | noise-free fitness - Fopt (7.762000000000e+01) | best noise-free fitness - Fopt | measured fitness | best measured fitness | x1 | x2...
1 +4.091959762e+04 +4.091959762e+04 +4.099721762e+04 +4.099721762e+04 +3.0297e+00 +6.5798e-01 +1.8543e+00 -1.8864e+00 -4.3223e+00
4 +8.364087956e+03 +8.364087956e+03 +8.441707956e+03 +8.441707956e+03 +2.2306e+00 +2.3562e+00 -4.8218e-01 -4.8214e-01 -8.5472e-01
21 +3.584986353e+03 +3.584986353e+03 +3.662606353e+03 +3.662606353e+03 -9.1077e-01 -1.1882e+00 +2.3494e+00 +8.5757e-01 +3.6822e-01
81 +3.636369005e+02 +3.636369005e+02 +4.412569005e+02 +4.412569005e+02 -7.1311e-02 +1.9767e-01 +1.5037e+00 -1.9252e+00 +1.2066e+00
570 +2.503094901e+02 +2.503094901e+02 +3.279294901e+02 +3.279294901e+02 -2.4055e-03 +7.0478e-02 +1.5288e+00 -1.8389e+00 +1.2191e+00
1792 +1.558053225e+02 +1.558053225e+02 +2.334253225e+02 +2.334253225e+02 -7.9028e-02 -9.9095e-02 +1.7244e+00 -1.5794e+00 +1.0567e+00
5108 +9.997673037e+01 +9.997673037e+01 +1.775967304e+02 +1.775967304e+02 -4.5628e-01 -1.8506e-01 +1.5717e+00 -9.8402e-01 +5.9387e-01
7571 +6.238443163e+01 +6.238443163e+01 +1.400044316e+02 +1.400044316e+02 -6.8119e-01 -3.6957e-01 +1.0477e+00 -5.7522e-01 +1.6754e-01
8926 +3.930571656e+01 +3.930571656e+01 +1.169257166e+02 +1.169257166e+02 -7.1554e-01 -5.3158e-01 +6.7135e-01 -4.8790e-01 +5.0893e-03
9640 +2.480461786e+01 +2.480461786e+01 +1.024246179e+02 +1.024246179e+02 -7.2627e-01 -6.1176e-01 +4.8113e-01 -4.2312e-01 -1.3438e-01
10216 +1.533808492e+01 +1.533808492e+01 +9.295808492e+01 +9.295808492e+01 -7.0179e-01 -6.7574e-01 +3.6861e-01 -3.4368e-01 -2.4319e-01
10592 +9.713391493e+00 +9.713391493e+00 +8.733339149e+01 +8.733339149e+01 -7.2328e-01 -7.4604e-01 +2.6636e-01 -3.2247e-01 -2.9500e-01
10978 +6.207659353e+00 +6.207659353e+00 +8.382765935e+01 +8.382765935e+01 -7.0528e-01 -7.6906e-01 +1.8631e-01 -2.7843e-01 -3.5690e-01
12344 +3.973822079e+00 +3.973822079e+00 +8.159382208e+01 +8.159382208e+01 -6.3707e-01 -7.5421e-01 +1.4050e-01 -9.2215e-02 -4.7355e-01
15162 +2.501624737e+00 +2.501624737e+00 +8.012162474e+01 +8.012162474e+01 -3.7292e-01 -5.0208e-01 +6.6745e-02 +4.0418e-01 -3.3992e-01
16984 +1.566180309e+00 +1.566180309e+00 +7.918618031e+01 +7.918618031e+01 -2.2398e-01 -2.8324e-01 -1.2726e-01 +5.5405e-01 -1.9783e-01
18656 +9.971447870e-01 +9.971447870e-01 +7.861714479e+01 +7.861714479e+01 -1.1738e-01 -8.5960e-02 -2.5753e-01 +5.7503e-01 -1.1116e-01
20039 +6.257277592e-01 +6.257277592e-01 +7.824572776e+01 +7.824572776e+01 -1.5775e-02 +8.2462e-02 -3.0787e-01 +5.3272e-01 -1.7629e-02
21943 +3.926884131e-01 +3.926884131e-01 +7.801268841e+01 +7.801268841e+01 +7.6457e-02 +2.3623e-01 -3.2468e-01 +4.6842e-01 +5.8922e-02
23564 +2.334132186e-01 +2.334132186e-01 +7.785341322e+01 +7.785341322e+01 +1.7463e-01 +3.5668e-01 -3.2007e-01 +4.1741e-01 +1.4005e-01
25460 +1.562639416e-01 +1.562639416e-01 +7.777626394e+01 +7.777626394e+01 +2.4596e-01 +4.3107e-01 -2.9692e-01 +3.6048e-01 +1.9046e-01
28697 +9.304957257e-02 +9.304957257e-02 +7.771304957e+01 +7.771304957e+01 +3.1795e-01 +5.0289e-01 -2.7498e-01 +3.1253e-01 +2.4726e-01
31295 +6.298309830e-02 +6.298309830e-02 +7.768298310e+01 +7.768298310e+01 +3.6724e-01 +5.4892e-01 -2.5791e-01 +2.7972e-01 +2.8342e-01
38304 +3.958630006e-02 +3.958630006e-02 +7.765958630e+01 +7.765958630e+01 +4.3244e-01 +6.0903e-01 -2.3179e-01 +2.3212e-01 +3.3343e-01
46010 +2.505606453e-02 +2.505606453e-02 +7.764505606e+01 +7.764505606e+01 +4.7086e-01 +6.3847e-01 -2.1960e-01 +2.0888e-01 +3.6008e-01
57889 +1.535148221e-02 +1.535148221e-02 +7.763535148e+01 +7.763535148e+01 +5.2067e-01 +6.7935e-01 -1.9219e-01 +1.7286e-01 +3.9330e-01
67381 +9.785283359e-03 +9.785283359e-03 +7.762978528e+01 +7.762978528e+01 +5.4548e-01 +6.9459e-01 -1.8616e-01 +1.6023e-01 +4.1123e-01
75677 +3.032426738e-03 +3.032426738e-03 +7.762303243e+01 +7.762303243e+01 +5.7696e-01 +7.2073e-01 -1.6911e-01 +1.3531e-01 +4.3376e-01
% function evaluation | noise-free fitness - Fopt (-1.092400000000e+02) | best noise-free fitness - Fopt | measured fitness | best measured fitness | x1 | x2...
1 +2.488947997e+04 +2.488947997e+04 +2.478023997e+04 +2.478023997e+04 -5.8208e-01 +4.1488e+00 +2.1357e+00 +7.1395e-01 +4.0730e+00
4 +4.380287820e+03 +4.380287820e+03 +4.271047820e+03 +4.271047820e+03 -1.2716e+00 +1.8888e-01 +2.0572e+00 +2.0951e+00 +8.8956e-01
87 +3.046709971e+03 +3.046709971e+03 +2.937469971e+03 +2.937469971e+03 -4.5080e-01 -2.0983e+00 +4.1482e-01 -3.9213e-01 -1.5969e+00
98 +1.583927677e+03 +1.583927677e+03 +1.474687677e+03 +1.474687677e+03 -2.4668e+00 +2.0649e+00 -1.5696e+00 -1.3012e+00 +3.1164e-01
827 +9.949526416e+02 +9.949526416e+02 +8.857126416e+02 +8.857126416e+02 -2.2908e+00 +2.1581e+00 -1.5053e+00 -1.2701e+00 +2.9256e-01
1376 +6.228765977e+02 +6.228765977e+02 +5.136365977e+02 +5.136365977e+02 -2.1394e+00 +2.2131e+00 -1.4498e+00 -1.2086e+00 +3.7820e-01
2071 +3.903298480e+02 +3.903298480e+02 +2.810898480e+02 +2.810898480e+02 -1.9386e+00 +2.3259e+00 -1.3539e+00 -1.2172e+00 +3.7726e-01
3454 +2.502782461e+02 +2.502782461e+02 +1.410382461e+02 +1.410382461e+02 -1.6744e+00 +2.2766e+00 -1.2701e+00 -1.4754e+00 +6.2559e-01
5614 +1.584028203e+02 +1.584028203e+02 +4.916282027e+01 +4.916282027e+01 -1.5172e+00 +2.0009e+00 -1.0735e+00 -1.8560e+00 +8.6908e-01
11397 +9.997584873e+01 +9.997584873e+01 -9.264151269e+00 -9.264151269e+00 -8.7222e-01 +7.6229e-01 -1.2918e-01 -1.2885e+00 +7.7407e-01
14047 +6.273432285e+01 +6.273432285e+01 -4.650567715e+01 -4.650567715e+01 -4.8034e-01 +2.9136e-01 +2.8691e-01 -9.1338e-01 +6.8434e-01
15305 +3.966741409e+01 +3.966741409e+01 -6.957258591e+01 -6.957258591e+01 -2.3188e-01 +9.2389e-02 +4.6724e-01 -6.7827e-01 +6.1774e-01
16270 +2.497958040e+01 +2.497958040e+01 -8.426041960e+01 -8.426041960e+01 -1.2411e-01 +9.2874e-03 +6.3298e-01 -5.1219e-01 +5.8499e-01
16779 +1.571523090e+01 +1.571523090e+01 -9.352476910e+01 -9.352476910e+01 -9.4460e-03 -2.9341e-02 +6.7115e-01 -4.0380e-01 +4.9395e-01
17187 +9.526506633e+00 +9.526506633e+00 -9.971349337e+01 -9.971349337e+01 +1.0670e-01 -5.1314e-02 +7.0500e-01 -3.0226e-01 +4.9022e-01
17447 +6.087289935e+00 +6.087289935e+00 -1.031527101e+02 -1.031527101e+02 +1.6162e-01 -7.7805e-02 +7.6070e-01 -2.4681e-01 +4.6648e-01
17747 +3.970116216e+00 +3.970116216e+00 -1.052698838e+02 -1.052698838e+02 +2.0665e-01 -8.3769e-02 +8.2390e-01 -1.7184e-01 +4.4244e-01
19642 +2.504580048e+00 +2.504580048e+00 -1.067354200e+02 -1.067354200e+02 +3.1765e-01 -2.5828e-01 +5.3447e-01 +3.0605e-02 +4.8943e-01
21556 +1.577782947e+00 +1.577782947e+00 -1.076622171e+02 -1.076622171e+02 +3.8049e-01 -3.6563e-01 +2.2093e-01 +2.0035e-01 +3.6578e-01
23346 +9.831828308e-01 +9.831828308e-01 -1.082568172e+02 -1.082568172e+02 +3.2768e-01 -4.3152e-01 +3.2763e-04 +2.8799e-01 +2.1836e-01
24945 +6.013645799e-01 +6.013645799e-01 -1.086386354e+02 -1.086386354e+02 +2.4706e-01 -4.1842e-01 -2.1196e-01 +3.2886e-01 +6.9007e-02
25849 +3.928003946e-01 +3.928003946e-01 -1.088471996e+02 -1.088471996e+02 +1.8883e-01 -3.8568e-01 -3.1955e-01 +3.2196e-01 +1.7804e-02
27843 +2.425089544e-01 +2.425089544e-01 -1.089974910e+02 -1.089974910e+02 +1.1571e-01 -3.2953e-01 -4.5961e-01 +3.2752e-01 -5.6972e-02
30099 +1.568448333e-01 +1.568448333e-01 -1.090831552e+02 -1.090831552e+02 +4.3987e-02 -2.7589e-01 -5.7477e-01 +3.2265e-01 -1.1373e-01
32817 +9.878780752e-02 +9.878780752e-02 -1.091412122e+02 -1.091412122e+02 -5.6351e-04 -2.2304e-01 -6.5522e-01 +3.1693e-01 -1.5991e-01
34815 +6.204050018e-02 +6.204050018e-02 -1.091779595e+02 -1.091779595e+02 -4.7125e-02 -1.6633e-01 -7.2179e-01 +3.0394e-01 -1.8627e-01
39050 +3.860474573e-02 +3.860474573e-02 -1.092013953e+02 -1.092013953e+02 -7.7866e-02 -1.3011e-01 -7.7900e-01 +2.9895e-01 -2.1280e-01
47696 +2.486810758e-02 +2.486810758e-02 -1.092151319e+02 -1.092151319e+02 -1.1107e-01 -9.3382e-02 -8.2522e-01 +2.9247e-01 -2.3446e-01
56259 +1.491788283e-02 +1.491788283e-02 -1.092250821e+02 -1.092250821e+02 -1.3907e-01 -5.3540e-02 -8.7147e-01 +2.8535e-01 -2.5219e-01
