% function evaluation | noise-free fitness - Fopt (-2.098800000000e+02) | best noise-free fitness - Fopt | measured fitness | best measured fitness | x1 | x2...
1 +3.049647504e+07 +3.049647504e+07 +3.049626516e+07 +3.049626516e+07 -3.2728e+00 -4.8913e-01 -4.7944e+00 +2.2405e+00 -4.0002e+00
3 +3.228044805e+06 +3.228044805e+06 +3.227834925e+06 +3.227834925e+06 +4.1349e+00 +3.7751e-01 -1.5225e+00 +4.5737e+00 +3.6300e+00
6 +1.564466131e+06 +1.564466131e+06 +1.564256251e+06 +1.564256251e+06 -4.2652e+00 +2.1264e+00 -3.7830e+00 +4.9151e+00 +2.8588e+00
7 +2.571729223e+05 +2.571729223e+05 +2.569630423e+05 +2.569630423e+05 +4.6115e+00 -4.7002e+00 -1.1631e+00 +5.6481e-01 +2.1329e+00
130 +2.497968981e+05 +2.497968981e+05 +2.495870181e+05 +2.495870181e+05 +4.5987e+00 -4.7022e+00 -1.1568e+00 +5.6175e-01 +2.1165e+00
253 +1.058902935e+05 +1.058902935e+05 +1.056804135e+05 +1.056804135e+05 +8.6232e-01 -3.9217e+00 -1.8267e+00 +2.6842e+00 +1.5115e+00
307 +9.970835351e+04 +9.970835351e+04 +9.949847351e+04 +9.949847351e+04 +8.6096e-01 -3.9346e+00 -1.8351e+00 +2.6683e+00 +1.5218e+00
651 +6.222932813e+04 +6.222932813e+04 +6.201944813e+04 +6.201944813e+04 +8.6145e-01 -3.9180e+00 -1.8488e+00 +2.7400e+00 +1.6201e+00
868 +3.781673276e+04 +3.781673276e+04 +3.760685276e+04 +3.760685276e+04 +8.5418e-01 -3.9441e+00 -1.8377e+00 +2.7317e+00 +1.6991e+00
2702 +2.499522900e+04 +2.499522900e+04 +2.478534900e+04 +2.478534900e+04 +8.0109e-01 -3.8701e+00 -1.4916e+00 +2.4060e+00 +1.7923e+00
6579 +1.579359657e+04 +1.579359657e+04 +1.558371657e+04 +1.558371657e+04 +8.5357e-01 -3.8275e+00 -3.2485e-01 +2.3523e+00 +1.7777e+00
9201 +9.999070997e+03 +9.999070997e+03 +9.789190997e+03 +9.789190997e+03 +7.3661e-01 -3.7353e+00 +4.2470e-01 +2.3798e+00 +1.7818e+00
11638 +6.306084549e+03 +6.306084549e+03 +6.096204549e+03 +6.096204549e+03 +7.5918e-01 -3.6204e+00 +1.0796e+00 +2.3840e+00 +1.7905e+00
14401 +3.974449161e+03 +3.974449161e+03 +3.764569161e+03 +3.764569161e+03 +7.4428e-01 -3.5603e+00 +1.7813e+00 +2.3749e+00 +1.7868e+00
16370 +2.485441519e+03 +2.485441519e+03 +2.275561519e+03 +2.275561519e+03 +7.6266e-01 -3.4218e+00 +2.2523e+00 +2.3880e+00 +1.7871e+00
17498 +1.578818634e+03 +1.578818634e+03 +1.368938634e+03 +1.368938634e+03 +8.0690e-01 -3.4622e+00 +2.5260e+00 +2.3782e+00 +1.7828e+00
18539 +9.860139220e+02 +9.860139220e+02 +7.761339220e+02 +7.761339220e+02 +8.7764e-01 -3.4413e+00 +2.7936e+00 +2.3789e+00 +1.7819e+00
20526 +6.269951224e+02 +6.269951224e+02 +4.171151224e+02 +4.171151224e+02 +7.6226e-01 -3.3545e+00 +3.1636e+00 +2.3781e+00 +1.7874e+00
23338 +3.978279393e+02 +3.978279393e+02 +1.879479393e+02 +1.879479393e+02 +7.4111e-01 -3.0924e+00 +3.4843e+00 +2.3882e+00 +1.7859e+00
29471 +2.492855876e+02 +2.492855876e+02 +3.940558762e+01 +3.940558762e+01 +7.9013e-01 -2.4370e+00 +3.5462e+00 +2.3832e+00 +1.7853e+00
35388 +1.581134381e+02 +1.581134381e+02 -5.176656189e+01 -5.176656189e+01 +6.9381e-01 -1.8321e+00 +3.5594e+00 +2.3890e+00 +1.7857e+00
44567 +9.988783338e+01 +9.988783338e+01 -1.099921666e+02 -1.099921666e+02 +7.7230e-01 -1.1969e+00 +3.5564e+00 +2.3928e+00 +1.7863e+00
48687 +5.959169500e+01 +5.959169500e+01 -1.502883050e+02 -1.502883050e+02 +7.5283e-01 -8.0832e-01 +3.5493e+00 +2.3812e+00 +1.7856e+00
50442 +3.695425916e+01 +3.695425916e+01 -1.729257408e+02 -1.729257408e+02 +7.6086e-01 -6.0302e-01 +3.5393e+00 +2.3870e+00 +1.7853e+00
51843 +2.483543059e+01 +2.483543059e+01 -1.850445694e+02 -1.850445694e+02 +7.5809e-01 -4.6666e-01 +3.5588e+00 +2.3867e+00 +1.7855e+00
55359 +1.446301475e+01 +1.446301475e+01 -1.954169852e+02 -1.954169852e+02 +7.4013e-01 -2.7583e-01 +3.5497e+00 +2.3832e+00 +1.7857e+00
59326 +9.855243452e+00 +9.855243452e+00 -2.000247565e+02 -2.000247565e+02 +7.5508e-01 -1.2435e-01 +3.5573e+00 +2.3836e+00 +1.7854e+00
67784 +6.274218332e+00 +6.274218332e+00 -2.036057817e+02 -2.036057817e+02 +7.4841e-01 +2.2387e-02 +3.5560e+00 +2.3870e+00 +1.7857e+00
69433 +3.951202017e+00 +3.951202017e+00 -2.059287980e+02 -2.059287980e+02 +7.4184e-01 +1.1845e-01 +3.5532e+00 +2.3883e+00 +1.7855e+00
73546 +2.474756073e+00 +2.474756073e+00 -2.074052439e+02 -2.074052439e+02 +7.8780e-01 +2.0601e-01 +3.5646e+00 +2.3863e+00 +1.7851e+00
77531 +1.542186117e+00 +1.542186117e+00 -2.083378139e+02 -2.083378139e+02 +8.1143e-01 +2.5932e-01 +3.5516e+00 +2.3841e+00 +1.7855e+00
83677 +9.279850801e-01 +9.279850801e-01 -2.089520149e+02 -2.089520149e+02 +7.9755e-01 +3.1702e-01 +3.5636e+00 +2.3869e+00 +1.7859e+00
89096 +5.496266989e-01 +5.496266989e-01 -2.093303733e+02 -2.093303733e+02 +8.0552e-01 +3.4418e-01 +3.5568e+00 +2.3876e+00 +1.7856e+00
92719 +3.170978318e-01 +3.170978318e-01 -2.095629022e+02 -2.095629022e+02 +8.0414e-01 +3.7837e-01 +3.5538e+00 +2.3859e+00 +1.7855e+00
% function evaluation | noise-free fitness - Fopt (-9.209000000000e+01) | best noise-free fitness - Fopt | measured fitness | best measured fitness | x1 | x2...
1 +1.379314997e+07 +1.379314997e+07 +1.379305788e+07 +1.379305788e+07 +6.3899e-03 +2.8703e+00 +1.1979e+00 -1.2814e+00 -3.8308e+00
2 +4.677083257e+06 +4.677083257e+06 +4.676991167e+06 +4.676991167e+06 -4.4698e+00 -4.8782e+00 -3.6957e+00 +8.9911e-02 -2.2728e+00
3 +2.073253648e+06 +2.073253648e+06 +2.073161558e+06 +2.073161558e+06 +1.8339e-01 +2.9972e+00 -1.1748e+00 +4.2420e+00 -1.0737e+00
6 +1.131333200e+06 +1.131333200e+06 +1.131241110e+06 +1.131241110e+06 +2.6258e+00 +3.5988e+00 -1.3774e+00 -2.9657e+00 -1.1478e+00
10 +6.114658968e+05 +6.114658968e+05 +6.113738068e+05 +6.113738068e+05 -1.1491e+00 -1.1645e+00 +4.0406e+00 +1.9615e+00 -4.9497e-01
20 +3.083955759e+05 +3.083955759e+05 +3.083034859e+05 +3.083034859e+05 -3.6940e+00 -3.3681e+00 -2.4381e+00 +6.1242e-01 -4.1671e-01
38 +9.353536035e+04 +9.353536035e+04 +9.344327035e+04 +9.344327035e+04 -2.9457e+00 +3.2414e+00 +1.4843e+00 -1.3734e-01 +5.3997e-03
763 +5.891800631e+04 +5.891800631e+04 +5.882591631e+04 +5.882591631e+04 -4.8383e+00 +3.6729e+00 -2.2736e+00 -2.1444e+00 +1.0494e-01
970 +3.240192999e+04 +3.240192999e+04 +3.230983999e+04 +3.230983999e+04 -4.8695e+00 +3.6515e+00 -2.2317e+00 -2.1480e+00 +3.8968e-02
1080 +2.379853359e+04 +2.379853359e+04 +2.370644359e+04 +2.370644359e+04 -4.8547e+00 +3.6574e+00 -2.2514e+00 -2.1320e+00 +7.8252e-03
1211 +1.524659789e+04 +1.524659789e+04 +1.515450789e+04 +1.515450789e+04 -4.8451e+00 +3.6605e+00 -2.2359e+00 -2.1391e+00 -3.5267e-02
1330 +9.710930072e+03 +9.710930072e+03 +9.618840072e+03 +9.618840072e+03 -4.8725e+00 +3.6082e+00 -2.2312e+00 -2.0994e+00 -7.4635e-02
1740 +6.277529877e+03 +6.277529877e+03 +6.185439877e+03 +6.185439877e+03 -4.9043e+00 +3.6447e+00 -2.2296e+00 -1.9938e+00 -1.2964e-01
3419 +3.976388193e+03 +3.976388193e+03 +3.884298193e+03 +3.884298193e+03 -4.8444e+00 +3.6140e+00 -1.8492e+00 -1.8195e+00 -1.1794e-01
5303 +2.509458280e+03 +2.509458280e+03 +2.417368280e+03 +2.417368280e+03 -4.8419e+00 +3.6205e+00 -1.3371e+00 -1.8072e+00 -1.2107e-01
6143 +1.528105875e+03 +1.528105875e+03 +1.436015875e+03 +1.436015875e+03 -4.8711e+00 +3.5933e+00 -1.0519e+00 -1.8316e+00 -1.1499e-01
6800 +9.875221907e+02 +9.875221907e+02 +8.954321907e+02 +8.954321907e+02 -4.8073e+00 +3.6694e+00 -8.7809e-01 -1.8371e+00 -1.2159e-01
7627 +6.102558743e+02 +6.102558743e+02 +5.181658743e+02 +5.181658743e+02 -4.9019e+00 +3.6356e+00 -7.0532e-01 -1.8288e+00 -1.1669e-01
8478 +3.937522584e+02 +3.937522584e+02 +3.016622584e+02 +3.016622584e+02 -4.9318e+00 +3.5666e+00 -5.3381e-01 -1.8358e+00 -1.1990e-01
9751 +2.495591631e+02 +2.495591631e+02 +1.574691631e+02 +1.574691631e+02 -4.9991e+00 +3.5551e+00 -3.3936e-01 -1.8323e+00 -1.1912e-01
10439 +1.471216406e+02 +1.471216406e+02 +5.503164064e+01 +5.503164064e+01 -4.9913e+00 +3.5296e+00 -2.0437e-01 -1.8156e+00 -1.1749e-01
11243 +9.608101203e+01 +9.608101203e+01 +3.991012033e+00 +3.991012033e+00 -4.9845e+00 +3.5168e+00 -1.1501e-01 -1.8277e+00 -1.1817e-01
11640 +6.161254983e+01 +6.161254983e+01 -3.047745017e+01 -3.047745017e+01 -4.9922e+00 +3.4922e+00 -1.7803e-02 -1.8291e+00 -1.1880e-01
25818 +3.944725445e+01 +3.944725445e+01 -5.264274555e+01 -5.264274555e+01 -4.8218e+00 +3.1687e+00 +9.4754e-02 -1.8253e+00 -1.1865e-01
64764 +2.504047770e+01 +2.504047770e+01 -6.704952230e+01 -6.704952230e+01 -4.3643e+00 +2.7152e+00 +9.5263e-02 -1.8259e+00 -1.1924e-01
% function evaluation | noise-free fitness - Fopt (-8.789000000000e+01) | best noise-free fitness - Fopt | measured fitness | best measured fitness | x1 | x2...
1 +1.986536183e+07 +1.986536183e+07 +1.986527394e+07 +1.986527394e+07 +6.3099e-01 +4.4469e+00 +2.4058e+00 +1.9317e-01 +1.3512e+00
2 +4.307212276e+05 +4.307212276e+05 +4.306333376e+05 +4.306333376e+05 +6.1689e-01 -3.6103e+00 +3.9009e-01 +1.3419e+00 -3.3490e+00
23 +2.938821208e+05 +2.938821208e+05 +2.937942308e+05 +2.937942308e+05 -1.3450e+00 +1.3596e+00 -3.7236e+00 -4.8139e-01 -3.5182e+00
31 +6.108359590e+04 +6.108359590e+04 +6.099570590e+04 +6.099570590e+04 -2.9350e+00 +4.4461e+00 -1.7544e+00 -3.2346e+00 -2.9930e+00
81 +3.593537625e+03 +3.593537625e+03 +3.505647625e+03 +3.505647625e+03 -1.4150e+00 +1.7435e+00 +2.5772e+00 -1.9215e+00 -3.1014e+00
507 +2.428668666e+03 +2.428668666e+03 +2.340778666e+03 +2.340778666e+03 -1.4211e+00 +1.7059e+00 +2.5688e+00 -2.0150e+00 -3.0767e+00
1754 +1.551372697e+03 +1.551372697e+03 +1.463482697e+03 +1.463482697e+03 -1.3707e+00 +1.7000e+00 +2.3535e+00 -2.0967e+00 -3.0811e+00
2291 +9.870381013e+02 +9.870381013e+02 +8.991481013e+02 +8.991481013e+02 -1.3855e+00 +1.6993e+00 +2.2032e+00 -2.1345e+00 -3.0812e+00
3354 +6.307752536e+02 +6.307752536e+02 +5.428852536e+02 +5.428852536e+02 -1.4106e+00 +1.7300e+00 +1.9886e+00 -2.1055e+00 -3.0831e+00
4752 +3.872839304e+02 +3.872839304e+02 +2.993939304e+02 +2.993939304e+02 -1.4060e+00 +1.7419e+00 +1.7483e+00 -2.0972e+00 -3.0793e+00
5488 +2.496473283e+02 +2.496473283e+02 +1.617573283e+02 +1.617573283e+02 -1.3876e+00 +1.7445e+00 +1.6054e+00 -2.1113e+00 -3.0812e+00
6406 +1.578713299e+02 +1.578713299e+02 +6.998132992e+01 +6.998132992e+01 -1.4643e+00 +1.7575e+00 +1.4329e+00 -2.1131e+00 -3.0816e+00
11302 +9.992170554e+01 +9.992170554e+01 +1.203170554e+01 +1.203170554e+01 -1.4329e+00 +2.0267e+00 +1.2765e+00 -2.1115e+00 -3.0821e+00
17267 +6.281860752e+01 +6.281860752e+01 -2.507139248e+01 -2.507139248e+01 -1.3577e+00 +2.3869e+00 +1.2480e+00 -2.1082e+00 -3.0814e+00
20914 +3.966698603e+01 +3.966698603e+01 -4.822301397e+01 -4.822301397e+01 -1.4137e+00 +2.6084e+00 +1.2279e+00 -2.1143e+00 -3.0820e+00
23330 +2.403577155e+01 +2.403577155e+01 -6.385422845e+01 -6.385422845e+01 -1.4229e+00 +2.7882e+00 +1.2530e+00 -2.1068e+00 -3.0824e+00
27290 +1.514475297e+01 +1.514475297e+01 -7.274524703e+01 -7.274524703e+01 -1.4367e+00 +2.9819e+00 +1.2452e+00 -2.1118e+00 -3.0826e+00
40016 +9.809211633e+00 +9.809211633e+00 -7.808078837e+01 -7.808078837e+01 -1.4305e+00 +3.2119e+00 +1.2666e+00 -2.1113e+00 -3.0822e+00
45602 +6.137935028e+00 +6.137935028e+00 -8.175206497e+01 -8.175206497e+01 -1.4080e+00 +3.3559e+00 +1.2372e+00 -2.1118e+00 -3.0826e+00
56742 +3.908661071e+00 +3.908661071e+00 -8.398133893e+01 -8.398133893e+01 -1.4134e+00 +3.4996e+00 +1.2540e+00 -2.1099e+00 -3.0824e+00
% function evaluation | noise-free fitness - Fopt (3.201900000000e+02) | best noise-free fitness - Fopt | measured fitness | best measured fitness | x1 | x2...
1 +6.379977691e+05 +6.379977691e+05 +6.383179591e+05 +6.383179591e+05 -1.9361e+00 -4.3101e-01 +2.0886e+00 -2.3533e+00 -2.6532e+00
7 +6.060845506e+04 +6.060845506e+04 +6.092864506e+04 +6.092864506e+04 +3.0318e+00 +3.7078e+00 +3.0366e+00 +3.8079e-02 -3.6509e+00
105 +3.774620181e+04 +3.774620181e+04 +3.806639181e+04 +3.806639181e+04 -7.1424e-01 -1.4908e+00 -3.2679e+00 -1.1372e+00 -3.5856e+00
358 +2.488950733e+04 +2.488950733e+04 +2.520969733e+04 +2.520969733e+04 -6.9731e-01 -1.4510e+00 -3.2144e+00 -1.1031e+00 -3.5110e+00
2907 +1.580975828e+04 +1.580975828e+04 +1.612994828e+04 +1.612994828e+04 -6.6057e-01 -1.5006e+00 -2.5576e+00 -8.5885e-01 -3.4659e+00
5429 +9.994926639e+03 +9.994926639e+03 +1.031511664e+04 +1.031511664e+04 -5.7004e-01 -1.4538e+00 -1.7963e+00 -8.6333e-01 -3.4617e+00
8007 +6.260424336e+03 +6.260424336e+03 +6.580614336e+03 +6.580614336e+03 -5.2020e-01 -1.4115e+00 -1.1766e+00 -8.5598e-01 -3.4719e+00
10207 +3.974976338e+03 +3.974976338e+03 +4.295166338e+03 +4.295166338e+03 -5.4525e-01 -1.4291e+00 -5.4332e-01 -8.7612e-01 -3.4721e+00
12251 +2.376284519e+03 +2.376284519e+03 +2.696474519e+03 +2.696474519e+03 -6.2523e-01 -1.4119e+00 +1.7056e-03 -8.6004e-01 -3.4707e+00
13071 +1.551984112e+03 +1.551984112e+03 +1.872174112e+03 +1.872174112e+03 -6.3558e-01 -1.4669e+00 +2.3858e-01 -8.6572e-01 -3.4715e+00
13633 +9.966859331e+02 +9.966859331e+02 +1.316875933e+03 +1.316875933e+03 -6.3135e-01 -1.5037e+00 +4.1634e-01 -8.6904e-01 -3.4727e+00
14314 +6.281243392e+02 +6.281243392e+02 +9.483143392e+02 +9.483143392e+02 -6.6911e-01 -1.4559e+00 +5.7088e-01 -8.5204e-01 -3.4699e+00
14894 +3.959505588e+02 +3.959505588e+02 +7.161405588e+02 +7.161405588e+02 -6.9345e-01 -1.4248e+00 +7.5712e-01 -8.6863e-01 -3.4660e+00
15909 +2.508305088e+02 +2.508305088e+02 +5.710205088e+02 +5.710205088e+02 -7.1960e-01 -1.4145e+00 +9.3329e-01 -8.5373e-01 -3.4705e+00
16713 +1.502349575e+02 +1.502349575e+02 +4.704249575e+02 +4.704249575e+02 -6.9527e-01 -1.4600e+00 +1.0582e+00 -8.6519e-01 -3.4687e+00
17398 +9.786139327e+01 +9.786139327e+01 +4.180513933e+02 +4.180513933e+02 -7.5384e-01 -1.4628e+00 +1.1366e+00 -8.4641e-01 -3.4707e+00
17958 +6.283548876e+01 +6.283548876e+01 +3.830254888e+02 +3.830254888e+02 -7.2007e-01 -1.4944e+00 +1.2077e+00 -8.6498e-01 -3.4708e+00
18523 +3.788818305e+01 +3.788818305e+01 +3.580781831e+02 +3.580781831e+02 -6.9030e-01 -1.4528e+00 +1.2828e+00 -8.5680e-01 -3.4693e+00
19006 +2.496404636e+01 +2.496404636e+01 +3.451540464e+02 +3.451540464e+02 -6.9765e-01 -1.5388e+00 +1.3132e+00 -8.5541e-01 -3.4693e+00
26040 +1.578760311e+01 +1.578760311e+01 +3.359776031e+02 +3.359776031e+02 -6.9871e-01 -1.6532e+00 +1.4021e+00 -8.5806e-01 -3.4697e+00
29990 +9.779963298e+00 +9.779963298e+00 +3.299699633e+02 +3.299699633e+02 -7.2818e-01 -1.8384e+00 +1.3894e+00 -8.5612e-01 -3.4692e+00
31562 +5.598666342e+00 +5.598666342e+00 +3.257886663e+02 +3.257886663e+02 -7.0927e-01 -1.9251e+00 +1.4134e+00 -8.5794e-01 -3.4699e+00
35894 +3.719703594e+00 +3.719703594e+00 +3.239097036e+02 +3.239097036e+02 -6.4913e-01 -2.0355e+00 +1.4024e+00 -8.5990e-01 -3.4694e+00
39688 +2.357666534e+00 +2.357666534e+00 +3.225476665e+02 +3.225476665e+02 -6.3277e-01 -2.1065e+00 +1.4159e+00 -8.5836e-01 -3.4693e+00
42068 +1.534799861e+00 +1.534799861e+00 +3.217247999e+02 +3.217247999e+02 -5.8806e-01 -2.1685e+00 +1.4054e+00 -8.5639e-01 -3.4691e+00
44874 +9.897160527e-01 +9.897160527e-01 +3.211797161e+02 +3.211797161e+02 -5.8063e-01 -2.1986e+00 +1.3925e+00 -8.5843e-01 -3.4698e+00
49074 +4.816407081e-01 +4.816407081e-01 +3.206716407e+02 +3.206716407e+02 -5.5875e-01 -2.2533e+00 +1.4030e+00 -8.5790e-01 -3.4694e+00
53109 +3.820658164e-01 +3.820658164e-01 +3.205720658e+02 +3.205720658e+02 -5.7430e-01 -2.2638e+00 +1.4034e+00 -8.5801e-01 -3.4695e+00
57606 +2.414715233e-01 +2.414715233e-01 +3.204314715e+02 +3.204314715e+02 -5.5080e-01 -2.2833e+00 +1.3967e+00 -8.5703e-01 -3.4695e+00
% function evaluation | noise-free fitness - Fopt (-1.042400000000e+02) | best noise-free fitness - Fopt | measured fitness | best measured fitness | x1 | x2...
1 +2.067482035e+06 +2.067482035e+06 +2.067377795e+06 +2.067377795e+06 -1.8429e+00 -8.1189e-01 -2.5549e+00 -1.6125e+00 +1.3445e+00
5 +3.627507146e+05 +3.627507146e+05 +3.626464746e+05 +3.626464746e+05 -1.0626e+00 -3.0924e+00 +2.9447e+00 +2.9657e+00 -8.9450e-02
30 +4.500101643e+04 +4.500101643e+04 +4.489677643e+04 +4.489677643e+04 +1.6126e+00 +2.5569e+00 +3.9341e+00 -1.8790e-01 +1.2193e-01
208 +3.904666012e+04 +3.904666012e+04 +3.894242012e+04 +3.894242012e+04 +1.6112e+00 +2.5301e+00 +3.9427e+00 -1.8118e-01 +1.0756e-01
404 +2.362991583e+04 +2.362991583e+04 +2.352567583e+04 +2.352567583e+04 +1.5925e+00 +2.5310e+00 +3.9388e+00 -1.9178e-01 +4.2469e-02
480 +1.541496694e+04 +1.541496694e+04 +1.531072694e+04 +1.531072694e+04 +1.5763e+00 +2.5194e+00 +3.9144e+00 -1.9096e-01 +8.0819e-04
868 +9.977619147e+03 +9.977619147e+03 +9.873379147e+03 +9.873379147e+03 +1.5977e+00 +2.5333e+00 +3.8617e+00 -2.8180e-01 -5.6498e-02
2911 +6.260978576e+03 +6.260978576e+03 +6.156738576e+03 +6.156738576e+03 +1.5469e+00 +2.4270e+00 +3.4483e+00 -5.0789e-01 -6.5176e-02
4197 +3.980401284e+03 +3.980401284e+03 +3.876161284e+03 +3.876161284e+03 +1.5497e+00 +2.4901e+00 +3.0586e+00 -4.9167e-01 -5.9164e-02
7763 +2.488950033e+03 +2.488950033e+03 +2.384710033e+03 +2.384710033e+03 +1.4256e+00 +2.2199e+00 +2.3759e+00 -5.0756e-01 -5.7086e-02
9805 +1.584023337e+03 +1.584023337e+03 +1.479783337e+03 +1.479783337e+03 +1.3880e+00 +1.9072e+00 +1.9955e+00 -4.9715e-01 -6.2075e-02
12337 +9.994995496e+02 +9.994995496e+02 +8.952595496e+02 +8.952595496e+02 +1.4554e+00 +1.6238e+00 +1.4875e+00 -4.7466e-01 -5.9596e-02
19078 +6.277564487e+02 +6.277564487e+02 +5.235164487e+02 +5.235164487e+02 +1.4115e+00 +5.2472e-01 +1.3474e+00 -4.9576e-01 -5.7704e-02
26065 +3.968759836e+02 +3.968759836e+02 +2.926359836e+02 +2.926359836e+02 +1.2764e+00 -3.1970e-01 +1.2874e+00 -4.9967e-01 -5.7946e-02
33706 +2.509942768e+02 +2.509942768e+02 +1.467542768e+02 +1.467542768e+02 +1.3343e+00 -1.1502e+00 +1.3270e+00 -4.9126e-01 -5.7935e-02
40922 +1.571038995e+02 +1.571038995e+02 +5.286389952e+01 +5.286389952e+01 +1.2748e+00 -1.7830e+00 +1.2835e+00 -4.8929e-01 -5.8958e-02
42897 +9.972259363e+01 +9.972259363e+01 -4.517406373e+00 -4.517406373e+00 +1.2327e+00 -2.0603e+00 +1.3064e+00 -4.9476e-01 -5.7690e-02
56619 +6.307261075e+01 +6.307261075e+01 -4.116738925e+01 -4.116738925e+01 +1.1934e+00 -2.5888e+00 +1.3160e+00 -4.9318e-01 -5.7751e-02
63448 +3.947567690e+01 +3.947567690e+01 -6.476432310e+01 -6.476432310e+01 +1.1856e+00 -2.8753e+00 +1.3179e+00 -4.9266e-01 -5.7022e-02
65084 +2.351073214e+01 +2.351073214e+01 -8.072926786e+01 -8.072926786e+01 +1.2223e+00 -3.0213e+00 +1.2957e+00 -4.9589e-01 -5.9267e-02
76088 +1.570958601e+01 +1.570958601e+01 -8.853041399e+01 -8.853041399e+01 +1.3149e+00 -3.2742e+00 +1.3128e+00 -4.9328e-01 -5.8148e-02
80027 +9.805177075e+00 +9.805177075e+00 -9.443482293e+01 -9.443482293e+01 +1.3024e+00 -3.4190e+00 +1.3376e+00 -4.9372e-01 -5.8997e-02
80808 +5.956887525e+00 +5.956887525e+00 -9.828311247e+01 -9.828311247e+01 +1.2830e+00 -3.4914e+00 +1.3112e+00 -4.9288e-01 -5.8730e-02
92747 +3.962844505e+00 +3.962844505e+00 -1.002771555e+02 -1.002771555e+02 +1.3448e+00 -3.6268e+00 +1.3055e+00 -4.9601e-01 -5.8607e-02
96586 +2.425189544e+00 +2.425189544e+00 -1.018148105e+02 -1.018148105e+02 +1.3127e+00 -3.7119e+00 +1.3061e+00 -4.9053e-01 -5.8460e-02
99361 +1.101549858e+00 +1.101549858e+00 -1.031384501e+02 -1.031384501e+02 +1.2464e+00 -3.7910e+00 +1.3145e+00 -4.9389e-01 -5.8405e-02
% function evaluation | noise-free fitness - Fopt (-1.000000000000e+03) | best noise-free fitness - Fopt | measured fitness | best measured fitness | x1 | x2...
1 +4.629804131e+06 +4.629804131e+06 +4.628804131e+06 +4.628804131e+06 -3.6919e+00 -1.5459e+00 -3.5206e+00 +3.1105e+00 +2.5625e+00
2 +1.146279630e+06 +1.146279630e+06 +1.145279630e+06 +1.145279630e+06 +3.6672e+00 +2.8092e+00 -3.4311e+00 +4.1754e+00 -3.1794e-03
3 +6.568063795e+05 +6.568063795e+05 +6.558063795e+05 +6.558063795e+05 +3.8469e+00 -8.0022e-01 -2.9044e+00 -1.7117e+00 -3.0654e-01
6 +2.891509987e+05 +2.891509987e+05 +2.881509987e+05 +2.881509987e+05 +4.6671e+00 -2.1382e+00 +3.6955e+00 -1.6864e+00 +3.4272e-02
9 +9.168529709e+04 +9.168529709e+04 +9.068529709e+04 +9.068529709e+04 -3.2841e+00 -1.2353e+00 -4.9825e+00 +6.0717e-01 +5.2749e-01
1994 +6.260467774e+04 +6.260467774e+04 +6.160467774e+04 +6.160467774e+04 -3.2115e+00 -1.2310e+00 -4.8572e+00 +4.7455e-02 +5.2982e-01
2556 +3.967112403e+04 +3.967112403e+04 +3.867112403e+04 +3.867112403e+04 -3.1913e+00 -1.2342e+00 -4.8390e+00 -1.3794e-01 +5.5726e-01
3733 +2.501992841e+04 +2.501992841e+04 +2.401992841e+04 +2.401992841e+04 -3.1787e+00 -1.2820e+00 -4.6911e+00 -4.5758e-01 +5.3969e-01
4364 +1.563890018e+04 +1.563890018e+04 +1.463890018e+04 +1.463890018e+04 -3.1779e+00 -1.2845e+00 -4.6660e+00 -6.6597e-01 +5.6310e-01
5308 +9.840067102e+03 +9.840067102e+03 +8.840067102e+03 +8.840067102e+03 -3.1928e+00 -1.3095e+00 -4.5457e+00 -9.4187e-01 +5.4959e-01
7241 +6.301716824e+03 +6.301716824e+03 +5.301716824e+03 +5.301716824e+03 -3.1477e+00 -1.3606e+00 -4.0686e+00 -1.1006e+00 +5.4164e-01
9789 +3.975924108e+03 +3.975924108e+03 +2.975924108e+03 +2.975924108e+03 -3.1943e+00 -1.4038e+00 -3.4152e+00 -1.1115e+00 +5.4907e-01
11752 +2.477500584e+03 +2.477500584e+03 +1.477500584e+03 +1.477500584e+03 -3.1952e+00 -1.4762e+00 -2.8946e+00 -1.1309e+00 +5.3942e-01
12602 +1.573767032e+03 +1.573767032e+03 +5.737670319e+02 +5.737670319e+02 -3.2166e+00 -1.4000e+00 -2.6381e+00 -1.1055e+00 +5.4174e-01
13544 +9.987251244e+02 +9.987251244e+02 -1.274875624e+00 -1.274875624e+00 -3.2022e+00 -1.4438e+00 -2.4557e+00 -1.1084e+00 +5.4608e-01
14521 +6.103830294e+02 +6.103830294e+02 -3.896169706e+02 -3.896169706e+02 -3.1630e+00 -1.4727e+00 -2.2510e+00 -1.1140e+00 +5.4614e-01
15611 +3.857753105e+02 +3.857753105e+02 -6.142246895e+02 -6.142246895e+02 -3.1023e+00 -1.6090e+00 -2.0278e+00 -1.1019e+00 +5.4656e-01
16427 +2.511531803e+02 +2.511531803e+02 -7.488468197e+02 -7.488468197e+02 -3.0546e+00 -1.6284e+00 -1.8594e+00 -1.1053e+00 +5.4618e-01
17578 +1.490346029e+02 +1.490346029e+02 -8.509653971e+02 -8.509653971e+02 -2.9514e+00 -1.6937e+00 -1.6932e+00 -1.1064e+00 +5.4591e-01
18940 +9.800613912e+01 +9.800613912e+01 -9.019938609e+02 -9.019938609e+02 -2.9731e+00 -1.8199e+00 -1.5699e+00 -1.1129e+00 +5.4483e-01
34234 +6.302289925e+01 +6.302289925e+01 -9.369771008e+02 -9.369771008e+02 -3.0057e+00 -2.2890e+00 -1.5293e+00 -1.1096e+00 +5.4652e-01
38713 +3.971946159e+01 +3.971946159e+01 -9.602805384e+02 -9.602805384e+02 -2.9623e+00 -2.5810e+00 -1.5074e+00 -1.1104e+00 +5.4672e-01
40751 +2.476012095e+01 +2.476012095e+01 -9.752398790e+02 -9.752398790e+02 -2.9389e+00 -2.7209e+00 -1.5437e+00 -1.1076e+00 +5.4609e-01
49705 +1.574437246e+01 +1.574437246e+01 -9.842556275e+02 -9.842556275e+02 -2.9439e+00 -2.9624e+00 -1.5205e+00 -1.1099e+00 +5.4614e-01
53353 +9.952096114e+00 +9.952096114e+00 -9.900479039e+02 -9.900479039e+02 -2.9318e+00 -3.1182e+00 -1.5022e+00 -1.1115e+00 +5.4684e-01
55875 +6.050070891e+00 +6.050070891e+00 -9.939499291e+02 -9.939499291e+02 -2.9824e+00 -3.2103e+00 -1.5060e+00 -1.1087e+00 +5.4598e-01
67255 +3.758797894e+00 +3.758797894e+00 -9.962412021e+02 -9.962412021e+02 -2.9690e+00 -3.3263e+00 -1.5161e+00 -1.1137e+00 +5.4621e-01
70344 +2.351344055e+00 +2.351344055e+00 -9.976486559e+02 -9.976486559e+02 -2.9656e+00 -3.4057e+00 -1.5366e+00 -1.1128e+00 +5.4638e-01
77371 +1.523711674e+00 +1.523711674e+00 -9.984762883e+02 -9.984762883e+02 -2.9828e+00 -3.4450e+00 -1.5265e+00 -1.1109e+00 +5.4641e-01
80016 +7.721134671e-01 +7.721134671e-01 -9.992278865e+02 -9.992278865e+02 -2.9773e+00 -3.5119e+00 -1.5181e+00 -1.1119e+00 +5.4620e-01
86956 +6.256680712e-01 +6.256680712e-01 -9.993743319e+02 -9.993743319e+02 -2.9829e+00 -3.5432e+00 -1.5160e+00 -1.1121e+00 +5.4627e-01
% function evaluation | noise-free fitness - Fopt (-3.629000000000e+01) | best noise-free fitness - Fopt | measured fitness | best measured fitness | x1 | x2...
1 +5.214643916e+06 +5.214643916e+06 +5.214607626e+06 +5.214607626e+06 -2.7133e+00 +3.5729e+00 +1.1780e+00 -1.6615e+00 -1.5720e+00
5 +2.336596436e+06 +2.336596436e+06 +2.336560146e+06 +2.336560146e+06 -3.9963e+00 +4.0180e+00 -5.6273e-01 +4.0632e+00 -4.6157e+00
8 +8.955726750e+04 +8.955726750e+04 +8.952097750e+04 +8.952097750e+04 -2.3781e+00 +3.4334e+00 -4.9423e+00 -1.4373e+00 -3.7991e+00
1432 +6.308537736e+04 +6.308537736e+04 +6.304908736e+04 +6.304908736e+04 -2.3738e+00 +3.4545e+00 -4.9494e+00 -1.8162e+00 -3.7142e+00
2254 +3.969331038e+04 +3.969331038e+04 +3.965702038e+04 +3.965702038e+04 -2.4053e+00 +3.4604e+00 -4.9202e+00 -2.0743e+00 -3.7475e+00
3800 +2.510234745e+04 +2.510234745e+04 +2.506605745e+04 +2.506605745e+04 -2.3962e+00 +3.4550e+00 -4.7048e+00 -2.5031e+00 -3.7442e+00
6598 +1.584621902e+04 +1.584621902e+04 +1.580992902e+04 +1.580992902e+04 -2.3122e+00 +3.5268e+00 -4.0640e+00 -2.8480e+00 -3.7482e+00
9551 +9.964627141e+03 +9.964627141e+03 +9.928337141e+03 +9.928337141e+03 -2.5051e+00 +3.4321e+00 -3.2586e+00 -2.8640e+00 -3.7591e+00
12616 +6.293151660e+03 +6.293151660e+03 +6.256861660e+03 +6.256861660e+03 -2.4806e+00 +3.2905e+00 -2.5376e+00 -2.8591e+00 -3.7474e+00
15462 +3.951555350e+03 +3.951555350e+03 +3.915265350e+03 +3.915265350e+03 -2.4781e+00 +3.0195e+00 -1.7932e+00 -2.8745e+00 -3.7510e+00
17306 +2.507048299e+03 +2.507048299e+03 +2.470758299e+03 +2.470758299e+03 -2.4333e+00 +2.9055e+00 -1.3841e+00 -2.8859e+00 -3.7459e+00
19027 +1.584709426e+03 +1.584709426e+03 +1.548419426e+03 +1.548419426e+03 -2.5451e+00 +2.7947e+00 -9.9350e-01 -2.8954e+00 -3.7469e+00
22980 +9.999975634e+02 +9.999975634e+02 +9.637075634e+02 +9.637075634e+02 -2.6434e+00 +2.3922e+00 -4.1294e-01 -2.8877e+00 -3.7496e+00
31153 +6.294322609e+02 +6.294322609e+02 +5.931422609e+02 +5.931422609e+02 -2.8569e+00 +1.2064e+00 -2.8280e-01 -2.8755e+00 -3.7492e+00
37470 +3.968219675e+02 +3.968219675e+02 +3.605319675e+02 +3.605319675e+02 -2.8404e+00 +3.4767e-01 -2.5596e-01 -2.8772e+00 -3.7489e+00
48737 +2.507733176e+02 +2.507733176e+02 +2.144833176e+02 +2.144833176e+02 -2.7238e+00 -6.3767e-01 -2.9848e-01 -2.8691e+00 -3.7494e+00
53148 +1.551934481e+02 +1.551934481e+02 +1.189034481e+02 +1.189034481e+02 -2.6847e+00 -1.1421e+00 -2.6415e-01 -2.8735e+00 -3.7499e+00
57386 +9.903207199e+01 +9.903207199e+01 +6.274207199e+01 +6.274207199e+01 -2.5767e+00 -1.5109e+00 -2.9913e-01 -2.8797e+00 -3.7484e+00
77664 +6.214286725e+01 +6.214286725e+01 +2.585286725e+01 +2.585286725e+01 -2.3237e+00 -2.0993e+00 -2.8402e-01 -2.8779e+00 -3.7484e+00
91974 +3.978549790e+01 +3.978549790e+01 +3.495497903e+00 +3.495497903e+00 -2.1719e+00 -2.4056e+00 -2.9747e-01 -2.8770e+00 -3.7485e+00
120439 +2.509280444e+01 +2.509280444e+01 -1.119719556e+01 -1.119719556e+01 -1.9344e+00 -2.8721e+00 -2.7632e-01 -2.8727e+00 -3.7486e+00
187155 +1.569825414e+01 +1.569825414e+01 -2.059174586e+01 -2.059174586e+01 -1.1544e+00 -3.1488e+00 -2.9416e-01 -2.8773e+00 -3.7487e+00
% function evaluation | noise-free fitness - Fopt (-4.840000000000e+01) | best noise-free fitness - Fopt | measured fitness | best measured fitness | x1 | x2...
1 +2.183838561e+06 +2.183838561e+06 +2.183790161e+06 +2.183790161e+06 -1.7888e+00 -6.5208e-01 -4.3290e+00 -2.6608e+00 +1.3381e+00
7 +3.237178790e+05 +3.237178790e+05 +3.236694790e+05 +3.236694790e+05 -3.0185e+00 +1.8414e+00 +1.6389e+00 +4.1455e-01 +2.9540e+00
14 +2.330373217e+05 +2.330373217e+05 +2.329889217e+05 +2.329889217e+05 +3.1321e+00 -3.8291e+00 +3.9309e+00 -2.5947e-01 +2.4055e+00
68 +3.081670444e+04 +3.081670444e+04 +3.076830444e+04 +3.076830444e+04 +4.0265e+00 +3.3950e+00 +1.1594e+00 -3.1260e+00 +2.7599e+00
286 +2.431244134e+04 +2.431244134e+04 +2.426404134e+04 +2.426404134e+04 +4.0451e+00 +3.4327e+00 +1.1116e+00 -3.0802e+00 +2.7172e+00
926 +1.555985530e+04 +1.555985530e+04 +1.551145530e+04 +1.551145530e+04 +4.0343e+00 +3.4018e+00 +1.1140e+00 -2.8558e+00 +2.6929e+00
1650 +9.976192221e+03 +9.976192221e+03 +9.927792221e+03 +9.927792221e+03 +3.9678e+00 +3.4295e+00 +9.7711e-01 -2.6563e+00 +2.6880e+00
2348 +6.280532636e+03 +6.280532636e+03 +6.232132636e+03 +6.232132636e+03 +4.0140e+00 +3.5288e+00 +9.0326e-01 -2.4935e+00 +2.6855e+00
3320 +3.960242756e+03 +3.960242756e+03 +3.911842756e+03 +3.911842756e+03 +4.0301e+00 +3.4802e+00 +7.2276e-01 -2.3032e+00 +2.6854e+00
7254 +2.477171570e+03 +2.477171570e+03 +2.428771570e+03 +2.428771570e+03 +4.0121e+00 +2.9985e+00 +7.4633e-02 -2.2807e+00 +2.6858e+00
8956 +1.576296809e+03 +1.576296809e+03 +1.527896809e+03 +1.527896809e+03 +3.9862e+00 +2.8585e+00 -2.7797e-01 -2.2890e+00 +2.6879e+00
12334 +9.981049241e+02 +9.981049241e+02 +9.497049241e+02 +9.497049241e+02 +4.0483e+00 +2.5308e+00 -7.7110e-01 -2.2950e+00 +2.6869e+00
20468 +6.272900967e+02 +6.272900967e+02 +5.788900967e+02 +5.788900967e+02 +3.9396e+00 +1.4682e+00 -1.0278e+00 -2.2727e+00 +2.6854e+00
28107 +3.975253424e+02 +3.975253424e+02 +3.491253424e+02 +3.491253424e+02 +3.9191e+00 +6.2779e-01 -1.0173e+00 -2.2774e+00 +2.6846e+00
38155 +2.508895432e+02 +2.508895432e+02 +2.024895432e+02 +2.024895432e+02 +3.8499e+00 -2.5521e-01 -1.0315e+00 -2.2835e+00 +2.6864e+00
44056 +1.584158310e+02 +1.584158310e+02 +1.100158310e+02 +1.100158310e+02 +3.8293e+00 -8.2765e-01 -1.0440e+00 -2.2803e+00 +2.6869e+00
46826 +9.962116555e+01 +9.962116555e+01 +5.122116555e+01 +5.122116555e+01 +3.8365e+00 -1.1345e+00 -1.0107e+00 -2.2797e+00 +2.6871e+00
70341 +6.214004064e+01 +6.214004064e+01 +1.374004064e+01 +1.374004064e+01 +3.6013e+00 -1.7542e+00 -1.0113e+00 -2.2839e+00 +2.6864e+00
71988 +3.796514738e+01 +3.796514738e+01 -1.043485262e+01 -1.043485262e+01 +3.5753e+00 -1.9523e+00 -1.0055e+00 -2.2820e+00 +2.6862e+00
78851 +2.504929190e+01 +2.504929190e+01 -2.335070810e+01 -2.335070810e+01 +3.4629e+00 -2.1714e+00 -1.0006e+00 -2.2812e+00 +2.6863e+00
92071 +1.556717573e+01 +1.556717573e+01 -3.283282427e+01 -3.283282427e+01 +3.3637e+00 -2.4586e+00 -1.0041e+00 -2.2786e+00 +2.6857e+00
104486 +9.984559896e+00 +9.984559896e+00 -3.841544010e+01 -3.841544010e+01 +3.4301e+00 -2.7260e+00 -1.0126e+00 -2.2823e+00 +2.6863e+00
% function evaluation | noise-free fitness - Fopt (1.000000000000e+03) | best noise-free fitness - Fopt | measured fitness | best measured fitness | x1 | x2...
1 +2.292198363e+06 +2.292198363e+06 +2.293198363e+06 +2.293198363e+06 +1.0901e+00 +4.5518e-01 -2.4342e+00 +2.3983e+00 -1.3371e+00
9 +3.382640067e+05 +3.382640067e+05 +3.392640067e+05 +3.392640067e+05 +2.0520e-01 +1.8175e+00 -4.2504e+00 -1.6841e+00 -7.2200e-01
20 +1.695233038e+05 +1.695233038e+05 +1.705233038e+05 +1.705233038e+05 -9.0554e-01 +4.3825e+00 -4.4154e+00 -3.7824e+00 -3.6900e-01
45 +1.584757599e+05 +1.584757599e+05 +1.594757599e+05 +1.594757599e+05 -1.3443e+00 -5.7483e-01 -4.1294e+00 -1.1016e+00 -4.2782e-01
355 +3.150596376e+04 +3.150596376e+04 +3.250596376e+04 +3.250596376e+04 -3.9215e+00 +4.0392e+00 -2.5488e+00 -2.5198e+00 -2.5358e-01
510 +2.482504682e+04 +2.482504682e+04 +2.582504682e+04 +2.582504682e+04 -3.9204e+00 +4.0722e+00 -2.5511e+00 -2.5163e+00 -2.0425e-01
2481 +1.584484395e+04 +1.584484395e+04 +1.684484395e+04 +1.684484395e+04 -3.9155e+00 +3.9227e+00 -2.0305e+00 -2.2666e+00 -1.4568e-01
5275 +9.974500120e+03 +9.974500120e+03 +1.097450012e+04 +1.097450012e+04 -3.8838e+00 +3.9483e+00 -1.2304e+00 -2.2734e+00 -1.5002e-01
8147 +6.295127083e+03 +6.295127083e+03 +7.295127083e+03 +7.295127083e+03 -3.9116e+00 +3.9479e+00 -4.5092e-01 -2.2712e+00 -1.5295e-01
11143 +3.969299148e+03 +3.969299148e+03 +4.969299148e+03 +4.969299148e+03 -3.8226e+00 +3.8101e+00 +3.1820e-01 -2.2496e+00 -1.5106e-01
12919 +2.486491088e+03 +2.486491088e+03 +3.486491088e+03 +3.486491088e+03 -3.8579e+00 +3.8080e+00 +7.6377e-01 -2.2601e+00 -1.5293e-01
16133 +1.579760615e+03 +1.579760615e+03 +2.579760615e+03 +2.579760615e+03 -3.9139e+00 +3.3999e+00 +1.2817e+00 -2.2552e+00 -1.5569e-01
21270 +9.999910037e+02 +9.999910037e+02 +1.999991004e+03 +1.999991004e+03 -3.8070e+00 +2.6434e+00 +1.7087e+00 -2.2494e+00 -1.5098e-01
29701 +6.305197908e+02 +6.305197908e+02 +1.630519791e+03 +1.630519791e+03 -3.8456e+00 +1.4634e+00 +1.6833e+00 -2.2643e+00 -1.5395e-01
36332 +3.969117531e+02 +3.969117531e+02 +1.396911753e+03 +1.396911753e+03 -3.7910e+00 +6.1726e-01 +1.7011e+00 -2.2645e+00 -1.5360e-01
43967 +2.503975559e+02 +2.503975559e+02 +1.250397556e+03 +1.250397556e+03 -3.7722e+00 -2.5582e-01 +1.7680e+00 -2.2716e+00 -1.5230e-01
50544 +1.567843374e+02 +1.567843374e+02 +1.156784337e+03 +1.156784337e+03 -3.7712e+00 -8.5371e-01 +1.7346e+00 -2.2666e+00 -1.5126e-01
53394 +9.894135465e+01 +9.894135465e+01 +1.098941355e+03 +1.098941355e+03 -3.7577e+00 -1.1402e+00 +1.7094e+00 -2.2642e+00 -1.5415e-01
74950 +6.300905928e+01 +6.300905928e+01 +1.063009059e+03 +1.063009059e+03 -3.8900e+00 -1.6373e+00 +1.7327e+00 -2.2591e+00 -1.5285e-01
81216 +3.950522776e+01 +3.950522776e+01 +1.039505228e+03 +1.039505228e+03 -3.9409e+00 -1.9338e+00 +1.7419e+00 -2.2638e+00 -1.5359e-01
82302 +2.497443779e+01 +2.497443779e+01 +1.024974438e+03 +1.024974438e+03 -3.8389e+00 -2.0544e+00 +1.7173e+00 -2.2596e+00 -1.5275e-01
94350 +1.581907410e+01 +1.581907410e+01 +1.015819074e+03 +1.015819074e+03 -3.8269e+00 -2.2876e+00 +1.7270e+00 -2.2622e+00 -1.5274e-01
% function evaluation | noise-free fitness - Fopt (3.261100000000e+02) | best noise-free fitness - Fopt | measured fitness | best measured fitness | x1 | x2...
1 +1.596792701e+07 +1.596792701e+07 +1.596825312e+07 +1.596825312e+07 +2.3887e+00 -2.6650e+00 +3.4232e+00 -4.1370e+00 +2.2053e+00
2 +1.093809138e+05 +1.093809138e+05 +1.097070238e+05 +1.097070238e+05 +2.2927e+00 +4.4629e+00 -2.7939e+00 +3.7017e-01 -2.0128e+00
6 +6.359886353e+04 +6.359886353e+04 +6.392497353e+04 +6.392497353e+04 +2.6094e+00 -2.1985e+00 -3.5179e-01 +4.4604e-01 -1.9567e+00
112 +6.078039424e+04 +6.078039424e+04 +6.110650424e+04 +6.110650424e+04 +2.6054e+00 -2.1978e+00 -3.5532e-01 +4.2176e-01 -1.9508e+00
311 +3.788778978e+04 +3.788778978e+04 +3.821389978e+04 +3.821389978e+04 +2.6606e+00 -2.2302e+00 -3.3839e-01 +4.1383e-01 -1.8833e+00
470 +2.337848182e+04 +2.337848182e+04 +2.370459182e+04 +2.370459182e+04 +2.6597e+00 -2.2457e+00 -3.6439e-01 +4.3074e-01 -1.8380e+00
627 +1.584802117e+04 +1.584802117e+04 +1.617413117e+04 +1.617413117e+04 +2.6517e+00 -2.2570e+00 -3.5704e-01 +4.3797e-01 -1.7899e+00
1233 +9.912645858e+03 +9.912645858e+03 +1.023875586e+04 +1.023875586e+04 +2.6046e+00 -2.2267e+00 -2.3812e-01 +3.0636e-01 -1.7377e+00
3437 +6.303852815e+03 +6.303852815e+03 +6.629962815e+03 +6.629962815e+03 +2.6173e+00 -2.2718e+00 +3.1092e-01 +1.6095e-01 -1.7349e+00
6375 +3.973469253e+03 +3.973469253e+03 +4.299579253e+03 +4.299579253e+03 +2.5889e+00 -2.1401e+00 +1.0417e+00 +1.3833e-01 -1.7279e+00
8217 +2.503275501e+03 +2.503275501e+03 +2.829385501e+03 +2.829385501e+03 +2.5788e+00 -2.1054e+00 +1.4979e+00 +1.6137e-01 -1.7356e+00
9262 +1.583605767e+03 +1.583605767e+03 +1.909715767e+03 +1.909715767e+03 +2.6250e+00 -2.1067e+00 +1.7827e+00 +1.3525e-01 -1.7339e+00
10998 +9.949178356e+02 +9.949178356e+02 +1.321027836e+03 +1.321027836e+03 +2.6348e+00 -2.0660e+00 +2.1507e+00 +1.6436e-01 -1.7338e+00
14718 +6.291750671e+02 +6.291750671e+02 +9.552850671e+02 +9.552850671e+02 +2.4832e+00 -1.8562e+00 +2.6509e+00 +1.5288e-01 -1.7323e+00
22245 +3.960799687e+02 +3.960799687e+02 +7.221899687e+02 +7.221899687e+02 +2.4734e+00 -9.5302e-01 +2.7387e+00 +1.5081e-01 -1.7328e+00
28359 +2.501540129e+02 +2.501540129e+02 +5.762640129e+02 +5.762640129e+02 +2.2254e+00 -2.5748e-01 +2.7212e+00 +1.4679e-01 -1.7318e+00
38143 +1.584162519e+02 +1.584162519e+02 +4.845262519e+02 +4.845262519e+02 +2.1559e+00 +4.8015e-01 +2.7507e+00 +1.4833e-01 -1.7317e+00
46563 +9.880689204e+01 +9.880689204e+01 +4.249168920e+02 +4.249168920e+02 +2.1037e+00 +1.1110e+00 +2.7355e+00 +1.5029e-01 -1.7327e+00
51776 +6.274062966e+01 +6.274062966e+01 +3.888506297e+02 +3.888506297e+02 +2.0357e+00 +1.4546e+00 +2.7665e+00 +1.4604e-01 -1.7319e+00
61032 +3.971841173e+01 +3.971841173e+01 +3.658284117e+02 +3.658284117e+02 +1.8548e+00 +1.8168e+00 +2.7438e+00 +1.5060e-01 -1.7328e+00
103804 +2.475018881e+01 +2.475018881e+01 +3.508601888e+02 +3.508601888e+02 +1.4888e+00 +2.4516e+00 +2.7494e+00 +1.5080e-01 -1.7319e+00
% function evaluation | noise-free fitness - Fopt (-4.682000000000e+01) | best noise-free fitness - Fopt | measured fitness | best measured fitness | x1 | x2...
1 +3.587132784e+07 +3.587132784e+07 +3.587128102e+07 +3.587128102e+07 -1.5114e+00 +3.8101e+00 -8.5396e-01 -3.3762e+00 -3.1301e+00
2 +1.329596219e+07 +1.329596219e+07 +1.329591537e+07 +1.329591537e+07 +8.4613e-01 -3.0380e+00 -3.9476e+00 +4.6639e+00 -2.2906e-01
3 +8.332653290e+05 +8.332653290e+05 +8.332185090e+05 +8.332185090e+05 -4.2185e+00 -4.3418e+00 +2.7348e+00 +2.3542e+00 +3.6870e+00
16 +2.061098036e+05 +2.061098036e+05 +2.060629836e+05 +2.060629836e+05 +7.3303e-01 -2.9800e+00 -2.7440e+00 -4.2032e+00 +3.0250e+00
18 +7.625780681e+04 +7.625780681e+04 +7.621098681e+04 +7.621098681e+04 +6.9654e-01 -2.1669e+00 -3.2104e+00 -3.0547e+00 +3.0916e+00
466 +6.210500342e+04 +6.210500342e+04 +6.205818342e+04 +6.205818342e+04 +6.9173e-01 -2.1560e+00 -3.2190e+00 -3.0449e+00 +3.1607e+00
1647 +3.981068133e+04 +3.981068133e+04 +3.976386133e+04 +3.976386133e+04 +7.5230e-01 -2.1829e+00 -3.0916e+00 -2.6904e+00 +3.2119e+00
4644 +2.506653332e+04 +2.506653332e+04 +2.501971332e+04 +2.501971332e+04 +8.1371e-01 -2.2249e+00 -2.5363e+00 -2.1018e+00 +3.2122e+00
8791 +1.581636809e+04 +1.581636809e+04 +1.576954809e+04 +1.576954809e+04 +8.5623e-01 -2.1276e+00 -1.3697e+00 -2.0762e+00 +3.2177e+00
11535 +9.976667030e+03 +9.976667030e+03 +9.929847030e+03 +9.929847030e+03 +8.5437e-01 -2.0670e+00 -6.0980e-01 -2.1017e+00 +3.2143e+00
13980 +6.295641838e+03 +6.295641838e+03 +6.248821838e+03 +6.248821838e+03 +8.2262e-01 -2.0407e+00 +2.2933e-02 -2.0668e+00 +3.2196e+00
16520 +3.977050833e+03 +3.977050833e+03 +3.930230833e+03 +3.930230833e+03 +8.3317e-01 -2.0433e+00 +6.8711e-01 -2.0735e+00 +3.2205e+00
18571 +2.507699400e+03 +2.507699400e+03 +2.460879400e+03 +2.460879400e+03 +9.7775e-01 -2.0487e+00 +1.1831e+00 -2.1013e+00 +3.2133e+00
19507 +1.570328063e+03 +1.570328063e+03 +1.523508063e+03 +1.523508063e+03 +9.0939e-01 -2.0302e+00 +1.4498e+00 -2.0947e+00 +3.2143e+00
20254 +9.765717782e+02 +9.765717782e+02 +9.297517782e+02 +9.297517782e+02 +8.9499e-01 -1.9981e+00 +1.6513e+00 -2.0738e+00 +3.2134e+00
21050 +6.215592821e+02 +6.215592821e+02 +5.747392821e+02 +5.747392821e+02 +9.3912e-01 -2.0300e+00 +1.8515e+00 -2.0793e+00 +3.2153e+00
22471 +3.937242180e+02 +3.937242180e+02 +3.469042180e+02 +3.469042180e+02 +9.4925e-01 -2.0205e+00 +2.1255e+00 -2.0811e+00 +3.2149e+00
23256 +2.454508580e+02 +2.454508580e+02 +1.986308580e+02 +1.986308580e+02 +9.5082e-01 -1.9398e+00 +2.3156e+00 -2.0914e+00 +3.2147e+00
26537 +1.578017283e+02 +1.578017283e+02 +1.109817283e+02 +1.109817283e+02 +8.6727e-01 -1.7628e+00 +2.5446e+00 -2.0807e+00 +3.2162e+00
34845 +9.972847611e+01 +9.972847611e+01 +5.290847611e+01 +5.290847611e+01 +9.2246e-01 -1.1541e+00 +2.5709e+00 -2.0778e+00 +3.2157e+00
38254 +6.252564799e+01 +6.252564799e+01 +1.570564799e+01 +1.570564799e+01 +9.6152e-01 -7.7812e-01 +2.5615e+00 -2.0756e+00 +3.2158e+00
41295 +3.943662228e+01 +3.943662228e+01 -7.383377718e+00 -7.383377718e+00 +9.6480e-01 -5.7243e-01 +2.5712e+00 -2.0831e+00 +3.2146e+00
43476 +2.366131911e+01 +2.366131911e+01 -2.315868089e+01 -2.315868089e+01 +9.4382e-01 -3.8972e-01 +2.5543e+00 -2.0780e+00 +3.2155e+00
46573 +1.569996658e+01 +1.569996658e+01 -3.112003342e+01 -3.112003342e+01 +9.2528e-01 -2.5147e-01 +2.5702e+00 -2.0832e+00 +3.2158e+00
52629 +9.990493649e+00 +9.990493649e+00 -3.682950635e+01 -3.682950635e+01 +8.9320e-01 -8.0165e-02 +2.5744e+00 -2.0823e+00 +3.2157e+00
59486 +6.218436766e+00 +6.218436766e+00 -4.060156323e+01 -4.060156323e+01 +9.0947e-01 +7.8544e-02 +2.5707e+00 -2.0789e+00 +3.2153e+00
63552 +3.653112600e+00 +3.653112600e+00 -4.316688740e+01 -4.316688740e+01 +8.9725e-01 +1.8369e-01 +2.5556e+00 -2.0806e+00 +3.2151e+00
65998 +2.388584042e+00 +2.388584042e+00 -4.443141596e+01 -4.443141596e+01 +9.0456e-01 +2.4554e-01 +2.5684e+00 -2.0780e+00 +3.2152e+00
69058 +1.363093317e+00 +1.363093317e+00 -4.545690668e+01 -4.545690668e+01 +9.4739e-01 +3.1727e-01 +2.5797e+00 -2.0818e+00 +3.2152e+00
70351 +7.335417803e-01 +7.335417803e-01 -4.608645822e+01 -4.608645822e+01 +9.4132e-01 +3.7848e-01 +2.5576e+00 -2.0808e+00 +3.2153e+00
71534 +6.004678100e-01 +6.004678100e-01 -4.621953219e+01 -4.621953219e+01 +9.3028e-01 +4.0780e-01 +2.5764e+00 -2.0828e+00 +3.2149e+00
71904 +3.890915550e-01 +3.890915550e-01 -4.643090844e+01 -4.643090844e+01 +9.4497e-01 +4.2378e-01 +2.5610e+00 -2.0818e+00 +3.2149e+00
75381 +1.542655933e-01 +1.542655933e-01 -4.666573441e+01 -4.666573441e+01 +9.5924e-01 +4.4539e-01 +2.5693e+00 -2.0806e+00 +3.2152e+00
% function evaluation | noise-free fitness - Fopt (-5.563000000000e+01) | best noise-free fitness - Fopt | measured fitness | best measured fitness | x1 | x2...
1 +2.368135672e+06 +2.368135672e+06 +2.368080042e+06 +2.368080042e+06 +3.7485e+00 +2.5962e+00 +3.3426e+00 -4.0138e-01 +6.3305e-02
3 +5.626929496e+05 +5.626929496e+05 +5.626373196e+05 +5.626373196e+05 +1.2845e+00 +2.1653e+00 +4.9109e+00 +3.0962e+00 +1.2025e+00
14 +1.978679446e+05 +1.978679446e+05 +1.978123146e+05 +1.978123146e+05 -4.1016e+00 +1.0953e+00 +1.1390e-01 +9.1260e-01 +1.1197e+00
35 +6.385752687e+04 +6.385752687e+04 +6.380189687e+04 +6.380189687e+04 -4.0138e+00 +4.5090e+00 +2.3320e+00 -1.7602e+00 +1.4860e+00
62 +4.234807197e+04 +4.234807197e+04 +4.229244197e+04 +4.229244197e+04 -2.1153e-01 -8.8592e-01 -1.0856e+00 -5.5888e-01 +1.2653e+00
150 +3.759228045e+04 +3.759228045e+04 +3.753665045e+04 +3.753665045e+04 -2.1003e-01 -8.7036e-01 -1.0908e+00 -5.4756e-01 +1.2801e+00
256 +2.320897516e+04 +2.320897516e+04 +2.315334516e+04 +2.315334516e+04 -2.3324e-01 -8.7596e-01 -1.1170e+00 -5.5098e-01 +1.3235e+00
379 +1.560759840e+04 +1.560759840e+04 +1.555196840e+04 +1.555196840e+04 -2.1477e-01 -8.7538e-01 -1.0783e+00 -5.3727e-01 +1.3464e+00
461 +8.588586618e+03 +8.588586618e+03 +8.532956618e+03 +8.532956618e+03 -2.2388e-01 -9.0829e-01 -1.1103e+00 -5.2252e-01 +1.3755e+00
513 +6.227332772e+03 +6.227332772e+03 +6.171702772e+03 +6.171702772e+03 -2.0572e-01 -8.9674e-01 -1.0953e+00 -4.9759e-01 +1.4002e+00
615 +3.895368724e+03 +3.895368724e+03 +3.839738724e+03 +3.839738724e+03 -2.0099e-01 -9.1242e-01 -1.0908e+00 -5.0931e-01 +1.4282e+00
769 +2.446014601e+03 +2.446014601e+03 +2.390384601e+03 +2.390384601e+03 -2.3220e-01 -9.2668e-01 -1.1037e+00 -5.5501e-01 +1.4590e+00
1999 +1.562820590e+03 +1.562820590e+03 +1.507190590e+03 +1.507190590e+03 -1.9322e-01 -8.8607e-01 -1.2771e+00 -6.8009e-01 +1.4595e+00
2667 +9.964714454e+02 +9.964714454e+02 +9.408414454e+02 +9.408414454e+02 -2.1529e-01 -8.9386e-01 -1.4263e+00 -6.7020e-01 +1.4558e+00
3321 +6.301401767e+02 +6.301401767e+02 +5.745101767e+02 +5.745101767e+02 -1.8383e-01 -8.9830e-01 -1.5799e+00 -6.7357e-01 +1.4616e+00
4822 +3.962247478e+02 +3.962247478e+02 +3.405947478e+02 +3.405947478e+02 -1.7922e-01 -8.2467e-01 -1.8563e+00 -6.7878e-01 +1.4593e+00
5238 +2.479940931e+02 +2.479940931e+02 +1.923640931e+02 +1.923640931e+02 -2.3512e-01 -8.3742e-01 -1.9615e+00 -6.6724e-01 +1.4566e+00
6410 +1.561772463e+02 +1.561772463e+02 +1.005472463e+02 +1.005472463e+02 -2.4868e-01 -8.4685e-01 -2.1093e+00 -6.7876e-01 +1.4607e+00
6974 +9.886786213e+01 +9.886786213e+01 +4.323786213e+01 +4.323786213e+01 -3.1769e-01 -7.9246e-01 -2.2068e+00 -6.7749e-01 +1.4593e+00
8020 +6.276841726e+01 +6.276841726e+01 +7.138417263e+00 +7.138417263e+00 -3.5818e-01 -7.5185e-01 -2.3140e+00 -6.6736e-01 +1.4610e+00
9541 +3.845824033e+01 +3.845824033e+01 -1.717175967e+01 -1.717175967e+01 -3.5542e-01 -5.9393e-01 -2.3791e+00 -6.7165e-01 +1.4600e+00
12296 +2.452101399e+01 +2.452101399e+01 -3.110898601e+01 -3.110898601e+01 -4.0457e-01 -4.1176e-01 -2.3945e+00 -6.6692e-01 +1.4597e+00
18015 +1.579676190e+01 +1.579676190e+01 -3.983323810e+01 -3.983323810e+01 -3.9910e-01 -2.0774e-01 -2.3956e+00 -6.6953e-01 +1.4602e+00
28945 +9.853889063e+00 +9.853889063e+00 -4.577611094e+01 -4.577611094e+01 -3.0094e-01 +4.5567e-02 -2.3842e+00 -6.6802e-01 +1.4596e+00
40184 +6.131522694e+00 +6.131522694e+00 -4.949847731e+01 -4.949847731e+01 -2.9138e-01 +2.1398e-01 -2.3978e+00 -6.6772e-01 +1.4599e+00
% function evaluation | noise-free fitness - Fopt (3.460000000000e+01) | best noise-free fitness - Fopt | measured fitness | best measured fitness | x1 | x2...
1 +2.949509041e+06 +2.949509041e+06 +2.949543641e+06 +2.949543641e+06 +2.4554e+00 -3.7435e+00 -4.4674e+00 -4.7399e+00 -2.8447e-01
5 +2.463079249e+06 +2.463079249e+06 +2.463113849e+06 +2.463113849e+06 -2.7729e+00 -4.7313e+00 +2.5601e-01 -3.2663e+00 -4.6322e-01
19 +3.371574408e+05 +3.371574408e+05 +3.371920408e+05 +3.371920408e+05 +6.6689e-01 +1.2852e+00 +1.3956e+00 +2.6031e+00 -2.2553e+00
44 +4.797719319e+04 +4.797719319e+04 +4.801179319e+04 +4.801179319e+04 -1.5313e+00 -4.8221e+00 -4.0158e+00 +1.0146e+00 -1.9861e+00
173 +3.516019035e+04 +3.516019035e+04 +3.519479035e+04 +3.519479035e+04 -1.5348e+00 -4.8296e+00 -4.0186e+00 +1.0242e+00 -1.9462e+00
318 +2.451379339e+04 +2.451379339e+04 +2.454839339e+04 +2.454839339e+04 -1.5396e+00 -4.8381e+00 -4.0103e+00 +1.0285e+00 -1.9150e+00
431 +1.543320126e+04 +1.543320126e+04 +1.546780126e+04 +1.546780126e+04 -1.5347e+00 -4.8406e+00 -4.0403e+00 +1.0124e+00 -1.8786e+00
672 +9.646413022e+03 +9.646413022e+03 +9.681013022e+03 +9.681013022e+03 -1.5465e+00 -4.8260e+00 -3.9981e+00 +9.7063e-01 -1.8218e+00
1443 +6.223828155e+03 +6.223828155e+03 +6.258428155e+03 +6.258428155e+03 -1.5092e+00 -4.8218e+00 -3.9016e+00 +7.9893e-01 -1.8070e+00
4069 +3.976720265e+03 +3.976720265e+03 +4.011320265e+03 +4.011320265e+03 -1.5025e+00 -4.7514e+00 -3.3315e+00 +6.7006e-01 -1.7944e+00
5953 +2.500029822e+03 +2.500029822e+03 +2.534629822e+03 +2.534629822e+03 -1.4442e+00 -4.6108e+00 -2.9052e+00 +6.5425e-01 -1.7973e+00
7755 +1.584169917e+03 +1.584169917e+03 +1.618769917e+03 +1.618769917e+03 -1.4771e+00 -4.5121e+00 -2.5551e+00 +6.5806e-01 -1.8011e+00
11517 +9.949127694e+02 +9.949127694e+02 +1.029512769e+03 +1.029512769e+03 -1.6313e+00 -4.2673e+00 -1.9278e+00 +6.5900e-01 -1.7957e+00
21835 +6.298479049e+02 +6.298479049e+02 +6.644479049e+02 +6.644479049e+02 -1.7937e+00 -2.9418e+00 -1.7930e+00 +6.6407e-01 -1.7963e+00
28787 +3.963879298e+02 +3.963879298e+02 +4.309879298e+02 +4.309879298e+02 -1.8005e+00 -2.0137e+00 -1.7395e+00 +6.6544e-01 -1.7973e+00
35388 +2.482944042e+02 +2.482944042e+02 +2.828944042e+02 +2.828944042e+02 -1.8269e+00 -1.3114e+00 -1.7939e+00 +6.6194e-01 -1.7967e+00
42485 +1.578190839e+02 +1.578190839e+02 +1.924190839e+02 +1.924190839e+02 -1.6462e+00 -6.5238e-01 -1.7673e+00 +6.6333e-01 -1.7970e+00
52984 +9.888055689e+01 +9.888055689e+01 +1.334805569e+02 +1.334805569e+02 -1.5212e+00 -1.8640e-02 -1.7521e+00 +6.6801e-01 -1.7969e+00
56229 +6.252238593e+01 +6.252238593e+01 +9.712238593e+01 +9.712238593e+01 -1.4751e+00 +3.1195e-01 -1.7675e+00 +6.6727e-01 -1.7965e+00
59386 +3.904359799e+01 +3.904359799e+01 +7.364359799e+01 +7.364359799e+01 -1.3499e+00 +5.5913e-01 -1.7600e+00 +6.7019e-01 -1.7971e+00
67269 +2.508672548e+01 +2.508672548e+01 +5.968672548e+01 +5.968672548e+01 -1.3223e+00 +8.6793e-01 -1.7824e+00 +6.6806e-01 -1.7967e+00
84666 +1.581339103e+01 +1.581339103e+01 +5.041339103e+01 +5.041339103e+01 -1.1789e+00 +1.2235e+00 -1.7618e+00 +6.6537e-01 -1.7969e+00
% function evaluation | noise-free fitness - Fopt (8.816000000000e+01) | best noise-free fitness - Fopt | measured fitness | best measured fitness | x1 | x2...
1 +6.389075713e+06 +6.389075713e+06 +6.389163873e+06 +6.389163873e+06 +2.1008e+00 +1.5458e+00 -4.8261e-02 +3.2547e+00 +1.4859e+00
6 +1.684661314e+06 +1.684661314e+06 +1.684749474e+06 +1.684749474e+06 -3.3369e+00 -1.8125e+00 +1.6312e+00 +1.4490e+00 -2.0592e+00
9 +7.297972526e+05 +7.297972526e+05 +7.298854126e+05 +7.298854126e+05 -3.7542e+00 -4.1360e+00 -1.7815e+00 +4.3746e+00 -1.7766e+00
26 +5.349247545e+05 +5.349247545e+05 +5.350129145e+05 +5.350129145e+05 -4.9729e+00 +1.5802e+00 -2.6761e+00 +1.0379e+00 -1.4900e+00
42 +3.487882310e+05 +3.487882310e+05 +3.488763910e+05 +3.488763910e+05 +1.2715e+00 +2.4254e+00 -1.6855e+00 +3.7362e-01 -9.2530e-01
81 +1.551010477e+04 +1.551010477e+04 +1.559826477e+04 +1.559826477e+04 -3.1534e+00 -2.0893e+00 -1.5919e+00 +3.1340e+00 -8.9337e-01
768 +9.877520907e+03 +9.877520907e+03 +9.965680907e+03 +9.965680907e+03 -3.1145e+00 -2.1253e+00 -1.6051e+00 +3.3754e+00 -8.8939e-01
1631 +6.268680692e+03 +6.268680692e+03 +6.356840692e+03 +6.356840692e+03 -3.1109e+00 -2.1250e+00 -1.5159e+00 +3.6119e+00 -8.9145e-01
4500 +3.980193296e+03 +3.980193296e+03 +4.068353296e+03 +4.068353296e+03 -3.0979e+00 -2.1201e+00 -7.9366e-01 +3.7120e+00 -9.0228e-01
6024 +2.496817966e+03 +2.496817966e+03 +2.584977966e+03 +2.584977966e+03 -3.0662e+00 -1.9794e+00 -3.8039e-01 +3.6831e+00 -8.9237e-01
7355 +1.568203388e+03 +1.568203388e+03 +1.656363388e+03 +1.656363388e+03 -2.9689e+00 -1.9821e+00 -2.9426e-02 +3.7200e+00 -8.9702e-01
10597 +9.994593622e+02 +9.994593622e+02 +1.087619362e+03 +1.087619362e+03 -2.9639e+00 -1.7682e+00 +5.0407e-01 +3.6995e+00 -8.9546e-01
19643 +6.308910908e+02 +6.308910908e+02 +7.190510908e+02 +7.190510908e+02 -2.9360e+00 -6.0958e-01 +8.0415e-01 +3.7042e+00 -8.9284e-01
27803 +3.974996812e+02 +3.974996812e+02 +4.856596812e+02 +4.856596812e+02 -3.0214e+00 +3.1146e-01 +7.7149e-01 +3.6989e+00 -8.9422e-01
33482 +2.503273959e+02 +2.503273959e+02 +3.384873959e+02 +3.384873959e+02 -2.9283e+00 +9.8568e-01 +7.8020e-01 +3.6990e+00 -8.9250e-01
39875 +1.579089925e+02 +1.579089925e+02 +2.460689925e+02 +2.460689925e+02 -3.1649e+00 +1.6362e+00 +7.9323e-01 +3.7007e+00 -8.9240e-01
48532 +9.943315855e+01 +9.943315855e+01 +1.875931586e+02 +1.875931586e+02 -2.9743e+00 +2.2562e+00 +8.0713e-01 +3.6984e+00 -8.9328e-01
52166 +6.269836961e+01 +6.269836961e+01 +1.508583696e+02 +1.508583696e+02 -3.0759e+00 +2.6053e+00 +7.8527e-01 +3.6977e+00 -8.9327e-01
55609 +3.925844832e+01 +3.925844832e+01 +1.274184483e+02 +1.274184483e+02 -3.0693e+00 +2.8409e+00 +7.7716e-01 +3.6982e+00 -8.9475e-01
58372 +2.483907087e+01 +2.483907087e+01 +1.129990709e+02 +1.129990709e+02 -3.0311e+00 +3.0329e+00 +8.1134e-01 +3.6995e+00 -8.9389e-01
66637 +1.534363551e+01 +1.534363551e+01 +1.035036355e+02 +1.035036355e+02 -2.9752e+00 +3.2617e+00 +7.8355e-01 +3.7001e+00 -8.9337e-01
80787 +9.679446563e+00 +9.679446563e+00 +9.783944656e+01 +9.783944656e+01 -2.8963e+00 +3.4918e+00 +7.8406e-01 +3.6976e+00 -8.9333e-01
90333 +6.190628382e+00 +6.190628382e+00 +9.435062838e+01 +9.435062838e+01 -2.8038e+00 +3.6613e+00 +7.8116e-01 +3.6996e+00 -8.9379e-01
% function evaluation | noise-free fitness - Fopt (-1.866200000000e+02) | best noise-free fitness - Fopt | measured fitness | best measured fitness | x1 | x2...
1 +1.643229972e+07 +1.643229972e+07 +1.643211310e+07 +1.643211310e+07 +3.7382e+00 -1.3418e+00 +8.9042e-01 +2.3175e+00 -3.5340e+00
2 +1.850015853e+06 +1.850015853e+06 +1.849829233e+06 +1.849829233e+06 +4.0356e+00 +7.8954e-01 -7.8202e-01 +4.1712e+00 +3.1180e-01
3 +1.060975598e+05 +1.060975598e+05 +1.059109398e+05 +1.059109398e+05 -1.9247e+00 -3.9079e+00 +2.1536e+00 -4.6987e+00 +5.2001e-01
203 +9.982764833e+04 +9.982764833e+04 +9.964102833e+04 +9.964102833e+04 -1.9374e+00 -3.9253e+00 +2.1322e+00 -4.6710e+00 +4.9459e-01
1121 +6.225460320e+04 +6.225460320e+04 +6.206798320e+04 +6.206798320e+04 -1.9339e+00 -3.8994e+00 +2.1608e+00 -4.4247e+00 +3.8970e-01
1689 +3.846484529e+04 +3.846484529e+04 +3.827822529e+04 +3.827822529e+04 -1.9359e+00 -3.8732e+00 +2.1423e+00 -4.2055e+00 +3.9337e-01
2241 +2.483022456e+04 +2.483022456e+04 +2.464360456e+04 +2.464360456e+04 -1.9240e+00 -3.8273e+00 +2.1892e+00 -4.0511e+00 +3.9897e-01
2704 +1.572100144e+04 +1.572100144e+04 +1.553438144e+04 +1.553438144e+04 -1.9768e+00 -3.9071e+00 +2.1850e+00 -3.9003e+00 +3.9360e-01
3263 +9.766134301e+03 +9.766134301e+03 +9.579514301e+03 +9.579514301e+03 -1.9954e+00 -3.8027e+00 +2.1477e+00 -3.7224e+00 +3.9664e-01
3834 +6.260428729e+03 +6.260428729e+03 +6.073808729e+03 +6.073808729e+03 -1.9684e+00 -3.8269e+00 +2.2153e+00 -3.5670e+00 +3.9407e-01
4130 +3.913855460e+03 +3.913855460e+03 +3.727235460e+03 +3.727235460e+03 -1.9770e+00 -3.8089e+00 +2.2421e+00 -3.4729e+00 +3.8781e-01
4348 +2.453087068e+03 +2.453087068e+03 +2.266467068e+03 +2.266467068e+03 -1.9950e+00 -3.8025e+00 +2.2471e+00 -3.4083e+00 +3.9014e-01
4599 +1.507231977e+03 +1.507231977e+03 +1.320611977e+03 +1.320611977e+03 -2.0070e+00 -3.7959e+00 +2.2626e+00 -3.3452e+00 +3.9148e-01
4846 +9.506437817e+02 +9.506437817e+02 +7.640237817e+02 +7.640237817e+02 -2.0223e+00 -3.8253e+00 +2.2311e+00 -3.2920e+00 +3.9636e-01
4921 +6.150828772e+02 +6.150828772e+02 +4.284628772e+02 +4.284628772e+02 -2.0305e+00 -3.7705e+00 +2.2166e+00 -3.2581e+00 +4.0045e-01
4999 +3.974923062e+02 +3.974923062e+02 +2.108723062e+02 +2.108723062e+02 -2.0178e+00 -3.8481e+00 +2.2341e+00 -3.2387e+00 +3.9078e-01
5120 +2.172459847e+02 +2.172459847e+02 +3.062598474e+01 +3.062598474e+01 -2.0530e+00 -3.8114e+00 +2.2082e+00 -3.2100e+00 +3.9705e-01
5204 +1.478881578e+02 +1.478881578e+02 -3.873184223e+01 -3.873184223e+01 -2.0695e+00 -3.8030e+00 +2.2083e+00 -3.1874e+00 +3.9248e-01
5232 +8.784200046e+01 +8.784200046e+01 -9.877799954e+01 -9.877799954e+01 -2.0768e+00 -3.8204e+00 +2.2100e+00 -3.1616e+00 +3.9571e-01
5356 +6.194474551e+01 +6.194474551e+01 -1.246752545e+02 -1.246752545e+02 -2.0884e+00 -3.8283e+00 +2.2100e+00 -3.1293e+00 +3.9483e-01
8797 +3.949756104e+01 +3.949756104e+01 -1.471224390e+02 -1.471224390e+02 -2.0437e+00 -3.6266e+00 +2.1598e+00 -3.1307e+00 +3.9294e-01
15981 +2.479023813e+01 +2.479023813e+01 -1.618297619e+02 -1.618297619e+02 -1.9656e+00 -3.2742e+00 +2.1625e+00 -3.1310e+00 +3.9368e-01
37198 +1.584744472e+01 +1.584744472e+01 -1.707725553e+02 -1.707725553e+02 -1.8100e+00 -2.9035e+00 +2.1533e+00 -3.1360e+00 +3.9351e-01
126999 +9.915458243e+00 +9.915458243e+00 -1.767045418e+02 -1.767045418e+02 -1.1537e+00 -2.7392e+00 +2.1559e+00 -3.1341e+00 +3.9362e-01
