% function evaluation | noise-free fitness - Fopt (4.078000000000e+01) | best noise-free fitness - Fopt | measured fitness | best measured fitness | x1 | x2...
1 +7.960790381e+01 +7.960790381e+01 +1.203879038e+02 +1.203879038e+02 +1.6777e+00 +4.3910e+00 +4.0479e+00 +4.3771e+00 -1.4390e-01 +2.9247e-02 +1.0290e+00 -4.8526e+00 -9.2398e-02 +2.0874e+00
116 +3.443772337e+01 +3.443772337e+01 +7.521772337e+01 +7.521772337e+01 -2.3374e+00 +2.2028e+00 +1.9947e+00 -5.2301e-02 +4.1498e+00 +6.8130e-01 +3.9516e+00 -1.8816e+00 -1.6561e+00 +2.1181e+00
555 +2.278290726e+01 +2.278290726e+01 +6.356290726e+01 +6.356290726e+01 +3.0622e+00 +2.3787e+00 +3.0913e-01 +2.5399e+00 -1.5975e+00 -1.0958e+00 +9.7244e-01 -4.1558e+00 -1.3468e+00 +9.9555e-01
1499 +1.366124203e+01 +1.366124203e+01 +5.444124203e+01 +5.444124203e+01 +4.2491e+00 +1.5124e+00 -3.0298e+00 -1.7893e+00 -1.3676e+00 +2.0481e-01 -2.1874e+00 -4.4185e+00 +1.8207e+00 +3.5181e+00
2345 +7.942240898e+00 +7.942240898e+00 +4.872224090e+01 +4.872224090e+01 +4.4769e+00 +2.1772e-01 -3.0676e+00 +4.0829e-01 -3.1714e-01 +1.2788e+00 -3.0889e+00 -4.5309e+00 +2.5035e+00 +1.4137e+00
3498 +5.744689896e+00 +5.744689896e+00 +4.652468990e+01 +4.652468990e+01 +2.2058e+00 -2.5294e+00 -3.3284e-02 +1.5689e+00 +3.3294e+00 +8.5299e-01 +2.3833e+00 -4.8909e+00 +3.6357e+00 -5.1212e-01
7338 +3.041981659e+00 +3.041981659e+00 +4.382198166e+01 +4.382198166e+01 +2.2687e+00 -2.6050e+00 -1.0771e+00 +1.2144e+00 +3.5091e+00 +1.0564e+00 +2.1457e+00 -4.1671e+00 +3.7145e+00 -5.1760e-03
14526 +2.405562321e+00 +2.405562321e+00 +4.318556232e+01 +4.318556232e+01 +5.0000e+00 +6.6944e-01 -3.8436e+00 +5.3943e-01 -1.1418e+00 -8.4568e-02 -3.6691e+00 -4.3971e+00 +1.5180e+00 +3.1061e+00
% function evaluation | noise-free fitness - Fopt (-1.600000000000e+00) | best noise-free fitness - Fopt | measured fitness | best measured fitness | x1 | x2...
1 +8.307295151e+01 +8.307295151e+01 +8.147295151e+01 +8.147295151e+01 +4.0785e+00 +4.3213e+00 +3.2733e+00 -9.6496e-02 -3.7641e+00 +1.3393e+00 +1.5580e+00 +3.6370e+00 +4.2655e+00 +4.4400e+00
35 +6.064695322e+01 +6.064695322e+01 +5.904695322e+01 +5.904695322e+01 +1.3313e+00 -3.9858e+00 -1.9490e+00 +2.9129e-01 +2.2146e-01 +1.7038e+00 -3.4900e+00 +1.5623e+00 -9.3912e-01 +3.6876e+00
288 +3.466990206e+01 +3.466990206e+01 +3.306990206e+01 +3.306990206e+01 +1.2038e+00 -2.5001e+00 +2.6751e+00 +4.2347e+00 -8.4549e-01 -4.1840e+00 -2.0266e+00 -2.6805e+00 -1.7044e+00 +1.7595e+00
1400 +2.389599937e+01 +2.389599937e+01 +2.229599937e+01 +2.229599937e+01 +6.5460e-01 +3.0490e+00 -1.5472e+00 -3.2882e-01 -2.7853e+00 +2.7363e+00 +5.0000e+00 -2.6060e-01 +1.5422e+00 +3.0252e+00
2556 +1.029755498e+01 +1.029755498e+01 +8.697554977e+00 +8.697554977e+00 +1.0672e+00 +1.8333e+00 -2.7862e+00 -1.7906e+00 -8.9941e-01 +2.4724e+00 +3.9409e+00 +8.2607e-01 +1.9094e+00 +2.1760e+00
2766 +9.927464619e+00 +9.927464619e+00 +8.327464619e+00 +8.327464619e+00 +9.3437e-01 +3.9559e+00 -2.1613e+00 -1.8325e+00 -1.9963e+00 -3.1471e-02 +4.8751e+00 +1.3446e+00 +1.9960e+00 +3.6548e+00
4030 +5.270359951e+00 +5.270359951e+00 +3.670359951e+00 +3.670359951e+00 +5.3339e-01 -2.2634e+00 +2.8860e+00 +4.6277e+00 -1.8937e+00 -1.2619e+00 -2.5454e+00 -1.6152e+00 +2.8524e-01 +3.4224e+00
4915 +2.150832218e+00 +2.150832218e+00 +5.508322180e-01 +5.508322180e-01 +1.7179e+00 +2.4792e+00 -2.5294e+00 -8.6636e-01 -1.9367e+00 +1.0624e+00 +4.0688e+00 +5.1273e-01 +2.4667e+00 +2.6304e+00
11412 +1.432028295e+00 +1.432028295e+00 -1.679717055e-01 -1.679717055e-01 +1.1540e+00 -1.6827e+00 +1.1991e-01 +2.6764e+00 -2.7951e+00 -1.9739e+00 -3.2559e+00 -4.6754e+00 +3.3624e-01 +4.7022e+00
14600 +6.716337821e-01 +6.716337821e-01 -9.283662179e-01 -9.283662179e-01 +7.7063e-01 -2.1985e+00 +1.2540e+00 +4.6162e+00 -2.2690e+00 -3.1021e-01 -3.4878e+00 -2.9049e+00 +4.4252e-01 +2.7837e+00
19119 +5.034128421e-01 +5.034128421e-01 -1.096587158e+00 -1.096587158e+00 +1.0211e+00 -2.1385e+00 +2.0449e-01 +2.3827e+00 -2.1101e+00 -2.2234e-01 -3.6964e+00 -3.7703e+00 +3.8772e-01 +3.4827e+00
% function evaluation | noise-free fitness - Fopt (-3.708400000000e+02) | best noise-free fitness - Fopt | measured fitness | best measured fitness | x1 | x2...
1 +7.992851171e+01 +7.992851171e+01 -2.909114883e+02 -2.909114883e+02 +2.8582e+00 +4.5201e+00 -8.8704e-01 +2.3008e+00 +4.7322e-01 -8.2959e-01 +1.5333e+00 +4.8425e+00 -4.2814e+00 -4.3469e+00
99 +3.687830177e+01 +3.687830177e+01 -3.339616982e+02 -3.339616982e+02 +2.0502e+00 -1.9726e+00 +2.0539e+00 +2.4500e+00 -8.7803e-01 -2.2475e+00 -1.3231e+00 -3.2868e+00 +4.6550e+00 -1.3330e+00
1096 +2.421216163e+01 +2.421216163e+01 -3.466278384e+02 -3.466278384e+02 +1.5663e+00 -9.1665e-02 -8.2315e-01 +2.4783e+00 +1.2729e+00 +7.6637e-02 -2.8283e+00 +3.2004e+00 -4.1385e+00 -1.7239e+00
2252 +1.049733296e+01 +1.049733296e+01 -3.603426670e+02 -3.603426670e+02 +1.9008e+00 +2.8936e-01 -5.3420e-01 +7.7182e-01 +1.6853e+00 +1.4170e+00 -1.7000e+00 +1.0933e+00 -2.0756e+00 +1.1153e+00
3399 +3.192736114e+00 +3.192736114e+00 -3.676472639e+02 -3.676472639e+02 +2.0798e+00 +4.3401e-01 -1.0190e+00 +6.9241e-01 +1.0759e+00 +1.6234e+00 -1.3547e+00 +2.0657e+00 -2.6622e+00 +2.4653e-01
6982 +2.049305886e+00 +2.049305886e+00 -3.687906941e+02 -3.687906941e+02 +2.3962e+00 -1.6787e+00 -3.5748e+00 +2.3836e+00 +1.2083e+00 +1.6277e+00 +4.3101e-01 +1.8618e+00 -3.5737e+00 -4.1505e-01
14952 +1.343120797e+00 +1.343120797e+00 -3.694968792e+02 -3.694968792e+02 +3.2449e+00 -1.8507e+00 -1.8205e+00 +1.9679e+00 +2.4097e-01 -9.9925e-01 -1.0048e+00 +1.4421e+00 -2.4899e+00 -7.1569e-01
23488 +6.730635508e-01 +6.730635508e-01 -3.701669364e+02 -3.701669364e+02 +1.5878e+00 -1.5644e-01 -1.7400e+00 +2.0426e+00 +1.6057e+00 +2.7635e+00 -8.0343e-01 +1.6352e+00 -2.9830e+00 -2.2179e-01
25314 +6.179983329e-01 +6.179983329e-01 -3.702220017e+02 -3.702220017e+02 +3.5287e+00 -1.2612e+00 -1.3678e+00 +2.3567e+00 +7.6509e-01 +8.0357e-01 -4.4309e-01 +1.0929e+00 -3.6001e+00 -6.8829e-01
% function evaluation | noise-free fitness - Fopt (-3.256000000000e+01) | best noise-free fitness - Fopt | measured fitness | best measured fitness | x1 | x2...
1 +8.489350185e+01 +8.489350185e+01 +5.233350185e+01 +5.233350185e+01 -2.4061e+00 -3.1386e+00 -1.0211e-01 +3.9260e+00 +3.0549e+00 -2.6362e+00 -2.2144e+00 +4.0557e+00 +3.5955e+00 +3.3741e+00
4 +5.922014751e+01 +5.922014751e+01 +2.666014751e+01 +2.666014751e+01 +4.6796e+00 -1.6473e+00 +2.9134e+00 +6.4256e-01 -3.7300e+00 -1.2183e+00 -3.5930e+00 -3.8046e-01 -1.9588e+00 +5.6704e-01
179 +3.436572160e+01 +3.436572160e+01 +1.805721604e+00 +1.805721604e+00 -5.7043e-01 +4.0282e+00 -2.1147e+00 -4.4739e-02 +2.2973e+00 -1.2138e-01 -1.3491e+00 +3.3543e+00 +3.8963e+00 -2.3185e+00
2151 +2.224072689e+01 +2.224072689e+01 -1.031927311e+01 -1.031927311e+01 +3.5224e-01 -4.7248e+00 -2.8076e+00 +3.5072e+00 -1.1327e+00 +1.0207e+00 -7.1594e-01 +3.6385e-01 -2.1052e+00 -2.3289e+00
2510 +1.515559666e+01 +1.515559666e+01 -1.740440334e+01 -1.740440334e+01 -3.3074e-01 -3.1395e+00 -3.1121e-01 +3.7663e+00 +1.3615e+00 +1.9171e+00 -3.5632e+00 +6.9795e-02 +9.9344e-01 -6.0672e-01
4653 +7.767620683e+00 +7.767620683e+00 -2.479237932e+01 -2.479237932e+01 +2.9103e+00 -2.4000e+00 +1.4327e-01 +2.1548e+00 +1.3061e+00 +3.4113e+00 +2.3680e+00 +2.4056e+00 -3.0071e+00 +6.4604e-01
6034 +4.793815873e+00 +4.793815873e+00 -2.776618413e+01 -2.776618413e+01 +1.3743e+00 -2.5526e+00 +4.3652e+00 -3.8689e+00 +2.3630e+00 +3.9949e+00 +4.3655e+00 -2.9333e+00 -5.0000e+00 +3.1811e+00
7966 +2.209602891e+00 +2.209602891e+00 -3.035039711e+01 -3.035039711e+01 +2.3048e+00 -2.3805e+00 -2.2032e+00 +4.0961e+00 -2.6850e+00 +1.8684e+00 -3.8345e+00 +1.2859e+00 -1.5489e+00 -1.0198e+00
24872 +1.087200926e+00 +1.087200926e+00 -3.147279907e+01 -3.147279907e+01 +1.2734e+00 -2.9324e+00 -1.9255e+00 +3.5352e+00 +1.7892e-01 +2.5323e+00 -3.1049e+00 +1.4040e+00 -1.6044e+00 -2.6831e+00
% function evaluation | noise-free fitness - Fopt (5.154000000000e+02) | best noise-free fitness - Fopt | measured fitness | best measured fitness | x1 | x2...
1 +8.337480945e+01 +8.337480945e+01 +5.987748094e+02 +5.987748094e+02 -7.8164e-01 +3.0630e+00 -1.3117e+00 -3.7431e+00 -3.9833e+00 +4.9939e-01 -3.4081e+00 -4.7713e+00 -4.4191e+00 -1.4386e+00
31 +5.808396792e+01 +5.808396792e+01 +5.734839679e+02 +5.734839679e+02 +5.9870e-01 +2.1465e+00 +4.5234e+00 -1.5063e-01 -2.0050e+00 -1.5358e+00 +1.4692e+00 -1.7842e+00 +2.2667e+00 -3.2681e-02
622 +3.944237761e+01 +3.944237761e+01 +5.548423776e+02 +5.548423776e+02 -4.3990e-01 +2.0213e-01 +4.9338e+00 -2.9003e+00 +2.9984e+00 +6.7894e-01 +3.3571e+00 -1.5447e-01 -5.1629e-01 -3.8932e+00
1101 +1.511469053e+01 +1.511469053e+01 +5.305146905e+02 +5.305146905e+02 -4.7232e+00 -2.2297e+00 -8.0962e-01 -1.4780e+00 -2.6312e+00 -2.7292e+00 -4.3734e+00 +1.2942e+00 -1.4789e+00 -9.7524e-04
1790 +8.431219728e+00 +8.431219728e+00 +5.238312197e+02 +5.238312197e+02 -4.5774e+00 -2.1985e+00 -2.4227e+00 -2.9348e-01 -2.3560e+00 -2.9435e+00 -4.0334e+00 +2.0925e+00 -2.1073e+00 -3.3810e-03
4779 +2.120308533e+00 +2.120308533e+00 +5.175203085e+02 +5.175203085e+02 -4.3235e+00 -9.2578e-01 -2.3951e+00 +8.2699e-01 -2.1339e+00 -2.1609e+00 -2.3463e+00 +1.6973e+00 -2.4353e+00 +6.3423e-01
14405 +1.127167748e+00 +1.127167748e+00 +5.165271677e+02 +5.165271677e+02 -2.7171e+00 -4.0252e-01 -2.9260e+00 +3.9980e-01 -2.4259e+00 -2.5721e+00 -1.6814e+00 +6.5535e-01 -3.6454e+00 +1.4994e+00
17082 +7.535000893e-01 +7.535000893e-01 +5.161535001e+02 +5.161535001e+02 -3.4313e+00 -4.1051e-01 -1.8438e+00 -3.5273e-01 -2.5199e+00 -2.4134e+00 -3.2261e+00 +1.4371e+00 -2.7949e+00 +6.6552e-01
23721 +5.820531310e-01 +5.820531310e-01 +5.159820531e+02 +5.159820531e+02 -2.9333e+00 -5.5702e-01 -2.6173e+00 +8.3730e-01 -2.3199e+00 -2.6812e+00 -2.0986e+00 +1.8701e-01 -3.1566e+00 +1.4535e+00
% function evaluation | noise-free fitness - Fopt (-1.000000000000e+03) | best noise-free fitness - Fopt | measured fitness | best measured fitness | x1 | x2...
1 +8.216153729e+01 +8.216153729e+01 -9.178384627e+02 -9.178384627e+02 -3.9825e+00 -1.7981e+00 +4.5086e-01 +3.7823e+00 -3.8674e-01 -1.4530e+00 +7.3403e-01 +2.1910e-01 -4.0463e+00 +1.8578e+00
49 +5.951476562e+01 +5.951476562e+01 -9.404852344e+02 -9.404852344e+02 +1.9397e+00 +4.1870e+00 +2.5888e+00 +2.5646e-01 +4.3156e+00 +2.7576e-01 +1.9713e+00 -3.1102e+00 -2.4892e+00 -3.3098e+00
667 +3.037189357e+01 +3.037189357e+01 -9.696281064e+02 -9.696281064e+02 +6.3636e-01 -2.1641e+00 -7.0198e-01 -1.4223e+00 +1.5897e+00 +6.2371e-01 -1.4230e-01 -5.0000e+00 -1.1875e+00 +1.1308e+00
1338 +2.062804868e+01 +2.062804868e+01 -9.793719513e+02 -9.793719513e+02 -1.1828e+00 -2.3152e+00 +1.0275e+00 -4.6965e+00 +3.0492e+00 +6.9176e-01 -4.6142e-01 -9.3552e-01 -4.8546e-01 -6.4255e-01
2632 +1.349063029e+01 +1.349063029e+01 -9.865093697e+02 -9.865093697e+02 -7.0490e-01 -2.0499e+00 +1.8625e+00 -5.0000e+00 +4.0682e+00 +1.5574e+00 +9.7039e-02 +1.8840e+00 -1.2236e+00 -5.6924e-01
5568 +8.649115017e+00 +8.649115017e+00 -9.913508850e+02 -9.913508850e+02 +1.3312e+00 -3.0623e+00 +1.4227e+00 +4.5472e+00 +1.2430e+00 -3.8017e+00 -2.2732e-01 -2.0130e+00 -2.6527e+00 -2.9731e-01
6327 +6.097300109e+00 +6.097300109e+00 -9.939026999e+02 -9.939026999e+02 +1.2223e+00 -3.6840e+00 +3.1359e+00 +3.1787e+00 +1.2630e+00 -4.8927e+00 +4.2421e-01 -1.4727e+00 -3.0109e+00 +8.4229e-01
8092 +1.477460415e+00 +1.477460415e+00 -9.985225396e+02 -9.985225396e+02 +4.4248e-01 -2.1989e+00 +3.9866e+00 +3.7381e+00 +3.4902e-01 -4.6416e+00 +7.9733e-01 -1.9345e+00 -2.8606e+00 -3.7158e-01
14462 +9.096919730e-01 +9.096919730e-01 -9.990903080e+02 -9.990903080e+02 +5.2975e-01 -3.2920e+00 +2.5464e+00 +2.6361e+00 +1.2010e+00 -4.9556e+00 +6.4312e-01 -1.3838e+00 -2.5652e+00 -6.2522e-01
18645 +5.729799634e-01 +5.729799634e-01 -9.994270200e+02 -9.994270200e+02 +5.7915e-01 -2.8874e+00 +3.2078e+00 +3.7912e+00 -1.2219e-01 -4.1527e+00 +3.8322e-01 -1.4134e+00 -2.8001e+00 -1.1478e+00
26420 +1.910626640e-01 +1.910626640e-01 -9.998089373e+02 -9.998089373e+02 +1.0988e+00 -2.5437e+00 +3.1961e+00 +3.1979e+00 +7.7181e-01 -3.6437e+00 -1.7062e-02 -1.8670e+00 -1.9045e+00 -5.6988e-01
% function evaluation | noise-free fitness - Fopt (1.317500000000e+02) | best noise-free fitness - Fopt | measured fitness | best measured fitness | x1 | x2...
1 +8.057045199e+01 +8.057045199e+01 +2.123204520e+02 +2.123204520e+02 -4.9062e+00 -2.5088e+00 +1.6102e+00 -3.3003e+00 +3.3561e+00 -4.5576e+00 +3.2148e+00 +4.6888e+00 +3.2015e+00 +1.8915e+00
70 +5.781707780e+01 +5.781707780e+01 +1.895670778e+02 +1.895670778e+02 -1.6287e+00 +1.1177e+00 +6.7241e-01 -3.4329e+00 +1.7734e+00 +1.4583e+00 +2.1184e+00 -3.0000e+00 -5.8620e-01 -4.1184e+00
578 +2.974133435e+01 +2.974133435e+01 +1.614913344e+02 +1.614913344e+02 +5.0000e+00 +2.7462e+00 +6.0804e-01 +6.8204e-01 +2.6762e-01 +1.3742e+00 -2.5805e-01 -2.8998e+00 +2.3148e+00 -3.4008e+00
1257 +1.662440131e+01 +1.662440131e+01 +1.483744013e+02 +1.483744013e+02 +2.0803e+00 +8.6334e-01 -5.7299e-01 +3.9014e+00 +4.0019e+00 +3.7738e+00 +4.3551e+00 -1.7133e+00 -2.7179e+00 -3.7818e+00
1522 +1.451362498e+01 +1.451362498e+01 +1.462636250e+02 +1.462636250e+02 +2.1481e+00 +6.1894e-01 -7.0111e-01 +3.4605e+00 +3.7974e+00 +1.6086e+00 +4.0223e+00 -5.5306e-01 -2.5443e+00 -3.2514e+00
2757 +9.927632665e+00 +9.927632665e+00 +1.416776327e+02 +1.416776327e+02 +2.6983e+00 -1.0658e+00 -1.6851e+00 +4.6327e+00 +4.4536e+00 +2.0198e+00 +2.5426e+00 -1.5973e+00 -3.0162e+00 -2.0344e+00
5812 +5.774675235e+00 +5.774675235e+00 +1.375246752e+02 +1.375246752e+02 +9.2899e-01 -4.5905e-01 -1.4725e+00 +5.0000e+00 +4.7703e+00 +3.3410e+00 +2.5669e+00 -4.0121e-01 -2.8926e+00 -2.7973e+00
10675 +3.778448403e+00 +3.778448403e+00 +1.355284484e+02 +1.355284484e+02 -4.4579e+00 +1.6993e+00 +2.5827e+00 -3.8965e+00 +3.8104e+00 +4.2469e+00 -1.0398e+00 +5.3997e-01 +5.8928e-01 -3.5209e+00
% function evaluation | noise-free fitness - Fopt (1.144900000000e+02) | best noise-free fitness - Fopt | measured fitness | best measured fitness | x1 | x2...
1 +7.316844915e+01 +7.316844915e+01 +1.876584492e+02 +1.876584492e+02 +5.5989e-01 -3.6768e+00 +7.8952e-01 +4.3222e+00 -1.7257e+00 +2.1632e+00 -2.3496e+00 -2.4991e+00 +3.4568e+00 +4.5977e-01
3 +4.702132846e+01 +4.702132846e+01 +1.615113285e+02 +1.615113285e+02 +6.0330e-01 +1.2556e+00 +1.2264e+00 +8.7272e-01 -5.9560e-01 +3.2768e+00 +1.7306e+00 -2.5878e+00 +1.7260e+00 -2.5521e+00
235 +3.500565795e+01 +3.500565795e+01 +1.494956580e+02 +1.494956580e+02 +8.2521e-01 +4.0348e-01 +2.6799e+00 +4.0360e+00 +7.5904e-01 +3.3076e+00 -2.7105e+00 -1.4410e+00 +8.6389e-01 +4.0994e+00
2170 +2.433495116e+01 +2.433495116e+01 +1.388249512e+02 +1.388249512e+02 +4.4665e+00 +6.7903e-01 -1.1631e+00 +5.3286e-01 +3.4931e+00 -8.7161e-01 -5.9394e-01 +5.4431e-01 -1.0954e+00 -3.4259e+00
3294 +1.520115314e+01 +1.520115314e+01 +1.296911531e+02 +1.296911531e+02 +4.2212e+00 -1.8824e+00 -2.5240e-01 -6.2404e-01 +3.0651e+00 -5.4250e-01 -9.1384e-01 +1.2244e+00 -1.9429e+00 -2.4779e+00
4478 +8.157360277e+00 +8.157360277e+00 +1.226473603e+02 +1.226473603e+02 +4.4927e+00 +3.6300e+00 -8.3214e-01 +4.4764e+00 +3.9930e+00 -1.5888e+00 +9.7879e-01 +2.6423e+00 +1.2288e+00 +5.4313e-01
9767 +5.117989296e+00 +5.117989296e+00 +1.196079893e+02 +1.196079893e+02 +5.0000e+00 +5.0000e+00 -7.0624e-01 +4.0034e+00 +5.0000e+00 -2.0288e+00 -4.5619e-01 +2.1379e+00 +1.9720e+00 +5.5784e-02
11037 +2.917437672e+00 +2.917437672e+00 +1.174074377e+02 +1.174074377e+02 -3.2588e+00 -3.2628e+00 -5.0000e+00 -4.3251e+00 +9.6211e-01 -1.5185e-01 -5.0000e+00 +3.0007e+00 +5.0000e+00 -1.9752e+00
14462 +2.356260474e+00 +2.356260474e+00 +1.168462605e+02 +1.168462605e+02 -2.5495e+00 -3.1196e+00 -5.0000e+00 -3.9844e+00 +1.7413e+00 -9.1429e-01 -5.0000e+00 +3.7232e+00 +5.0000e+00 -1.6999e+00
% function evaluation | noise-free fitness - Fopt (-2.596000000000e+01) | best noise-free fitness - Fopt | measured fitness | best measured fitness | x1 | x2...
1 +7.651999697e+01 +7.651999697e+01 +5.055999697e+01 +5.055999697e+01 -6.3949e-02 -2.0388e+00 +3.1075e+00 -4.5067e+00 -4.1681e+00 +1.9870e-01 +1.5931e+00 +3.9800e+00 +4.9864e+00 +4.9339e+00
122 +5.139251694e+01 +5.139251694e+01 +2.543251694e+01 +2.543251694e+01 -4.8676e+00 +3.1101e+00 -1.7918e+00 +5.2833e-01 +4.1011e+00 +1.3657e+00 -1.3209e+00 +2.2854e+00 +2.0767e+00 +4.7500e+00
711 +3.589150706e+01 +3.589150706e+01 +9.931507055e+00 +9.931507055e+00 +3.8440e+00 -4.3121e+00 +3.5549e+00 +3.3583e+00 -1.4820e+00 -4.3353e+00 -7.4881e-01 +2.8186e+00 +1.5875e+00 -1.4927e+00
1058 +2.426589231e+01 +2.426589231e+01 -1.694107691e+00 -1.694107691e+00 +2.4471e-01 -3.0583e+00 +1.6044e+00 +3.8889e+00 +4.6094e+00 +1.1965e+00 +3.4083e+00 -4.2967e+00 +1.5184e+00 -3.2531e+00
2149 +1.198104167e+01 +1.198104167e+01 -1.397895833e+01 -1.397895833e+01 +1.3870e+00 -3.0033e+00 +1.7547e+00 +2.2941e+00 +3.2625e+00 +1.7009e-01 +2.6399e+00 -4.4322e+00 +1.5706e+00 -1.5562e+00
4189 +8.769434391e+00 +8.769434391e+00 -1.719056561e+01 -1.719056561e+01 +9.4844e-01 -2.3292e+00 +8.8282e-01 +4.1504e+00 +5.0000e+00 -4.4376e-01 +1.3259e+00 -3.5869e+00 +1.9437e+00 -1.9984e+00
4830 +5.871578709e+00 +5.871578709e+00 -2.008842129e+01 -2.008842129e+01 -5.0000e+00 +3.7615e+00 -2.1922e+00 +1.2160e+00 -1.8878e+00 +1.7439e-01 -5.0000e+00 -2.1442e+00 +3.4610e+00 -1.1557e-01
8325 +2.776697245e+00 +2.776697245e+00 -2.318330276e+01 -2.318330276e+01 -5.0000e+00 +3.7031e+00 -2.4964e+00 +1.0368e+00 -1.3051e+00 -1.3228e-01 -4.8554e+00 -2.2091e+00 +3.2591e+00 -2.3482e-01
9769 +2.240534852e+00 +2.240534852e+00 -2.371946515e+01 -2.371946515e+01 +2.8111e+00 +8.1366e-01 +1.3543e-01 +3.3725e-02 -4.9137e-01 -2.4684e+00 +1.4801e-01 -1.9457e+00 -1.0375e+00 -1.8914e+00
11796 +1.101844403e+00 +1.101844403e+00 -2.485815560e+01 -2.485815560e+01 +2.1132e+00 -2.8080e-01 +5.1689e-01 -1.8419e-01 -2.1272e+00 -3.1761e+00 +6.3216e-01 -3.1998e+00 -1.4257e+00 -1.6144e+00
16937 +7.782866134e-01 +7.782866134e-01 -2.518171339e+01 -2.518171339e+01 +2.6657e+00 -1.6954e-01 +1.2619e+00 +5.8722e-01 -2.4025e+00 -3.1323e+00 -4.5810e-01 -2.7864e+00 -6.8044e-01 -1.8243e+00
28214 +1.961994265e-01 +1.961994265e-01 -2.576380057e+01 -2.576380057e+01 +3.3525e+00 -5.7427e-01 +6.8544e-01 +3.4809e-01 -1.3387e+00 -3.4863e+00 +1.0474e+00 -2.9759e+00 -1.4320e+00 -1.1851e+00
% function evaluation | noise-free fitness - Fopt (9.251000000000e+01) | best noise-free fitness - Fopt | measured fitness | best measured fitness | x1 | x2...
1 +7.284630623e+01 +7.284630623e+01 +1.653563062e+02 +1.653563062e+02 +4.6693e+00 +1.8052e+00 +2.3371e+00 +8.6918e-02 -4.8803e-01 -6.2932e-01 -2.5858e+00 +5.0498e-01 +1.4905e+00 +3.1435e+00
90 +2.831508044e+01 +2.831508044e+01 +1.208250804e+02 +1.208250804e+02 +1.8852e-01 -1.9388e+00 -3.0411e+00 -3.6451e+00 +7.8310e-02 -2.2615e+00 -1.5447e-01 -1.9164e-01 -6.0208e-01 +9.6414e-01
145 +1.661788976e+01 +1.661788976e+01 +1.091278898e+02 +1.091278898e+02 +3.2452e+00 +1.8527e+00 -3.8747e+00 -1.6838e+00 -2.6194e+00 -1.8721e+00 +3.8839e-01 -3.3480e+00 +7.8019e-01 -1.7567e+00
1945 +1.393612749e+01 +1.393612749e+01 +1.064461275e+02 +1.064461275e+02 -3.8653e+00 +2.4350e+00 +1.2648e+00 -1.2454e+00 -1.3943e+00 -3.6545e+00 -2.2174e+00 -1.3067e+00 +7.4915e-01 -6.2642e-01
2478 +9.349159980e+00 +9.349159980e+00 +1.018591600e+02 +1.018591600e+02 +1.3201e+00 -2.7625e+00 -1.8336e+00 -1.8898e+00 +4.0167e-01 +4.4219e+00 -4.5817e+00 +2.8881e-01 +2.7075e+00 +2.7006e+00
2605 +3.124029272e+00 +3.124029272e+00 +9.563402927e+01 +9.563402927e+01 +1.0357e+00 -3.7142e+00 -2.6614e+00 -6.4369e-01 +5.8205e-01 +4.2665e+00 -4.1625e+00 -4.2653e-01 +3.3300e+00 +2.1015e+00
5745 +6.201120780e-01 +6.201120780e-01 +9.313011208e+01 +9.313011208e+01 +1.3771e+00 -6.5724e-01 -4.1859e+00 -3.6535e+00 +1.0291e+00 -3.2654e+00 +1.2365e+00 +2.2987e-01 -2.5317e+00 -1.7901e+00
16592 +3.816033096e-01 +3.816033096e-01 +9.289160331e+01 +9.289160331e+01 +5.0477e-01 -2.0787e-01 -3.9805e+00 -3.6625e+00 +1.6034e+00 -3.1530e+00 +1.6464e+00 -4.6735e-01 -2.8930e+00 -2.1142e+00
% function evaluation | noise-free fitness - Fopt (1.660100000000e+02) | best noise-free fitness - Fopt | measured fitness | best measured fitness | x1 | x2...
1 +7.884076401e+01 +7.884076401e+01 +2.448507640e+02 +2.448507640e+02 -1.4976e+00 -3.2962e+00 -3.8158e+00 -3.2604e+00 +3.8857e+00 +2.0159e+00 +8.3782e-01 +4.9328e-01 -4.0060e+00 -3.6217e-01
91 +6.206155903e+01 +6.206155903e+01 +2.280715590e+02 +2.280715590e+02 -2.0600e+00 -4.1347e-01 +3.5462e+00 -5.8416e-01 -3.7074e+00 -3.8782e+00 -2.9927e-01 +4.5400e+00 -1.7765e+00 -1.3843e+00
267 +2.830942627e+01 +2.830942627e+01 +1.943194263e+02 +1.943194263e+02 +7.3388e-01 -1.9244e+00 +1.7397e+00 -2.6630e+00 +3.1493e-01 +1.2224e+00 -3.6352e+00 -3.3281e+00 -3.2315e+00 -1.1484e+00
1547 +2.144153467e+01 +2.144153467e+01 +1.874515347e+02 +1.874515347e+02 +4.7431e-01 +1.2894e+00 +3.1466e+00 -8.0502e-01 -1.2134e+00 +4.9858e+00 -1.8440e+00 +3.2684e+00 -1.9677e+00 +8.9129e-02
1718 +1.376273084e+01 +1.376273084e+01 +1.797727308e+02 +1.797727308e+02 -3.5155e+00 +4.0166e+00 +7.8506e-01 +2.6599e-01 +6.7659e-01 -1.7597e+00 +3.0932e+00 +3.1020e+00 -1.0555e+00 -4.8002e-01
3389 +5.510694497e+00 +5.510694497e+00 +1.715206945e+02 +1.715206945e+02 -1.8352e+00 +1.6962e+00 -3.5246e+00 -1.1008e+00 -1.2172e+00 -3.2253e+00 -1.2347e-01 +3.4521e+00 +2.1008e-01 -4.3796e-01
5648 +1.742526081e+00 +1.742526081e+00 +1.677525261e+02 +1.677525261e+02 -3.6648e-01 +1.1239e+00 -1.4564e+00 -1.1406e-01 -5.6323e-01 -4.2047e+00 +2.2288e+00 +3.6274e+00 -1.8932e+00 +8.5548e-02
% function evaluation | noise-free fitness - Fopt (2.147600000000e+02) | best noise-free fitness - Fopt | measured fitness | best measured fitness | x1 | x2...
1 +7.780107950e+01 +7.780107950e+01 +2.925610795e+02 +2.925610795e+02 -1.0466e+00 -1.8946e+00 -4.0044e+00 -3.9832e+00 -4.9333e-01 +2.9520e+00 +1.5293e+00 -3.9529e+00 -1.1916e+00 +3.0185e+00
70 +4.410932985e+01 +4.410932985e+01 +2.588693299e+02 +2.588693299e+02 -2.2817e+00 +1.5818e-01 -4.7697e+00 +3.8763e+00 -3.0371e+00 +3.2322e+00 -4.3216e-02 +1.1200e+00 +9.2069e-01 +1.8915e+00
269 +3.574993601e+01 +3.574993601e+01 +2.505099360e+02 +2.505099360e+02 -8.7406e-01 +6.8904e-01 +1.2647e+00 -3.9125e+00 +4.6951e-01 -3.4180e+00 +2.6753e+00 -2.7378e+00 +1.7241e+00 -2.2189e+00
1230 +2.461278677e+01 +2.461278677e+01 +2.393727868e+02 +2.393727868e+02 -1.1940e+00 +7.3893e-01 -3.7129e+00 +5.0000e+00 -3.5039e+00 +3.1451e+00 +2.4773e+00 +1.2717e+00 +2.0081e+00 -1.4726e+00
2122 +9.734738655e+00 +9.734738655e+00 +2.244947387e+02 +2.244947387e+02 -9.7893e-01 +4.0129e+00 +6.5970e-01 +5.0000e+00 +2.4954e+00 -4.8116e+00 +4.2845e+00 +4.4872e+00 -4.1080e+00 +3.6572e+00
4248 +6.018056068e+00 +6.018056068e+00 +2.207780561e+02 +2.207780561e+02 -1.5665e+00 +4.7100e+00 +6.0695e-01 +5.0000e+00 +2.4472e+00 -5.0000e+00 +3.1670e+00 +3.6339e+00 -5.0000e+00 +3.3737e+00
4669 +5.435298495e-01 +5.435298495e-01 +2.153035298e+02 +2.153035298e+02 -2.6390e+00 +3.9344e+00 -2.0903e+00 +4.0919e+00 -3.9686e+00 +3.6149e+00 +1.1252e-01 +1.6955e+00 +9.6215e-02 -3.3498e+00
% function evaluation | noise-free fitness - Fopt (-6.100000000000e+00) | best noise-free fitness - Fopt | measured fitness | best measured fitness | x1 | x2...
1 +6.854722142e+01 +6.854722142e+01 +6.244722142e+01 +6.244722142e+01 +2.2815e+00 +7.9323e-02 -3.0893e+00 +1.6617e-01 +4.0518e+00 -4.0037e-01 -3.7319e+00 +4.5064e-01 +9.0023e-01 -4.2123e+00
16 +5.387592436e+01 +5.387592436e+01 +4.777592436e+01 +4.777592436e+01 +9.6184e-01 +1.7872e+00 -2.4300e+00 +4.0480e+00 +1.3313e+00 +1.6401e+00 +3.6359e+00 +3.1308e+00 -4.3988e+00 +2.1702e+00
1010 +2.069840367e+01 +2.069840367e+01 +1.459840367e+01 +1.459840367e+01 +2.7554e+00 -3.4148e+00 +3.3666e+00 +6.5239e-01 +1.0718e+00 +2.3683e+00 +4.5082e-01 -3.8205e-01 +1.3211e-01 -2.0169e+00
1760 +1.445653115e+01 +1.445653115e+01 +8.356531152e+00 +8.356531152e+00 -3.4988e+00 -7.4774e-01 -3.8308e+00 -1.3082e+00 -1.9602e-01 +3.4359e-01 +7.3952e-01 +3.7766e+00 +2.5334e+00 -2.8398e+00
2375 +9.508534318e+00 +9.508534318e+00 +3.408534318e+00 +3.408534318e+00 +2.4703e+00 +2.3538e+00 +1.3432e+00 -3.8586e-01 -1.2381e+00 +2.4041e+00 -2.2890e+00 +3.8264e-01 -9.0269e-01 +2.3768e-01
6323 +4.175675228e+00 +4.175675228e+00 -1.924324772e+00 -1.924324772e+00 +3.4577e+00 -2.8006e+00 +3.0338e+00 +1.0703e+00 +3.9702e-01 +6.6383e-01 +2.9399e-01 -7.6462e-01 +1.1923e+00 -3.0292e+00
6756 +3.229492636e+00 +3.229492636e+00 -2.870507364e+00 -2.870507364e+00 -3.9132e+00 -5.0000e+00 -3.3590e+00 +4.0466e+00 -3.4487e+00 +2.7566e+00 +3.7561e+00 +2.8287e-01 +1.2312e+00 -2.9895e+00
11852 +2.237646464e+00 +2.237646464e+00 -3.862353536e+00 -3.862353536e+00 +3.7038e+00 -2.8372e+00 +5.0000e+00 +2.5676e+00 -2.0787e+00 -2.6164e+00 +2.2227e+00 +1.4818e-01 -3.1955e+00 +1.1417e+00
25415 +6.398496081e-01 +6.398496081e-01 -5.460150392e+00 -5.460150392e+00 +3.6325e+00 -1.7110e+00 +4.1748e+00 +1.5897e+00 -1.9406e+00 -3.0030e+00 +1.9057e+00 +8.4821e-01 -3.8725e+00 +2.3657e+00
29271 +4.915221819e-01 +4.915221819e-01 -5.608477818e+00 -5.608477818e+00 +4.1890e+00 -2.2478e+00 +3.0102e+00 +2.2614e+00 -2.4506e+00 -3.1500e+00 +3.0158e+00 +8.5789e-01 -2.8744e+00 +1.6864e+00
% function evaluation | noise-free fitness - Fopt (-5.653000000000e+01) | best noise-free fitness - Fopt | measured fitness | best measured fitness | x1 | x2...
1 +8.290783027e+01 +8.290783027e+01 +2.637783027e+01 +2.637783027e+01 -1.3696e+00 -3.6380e+00 +6.0443e-01 +2.6141e+00 +3.8537e+00 +3.4424e+00 -4.3489e-01 +9.2994e-01 +3.8902e+00 -4.9430e+00
69 +5.614543464e+01 +5.614543464e+01 -3.845653577e-01 -3.845653577e-01 -3.1545e+00 +1.8101e+00 -3.4526e+00 +6.0854e-01 -3.7628e+00 -1.6400e+00 +2.2426e+00 +3.9614e+00 +2.6628e-01 -4.2776e+00
377 +3.491190818e+01 +3.491190818e+01 -2.161809182e+01 -2.161809182e+01 -2.8715e+00 -2.1259e+00 +1.7832e+00 +3.1291e+00 -2.0164e+00 -3.2748e+00 -7.2921e-01 -1.7476e+00 -1.8864e+00 +1.5746e+00
1626 +2.161366467e+01 +2.161366467e+01 -3.491633533e+01 -3.491633533e+01 -4.3654e-01 +4.8726e+00 -3.7215e+00 +1.3580e+00 -7.8294e-01 +1.4844e+00 -3.7009e+00 +1.0475e+00 +2.7105e+00 +3.2969e+00
2079 +1.573254521e+01 +1.573254521e+01 -4.079745479e+01 -4.079745479e+01 +2.2997e-01 -3.0335e+00 -2.8018e+00 -3.7788e+00 -9.0451e-01 -4.5695e+00 +1.8211e-01 +4.7103e+00 -4.1605e-01 +3.8676e+00
2290 +9.454084629e+00 +9.454084629e+00 -4.707591537e+01 -4.707591537e+01 +8.0238e-01 -3.6512e+00 -2.9255e+00 -3.4928e+00 +2.3135e-01 -3.5024e+00 -1.2487e+00 +2.9045e+00 -8.6172e-01 +3.2761e+00
3411 +5.685934855e+00 +5.685934855e+00 -5.084406514e+01 -5.084406514e+01 +3.8553e+00 +2.6751e+00 -2.1136e+00 -3.9510e+00 +5.5819e-01 -2.4362e+00 -1.4252e+00 +6.2141e-01 +2.9554e+00 +1.5877e+00
7464 +2.212738805e+00 +2.212738805e+00 -5.431726119e+01 -5.431726119e+01 +2.6215e+00 +2.4597e+00 -2.2889e+00 -4.2911e+00 +1.6637e+00 -2.1763e+00 +9.8189e-02 +2.1001e-02 +4.0276e+00 +2.5324e+00
18855 +3.661146737e-01 +3.661146737e-01 -5.616388533e+01 -5.616388533e+01 +2.8948e+00 +3.3777e+00 -3.5321e+00 -4.6048e+00 +1.1978e+00 -1.8631e+00 +7.5667e-01 +4.5676e-01 +3.9141e+00 +2.7223e+00
% function evaluation | noise-free fitness - Fopt (-8.703600000000e+02) | best noise-free fitness - Fopt | measured fitness | best measured fitness | x1 | x2...
1 +7.270074481e+01 +7.270074481e+01 -7.976592552e+02 -7.976592552e+02 -5.1629e-01 +3.5400e-02 -3.7361e+00 +4.1704e+00 +3.7431e+00 +1.4711e+00 +1.9315e+00 -3.4840e+00 -1.3186e+00 +4.4499e-01
104 +5.572391618e+01 +5.572391618e+01 -8.146360838e+02 -8.146360838e+02 +4.3186e+00 -2.4967e+00 -1.5349e+00 -2.4860e+00 +1.1993e+00 -3.0507e+00 -3.2968e-01 -1.9131e+00 +2.4024e+00 -7.4939e-01
529 +3.077414904e+01 +3.077414904e+01 -8.395858510e+02 -8.395858510e+02 +4.5197e+00 +8.8610e-01 +2.1372e+00 +3.8552e+00 +5.0000e+00 +1.2619e+00 -3.5523e+00 +3.6665e-01 +5.1815e-01 -2.5525e+00
1643 +2.203792943e+01 +2.203792943e+01 -8.483220706e+02 -8.483220706e+02 -1.0604e+00 -1.3349e+00 +4.2595e+00 -1.1419e+00 -3.8934e+00 +3.8482e+00 +6.9247e-01 +3.5986e+00 -1.8687e-01 +1.7870e+00
3511 +7.174391223e+00 +7.174391223e+00 -8.631856088e+02 -8.631856088e+02 -6.8194e-01 -8.1022e-01 -4.3129e-01 +4.1613e+00 +3.4077e+00 +2.5577e+00 +9.1036e-01 +1.2227e+00 +2.7637e+00 -7.9253e-01
6862 +5.917790494e+00 +5.917790494e+00 -8.644422095e+02 -8.644422095e+02 -6.9891e-01 -1.4765e+00 -1.9133e+00 +3.9887e+00 +3.4088e+00 +1.9347e+00 +1.1412e+00 +1.3631e-01 +2.0009e+00 -1.2994e-01
9606 +3.014336033e+00 +3.014336033e+00 -8.673456640e+02 -8.673456640e+02 -2.8180e+00 -2.3181e-01 +4.5829e+00 +6.8216e-01 +4.1316e+00 -1.8228e+00 +3.7285e+00 +3.9498e+00 -4.7140e+00 -4.0014e+00
