% function evaluation | noise-free fitness - Fopt (-1.694000000000e+01) | best noise-free fitness - Fopt | measured fitness | best measured fitness | x1 | x2...
1 +6.121287002e+02 +6.121287002e+02 +5.951887002e+02 +5.951887002e+02 -9.9903e-01 -2.0095e+00 -4.5403e+00 -2.4218e+00 +3.5673e+00 +3.6629e+00 +3.9919e+00 -3.7698e+00 +1.6431e+00 +4.8469e+00
2 +1.289709843e+02 +1.289709843e+02 +1.120309843e+02 +1.120309843e+02 +4.1434e+00 -1.6784e+00 +2.3575e+00 +3.1524e+00 -4.7443e+00 -2.8225e+00 +1.4501e+00 +3.8752e+00 -9.7450e-01 -4.9915e-01
5 +7.759898859e+01 +7.759898859e+01 +6.065898859e+01 +6.065898859e+01 +2.7625e+00 +3.1768e-01 +1.6454e+00 +5.9022e-01 -3.2580e+00 +4.9511e+00 -7.4179e-01 -3.1608e+00 -1.3701e+00 +2.5737e+00
9 +5.281665117e+01 +5.281665117e+01 +3.587665117e+01 +3.587665117e+01 -1.9971e+00 +1.7925e+00 +2.1322e+00 +1.5196e+00 +4.9481e+00 +2.0611e+00 -2.7734e+00 +4.1958e+00 +1.3200e+00 -1.2608e+00
16 +3.001266845e+01 +3.001266845e+01 +1.307266845e+01 +1.307266845e+01 -2.0757e-02 -2.2181e+00 +2.3459e+00 +3.6415e+00 +3.9501e+00 +2.2000e+00 -1.1097e+00 +4.8800e+00 +5.5299e-01 -4.9670e+00
27 +2.001472091e+01 +2.001472091e+01 +3.074720913e+00 +3.074720913e+00 +2.7157e+00 +9.2923e-01 +1.6202e+00 -2.1091e+00 -2.8489e+00 -4.1678e+00 +3.0165e+00 -3.0664e+00 -3.4738e+00 -4.0869e+00
35 +1.267811712e+01 +1.267811712e+01 -4.261882876e+00 -4.261882876e+00 +1.3060e+00 +2.0328e+00 +1.1106e+00 +2.6698e-01 +2.2043e+00 -1.0913e+00 +3.8466e+00 -5.7911e-01 -6.0761e-01 -4.9902e+00
41 +7.715156507e+00 +7.715156507e+00 -9.224843493e+00 -9.224843493e+00 +1.8533e+00 +3.0785e+00 -2.2569e+00 +3.7582e+00 -1.9443e+00 +3.8770e-02 +2.5509e+00 -2.9885e+00 +2.5235e-01 -2.6967e+00
1003 +5.462597905e+00 +5.462597905e+00 -1.147740209e+01 -1.147740209e+01 +1.0703e+00 +3.0369e+00 -7.3325e-01 +3.8256e+00 +2.7409e+00 -2.0477e+00 +3.7838e+00 -5.3048e-01 +1.4456e+00 -5.0000e+00
1081 +3.870314972e+00 +3.870314972e+00 -1.306968503e+01 -1.306968503e+01 +1.9953e+00 +1.8241e+00 +7.3836e-01 +1.8273e+00 +2.4257e+00 -1.9008e+00 +3.4840e+00 -1.2265e+00 +1.0263e+00 -1.6579e+00
2604 +2.426250227e+00 +2.426250227e+00 -1.451374977e+01 -1.451374977e+01 +3.0002e+00 +2.9542e+00 +4.6993e-01 +1.2519e+00 +5.0543e-01 -1.8594e+00 +3.2257e+00 -1.2300e+00 -6.3284e-01 -2.0325e+00
14980 +1.402251023e+00 +1.402251023e+00 -1.553774898e+01 -1.553774898e+01 +3.2262e+00 +2.1367e+00 -2.5949e+00 +1.3484e+00 +2.0259e+00 -1.2864e+00 +2.6735e+00 -2.7492e+00 -7.7797e-01 -1.9155e+00
% function evaluation | noise-free fitness - Fopt (1.881000000000e+01) | best noise-free fitness - Fopt | measured fitness | best measured fitness | x1 | x2...
1 +3.957474578e+01 +3.957474578e+01 +5.838474578e+01 +5.838474578e+01 -3.5582e+00 -1.9483e+00 -1.7935e+00 +4.2198e+00 +2.7727e+00 +1.1381e+00 +4.8550e+00 +3.8203e+00 +2.7110e+00 -1.2324e-01
4 +2.471875962e+01 +2.471875962e+01 +4.352875962e+01 +4.352875962e+01 -4.3628e+00 +1.5436e+00 -3.7320e+00 +1.5421e+00 +3.0286e-01 -2.6062e-01 -2.7245e+00 -6.9258e-01 +2.4314e+00 +4.3435e+00
6 +1.187508099e+01 +1.187508099e+01 +3.068508099e+01 +3.068508099e+01 +4.5839e+00 +3.6978e+00 +3.0792e+00 +4.1529e+00 -2.2585e+00 -4.5514e+00 +5.7164e-01 +2.0324e+00 -1.9019e+00 +3.0925e+00
20 +7.071108327e+00 +7.071108327e+00 +2.588110833e+01 +2.588110833e+01 -3.4132e+00 -4.7889e+00 -9.9193e-01 -1.1540e+00 +3.9625e-02 -3.3466e+00 -8.7286e-01 -2.4208e+00 -4.7515e+00 +3.8182e+00
747 +6.079772063e+00 +6.079772063e+00 +2.488977206e+01 +2.488977206e+01 -1.5131e+00 +3.2201e+00 +3.4397e+00 -3.7470e+00 +1.1701e+00 -2.6765e+00 +2.9251e+00 -1.8480e+00 +1.8934e+00 +3.2037e+00
2057 +3.975822507e+00 +3.975822507e+00 +2.278582251e+01 +2.278582251e+01 +1.0451e+00 +2.3601e+00 +2.1216e-02 +2.7609e-02 +2.6083e+00 -2.0680e+00 +6.9827e-01 +1.5949e+00 -1.5219e+00 +1.9775e+00
3838 +2.423035647e+00 +2.423035647e+00 +2.123303565e+01 +2.123303565e+01 +4.4509e-01 +3.2889e+00 -5.0517e-01 +8.0784e-01 +1.6274e+00 -2.0834e+00 +1.0008e+00 +2.0884e-01 -8.1994e-01 +2.7229e+00
4723 +1.358264336e+00 +1.358264336e+00 +2.016826434e+01 +2.016826434e+01 -5.5166e-01 +6.9850e-01 -1.5774e+00 -6.0642e-03 +1.0978e+00 -3.2432e+00 +8.3190e-02 -3.5705e-01 +6.9491e-01 +3.6946e+00
% function evaluation | noise-free fitness - Fopt (2.731500000000e+02) | best noise-free fitness - Fopt | measured fitness | best measured fitness | x1 | x2...
1 +5.502012297e+01 +5.502012297e+01 +3.281701230e+02 +3.281701230e+02 -2.1259e+00 +1.3385e+00 +3.2652e+00 -3.9692e+00 -3.6890e+00 -4.5775e+00 -2.3376e+00 +4.8184e+00 +4.1266e+00 -2.8143e+00
2 +1.735150599e+01 +1.735150599e+01 +2.905015060e+02 +2.905015060e+02 -2.7871e+00 -1.6309e+00 -3.6630e+00 +1.6829e-01 +3.9837e-01 -3.1494e+00 -2.4554e-01 +3.3852e-01 +2.6682e-01 -3.1352e+00
10 +1.094312685e+01 +1.094312685e+01 +2.840931268e+02 +2.840931268e+02 -3.4259e+00 +3.9370e-02 -1.6929e+00 +2.7491e+00 +4.4639e+00 -4.3190e+00 +5.8437e-01 -4.0352e+00 -2.8969e+00 -1.3960e-01
108 +9.911730866e+00 +9.911730866e+00 +2.830617309e+02 +2.830617309e+02 -4.5781e+00 +1.5613e+00 +1.1406e+00 -2.4725e+00 -1.7405e+00 -6.3505e-01 +4.7665e+00 -2.5176e+00 +2.3819e+00 +4.1867e+00
891 +5.820747666e+00 +5.820747666e+00 +2.789707477e+02 +2.789707477e+02 -4.6088e+00 +3.6762e-01 +2.4995e-01 +4.5364e+00 +2.3724e+00 -2.8233e+00 +3.0186e+00 -2.2011e+00 -2.6343e+00 +4.3877e+00
1747 +3.891941711e+00 +3.891941711e+00 +2.770419417e+02 +2.770419417e+02 -2.5520e+00 +4.2098e+00 +7.8180e-01 +2.9797e+00 +6.7179e-01 -4.1010e+00 -5.4307e-01 -3.0057e+00 -3.5762e+00 +3.8619e+00
4455 +2.207931728e+00 +2.207931728e+00 +2.753579317e+02 +2.753579317e+02 -4.2248e+00 +2.4031e+00 +2.5052e-02 +5.0000e+00 -1.0255e+00 -5.0000e+00 +2.4583e-02 -2.5043e+00 -3.7810e+00 +1.9154e+00
14938 +1.260174140e+00 +1.260174140e+00 +2.744101741e+02 +2.744101741e+02 -3.6921e+00 +5.0000e+00 -6.1548e-01 +1.4024e+00 +2.6551e+00 -3.4926e+00 -1.2207e+00 -1.0773e+00 -1.0277e+00 +3.6573e+00
% function evaluation | noise-free fitness - Fopt (3.718000000000e+01) | best noise-free fitness - Fopt | measured fitness | best measured fitness | x1 | x2...
1 +1.948118558e+01 +1.948118558e+01 +5.666118558e+01 +5.666118558e+01 -4.8081e+00 -3.9142e+00 +1.1499e+00 -3.2464e+00 -1.0376e+00 +4.1948e+00 +8.8378e-01 +2.1567e+00 -4.5531e+00 -3.9269e-01
6 +1.342157553e+01 +1.342157553e+01 +5.060157553e+01 +5.060157553e+01 -3.1057e+00 +6.5550e-01 -1.3068e+00 +4.3928e+00 +5.0709e-01 -2.9306e+00 -3.4133e+00 -3.2101e+00 +1.0326e+00 +2.6139e+00
124 +8.760761713e+00 +8.760761713e+00 +4.594076171e+01 +4.594076171e+01 -2.1379e+00 +4.7108e+00 +2.2610e+00 +9.1664e-01 -3.1973e+00 +7.4374e-01 -1.1599e+00 -2.7118e-01 -4.2407e+00 +1.2799e+00
462 +5.579553674e+00 +5.579553674e+00 +4.275955367e+01 +4.275955367e+01 -6.4772e-01 +1.8339e+00 +9.9473e-01 +2.7278e+00 -9.3003e-01 -6.9723e-01 +1.5685e+00 -3.0832e+00 -2.4088e+00 +3.0599e+00
1520 +3.715604135e+00 +3.715604135e+00 +4.089560414e+01 +4.089560414e+01 -3.8437e+00 +3.1027e+00 +1.6860e+00 +5.1710e-01 -2.3716e+00 +3.6983e-01 +2.6276e-01 -2.5283e+00 -2.6824e+00 +1.2182e+00
3634 +2.510461682e+00 +2.510461682e+00 +3.969046168e+01 +3.969046168e+01 -4.0218e+00 +5.0000e+00 +2.2893e+00 +1.5905e+00 -3.6470e+00 -1.2804e+00 +4.7503e-01 -3.1287e+00 -2.6421e+00 +5.0000e+00
6892 +1.217628286e+00 +1.217628286e+00 +3.839762829e+01 +3.839762829e+01 -3.9042e+00 +3.9637e+00 +3.3138e+00 +8.6270e-01 -4.2134e+00 -8.1085e-01 -1.2242e-01 -3.9484e+00 -2.0567e+00 +5.0000e+00
% function evaluation | noise-free fitness - Fopt (-1.479000000000e+02) | best noise-free fitness - Fopt | measured fitness | best measured fitness | x1 | x2...
1 +1.813570565e+01 +1.813570565e+01 -1.297642944e+02 -1.297642944e+02 -4.2533e+00 +2.6941e+00 +3.6814e+00 -6.5816e-01 -2.6410e+00 +4.3628e+00 +2.0574e+00 +1.4752e+00 -1.1739e+00 -3.0444e+00
3 +1.457900519e+01 +1.457900519e+01 -1.333209948e+02 -1.333209948e+02 -1.9647e-02 +4.6608e-01 +4.4136e+00 -1.2342e+00 -2.4017e+00 -2.0643e+00 +2.5672e+00 -1.4760e+00 -4.3018e-01 -4.7257e+00
80 +9.725124971e+00 +9.725124971e+00 -1.381748750e+02 -1.381748750e+02 +4.1096e+00 +1.8990e+00 -3.3889e-01 -3.2227e+00 -2.5991e+00 +3.4360e+00 -6.1060e-01 +5.7156e-01 -2.6268e+00 -7.9998e-01
711 +4.080862946e+00 +4.080862946e+00 -1.438191371e+02 -1.438191371e+02 -1.1213e+00 -6.0493e-02 +3.4649e+00 -2.3158e+00 -6.5616e-01 +7.2374e-01 -1.3487e+00 -1.6496e+00 -3.6922e+00 +4.0171e-01
1201 +3.333434430e+00 +3.333434430e+00 -1.445665656e+02 -1.445665656e+02 +9.6231e-01 +2.4675e+00 +3.5253e+00 -1.6398e+00 -3.1127e+00 +3.3397e-01 -1.0684e+00 -2.1801e+00 -3.2153e+00 +4.3168e+00
2456 +1.880978488e+00 +1.880978488e+00 -1.460190215e+02 -1.460190215e+02 -1.1792e+00 -9.2311e-01 -1.2272e-01 -2.7714e+00 -3.6763e+00 +1.3391e+00 -1.3555e+00 -2.1517e+00 -4.4248e+00 +9.2587e-01
11885 +1.561839949e+00 +1.561839949e+00 -1.463381601e+02 -1.463381601e+02 -1.0568e+00 -2.7234e-01 -4.3544e-01 -2.4210e+00 -3.6015e+00 +1.6680e+00 -3.6184e-01 -1.8502e+00 -4.5904e+00 +1.8880e+00
% function evaluation | noise-free fitness - Fopt (1.162600000000e+02) | best noise-free fitness - Fopt | measured fitness | best measured fitness | x1 | x2...
1 +2.243255267e+01 +2.243255267e+01 +1.386925527e+02 +1.386925527e+02 +3.2904e+00 -3.2224e+00 +4.8009e+00 -1.0868e+00 -2.8648e+00 +1.7163e+00 -3.7556e+00 -3.2757e+00 +7.3923e-01 +2.8143e+00
2 +1.538335266e+01 +1.538335266e+01 +1.316433527e+02 +1.316433527e+02 -3.6696e+00 -1.0309e+00 +2.0004e-01 -8.3123e-01 +3.0514e+00 -4.0405e-03 +3.5761e+00 -1.9702e-02 -4.5774e+00 -1.1434e+00
35 +9.200665837e+00 +9.200665837e+00 +1.254606658e+02 +1.254606658e+02 -4.1238e+00 -4.1269e+00 -1.3007e-01 +1.3346e+00 -2.5808e+00 -3.4828e-01 -2.9696e+00 +9.1945e-01 -3.0673e+00 -2.7806e+00
386 +3.988543050e+00 +3.988543050e+00 +1.202485430e+02 +1.202485430e+02 -4.6508e+00 -4.7341e+00 -1.5741e+00 +5.0897e-01 -2.1981e+00 +2.8418e-01 -1.4665e+00 -1.2880e-01 -3.5826e+00 -2.2856e+00
1082 +3.330704527e+00 +3.330704527e+00 +1.195907045e+02 +1.195907045e+02 -1.2819e+00 -4.5782e+00 -3.3947e+00 -3.7783e-01 -2.6381e+00 +3.5541e+00 -2.6913e+00 -2.0652e+00 -1.2148e+00 -5.0000e+00
1787 +2.274367175e+00 +2.274367175e+00 +1.185343672e+02 +1.185343672e+02 -2.3796e+00 -2.1892e+00 -2.0393e+00 +1.4429e+00 -1.9586e+00 +2.7563e+00 -1.4789e+00 -2.4575e+00 -4.4393e+00 -4.5775e+00
14660 +1.293793434e+00 +1.293793434e+00 +1.175537934e+02 +1.175537934e+02 -3.5657e+00 -2.7694e+00 -3.0132e+00 +5.3544e-01 -5.6560e-01 +2.7334e+00 -2.7530e+00 -1.7277e+00 -4.0776e+00 -4.0573e+00
% function evaluation | noise-free fitness - Fopt (-1.000000000000e+03) | best noise-free fitness - Fopt | measured fitness | best measured fitness | x1 | x2...
1 +6.795433847e+01 +6.795433847e+01 -9.320456615e+02 -9.320456615e+02 -1.8471e+00 +1.6528e+00 +3.8053e+00 +1.2311e+00 +4.7891e+00 +4.1801e+00 +1.2727e+00 -3.3017e+00 +4.3194e+00 -1.1296e+00
2 +1.662231050e+01 +1.662231050e+01 -9.833776895e+02 -9.833776895e+02 -9.2617e-01 -2.4536e+00 +2.0626e+00 +1.5605e+00 -5.6265e-01 +3.3480e+00 +1.3806e+00 +9.6413e-01 -4.8778e+00 -2.6941e+00
10 +1.491584050e+01 +1.491584050e+01 -9.850841595e+02 -9.850841595e+02 -2.4599e+00 +4.3861e+00 -2.1069e+00 -2.3504e+00 +1.8537e+00 +3.5476e+00 +4.4012e-01 +2.4000e+00 -3.5429e+00 -6.7078e-01
201 +8.114601428e+00 +8.114601428e+00 -9.918853986e+02 -9.918853986e+02 -3.2394e+00 +4.1468e+00 -3.0677e+00 +3.7738e+00 +3.0922e+00 -1.5939e+00 +3.9160e+00 +2.7724e-01 -4.9426e+00 +1.9825e+00
542 +5.164202184e+00 +5.164202184e+00 -9.948357978e+02 -9.948357978e+02 -3.6363e+00 +4.1659e-01 -5.0000e+00 +5.0000e+00 +1.6142e+00 +8.0457e-01 -2.0222e-01 +3.0332e+00 -5.0000e+00 +1.1045e+00
1437 +3.518715580e+00 +3.518715580e+00 -9.964812844e+02 -9.964812844e+02 -4.3881e+00 +1.3053e+00 -1.4734e+00 +1.1871e-01 +2.8712e+00 -2.5825e+00 +3.1381e+00 +2.6634e+00 -2.6530e+00 +4.1468e-01
4451 +2.113723652e+00 +2.113723652e+00 -9.978862763e+02 -9.978862763e+02 -2.9521e+00 +4.6674e-01 -3.4233e+00 +4.2674e+00 +1.4979e+00 -1.3294e+00 +2.4784e+00 +2.4641e+00 -3.8680e+00 +2.8443e+00
11424 +1.434890561e+00 +1.434890561e+00 -9.985651094e+02 -9.985651094e+02 -3.8745e+00 -1.4732e-01 -2.4952e+00 +2.7326e+00 +1.5577e+00 -2.3714e+00 +3.2570e+00 +9.8318e-01 -4.0568e+00 +2.2623e+00
% function evaluation | noise-free fitness - Fopt (-9.193000000000e+01) | best noise-free fitness - Fopt | measured fitness | best measured fitness | x1 | x2...
1 +1.750117836e+01 +1.750117836e+01 -7.442882164e+01 -7.442882164e+01 +4.5234e+00 +1.1961e+00 -7.1026e-01 -3.3845e+00 -3.6515e+00 +3.1776e+00 -4.7637e+00 +2.0525e+00 +3.6132e+00 -2.2472e+00
3 +1.008763216e+01 +1.008763216e+01 -8.184236784e+01 -8.184236784e+01 -3.7786e+00 -4.6428e+00 -4.0749e+00 -1.1677e+00 -1.0689e+00 +5.5045e-01 -3.4724e+00 +1.0346e+00 +3.7531e+00 -2.7324e+00
180 +9.315018160e+00 +9.315018160e+00 -8.261498184e+01 -8.261498184e+01 -1.3327e+00 -2.7755e+00 -4.9215e-01 +3.7803e+00 +4.0976e-01 +2.9162e+00 +2.5104e+00 +2.6958e+00 +3.0538e+00 -3.9506e+00
485 +6.078094006e+00 +6.078094006e+00 -8.585190599e+01 -8.585190599e+01 +2.7244e+00 -3.1488e+00 -1.2720e+00 +2.9188e+00 +3.2090e-01 +1.1982e-01 +1.1040e-02 +1.5961e+00 +1.1376e+00 -7.4653e-01
2360 +3.503275240e+00 +3.503275240e+00 -8.842672476e+01 -8.842672476e+01 +1.3562e+00 -3.8991e+00 +7.4778e-02 +2.2283e+00 -1.2685e+00 -1.5146e-01 -1.3518e-01 +2.2928e+00 +1.0567e+00 -2.7769e+00
3504 +2.172660849e+00 +2.172660849e+00 -8.975733915e+01 -8.975733915e+01 -1.6804e-01 -4.1088e+00 -9.8565e-01 +1.4394e+00 -1.3445e+00 -1.3276e+00 -9.8193e-01 +3.2204e+00 +4.1298e+00 -2.7481e+00
% function evaluation | noise-free fitness - Fopt (1.487500000000e+02) | best noise-free fitness - Fopt | measured fitness | best measured fitness | x1 | x2...
1 +3.704905559e+01 +3.704905559e+01 +1.857990556e+02 +1.857990556e+02 -2.1083e+00 +3.0735e+00 -2.3106e+00 +2.7067e+00 -3.2760e+00 +3.5974e+00 +4.9420e+00 +4.8931e+00 +2.3835e-02 +2.9459e+00
4 +1.755662748e+01 +1.755662748e+01 +1.663066275e+02 +1.663066275e+02 +4.0008e+00 -3.9251e+00 -1.0429e+00 -1.3105e+00 -3.5167e-01 +3.0265e+00 -2.7986e+00 +8.9617e-01 -4.1142e+00 +1.0573e+00
61 +1.536906551e+01 +1.536906551e+01 +1.641190655e+02 +1.641190655e+02 +7.6184e-02 -3.8973e+00 +9.3348e-01 +2.5869e+00 -3.8980e+00 +1.7059e+00 -1.2928e+00 +1.8559e+00 +2.0419e-01 -3.3962e+00
139 +8.225898757e+00 +8.225898757e+00 +1.569758988e+02 +1.569758988e+02 -7.7681e-01 -8.9886e-01 +4.9661e+00 -9.9833e-02 -4.9946e+00 -1.1537e-01 +2.6254e+00 -3.4447e+00 -1.9152e+00 +6.0604e-02
687 +5.956676891e+00 +5.956676891e+00 +1.547066769e+02 +1.547066769e+02 +1.3883e+00 -2.3853e+00 -1.6766e+00 +4.0896e+00 -3.8088e+00 +9.7320e-01 -3.3073e+00 +7.5170e-01 -2.1906e+00 +5.0000e+00
1585 +3.554490525e+00 +3.554490525e+00 +1.523044905e+02 +1.523044905e+02 +2.9070e+00 -2.2538e+00 -2.0543e+00 +3.8074e+00 -2.8873e+00 +5.0000e+00 -4.0316e+00 -9.4419e-01 -1.7159e+00 +3.9394e+00
3795 +2.433775342e+00 +2.433775342e+00 +1.511837753e+02 +1.511837753e+02 +2.7146e+00 -5.0000e+00 +4.4150e-01 +3.3310e+00 -2.7538e-01 +4.9320e+00 -4.8995e+00 -1.4209e+00 -4.4455e-01 +2.1284e+00
7880 +1.570086622e+00 +1.570086622e+00 +1.503200866e+02 +1.503200866e+02 +2.8287e+00 -4.4989e+00 -3.9827e-01 +5.0000e+00 -4.3662e-01 +4.2652e+00 -5.0000e+00 -1.6999e+00 -4.5147e-01 +2.0274e+00
% function evaluation | noise-free fitness - Fopt (-1.483000000000e+02) | best noise-free fitness - Fopt | measured fitness | best measured fitness | x1 | x2...
1 +9.521411775e+01 +9.521411775e+01 -5.308588225e+01 -5.308588225e+01 +4.4140e+00 +3.8361e+00 +2.7237e+00 -2.8323e+00 -1.6700e+00 -4.9431e+00 -1.3847e+00 +4.4935e+00 -3.8906e+00 +3.5469e+00
2 +3.018614102e+01 +3.018614102e+01 -1.181138590e+02 -1.181138590e+02 +3.1919e+00 -6.5735e-02 -2.6059e+00 +5.4346e-01 -3.8427e+00 -1.4452e+00 -3.7416e-01 +6.4476e-02 +1.8248e+00 -7.8469e-01
6 +1.728606197e+01 +1.728606197e+01 -1.310139380e+02 -1.310139380e+02 +4.2957e+00 -4.7984e+00 -3.6656e+00 +3.7598e+00 +1.3938e-02 +4.5080e+00 -1.2630e+00 +2.1109e+00 -4.4574e+00 +2.2388e+00
19 +1.086071327e+01 +1.086071327e+01 -1.374392867e+02 -1.374392867e+02 +2.1306e+00 -1.6581e+00 -4.2355e+00 +1.5157e+00 +3.2277e+00 -2.6056e+00 +7.1523e-01 +3.4919e+00 +1.0009e+00 +5.4897e-01
91 +7.202440266e+00 +7.202440266e+00 -1.410975597e+02 -1.410975597e+02 +1.6897e+00 -8.0000e-01 -1.0245e+00 +3.7565e+00 +4.5133e+00 -1.8927e-01 +3.8098e+00 +3.6340e+00 -4.6252e+00 +1.6465e+00
301 +5.147957079e+00 +5.147957079e+00 -1.431520429e+02 -1.431520429e+02 +2.4875e+00 +3.7030e-01 -9.5263e-01 +5.0000e+00 +3.7631e+00 -7.1201e-01 +3.3063e+00 +4.9419e+00 -3.3769e+00 +3.2314e+00
727 +3.646041598e+00 +3.646041598e+00 -1.446539584e+02 -1.446539584e+02 +3.1673e+00 +3.5492e-01 -1.8075e-01 +4.7386e+00 +2.0069e+00 -4.9017e-01 +2.4791e+00 +4.9312e+00 -3.3130e+00 +4.3072e+00
2350 +1.969023837e+00 +1.969023837e+00 -1.463309762e+02 -1.463309762e+02 +1.2598e+00 +1.1339e+00 -3.1056e+00 +4.4659e+00 +3.8769e+00 +1.1328e+00 +3.8265e+00 +3.5330e+00 -1.4228e+00 +2.6560e+00
11118 +1.478535630e+00 +1.478535630e+00 -1.468214644e+02 -1.468214644e+02 +4.2525e+00 +6.5865e-01 -2.7350e+00 +3.1766e+00 +3.5080e+00 +1.1584e+00 +5.0000e+00 +3.5391e+00 -2.6364e+00 +2.6221e+00
% function evaluation | noise-free fitness - Fopt (1.702000000000e+01) | best noise-free fitness - Fopt | measured fitness | best measured fitness | x1 | x2...
1 +5.001778023e+01 +5.001778023e+01 +6.703778023e+01 +6.703778023e+01 -4.8022e+00 +4.9913e+00 +1.8475e+00 -4.4349e+00 -9.4586e-02 +1.9493e+00 -4.1412e+00 +1.5001e+00 +7.0407e-01 +2.4038e+00
2 +2.725734603e+01 +2.725734603e+01 +4.427734603e+01 +4.427734603e+01 +3.9781e+00 +1.7805e+00 -5.7349e-01 -4.4317e-01 -4.5057e+00 +2.1875e+00 -1.7354e+00 +3.3652e+00 +3.1514e+00 +3.6380e+00
7 +2.053288167e+01 +2.053288167e+01 +3.755288167e+01 +3.755288167e+01 +2.0582e+00 +1.0041e+00 -1.5866e-01 -6.9690e-01 +8.0734e-01 +8.9550e-01 +4.9412e+00 +3.2693e-01 -1.8203e+00 +1.1545e+00
30 +1.042277897e+01 +1.042277897e+01 +2.744277897e+01 +2.744277897e+01 +4.3404e+00 +2.5094e+00 +4.0827e+00 -4.2857e+00 +1.2346e+00 +3.6397e+00 -3.2700e+00 +8.7894e-01 -1.7792e+00 +1.0335e+00
155 +4.460924516e+00 +4.460924516e+00 +2.148092452e+01 +2.148092452e+01 +3.1067e+00 -1.2500e+00 +3.5126e+00 -2.5616e+00 -6.3922e-01 -1.6066e+00 -2.4639e+00 -1.1881e+00 -2.3920e+00 +1.1061e+00
903 +2.845671326e+00 +2.845671326e+00 +1.986567133e+01 +1.986567133e+01 +3.9283e+00 -6.3558e-01 +3.2016e+00 -3.1390e+00 +5.7665e-01 -2.0360e+00 -6.8538e-01 +2.5471e-01 -1.4195e+00 +1.0617e+00
2904 +2.242761347e+00 +2.242761347e+00 +1.926276135e+01 +1.926276135e+01 +3.7326e+00 -1.4142e+00 +2.7582e+00 -3.1807e+00 +1.1984e+00 -3.0651e+00 -2.0202e+00 +1.8024e+00 -1.6946e+00 -5.3941e-01
20749 +1.542305592e+00 +1.542305592e+00 +1.856230559e+01 +1.856230559e+01 +2.6544e+00 -1.7291e+00 +1.5552e+00 -3.0363e+00 +3.4965e-01 -2.8039e+00 -6.6526e-01 +1.0159e+00 -1.9654e+00 +1.0761e+00
% function evaluation | noise-free fitness - Fopt (-2.202000000000e+02) | best noise-free fitness - Fopt | measured fitness | best measured fitness | x1 | x2...
1 +1.715371513e+01 +1.715371513e+01 -2.030462849e+02 -2.030462849e+02 +1.6890e+00 +2.4695e+00 -3.5307e+00 -2.0214e+00 -5.8943e-01 +6.9114e-01 -8.2995e-01 -2.1533e+00 -4.5101e+00 -9.2029e-01
6 +1.018702980e+01 +1.018702980e+01 -2.100129702e+02 -2.100129702e+02 -3.4868e+00 -1.7968e+00 +7.2552e-01 -4.7056e+00 +1.6197e+00 -9.8366e-01 -1.3957e+00 -9.0658e-01 -2.5560e+00 -1.6206e+00
28 +8.602583547e+00 +8.602583547e+00 -2.115974165e+02 -2.115974165e+02 -3.6335e+00 +1.9568e+00 -2.8131e+00 +4.6815e+00 +3.9494e+00 +8.1348e-01 +8.7449e-01 -1.6502e+00 -8.7177e-01 -3.2031e+00
468 +5.872152865e+00 +5.872152865e+00 -2.143278471e+02 -2.143278471e+02 -2.9908e+00 -1.9063e+00 -2.8964e+00 +3.7793e+00 -3.0586e+00 -5.0000e+00 +4.1798e+00 -1.6258e+00 -2.8850e+00 -1.8274e+00
1270 +3.488813933e+00 +3.488813933e+00 -2.167111861e+02 -2.167111861e+02 -2.3725e+00 -2.1352e+00 -1.4524e-01 +2.0126e+00 -2.3847e+00 -4.8132e+00 -2.0987e+00 -3.9782e+00 -3.5684e+00 -2.5189e+00
3318 +2.251958775e+00 +2.251958775e+00 -2.179480412e+02 -2.179480412e+02 -2.7563e+00 -1.2005e+00 +2.3630e-01 +3.1178e+00 -3.0522e-01 -3.1828e+00 -1.5142e+00 -3.5693e+00 -4.1673e+00 -1.7117e+00
17346 +1.158053684e+00 +1.158053684e+00 -2.190419463e+02 -2.190419463e+02 -3.5235e+00 -8.0898e-01 +5.1146e-01 +3.2919e+00 +2.9465e-01 -3.7306e+00 -9.9225e-01 -3.3446e+00 -3.9436e+00 -8.5327e-01
% function evaluation | noise-free fitness - Fopt (-2.041000000000e+01) | best noise-free fitness - Fopt | measured fitness | best measured fitness | x1 | x2...
1 +4.845433367e+01 +4.845433367e+01 +2.804433367e+01 +2.804433367e+01 -3.1635e+00 +3.8216e+00 +3.1694e+00 -2.3751e+00 -6.1019e-01 +3.3403e+00 -4.0875e-01 -1.4067e+00 -4.3369e+00 +1.2333e+00
2 +9.377335213e+00 +9.377335213e+00 -1.103266479e+01 -1.103266479e+01 -3.8721e+00 -4.6360e+00 -2.5807e+00 +1.9921e+00 +2.1345e+00 -4.2785e+00 -1.8414e+00 -3.1417e-01 -9.3622e-01 -6.0268e-01
329 +6.279766127e+00 +6.279766127e+00 -1.413023387e+01 -1.413023387e+01 -2.5207e+00 -2.4941e+00 -1.2608e+00 +3.1090e+00 +1.3895e+00 +7.3072e-01 -1.0182e+00 -1.7367e+00 -5.3394e-01 +1.0457e+00
1431 +3.949547269e+00 +3.949547269e+00 -1.646045273e+01 -1.646045273e+01 -1.8812e+00 -9.2316e-01 -3.3099e+00 +2.7901e+00 +2.2450e+00 -1.8900e-01 -1.4601e+00 -2.1708e+00 -4.5506e+00 +6.3996e-01
2311 +2.347812025e+00 +2.347812025e+00 -1.806218798e+01 -1.806218798e+01 -3.7333e+00 -1.7809e+00 -2.4681e+00 +2.3618e+00 +2.2690e+00 -5.0789e-01 +5.4641e-01 -4.0680e-01 -2.6467e+00 +2.7187e+00
9510 +1.523349500e+00 +1.523349500e+00 -1.888665050e+01 -1.888665050e+01 -3.3566e+00 -1.9690e+00 -3.2802e+00 +2.2247e+00 +3.7563e+00 -4.5597e-01 +1.2994e-01 -1.3425e+00 -2.1598e+00 +2.8480e+00
% function evaluation | noise-free fitness - Fopt (6.081000000000e+01) | best noise-free fitness - Fopt | measured fitness | best measured fitness | x1 | x2...
1 +4.997515226e+01 +4.997515226e+01 +1.107851523e+02 +1.107851523e+02 -2.4570e+00 -2.0827e+00 +1.9527e+00 +4.3055e+00 -3.1965e+00 -2.4572e+00 +7.9733e-02 -3.4127e+00 -4.3822e+00 -3.4557e+00
5 +2.241207260e+01 +2.241207260e+01 +8.322207260e+01 +8.322207260e+01 -3.0162e+00 +1.3621e+00 +2.4049e+00 -1.0317e+00 -2.6273e+00 -1.9906e+00 +5.8888e-01 -2.3369e+00 -3.0380e+00 +7.6967e-01
11 +1.435537389e+01 +1.435537389e+01 +7.516537389e+01 +7.516537389e+01 +2.8504e+00 +8.3392e-02 +3.4937e+00 +1.7393e+00 -1.8475e+00 -3.3019e+00 -1.6886e+00 -3.9164e+00 +6.0825e-01 -2.1913e+00
141 +8.440216396e+00 +8.440216396e+00 +6.925021640e+01 +6.925021640e+01 +3.1195e+00 +1.6720e+00 +2.8985e-01 -3.6283e+00 +7.5629e-01 -2.5357e+00 +3.0972e+00 -2.8523e+00 -1.8392e+00 +3.1278e+00
673 +5.315788602e+00 +5.315788602e+00 +6.612578860e+01 +6.612578860e+01 +3.6298e-01 -4.3789e-01 +3.1977e+00 +6.5338e-01 -4.2642e+00 -2.0697e+00 +1.6551e+00 -1.4361e+00 -3.9275e+00 +4.6275e+00
2148 +3.879176956e+00 +3.879176956e+00 +6.468917696e+01 +6.468917696e+01 +1.8196e+00 +2.5813e+00 +4.2802e+00 -1.1001e+00 +1.8320e+00 -5.4504e-01 +1.8106e+00 -3.4424e+00 -3.3574e+00 +3.4104e+00
4241 +2.490099202e+00 +2.490099202e+00 +6.330009920e+01 +6.330009920e+01 +1.4133e+00 +3.2062e+00 +3.5780e+00 -3.4382e-01 +3.9446e-01 -2.0399e+00 +4.4008e-01 -2.8649e+00 -2.7771e+00 +4.1372e+00
7272 +1.484189738e+00 +1.484189738e+00 +6.229418974e+01 +6.229418974e+01 +9.5313e-01 +2.6483e+00 +3.7350e+00 +7.5131e-01 +7.6158e-01 -1.4507e+00 +2.1790e+00 -1.9470e+00 -1.5935e+00 +3.3903e+00
% function evaluation | noise-free fitness - Fopt (-6.176300000000e+02) | best noise-free fitness - Fopt | measured fitness | best measured fitness | x1 | x2...
1 +1.379609490e+02 +1.379609490e+02 -4.796690510e+02 -4.796690510e+02 +4.6466e+00 +4.5091e-01 +4.5810e+00 -6.9824e-01 +1.1429e+00 +1.0555e+00 -2.6649e+00 -3.0284e-01 +2.8587e+00 -1.6836e+00
2 +4.590626483e+01 +4.590626483e+01 -5.717237352e+02 -5.717237352e+02 -1.3646e+00 +8.5849e-01 -1.6275e+00 +5.7796e-01 -1.1058e+00 -3.3868e+00 +1.2413e+00 -4.4240e-01 +9.4163e-01 -3.6767e+00
4 +1.810576449e+01 +1.810576449e+01 -5.995242355e+02 -5.995242355e+02 -2.2854e+00 +1.0241e+00 -2.7135e+00 +3.1245e-01 -2.3390e+00 -2.2195e+00 +9.9602e-01 -4.2500e-01 +6.7334e-01 +1.0467e+00
60 +8.376993287e+00 +8.376993287e+00 -6.092530067e+02 -6.092530067e+02 +1.9061e+00 -4.3498e+00 +3.5888e+00 -2.8214e+00 -1.6304e+00 +4.2981e+00 -2.0537e+00 -4.7953e+00 +2.2851e+00 +1.7078e+00
626 +6.034171440e+00 +6.034171440e+00 -6.115958286e+02 -6.115958286e+02 -1.4027e+00 -4.2243e-01 -3.0266e+00 -1.6728e+00 -4.4978e+00 +2.4500e+00 +2.1083e+00 -1.4131e-01 +2.6076e+00 +3.2608e-03
1535 +3.747349052e+00 +3.747349052e+00 -6.138826509e+02 -6.138826509e+02 -1.7738e+00 -1.6559e+00 -4.1171e+00 -2.9918e+00 -5.0000e+00 +2.5258e+00 +3.7706e+00 -2.0874e+00 +4.4959e+00 -6.1869e-01
2836 +2.438384966e+00 +2.438384966e+00 -6.151916150e+02 -6.151916150e+02 -1.8908e+00 -1.7595e+00 -3.5584e+00 -3.5409e+00 -2.3974e+00 +7.1998e-01 +1.3706e+00 -1.2644e+00 +4.4057e+00 +1.9322e+00
6630 +1.578003052e+00 +1.578003052e+00 -6.160519969e+02 -6.160519969e+02 -1.1039e+00 -1.8661e+00 -2.5187e+00 -3.0858e+00 -2.7265e+00 +5.4056e-01 +1.2006e+00 -1.7319e+00 +3.3288e+00 +2.9326e+00
