% function evaluation | noise-free fitness - Fopt (2.997000000000e+01) | best noise-free fitness - Fopt | measured fitness | best measured fitness | x1 | x2...
1 +1.239532875e+02 +1.239532875e+02 +1.539232875e+02 +1.539232875e+02 +7.5555e-01 -3.5650e+00
21 +4.672167770e+01 +4.672167770e+01 +7.669167770e+01 +7.669167770e+01 +1.0351e+00 -6.1764e-01
37 +1.373119083e+01 +1.373119083e+01 +4.370119083e+01 +4.370119083e+01 +1.2741e+00 -2.7143e-01
149 +7.484859059e+00 +7.484859059e+00 +3.745485906e+01 +3.745485906e+01 +6.8189e-01 -2.4148e+00
196 +5.544541698e+00 +5.544541698e+00 +3.551454170e+01 +3.551454170e+01 +7.2486e-01 -2.1230e+00
212 +2.215066390e+00 +2.215066390e+00 +3.218506639e+01 +3.218506639e+01 +7.3827e-01 -2.1219e+00
216 +1.047478227e+00 +1.047478227e+00 +3.101747823e+01 +3.101747823e+01 +7.2906e-01 -2.1855e+00
278 +2.724565580e-01 +2.724565580e-01 +3.024245656e+01 +3.024245656e+01 +7.4639e-01 -2.1202e+00
2882 +2.415493006e-01 +2.415493006e-01 +3.021154930e+01 +3.021154930e+01 +7.8693e-01 -1.9900e+00
11381 +1.312042747e-01 +1.312042747e-01 +3.010120427e+01 +3.010120427e+01 +7.9363e-01 -1.9670e+00
13975 +6.914870954e-02 +6.914870954e-02 +3.003914871e+01 +3.003914871e+01 +8.1049e-01 -1.9119e+00
14322 +6.270192384e-02 +6.270192384e-02 +3.003270192e+01 +3.003270192e+01 +8.1214e-01 -1.9065e+00
16351 +3.484457117e-02 +3.484457117e-02 +3.000484457e+01 +3.000484457e+01 +8.4810e-01 -1.7898e+00
16382 +2.379399729e-02 +2.379399729e-02 +2.999379400e+01 +2.999379400e+01 +8.4805e-01 -1.7899e+00
16386 +1.572544010e-02 +1.572544010e-02 +2.998572544e+01 +2.998572544e+01 +8.4815e-01 -1.7894e+00
16612 +9.985164078e-03 +9.985164078e-03 +2.997998516e+01 +2.997998516e+01 +8.5058e-01 -1.7815e+00
18445 +4.381908786e-03 +4.381908786e-03 +2.997438191e+01 +2.997438191e+01 +8.7818e-01 -1.6918e+00
18501 +3.764989501e-03 +3.764989501e-03 +2.997376499e+01 +2.997376499e+01 +8.7814e-01 -1.6919e+00
18603 +2.414418475e-03 +2.414418475e-03 +2.997241442e+01 +2.997241442e+01 +8.7814e-01 -1.6918e+00
18665 +1.218569981e-03 +1.218569981e-03 +2.997121857e+01 +2.997121857e+01 +8.7818e-01 -1.6917e+00
18747 +4.553436991e-04 +4.553436991e-04 +2.997045534e+01 +2.997045534e+01 +8.7813e-01 -1.6919e+00
18759 +3.497960109e-04 +3.497960109e-04 +2.997034980e+01 +2.997034980e+01 +8.7813e-01 -1.6919e+00
18822 +2.357505620e-04 +2.357505620e-04 +2.997023575e+01 +2.997023575e+01 +8.7813e-01 -1.6919e+00
% function evaluation | noise-free fitness - Fopt (-5.171000000000e+01) | best noise-free fitness - Fopt | measured fitness | best measured fitness | x1 | x2...
1 +4.654477552e+02 +4.654477552e+02 +4.137377552e+02 +4.137377552e+02 +1.6378e+00 -1.0290e+00
9 +3.685476406e+02 +3.685476406e+02 +3.168376406e+02 +3.168376406e+02 -2.4371e+00 +5.4627e-01
10 +1.539371333e+02 +1.539371333e+02 +1.022271333e+02 +1.022271333e+02 -8.0263e-01 +2.0862e-01
26 +9.436913624e+01 +9.436913624e+01 +4.265913624e+01 +4.265913624e+01 +1.9257e+00 +1.6410e+00
32 +2.202197790e+01 +2.202197790e+01 -2.968802210e+01 -2.968802210e+01 +2.1537e+00 +2.8239e+00
134 +6.527032695e+00 +6.527032695e+00 -4.518296730e+01 -4.518296730e+01 +2.9222e+00 +3.5426e+00
154 +1.968985185e+00 +1.968985185e+00 -4.974101482e+01 -4.974101482e+01 +2.2184e+00 +2.6908e+00
193 +1.329555856e+00 +1.329555856e+00 -5.038044414e+01 -5.038044414e+01 +2.9490e+00 +3.5255e+00
495 +8.925730355e-01 +8.925730355e-01 -5.081742696e+01 -5.081742696e+01 +2.8906e+00 +3.4552e+00
1354 +4.330183539e-01 +4.330183539e-01 -5.127698165e+01 -5.127698165e+01 +2.8200e+00 +3.3768e+00
2289 +3.866910147e-01 +3.866910147e-01 -5.132330899e+01 -5.132330899e+01 +2.8119e+00 +3.3679e+00
2438 +2.126920411e-01 +2.126920411e-01 -5.149730796e+01 -5.149730796e+01 +2.7304e+00 +3.2764e+00
2606 +1.418993592e-01 +1.418993592e-01 -5.156810064e+01 -5.156810064e+01 +2.7306e+00 +3.2760e+00
7292 +5.559187627e-02 +5.559187627e-02 -5.165440812e+01 -5.165440812e+01 +2.6483e+00 +3.1832e+00
7326 +3.208923798e-02 +3.208923798e-02 -5.167791076e+01 -5.167791076e+01 +2.6484e+00 +3.1831e+00
7362 +2.108465336e-02 +2.108465336e-02 -5.168891535e+01 -5.168891535e+01 +2.6486e+00 +3.1832e+00
9645 +1.421776527e-02 +1.421776527e-02 -5.169578223e+01 -5.169578223e+01 +2.6346e+00 +3.1674e+00
9849 +8.155711207e-03 +8.155711207e-03 -5.170184429e+01 -5.170184429e+01 +2.6345e+00 +3.1673e+00
12906 +5.119921351e-03 +5.119921351e-03 -5.170488008e+01 -5.170488008e+01 +2.6269e+00 +3.1587e+00
% function evaluation | noise-free fitness - Fopt (-2.799500000000e+02) | best noise-free fitness - Fopt | measured fitness | best measured fitness | x1 | x2...
1 +4.672259436e+02 +4.672259436e+02 +1.872759436e+02 +1.872759436e+02 +2.6515e+00 +3.6040e-01
5 +5.360407750e+01 +5.360407750e+01 -2.263459225e+02 -2.263459225e+02 -8.6258e-01 -3.1463e+00
84 +3.203366862e+01 +3.203366862e+01 -2.479163314e+02 -2.479163314e+02 -3.8890e+00 -4.2160e+00
110 +4.892224806e+00 +4.892224806e+00 -2.750577752e+02 -2.750577752e+02 -4.1300e+00 -4.1630e+00
141 +3.737811260e+00 +3.737811260e+00 -2.762121887e+02 -2.762121887e+02 -4.1395e+00 -4.1604e+00
149 +2.152867179e+00 +2.152867179e+00 -2.777971328e+02 -2.777971328e+02 -4.0320e+00 -4.0983e+00
188 +1.244750126e+00 +1.244750126e+00 -2.787052499e+02 -2.787052499e+02 -3.9951e+00 -4.0894e+00
208 +5.781832475e-01 +5.781832475e-01 -2.793718168e+02 -2.793718168e+02 -4.0609e+00 -4.1175e+00
251 +3.536094794e-01 +3.536094794e-01 -2.795963905e+02 -2.795963905e+02 -3.9917e+00 -4.0926e+00
4872 +2.295659038e-01 +2.295659038e-01 -2.797204341e+02 -2.797204341e+02 -3.9172e+00 -4.0662e+00
18417 +9.973323575e-02 +9.973323575e-02 -2.798502668e+02 -2.798502668e+02 -3.7992e+00 -4.0243e+00
23233 +5.636125169e-02 +5.636125169e-02 -2.798936387e+02 -2.798936387e+02 -3.7443e+00 -4.0050e+00
26459 +3.559517733e-02 +3.559517733e-02 -2.799144048e+02 -2.799144048e+02 -3.7367e+00 -4.0022e+00
46443 +2.391912326e-02 +2.391912326e-02 -2.799260809e+02 -2.799260809e+02 -3.7106e+00 -3.9929e+00
51447 +1.538221448e-02 +1.538221448e-02 -2.799346178e+02 -2.799346178e+02 -3.6944e+00 -3.9872e+00
52434 +9.309345210e-03 +9.309345210e-03 -2.799406907e+02 -2.799406907e+02 -3.6387e+00 -3.9674e+00
52485 +3.138847587e-03 +3.138847587e-03 -2.799468612e+02 -2.799468612e+02 -3.6387e+00 -3.9675e+00
52529 +1.163003911e-03 +1.163003911e-03 -2.799488370e+02 -2.799488370e+02 -3.6386e+00 -3.9675e+00
% function evaluation | noise-free fitness - Fopt (9.319900000000e+02) | best noise-free fitness - Fopt | measured fitness | best measured fitness | x1 | x2...
1 +2.136001034e+02 +2.136001034e+02 +1.145590103e+03 +1.145590103e+03 -1.9954e+00 +1.2835e+00
2 +3.324930716e+01 +3.324930716e+01 +9.652393072e+02 +9.652393072e+02 +2.7040e+00 +1.2525e-01
127 +2.228758479e+01 +2.228758479e+01 +9.542775848e+02 +9.542775848e+02 +1.8414e+00 +8.3043e-01
133 +5.672045304e+00 +5.672045304e+00 +9.376620453e+02 +9.376620453e+02 +1.6288e+00 +7.1910e-01
183 +3.686950132e+00 +3.686950132e+00 +9.356769501e+02 +9.356769501e+02 +1.6365e+00 +7.3190e-01
248 +1.540159379e+00 +1.540159379e+00 +9.335301594e+02 +9.335301594e+02 +1.7149e+00 +7.1839e-01
328 +9.984302957e-01 +9.984302957e-01 +9.329884303e+02 +9.329884303e+02 +1.7095e+00 +7.2481e-01
559 +2.815950203e-01 +2.815950203e-01 +9.322715950e+02 +9.322715950e+02 +1.5404e+00 +7.9782e-01
663 +2.371667834e-01 +2.371667834e-01 +9.322271668e+02 +9.322271668e+02 +1.4833e+00 +8.2097e-01
4267 +1.433049203e-01 +1.433049203e-01 +9.321333049e+02 +9.321333049e+02 +1.4496e+00 +8.3662e-01
4412 +9.858419714e-02 +9.858419714e-02 +9.320885842e+02 +9.320885842e+02 +1.4494e+00 +8.3635e-01
4476 +5.343915282e-02 +5.343915282e-02 +9.320434392e+02 +9.320434392e+02 +1.3107e+00 +8.9454e-01
4485 +2.653217147e-02 +2.653217147e-02 +9.320165322e+02 +9.320165322e+02 +1.3036e+00 +8.9810e-01
4523 +8.566070416e-03 +8.566070416e-03 +9.319985661e+02 +9.319985661e+02 +1.3108e+00 +8.9486e-01
4705 +4.867672312e-03 +4.867672312e-03 +9.319948677e+02 +9.319948677e+02 +1.3108e+00 +8.9490e-01
% function evaluation | noise-free fitness - Fopt (1.133100000000e+02) | best noise-free fitness - Fopt | measured fitness | best measured fitness | x1 | x2...
1 +4.422472242e+02 +4.422472242e+02 +5.555572242e+02 +5.555572242e+02 +2.1027e+00 +1.3889e+00
3 +9.534026226e+01 +9.534026226e+01 +2.086502623e+02 +2.086502623e+02 -4.4642e+00 +1.1440e+00
126 +3.098453252e+01 +3.098453252e+01 +1.442945325e+02 +1.442945325e+02 -4.7961e-02 +2.5578e+00
159 +3.162646994e+00 +3.162646994e+00 +1.164726470e+02 +1.164726470e+02 +7.6728e-01 +2.7281e+00
1198 +2.482461903e+00 +2.482461903e+00 +1.157924619e+02 +1.157924619e+02 +9.3496e-01 +2.7819e+00
1878 +1.527702373e+00 +1.527702373e+00 +1.148377024e+02 +1.148377024e+02 +1.1685e+00 +2.8561e+00
2805 +9.123581272e-01 +9.123581272e-01 +1.142223581e+02 +1.142223581e+02 +1.5425e+00 +2.9745e+00
3009 +6.215557848e-01 +6.215557848e-01 +1.139315558e+02 +1.139315558e+02 +1.5508e+00 +2.9788e+00
8275 +2.143608394e-01 +2.143608394e-01 +1.135243608e+02 +1.135243608e+02 +1.9062e+00 +3.0928e+00
8356 +1.435925624e-01 +1.435925624e-01 +1.134535926e+02 +1.134535926e+02 +1.9063e+00 +3.0925e+00
8451 +9.958198979e-02 +9.958198979e-02 +1.134095820e+02 +1.134095820e+02 +1.9064e+00 +3.0924e+00
9317 +3.976462657e-02 +3.976462657e-02 +1.133497646e+02 +1.133497646e+02 +2.1023e+00 +3.1549e+00
9370 +7.666996306e-03 +7.666996306e-03 +1.133176670e+02 +1.133176670e+02 +2.1022e+00 +3.1550e+00
9429 +1.913346485e-03 +1.913346485e-03 +1.133119133e+02 +1.133119133e+02 +2.1020e+00 +3.1550e+00
% function evaluation | noise-free fitness - Fopt (-3.000200000000e+02) | best noise-free fitness - Fopt | measured fitness | best measured fitness | x1 | x2...
1 +8.333712134e+02 +8.333712134e+02 +5.333512134e+02 +5.333512134e+02 +3.7894e+00 -2.2592e+00
5 +5.407140359e+02 +5.407140359e+02 +2.406940359e+02 +2.406940359e+02 -1.8201e+00 -1.0029e+00
10 +1.975401129e+02 +1.975401129e+02 -1.024798871e+02 -1.024798871e+02 -3.9746e-01 -1.0937e-02
15 +1.171822430e+02 +1.171822430e+02 -1.828377570e+02 -1.828377570e+02 +3.3485e-01 +9.4123e-01
33 +2.893005850e+01 +2.893005850e+01 -2.710899415e+02 -2.710899415e+02 -4.1391e+00 +8.4892e-01
42 +1.829747278e+00 +1.829747278e+00 -2.981902527e+02 -2.981902527e+02 -6.0039e-02 +5.9037e-01
107 +8.308949804e-01 +8.308949804e-01 -2.991891050e+02 -2.991891050e+02 -6.1597e-02 +5.9367e-01
195 +3.054365126e-01 +3.054365126e-01 -2.997145635e+02 -2.997145635e+02 -5.5164e-02 +5.9489e-01
265 +2.473528142e-01 +2.473528142e-01 -2.997726472e+02 -2.997726472e+02 -5.3090e-02 +5.9611e-01
267 +7.868910974e-02 +7.868910974e-02 -2.999413109e+02 -2.999413109e+02 -5.3146e-02 +5.9557e-01
769 +6.303935553e-02 +6.303935553e-02 -2.999569606e+02 -2.999569606e+02 -5.3084e-02 +5.9552e-01
% function evaluation | noise-free fitness - Fopt (4.471000000000e+01) | best noise-free fitness - Fopt | measured fitness | best measured fitness | x1 | x2...
1 +1.190076983e+03 +1.190076983e+03 +1.234786983e+03 +1.234786983e+03 -3.8750e+00 -2.7304e+00
3 +3.745104255e+02 +3.745104255e+02 +4.192204255e+02 +4.192204255e+02 +3.1283e+00 +3.3869e+00
4 +9.545414475e+01 +9.545414475e+01 +1.401641447e+02 +1.401641447e+02 +1.3215e+00 +1.7433e+00
15 +3.772089231e+01 +3.772089231e+01 +8.243089231e+01 +8.243089231e+01 +3.7204e+00 -1.6870e+00
188 +1.751877943e+01 +1.751877943e+01 +6.222877943e+01 +6.222877943e+01 +3.8639e+00 -2.2077e+00
330 +1.568760557e+01 +1.568760557e+01 +6.039760557e+01 +6.039760557e+01 +3.8667e+00 -2.2647e+00
513 +9.815715776e+00 +9.815715776e+00 +5.452571578e+01 +5.452571578e+01 +3.1404e+00 -1.3975e+00
544 +5.999145793e+00 +5.999145793e+00 +5.070914579e+01 +5.070914579e+01 +2.9276e+00 -9.2554e-01
557 +1.264533006e+00 +1.264533006e+00 +4.597453301e+01 +4.597453301e+01 +2.9438e+00 -1.0393e+00
674 +1.349367322e-01 +1.349367322e-01 +4.484493673e+01 +4.484493673e+01 +2.9525e+00 -1.0365e+00
735 +3.116978103e-02 +3.116978103e-02 +4.474116978e+01 +4.474116978e+01 +2.9463e+00 -1.0270e+00
781 +1.592952853e-02 +1.592952853e-02 +4.472592953e+01 +4.472592953e+01 +2.9463e+00 -1.0268e+00
804 +1.580064877e-02 +1.580064877e-02 +4.472580065e+01 +4.472580065e+01 +2.9463e+00 -1.0267e+00
6314 +8.397987503e-03 +8.397987503e-03 +4.471839799e+01 +4.471839799e+01 +2.9338e+00 -1.0102e+00
6320 +5.318147429e-03 +5.318147429e-03 +4.471531815e+01 +4.471531815e+01 +2.9339e+00 -1.0102e+00
% function evaluation | noise-free fitness - Fopt (-1.000000000000e+03) | best noise-free fitness - Fopt | measured fitness | best measured fitness | x1 | x2...
1 +9.059585254e+01 +9.059585254e+01 -9.094041475e+02 -9.094041475e+02 -4.3694e+00 -2.4731e-01
12 +2.934335058e+01 +2.934335058e+01 -9.706566494e+02 -9.706566494e+02 -2.9935e+00 +1.3864e+00
23 +1.086269118e+01 +1.086269118e+01 -9.891373088e+02 -9.891373088e+02 -1.5697e+00 +3.1666e+00
107 +9.225961844e+00 +9.225961844e+00 -9.907740382e+02 -9.907740382e+02 -1.5690e+00 +3.1848e+00
120 +5.934619177e+00 +5.934619177e+00 -9.940653808e+02 -9.940653808e+02 -2.8774e+00 +1.2828e+00
179 +3.234530152e+00 +3.234530152e+00 -9.967654698e+02 -9.967654698e+02 -2.8260e+00 +1.3773e+00
2054 +1.233748795e+00 +1.233748795e+00 -9.987662512e+02 -9.987662512e+02 -2.4922e+00 +1.8668e+00
2121 +8.603886229e-01 +8.603886229e-01 -9.991396114e+02 -9.991396114e+02 -2.5022e+00 +1.8618e+00
2205 +5.150516665e-01 +5.150516665e-01 -9.994849483e+02 -9.994849483e+02 -2.4957e+00 +1.8683e+00
2357 +1.097610433e-01 +1.097610433e-01 -9.998902390e+02 -9.998902390e+02 -2.3110e+00 +2.1419e+00
2476 +3.318935490e-02 +3.318935490e-02 -9.999668106e+02 -9.999668106e+02 -2.3000e+00 +2.1575e+00
2578 +2.394607640e-02 +2.394607640e-02 -9.999760539e+02 -9.999760539e+02 -2.3001e+00 +2.1573e+00
6023 +1.578943300e-02 +1.578943300e-02 -9.999842106e+02 -9.999842106e+02 -2.2935e+00 +2.1670e+00
% function evaluation | noise-free fitness - Fopt (3.042000000000e+02) | best noise-free fitness - Fopt | measured fitness | best measured fitness | x1 | x2...
1 +5.465920978e+01 +5.465920978e+01 +3.588592098e+02 +3.588592098e+02 +2.9655e-02 +2.5414e+00
59 +2.545709356e+01 +2.545709356e+01 +3.296570936e+02 +3.296570936e+02 -2.5693e+00 +3.7353e+00
174 +2.330541150e+01 +2.330541150e+01 +3.275054115e+02 +3.275054115e+02 -2.5752e+00 +3.7190e+00
178 +4.651756577e+00 +4.651756577e+00 +3.088517566e+02 +3.088517566e+02 -2.9213e+00 +3.6745e+00
235 +2.999157331e+00 +2.999157331e+00 +3.071991573e+02 +3.071991573e+02 -2.4786e+00 +3.4573e+00
249 +2.092569476e+00 +2.092569476e+00 +3.062925695e+02 +3.062925695e+02 -2.6130e+00 +3.5498e+00
257 +5.651240262e-01 +5.651240262e-01 +3.047651240e+02 +3.047651240e+02 -2.5161e+00 +3.4917e+00
308 +2.398302776e-01 +2.398302776e-01 +3.044398303e+02 +3.044398303e+02 -2.5149e+00 +3.4982e+00
373 +8.601115712e-02 +8.601115712e-02 +3.042860112e+02 +3.042860112e+02 -2.4975e+00 +3.4892e+00
423 +2.440695575e-02 +2.440695575e-02 +3.042244070e+02 +3.042244070e+02 -2.5034e+00 +3.4919e+00
2795 +1.072489285e-02 +1.072489285e-02 +3.042107249e+02 +3.042107249e+02 -2.5156e+00 +3.4964e+00
2797 +8.592184370e-03 +8.592184370e-03 +3.042085922e+02 +3.042085922e+02 -2.5261e+00 +3.5003e+00
2876 +5.730194376e-03 +5.730194376e-03 +3.042057302e+02 +3.042057302e+02 -2.5260e+00 +3.5002e+00
2986 +1.305436043e-03 +1.305436043e-03 +3.042013054e+02 +3.042013054e+02 -2.5388e+00 +3.5049e+00
3173 +9.759183101e-04 +9.759183101e-04 +3.042009759e+02 +3.042009759e+02 -2.5388e+00 +3.5049e+00
4797 +2.809610563e-04 +2.809610563e-04 +3.042002810e+02 +3.042002810e+02 -2.5462e+00 +3.5076e+00
4818 +1.184584629e-04 +1.184584629e-04 +3.042001185e+02 +3.042001185e+02 -2.5462e+00 +3.5076e+00
5045 +9.575622113e-05 +9.575622113e-05 +3.042000958e+02 +3.042000958e+02 -2.5462e+00 +3.5076e+00
% function evaluation | noise-free fitness - Fopt (-1.046700000000e+02) | best noise-free fitness - Fopt | measured fitness | best measured fitness | x1 | x2...
1 +2.216206943e+02 +2.216206943e+02 +1.169506943e+02 +1.169506943e+02 -3.4791e+00 +2.3899e+00
12 +1.488022310e+02 +1.488022310e+02 +4.413223103e+01 +4.413223103e+01 -3.4400e+00 +5.5670e-02
18 +8.841609881e+00 +8.841609881e+00 -9.582839012e+01 -9.582839012e+01 -2.9925e+00 +1.1174e+00
24 +7.539180906e-01 +7.539180906e-01 -1.039160819e+02 -1.039160819e+02 -3.7105e+00 +9.6185e-01
178 +6.018894436e-01 +6.018894436e-01 -1.040681106e+02 -1.040681106e+02 -3.7092e+00 +9.5365e-01
194 +1.426730732e-01 +1.426730732e-01 -1.045273269e+02 -1.045273269e+02 -3.7066e+00 +9.5887e-01
229 +4.925992048e-02 +4.925992048e-02 -1.046207401e+02 -1.046207401e+02 -3.7226e+00 +9.5383e-01
288 +2.985338066e-02 +2.985338066e-02 -1.046401466e+02 -1.046401466e+02 -3.7225e+00 +9.5372e-01
2873 +1.987185182e-02 +1.987185182e-02 -1.046501281e+02 -1.046501281e+02 -3.7361e+00 +9.4988e-01
6760 +1.289925636e-02 +1.289925636e-02 -1.046571007e+02 -1.046571007e+02 -3.7604e+00 +9.4305e-01
6900 +8.747872525e-03 +8.747872525e-03 -1.046612521e+02 -1.046612521e+02 -3.7605e+00 +9.4301e-01
% function evaluation | noise-free fitness - Fopt (4.869500000000e+02) | best noise-free fitness - Fopt | measured fitness | best measured fitness | x1 | x2...
1 +1.347420946e+02 +1.347420946e+02 +6.216920946e+02 +6.216920946e+02 -4.9287e+00 +1.1509e+00
8 +6.119495425e+01 +6.119495425e+01 +5.481449542e+02 +5.481449542e+02 -3.4807e+00 +1.5462e+00
47 +2.843005163e+01 +2.843005163e+01 +5.153800516e+02 +5.153800516e+02 -3.9229e+00 +1.5369e+00
124 +1.896846309e+01 +1.896846309e+01 +5.059184631e+02 +5.059184631e+02 -4.0627e+00 -1.5580e+00
223 +8.075283613e+00 +8.075283613e+00 +4.950252836e+02 +4.950252836e+02 -3.8960e+00 -1.6430e-03
254 +4.806609402e+00 +4.806609402e+00 +4.917566094e+02 +4.917566094e+02 -4.0102e+00 +2.7577e-02
333 +3.693070894e+00 +3.693070894e+00 +4.906430709e+02 +4.906430709e+02 -3.9368e+00 -1.2366e-02
348 +1.983757244e+00 +1.983757244e+00 +4.889337572e+02 +4.889337572e+02 -3.9532e+00 -2.4720e-02
387 +3.458453293e-01 +3.458453293e-01 +4.872958453e+02 +4.872958453e+02 -3.9803e+00 -1.1966e-01
422 +2.367468516e-01 +2.367468516e-01 +4.871867469e+02 +4.871867469e+02 -3.9785e+00 -1.0738e-01
462 +6.361614590e-02 +6.361614590e-02 +4.870136161e+02 +4.870136161e+02 -3.9776e+00 -1.3223e-01
488 +5.710922223e-02 +5.710922223e-02 +4.870071092e+02 +4.870071092e+02 -3.9776e+00 -1.3222e-01
585 +3.943632659e-02 +3.943632659e-02 +4.869894363e+02 +4.869894363e+02 -3.9778e+00 -1.3212e-01
706 +1.776805081e-02 +1.776805081e-02 +4.869677681e+02 +4.869677681e+02 -3.9775e+00 -1.2493e-01
728 +1.581345583e-02 +1.581345583e-02 +4.869658135e+02 +4.869658135e+02 -3.9780e+00 -1.3197e-01
3190 +9.998319186e-03 +9.998319186e-03 +4.869599983e+02 +4.869599983e+02 -3.9774e+00 -1.2332e-01
5418 +5.028301193e-03 +5.028301193e-03 +4.869550283e+02 +4.869550283e+02 -3.9757e+00 -9.6762e-02
5517 +3.971766941e-03 +3.971766941e-03 +4.869539718e+02 +4.869539718e+02 -3.9757e+00 -9.6899e-02
5567 +6.428916879e-04 +6.428916879e-04 +4.869506429e+02 +4.869506429e+02 -3.9757e+00 -9.6670e-02
5685 +5.725327438e-04 +5.725327438e-04 +4.869505725e+02 +4.869505725e+02 -3.9757e+00 -9.6669e-02
% function evaluation | noise-free fitness - Fopt (9.655000000000e+01) | best noise-free fitness - Fopt | measured fitness | best measured fitness | x1 | x2...
1 +1.100559583e+03 +1.100559583e+03 +1.197109583e+03 +1.197109583e+03 -4.6596e+00 -3.2205e+00
2 +3.914646796e+02 +3.914646796e+02 +4.880146796e+02 +4.880146796e+02 -8.6359e-01 -1.2531e+00
8 +1.578473222e+02 +1.578473222e+02 +2.543973222e+02 +2.543973222e+02 -3.1281e-01 -3.8592e+00
38 +2.256851936e+01 +2.256851936e+01 +1.191185194e+02 +1.191185194e+02 +2.3567e+00 +3.4208e+00
73 +1.605718955e+00 +1.605718955e+00 +9.815571896e+01 +9.815571896e+01 +1.9741e+00 +2.5229e+00
160 +1.583709065e+00 +1.583709065e+00 +9.813370907e+01 +9.813370907e+01 +1.9742e+00 +2.5230e+00
188 +8.441817724e-01 +8.441817724e-01 +9.739418177e+01 +9.739418177e+01 +2.1783e+00 +3.1807e+00
261 +1.612755072e-02 +1.612755072e-02 +9.656612755e+01 +9.656612755e+01 +2.1852e+00 +3.1910e+00
345 +1.528681842e-02 +1.528681842e-02 +9.656528682e+01 +9.656528682e+01 +2.1851e+00 +3.1910e+00
% function evaluation | noise-free fitness - Fopt (6.320000000000e+00) | best noise-free fitness - Fopt | measured fitness | best measured fitness | x1 | x2...
1 +9.665794600e+02 +9.665794600e+02 +9.728994600e+02 +9.728994600e+02 -1.9663e+00 +3.6105e+00
2 +3.826004629e+02 +3.826004629e+02 +3.889204629e+02 +3.889204629e+02 +3.2200e+00 +2.2343e+00
19 +1.067328822e+02 +1.067328822e+02 +1.130528822e+02 +1.130528822e+02 +2.8759e+00 +2.4502e-01
29 +7.715624245e+01 +7.715624245e+01 +8.347624245e+01 +8.347624245e+01 +3.1728e+00 -8.2956e-01
61 +2.774722026e+01 +2.774722026e+01 +3.406722026e+01 +3.406722026e+01 +2.2618e+00 +6.2188e-01
102 +2.460158432e+01 +2.460158432e+01 +3.092158432e+01 +3.092158432e+01 +2.2712e+00 +6.2921e-01
121 +2.308747727e+00 +2.308747727e+00 +8.628747727e+00 +8.628747727e+00 +3.5973e+00 -2.7922e+00
239 +1.473089364e+00 +1.473089364e+00 +7.793089364e+00 +7.793089364e+00 +3.6023e+00 -2.7964e+00
373 +8.534565085e-01 +8.534565085e-01 +7.173456508e+00 +7.173456508e+00 +3.5588e+00 -2.6756e+00
1335 +5.025203621e-01 +5.025203621e-01 +6.822520362e+00 +6.822520362e+00 +3.4939e+00 -2.5027e+00
1465 +3.928942657e-01 +3.928942657e-01 +6.712894266e+00 +6.712894266e+00 +3.4306e+00 -2.3309e+00
1572 +2.344164740e-01 +2.344164740e-01 +6.554416474e+00 +6.554416474e+00 +3.4300e+00 -2.3312e+00
2732 +1.321753739e-01 +1.321753739e-01 +6.452175374e+00 +6.452175374e+00 +3.3651e+00 -2.1566e+00
2835 +7.345518031e-02 +7.345518031e-02 +6.393455180e+00 +6.393455180e+00 +3.3648e+00 -2.1565e+00
% function evaluation | noise-free fitness - Fopt (-1.275100000000e+02) | best noise-free fitness - Fopt | measured fitness | best measured fitness | x1 | x2...
1 +7.161427066e+02 +7.161427066e+02 +5.886327066e+02 +5.886327066e+02 -2.2650e+00 +1.6329e+00
2 +1.707361109e+02 +1.707361109e+02 +4.322611087e+01 +4.322611087e+01 +2.7724e+00 +3.2566e+00
16 +1.121546990e+02 +1.121546990e+02 -1.535530104e+01 -1.535530104e+01 -9.4712e-01 +2.4436e-01
88 +9.898368131e+01 +9.898368131e+01 -2.852631869e+01 -2.852631869e+01 -1.5629e+00 -1.2303e+00
127 +4.294327399e+01 +4.294327399e+01 -8.456672601e+01 -8.456672601e+01 -5.3345e-01 +1.4358e-01
143 +3.017731682e+01 +3.017731682e+01 -9.733268318e+01 -9.733268318e+01 -1.4843e+00 -6.4829e-01
165 +2.447062985e+01 +2.447062985e+01 -1.030393702e+02 -1.030393702e+02 -5.2243e-01 +2.7035e-01
1380 +1.314164158e+01 +1.314164158e+01 -1.143683584e+02 -1.143683584e+02 -1.5540e+00 -7.9337e-01
1420 +9.845015416e+00 +9.845015416e+00 -1.176649846e+02 -1.176649846e+02 -1.5979e+00 -8.5158e-01
1768 +3.164117848e+00 +3.164117848e+00 -1.243458822e+02 -1.243458822e+02 -2.7642e+00 -2.0516e+00
1843 +2.127434281e+00 +2.127434281e+00 -1.253825657e+02 -1.253825657e+02 -2.7493e+00 -2.0411e+00
% function evaluation | noise-free fitness - Fopt (8.328000000000e+02) | best noise-free fitness - Fopt | measured fitness | best measured fitness | x1 | x2...
1 +7.382131328e+02 +7.382131328e+02 +1.571013133e+03 +1.571013133e+03 +2.2746e+00 -5.0917e-01
3 +7.330548943e+01 +7.330548943e+01 +9.061054894e+02 +9.061054894e+02 -6.1764e-01 +1.9360e-01
6 +8.647144757e+00 +8.647144757e+00 +8.414471448e+02 +8.414471448e+02 -4.8784e+00 -1.9848e+00
116 +6.017351524e+00 +6.017351524e+00 +8.388173515e+02 +8.388173515e+02 -4.8693e+00 -1.9891e+00
119 +2.675970890e+00 +2.675970890e+00 +8.354759709e+02 +8.354759709e+02 -2.7481e+00 -7.8710e-01
142 +9.484154390e-01 +9.484154390e-01 +8.337484154e+02 +8.337484154e+02 -2.7560e+00 -7.7833e-01
201 +1.856281171e-01 +1.856281171e-01 +8.329856281e+02 +8.329856281e+02 -2.7707e+00 -7.9088e-01
278 +1.564074078e-01 +1.564074078e-01 +8.329564074e+02 +8.329564074e+02 -2.7707e+00 -7.9078e-01
297 +7.158039359e-02 +7.158039359e-02 +8.328715804e+02 +8.328715804e+02 -2.8199e+00 -8.1808e-01
364 +5.383722428e-02 +5.383722428e-02 +8.328538372e+02 +8.328538372e+02 -2.8199e+00 -8.1817e-01
369 +3.925095281e-02 +3.925095281e-02 +8.328392510e+02 +8.328392510e+02 -2.8199e+00 -8.1819e-01
449 +2.242804176e-02 +2.242804176e-02 +8.328224280e+02 +8.328224280e+02 -2.8197e+00 -8.1833e-01
452 +8.899465051e-03 +8.899465051e-03 +8.328088995e+02 +8.328088995e+02 -2.8198e+00 -8.1829e-01
542 +2.942309297e-03 +2.942309297e-03 +8.328029423e+02 +8.328029423e+02 -2.8198e+00 -8.1828e-01
2798 +2.476875610e-03 +2.476875610e-03 +8.328024769e+02 +8.328024769e+02 -2.8143e+00 -8.1517e-01
