% function evaluation | noise-free fitness - Fopt (-6.211100000000e+02) | best noise-free fitness - Fopt | measured fitness | best measured fitness | x1 | x2...
1 +2.828650396e+06 +2.828650396e+06 +2.828029286e+06 +2.828029286e+06 +2.7043e+00 +2.6174e+00
17 +9.790879395e+04 +9.790879395e+04 +9.728768395e+04 +9.728768395e+04 +4.0264e+00 +3.6020e+00
19 +7.964018962e+03 +7.964018962e+03 +7.342908962e+03 +7.342908962e+03 -2.2273e+00 +4.0738e+00
90 +1.879827676e+02 +1.879827676e+02 -4.331272324e+02 -4.331272324e+02 -2.6845e-01 +4.0080e+00
179 +4.904892501e+01 +4.904892501e+01 -5.720610750e+02 -5.720610750e+02 -2.7401e-01 +4.0012e+00
275 +3.520062879e+01 +3.520062879e+01 -5.859093712e+02 -5.859093712e+02 +4.9998e+00 +4.0198e+00
306 +6.122646243e+00 +6.122646243e+00 -6.149873538e+02 -6.149873538e+02 -3.2703e+00 +3.9771e+00
481 +1.975823130e+00 +1.975823130e+00 -6.191341769e+02 -6.191341769e+02 -2.4369e-01 +3.9932e+00
599 +7.026540572e-01 +7.026540572e-01 -6.204073459e+02 -6.204073459e+02 -2.8451e-01 +3.9948e+00
624 +6.116757401e-01 +6.116757401e-01 -6.204983243e+02 -6.204983243e+02 -2.3699e-01 +3.9940e+00
901 +3.873587580e-01 +3.873587580e-01 -6.207226412e+02 -6.207226412e+02 -2.8443e-01 +3.9944e+00
1266 +2.343025324e-01 +2.343025324e-01 -6.208756975e+02 -6.208756975e+02 -1.3237e+00 +3.9887e+00
3759 +1.053837474e-01 +1.053837474e-01 -6.210046163e+02 -6.210046163e+02 -1.1189e+00 +3.9898e+00
3867 +6.736020713e-02 +6.736020713e-02 -6.210426398e+02 -6.210426398e+02 -1.1189e+00 +3.9899e+00
3904 +6.007901899e-02 +6.007901899e-02 -6.210499210e+02 -6.210499210e+02 -1.1189e+00 +3.9899e+00
11101 +3.707396427e-02 +3.707396427e-02 -6.210729260e+02 -6.210729260e+02 -1.0845e+00 +3.9902e+00
15184 +1.914494978e-02 +1.914494978e-02 -6.210908551e+02 -6.210908551e+02 -1.0260e+00 +3.9905e+00
16606 +1.534598080e-02 +1.534598080e-02 -6.210946540e+02 -6.210946540e+02 -1.0119e+00 +3.9906e+00
20262 +9.286552144e-03 +9.286552144e-03 -6.211007134e+02 -6.211007134e+02 -9.8831e-01 +3.9907e+00
23245 +5.559098668e-03 +5.559098668e-03 -6.211044409e+02 -6.211044409e+02 -9.6641e-01 +3.9908e+00
27567 +3.861979383e-03 +3.861979383e-03 -6.211061380e+02 -6.211061380e+02 -9.3724e-01 +3.9910e+00
27881 +2.510677426e-03 +2.510677426e-03 -6.211074893e+02 -6.211074893e+02 -9.3720e-01 +3.9910e+00
34130 +1.568568833e-04 +1.568568833e-04 -6.211098431e+02 -6.211098431e+02 -8.8796e-01 +3.9912e+00
34385 +6.935977501e-05 +6.935977501e-05 -6.211099306e+02 -6.211099306e+02 -8.8764e-01 +3.9912e+00
34519 +1.803851615e-05 +1.803851615e-05 -6.211099820e+02 -6.211099820e+02 -8.8779e-01 +3.9912e+00
47486 +1.502922748e-05 +1.502922748e-05 -6.211099850e+02 -6.211099850e+02 -8.8813e-01 +3.9912e+00
63279 +9.156462966e-06 +9.156462966e-06 -6.211099908e+02 -6.211099908e+02 -8.8898e-01 +3.9912e+00
73487 +5.562856359e-06 +5.562856359e-06 -6.211099944e+02 -6.211099944e+02 -8.8964e-01 +3.9912e+00
96529 +3.804910989e-06 +3.804910989e-06 -6.211099962e+02 -6.211099962e+02 -8.9013e-01 +3.9912e+00
107086 +2.300986012e-06 +2.300986012e-06 -6.211099977e+02 -6.211099977e+02 -8.9050e-01 +3.9912e+00
113409 +1.579447826e-06 +1.579447826e-06 -6.211099984e+02 -6.211099984e+02 -8.9080e-01 +3.9912e+00
126307 +9.985446923e-07 +9.985446923e-07 -6.211099990e+02 -6.211099990e+02 -8.9100e-01 +3.9912e+00
134137 +6.278734190e-07 +6.278734190e-07 -6.211099994e+02 -6.211099994e+02 -8.9127e-01 +3.9912e+00
136621 +3.766077725e-07 +3.766077725e-07 -6.211099996e+02 -6.211099996e+02 -8.9139e-01 +3.9912e+00
139243 +1.889919758e-07 +1.889919758e-07 -6.211099998e+02 -6.211099998e+02 -8.9157e-01 +3.9912e+00
143587 +1.526490223e-07 +1.526490223e-07 -6.211099998e+02 -6.211099998e+02 -8.9162e-01 +3.9912e+00
149765 +8.068968782e-08 +8.068968782e-08 -6.211099999e+02 -6.211099999e+02 -8.9172e-01 +3.9912e+00
% function evaluation | noise-free fitness - Fopt (-2.548200000000e+02) | best noise-free fitness - Fopt | measured fitness | best measured fitness | x1 | x2...
1 +2.317340894e+06 +2.317340894e+06 +2.317086074e+06 +2.317086074e+06 +3.5836e+00 +2.2157e+00
12 +4.256846641e+03 +4.256846641e+03 +4.002026641e+03 +4.002026641e+03 +1.0823e+00 +4.4339e+00
177 +1.620214248e+03 +1.620214248e+03 +1.365394248e+03 +1.365394248e+03 +1.0720e+00 +4.4237e+00
210 +6.013513948e+02 +6.013513948e+02 +3.465313948e+02 +3.465313948e+02 +9.7612e-01 +4.4735e+00
229 +9.984788507e+01 +9.984788507e+01 -1.549721149e+02 -1.549721149e+02 +1.0473e+00 +4.4188e+00
269 +2.055911832e+01 +2.055911832e+01 -2.342608817e+02 -2.342608817e+02 +1.1263e+00 +4.3625e+00
450 +3.878416014e+00 +3.878416014e+00 -2.509415840e+02 -2.509415840e+02 +3.6946e+00 +3.7571e+00
689 +6.878980638e-01 +6.878980638e-01 -2.541321019e+02 -2.541321019e+02 +3.6761e+00 +3.7530e+00
747 +1.225679173e-02 +1.225679173e-02 -2.548077432e+02 -2.548077432e+02 +3.7102e+00 +3.7573e+00
786 +2.197366376e-03 +2.197366376e-03 -2.548178026e+02 -2.548178026e+02 +3.7104e+00 +3.7572e+00
870 +5.950210700e-04 +5.950210700e-04 -2.548194050e+02 -2.548194050e+02 +3.7105e+00 +3.7572e+00
6182 +3.864541116e-04 +3.864541116e-04 -2.548196135e+02 -2.548196135e+02 +3.7167e+00 +3.7581e+00
13464 +2.342006136e-04 +2.342006136e-04 -2.548197658e+02 -2.548197658e+02 +3.7504e+00 +3.7608e+00
13557 +8.750732616e-05 +8.750732616e-05 -2.548199125e+02 -2.548199125e+02 +3.7501e+00 +3.7608e+00
33407 +6.219422227e-05 +6.219422227e-05 -2.548199378e+02 -2.548199378e+02 +3.7487e+00 +3.7608e+00
58936 +3.975865104e-05 +3.975865104e-05 -2.548199602e+02 -2.548199602e+02 +3.7471e+00 +3.7608e+00
80686 +2.510436750e-05 +2.510436750e-05 -2.548199749e+02 -2.548199749e+02 +3.7458e+00 +3.7608e+00
93096 +1.559314200e-05 +1.559314200e-05 -2.548199844e+02 -2.548199844e+02 +3.7447e+00 +3.7608e+00
101264 +9.714503591e-06 +9.714503591e-06 -2.548199903e+02 -2.548199903e+02 +3.7439e+00 +3.7608e+00
108264 +5.594982014e-06 +5.594982014e-06 -2.548199944e+02 -2.548199944e+02 +3.7432e+00 +3.7608e+00
121481 +3.946001073e-06 +3.946001073e-06 -2.548199961e+02 -2.548199961e+02 +3.7428e+00 +3.7608e+00
130656 +2.111466131e-06 +2.111466131e-06 -2.548199979e+02 -2.548199979e+02 +3.7422e+00 +3.7608e+00
134020 +1.583977848e-06 +1.583977848e-06 -2.548199984e+02 -2.548199984e+02 +3.7421e+00 +3.7608e+00
139213 +9.282035762e-07 +9.282035762e-07 -2.548199991e+02 -2.548199991e+02 +3.7418e+00 +3.7608e+00
140247 +5.907610614e-07 +5.907610614e-07 -2.548199994e+02 -2.548199994e+02 +3.7416e+00 +3.7608e+00
146676 +3.945066851e-07 +3.945066851e-07 -2.548199996e+02 -2.548199996e+02 +3.7413e+00 +3.7608e+00
% function evaluation | noise-free fitness - Fopt (5.661000000000e+01) | best noise-free fitness - Fopt | measured fitness | best measured fitness | x1 | x2...
1 +1.214511682e+07 +1.214511682e+07 +1.214517343e+07 +1.214517343e+07 -5.4153e-01 -1.4813e+00
2 +3.199387018e+04 +3.199387018e+04 +3.205048018e+04 +3.205048018e+04 -4.5857e+00 -1.9023e+00
104 +8.042733189e+03 +8.042733189e+03 +8.099343189e+03 +8.099343189e+03 -4.3594e+00 -1.6592e+00
109 +4.819642855e+02 +4.819642855e+02 +5.385742855e+02 +5.385742855e+02 -4.1950e+00 -1.9854e+00
193 +2.986518955e+02 +2.986518955e+02 +3.552618955e+02 +3.552618955e+02 -4.3017e+00 -1.8182e+00
258 +7.009801679e+01 +7.009801679e+01 +1.267080168e+02 +1.267080168e+02 -4.3078e+00 -1.8274e+00
287 +4.744880921e+01 +4.744880921e+01 +1.040588092e+02 +1.040588092e+02 -4.3110e+00 -1.8271e+00
334 +1.310974849e+01 +1.310974849e+01 +6.971974849e+01 +6.971974849e+01 -4.3375e+00 -1.8089e+00
388 +7.214313826e+00 +7.214313826e+00 +6.382431383e+01 +6.382431383e+01 -4.3131e+00 -1.8323e+00
402 +6.441907478e-01 +6.441907478e-01 +5.725419075e+01 +5.725419075e+01 -4.3419e+00 -1.8100e+00
415 +4.220772068e-01 +4.220772068e-01 +5.703207721e+01 +5.703207721e+01 -4.3402e+00 -1.8125e+00
2709 +3.965197790e-01 +3.965197790e-01 +5.700651978e+01 +5.700651978e+01 -4.3271e+00 -1.8240e+00
9309 +1.938920154e-01 +1.938920154e-01 +5.680389202e+01 +5.680389202e+01 -4.1716e+00 -1.9675e+00
11612 +1.029587665e-01 +1.029587665e-01 +5.671295877e+01 +5.671295877e+01 -4.0923e+00 -2.0437e+00
12764 +9.729058237e-02 +9.729058237e-02 +5.670729058e+01 +5.670729058e+01 -4.0834e+00 -2.0526e+00
14147 +4.337490477e-02 +4.337490477e-02 +5.665337490e+01 +5.665337490e+01 -3.9922e+00 -2.1428e+00
14306 +3.929615238e-02 +3.929615238e-02 +5.664929615e+01 +5.664929615e+01 -3.9973e+00 -2.1379e+00
17369 +1.591007318e-02 +1.591007318e-02 +5.662591007e+01 +5.662591007e+01 -3.9345e+00 -2.2011e+00
17396 +1.498541760e-02 +1.498541760e-02 +5.662498542e+01 +5.662498542e+01 -3.9344e+00 -2.2010e+00
23245 +9.769904200e-03 +9.769904200e-03 +5.661976990e+01 +5.661976990e+01 -3.9220e+00 -2.2135e+00
32904 +5.588747941e-03 +5.588747941e-03 +5.661558875e+01 +5.661558875e+01 -3.9017e+00 -2.2336e+00
33808 +3.724869452e-03 +3.724869452e-03 +5.661372487e+01 +5.661372487e+01 -3.8963e+00 -2.2390e+00
39635 +2.509014896e-03 +2.509014896e-03 +5.661250901e+01 +5.661250901e+01 -3.8113e+00 -2.3111e+00
56882 +1.139846330e-03 +1.139846330e-03 +5.661113985e+01 +5.661113985e+01 -3.8244e+00 -2.3011e+00
57619 +2.392234401e-04 +2.392234401e-04 +5.661023922e+01 +5.661023922e+01 -3.8393e+00 -2.2898e+00
59402 +8.525182318e-05 +8.525182318e-05 +5.661008525e+01 +5.661008525e+01 -3.8441e+00 -2.2862e+00
70325 +6.248840266e-05 +6.248840266e-05 +5.661006249e+01 +5.661006249e+01 -3.8449e+00 -2.2856e+00
77126 +3.578017810e-05 +3.578017810e-05 +5.661003578e+01 +5.661003578e+01 -3.8482e+00 -2.2831e+00
77355 +2.348216798e-05 +2.348216798e-05 +5.661002348e+01 +5.661002348e+01 -3.8482e+00 -2.2831e+00
77476 +1.570118913e-05 +1.570118913e-05 +5.661001570e+01 +5.661001570e+01 -3.8482e+00 -2.2831e+00
91061 +9.965774773e-06 +9.965774773e-06 +5.661000997e+01 +5.661000997e+01 -3.8487e+00 -2.2827e+00
105150 +6.103141281e-06 +6.103141281e-06 +5.661000610e+01 +5.661000610e+01 -3.8492e+00 -2.2823e+00
115883 +3.865270841e-06 +3.865270841e-06 +5.661000387e+01 +5.661000387e+01 -3.8496e+00 -2.2820e+00
124767 +2.311112318e-06 +2.311112318e-06 +5.661000231e+01 +5.661000231e+01 -3.8500e+00 -2.2817e+00
143052 +1.565556637e-06 +1.565556637e-06 +5.661000157e+01 +5.661000157e+01 -3.8502e+00 -2.2816e+00
% function evaluation | noise-free fitness - Fopt (-1.810000000000e+01) | best noise-free fitness - Fopt | measured fitness | best measured fitness | x1 | x2...
1 +1.724637572e+07 +1.724637572e+07 +1.724635762e+07 +1.724635762e+07 +1.2229e+00 +4.5685e+00
2 +3.256975672e+06 +3.256975672e+06 +3.256957572e+06 +3.256957572e+06 -1.6707e+00 +2.8181e+00
5 +7.207396748e+05 +7.207396748e+05 +7.207215748e+05 +7.207215748e+05 -7.4473e-02 -2.6785e-01
22 +1.394530583e+05 +1.394530583e+05 +1.394349583e+05 +1.394349583e+05 +4.2679e+00 -7.3033e-01
98 +3.136390840e+04 +3.136390840e+04 +3.134580840e+04 +3.134580840e+04 -3.7983e+00 +2.3335e+00
113 +1.345563017e+03 +1.345563017e+03 +1.327463017e+03 +1.327463017e+03 -4.0209e+00 +2.3338e+00
173 +5.430383951e+02 +5.430383951e+02 +5.249383951e+02 +5.249383951e+02 -2.9646e+00 +1.5202e+00
227 +8.545916853e+01 +8.545916853e+01 +6.735916853e+01 +6.735916853e+01 -2.9371e+00 +1.4883e+00
257 +4.634042782e+01 +4.634042782e+01 +2.824042782e+01 +2.824042782e+01 -3.0122e+00 +1.5295e+00
336 +2.236633011e+01 +2.236633011e+01 +4.266330106e+00 +4.266330106e+00 -2.9345e+00 +1.4778e+00
2831 +1.282324940e+01 +1.282324940e+01 -5.276750598e+00 -5.276750598e+00 -2.3965e+00 +1.2117e+00
2910 +7.929030302e+00 +7.929030302e+00 -1.017096970e+01 -1.017096970e+01 -2.3944e+00 +1.2090e+00
3366 +4.315398870e+00 +4.315398870e+00 -1.378460113e+01 -1.378460113e+01 -8.2449e-01 +7.6021e-01
3438 +7.798161430e-01 +7.798161430e-01 -1.732018386e+01 -1.732018386e+01 -7.6695e-01 +7.4822e-01
3497 +2.297120850e-02 +2.297120850e-02 -1.807702879e+01 -1.807702879e+01 -8.2062e-01 +7.5740e-01
17216 +4.103930255e-03 +4.103930255e-03 -1.809589607e+01 -1.809589607e+01 -7.0376e-01 +7.3570e-01
20902 +3.973339553e-03 +3.973339553e-03 -1.809602666e+01 -1.809602666e+01 -7.0303e-01 +7.3558e-01
36635 +9.871198436e-04 +9.871198436e-04 -1.809901288e+01 -1.809901288e+01 -6.3048e-01 +7.2233e-01
36757 +1.635466776e-04 +1.635466776e-04 -1.809983645e+01 -1.809983645e+01 -6.3066e-01 +7.2233e-01
38322 +1.564709097e-04 +1.564709097e-04 -1.809984353e+01 -1.809984353e+01 -6.3031e-01 +7.2227e-01
54458 +3.396991062e-05 +3.396991062e-05 -1.809996603e+01 -1.809996603e+01 -6.0918e-01 +7.1806e-01
58410 +2.476872617e-05 +2.476872617e-05 -1.809997523e+01 -1.809997523e+01 -6.0954e-01 +7.1814e-01
64348 +1.405275837e-05 +1.405275837e-05 -1.809998595e+01 -1.809998595e+01 -6.1097e-01 +7.1845e-01
77162 +9.992539045e-06 +9.992539045e-06 -1.809999001e+01 -1.809999001e+01 -6.1131e-01 +7.1852e-01
83322 +5.945933790e-06 +5.945933790e-06 -1.809999405e+01 -1.809999405e+01 -6.1202e-01 +7.1868e-01
89263 +3.974827688e-06 +3.974827688e-06 -1.809999603e+01 -1.809999603e+01 -6.1245e-01 +7.1877e-01
100234 +2.451396416e-06 +2.451396416e-06 -1.809999755e+01 -1.809999755e+01 -6.1289e-01 +7.1887e-01
106091 +1.107424225e-06 +1.107424225e-06 -1.809999889e+01 -1.809999889e+01 -6.1339e-01 +7.1898e-01
108240 +7.475432611e-07 +7.475432611e-07 -1.809999925e+01 -1.809999925e+01 -6.1356e-01 +7.1902e-01
114584 +4.269648244e-07 +4.269648244e-07 -1.809999957e+01 -1.809999957e+01 -6.1378e-01 +7.1907e-01
114680 +3.967960325e-07 +3.967960325e-07 -1.809999960e+01 -1.809999960e+01 -6.1378e-01 +7.1907e-01
120436 +1.779021765e-07 +1.779021765e-07 -1.809999982e+01 -1.809999982e+01 -6.1399e-01 +7.1911e-01
126376 +8.038672661e-08 +8.038672661e-08 -1.809999992e+01 -1.809999992e+01 -6.1413e-01 +7.1914e-01
131501 +3.354354305e-08 +3.354354305e-08 -1.809999997e+01 -1.809999997e+01 -6.1427e-01 +7.1917e-01
132359 +1.964937368e-08 +1.964937368e-08 -1.809999998e+01 -1.809999998e+01 -6.1427e-01 +7.1917e-01
136235 +3.897934420e-09 +3.897934420e-09 -1.810000000e+01 -1.810000000e+01 -6.1438e-01 +7.1920e-01
% function evaluation | noise-free fitness - Fopt (3.777000000000e+01) | best noise-free fitness - Fopt | measured fitness | best measured fitness | x1 | x2...
1 +3.511759348e+07 +3.511759348e+07 +3.511763125e+07 +3.511763125e+07 +4.1978e+00 -3.8668e+00
3 +8.065647146e+06 +8.065647146e+06 +8.065684916e+06 +8.065684916e+06 -1.3910e+00 +4.6276e+00
4 +1.237290023e+06 +1.237290023e+06 +1.237327793e+06 +1.237327793e+06 -1.5770e+00 +3.2394e+00
5 +3.118844812e+05 +3.118844812e+05 +3.119222512e+05 +3.119222512e+05 -3.7438e+00 +2.6177e+00
14 +1.141492416e+05 +1.141492416e+05 +1.141870116e+05 +1.141870116e+05 +1.8025e+00 +1.3874e+00
20 +1.421401862e+03 +1.421401862e+03 +1.459171862e+03 +1.459171862e+03 -3.1862e+00 +2.0216e+00
102 +3.600847129e+02 +3.600847129e+02 +3.978547129e+02 +3.978547129e+02 -3.0145e+00 +2.0403e+00
176 +2.138920513e+02 +2.138920513e+02 +2.516620513e+02 +2.516620513e+02 -3.1930e+00 +2.0447e+00
191 +9.687103836e+01 +9.687103836e+01 +1.346410384e+02 +1.346410384e+02 -3.1921e+00 +2.0496e+00
232 +9.416183802e+00 +9.416183802e+00 +4.718618380e+01 +4.718618380e+01 -3.1849e+00 +2.0571e+00
300 +5.382805009e+00 +5.382805009e+00 +4.315280501e+01 +4.315280501e+01 -3.2992e+00 +2.0592e+00
1016 +3.959627457e+00 +3.959627457e+00 +4.172962746e+01 +4.172962746e+01 -2.9625e+00 +2.0590e+00
4405 +2.510053172e+00 +2.510053172e+00 +4.028005317e+01 +4.028005317e+01 -2.5575e+00 +2.0591e+00
5188 +9.878753859e-01 +9.878753859e-01 +3.875787539e+01 +3.875787539e+01 -1.9410e+00 +2.0595e+00
23716 +4.294997710e-01 +4.294997710e-01 +3.819949977e+01 +3.819949977e+01 -1.6341e+00 +2.0592e+00
28152 +3.962627028e-01 +3.962627028e-01 +3.816626270e+01 +3.816626270e+01 -1.6086e+00 +2.0592e+00
45234 +1.908989234e-01 +1.908989234e-01 +3.796089892e+01 +3.796089892e+01 -1.4126e+00 +2.0591e+00
50434 +1.583817973e-01 +1.583817973e-01 +3.792838180e+01 +3.792838180e+01 -1.3765e+00 +2.0592e+00
57642 +9.370431758e-02 +9.370431758e-02 +3.786370432e+01 +3.786370432e+01 -1.2852e+00 +2.0592e+00
60931 +2.764993630e-02 +2.764993630e-02 +3.779764994e+01 +3.779764994e+01 -1.0092e+00 +2.0590e+00
61015 +7.783853023e-03 +7.783853023e-03 +3.777778385e+01 +3.777778385e+01 -1.0093e+00 +2.0591e+00
61056 +1.095855345e-03 +1.095855345e-03 +3.777109586e+01 +3.777109586e+01 -1.0092e+00 +2.0592e+00
61465 +9.971388615e-04 +9.971388615e-04 +3.777099714e+01 +3.777099714e+01 -1.0092e+00 +2.0592e+00
65710 +2.691084717e-04 +2.691084717e-04 +3.777026911e+01 +3.777026911e+01 -9.9556e-01 +2.0592e+00
68772 +2.496373795e-04 +2.496373795e-04 +3.777024964e+01 +3.777024964e+01 -9.9499e-01 +2.0592e+00
76298 +4.257373834e-05 +4.257373834e-05 +3.777004257e+01 +3.777004257e+01 -9.7846e-01 +2.0592e+00
76418 +3.330789463e-05 +3.330789463e-05 +3.777003331e+01 +3.777003331e+01 -9.7845e-01 +2.0592e+00
76457 +1.357747738e-05 +1.357747738e-05 +3.777001358e+01 +3.777001358e+01 -9.7849e-01 +2.0592e+00
76553 +6.887825904e-06 +6.887825904e-06 +3.777000689e+01 +3.777000689e+01 -9.7845e-01 +2.0592e+00
76653 +6.289804425e-06 +6.289804425e-06 +3.777000629e+01 +3.777000629e+01 -9.7846e-01 +2.0592e+00
76658 +1.974033800e-06 +1.974033800e-06 +3.777000197e+01 +3.777000197e+01 -9.7846e-01 +2.0592e+00
76677 +5.025983754e-07 +5.025983754e-07 +3.777000050e+01 +3.777000050e+01 -9.7846e-01 +2.0592e+00
78478 +3.083138083e-07 +3.083138083e-07 +3.777000031e+01 +3.777000031e+01 -9.7864e-01 +2.0592e+00
95650 +2.442584659e-07 +2.442584659e-07 +3.777000024e+01 +3.777000024e+01 -9.7879e-01 +2.0592e+00
96338 +1.580998372e-07 +1.580998372e-07 +3.777000016e+01 +3.777000016e+01 -9.7879e-01 +2.0592e+00
100886 +5.786384349e-08 +5.786384349e-08 +3.777000006e+01 +3.777000006e+01 -9.7900e-01 +2.0592e+00
101838 +3.969353912e-08 +3.969353912e-08 +3.777000004e+01 +3.777000004e+01 -9.7900e-01 +2.0592e+00
135985 +2.494871865e-08 +2.494871865e-08 +3.777000002e+01 +3.777000002e+01 -9.7904e-01 +2.0592e+00
137035 +9.939071788e-11 +9.939071788e-11 +3.777000000e+01 +3.777000000e+01 -9.7919e-01 +2.0592e+00
% function evaluation | noise-free fitness - Fopt (-1.523000000000e+01) | best noise-free fitness - Fopt | measured fitness | best measured fitness | x1 | x2...
1 +3.336062478e+04 +3.336062478e+04 +3.334539478e+04 +3.334539478e+04 +4.6714e+00 +4.8288e-01
14 +4.381916699e+03 +4.381916699e+03 +4.366686699e+03 +4.366686699e+03 +3.1470e+00 +1.8343e+00
37 +7.480489580e+02 +7.480489580e+02 +7.328189580e+02 +7.328189580e+02 +2.7894e+00 +2.0698e+00
97 +4.771037645e+02 +4.771037645e+02 +4.618737645e+02 +4.618737645e+02 +2.0730e+00 +2.9009e+00
102 +2.228617345e+02 +2.228617345e+02 +2.076317345e+02 +2.076317345e+02 +1.9755e+00 +3.0964e+00
112 +9.357462020e+01 +9.357462020e+01 +7.834462020e+01 +7.834462020e+01 +2.0807e+00 +2.9069e+00
197 +3.075495532e+01 +3.075495532e+01 +1.552495532e+01 +1.552495532e+01 +2.0220e+00 +3.0363e+00
232 +8.524842435e+00 +8.524842435e+00 -6.705157565e+00 -6.705157565e+00 +2.0956e+00 +2.8950e+00
366 +3.152962284e+00 +3.152962284e+00 -1.207703772e+01 -1.207703772e+01 +2.7498e+00 +2.0686e+00
430 +1.556082843e+00 +1.556082843e+00 -1.367391716e+01 -1.367391716e+01 +2.7508e+00 +2.0687e+00
461 +9.576218254e-01 +9.576218254e-01 -1.427237817e+01 -1.427237817e+01 +2.7589e+00 +2.0621e+00
4778 +2.953770192e-01 +2.953770192e-01 -1.493462298e+01 -1.493462298e+01 +3.0757e+00 +1.8036e+00
5089 +2.414705454e-01 +2.414705454e-01 -1.498852945e+01 -1.498852945e+01 +3.0757e+00 +1.8038e+00
7094 +9.814084457e-02 +9.814084457e-02 -1.513185916e+01 -1.513185916e+01 +3.2278e+00 +1.6987e+00
11775 +4.359597937e-02 +4.359597937e-02 -1.518640402e+01 -1.518640402e+01 +3.4333e+00 +1.5714e+00
11879 +2.224566726e-02 +2.224566726e-02 -1.520775433e+01 -1.520775433e+01 +3.4334e+00 +1.5713e+00
11930 +1.482724144e-02 +1.482724144e-02 -1.521517276e+01 -1.521517276e+01 +3.4332e+00 +1.5712e+00
13695 +8.299643487e-03 +8.299643487e-03 -1.522170036e+01 -1.522170036e+01 +3.5326e+00 +1.5136e+00
13849 +2.467147648e-03 +2.467147648e-03 -1.522753285e+01 -1.522753285e+01 +3.5326e+00 +1.5137e+00
13997 +1.371442521e-03 +1.371442521e-03 -1.522862856e+01 -1.522862856e+01 +3.5326e+00 +1.5137e+00
19879 +9.848903940e-04 +9.848903940e-04 -1.522901511e+01 -1.522901511e+01 +3.5440e+00 +1.5071e+00
23810 +6.097872076e-04 +6.097872076e-04 -1.522939021e+01 -1.522939021e+01 +3.5487e+00 +1.5044e+00
26912 +3.504783132e-04 +3.504783132e-04 -1.522964952e+01 -1.522964952e+01 +3.5629e+00 +1.4961e+00
27187 +1.455845755e-04 +1.455845755e-04 -1.522985442e+01 -1.522985442e+01 +3.5630e+00 +1.4960e+00
31213 +4.721830517e-05 +4.721830517e-05 -1.522995278e+01 -1.522995278e+01 +3.5803e+00 +1.4850e+00
31323 +3.899636778e-05 +3.899636778e-05 -1.522996100e+01 -1.522996100e+01 +3.5803e+00 +1.4850e+00
32582 +2.481670273e-05 +2.481670273e-05 -1.522997518e+01 -1.522997518e+01 +3.5800e+00 +1.4851e+00
39420 +1.583105006e-05 +1.583105006e-05 -1.522998417e+01 -1.522998417e+01 +3.5792e+00 +1.4857e+00
57566 +9.913063534e-06 +9.913063534e-06 -1.522999009e+01 -1.522999009e+01 +3.5786e+00 +1.4862e+00
65758 +6.204057735e-06 +6.204057735e-06 -1.522999380e+01 -1.522999380e+01 +3.5780e+00 +1.4866e+00
83748 +3.850082674e-06 +3.850082674e-06 -1.522999615e+01 -1.522999615e+01 +3.5776e+00 +1.4869e+00
91140 +2.227908887e-06 +2.227908887e-06 -1.522999777e+01 -1.522999777e+01 +3.5772e+00 +1.4871e+00
101751 +1.471030274e-06 +1.471030274e-06 -1.522999853e+01 -1.522999853e+01 +3.5770e+00 +1.4873e+00
112184 +9.603472577e-07 +9.603472577e-07 -1.522999904e+01 -1.522999904e+01 +3.5767e+00 +1.4875e+00
112731 +6.301527371e-07 +6.301527371e-07 -1.522999937e+01 -1.522999937e+01 +3.5766e+00 +1.4875e+00
118131 +3.370887836e-07 +3.370887836e-07 -1.522999966e+01 -1.522999966e+01 +3.5764e+00 +1.4877e+00
120395 +1.246576211e-07 +1.246576211e-07 -1.522999988e+01 -1.522999988e+01 +3.5762e+00 +1.4878e+00
121306 +8.427461573e-08 +8.427461573e-08 -1.522999992e+01 -1.522999992e+01 +3.5762e+00 +1.4878e+00
125865 +2.279815803e-08 +2.279815803e-08 -1.522999998e+01 -1.522999998e+01 +3.5761e+00 +1.4879e+00
128422 +9.329214734e-09 +9.329214734e-09 -1.522999999e+01 -1.522999999e+01 +3.5760e+00 +1.4880e+00
% function evaluation | noise-free fitness - Fopt (-1.614300000000e+02) | best noise-free fitness - Fopt | measured fitness | best measured fitness | x1 | x2...
1 +6.723600210e+06 +6.723600210e+06 +6.723438780e+06 +6.723438780e+06 +3.4131e+00 -4.2120e+00
2 +5.362669830e+06 +5.362669830e+06 +5.362508400e+06 +5.362508400e+06 +6.2512e-01 +1.1242e-01
6 +2.954998351e+05 +2.954998351e+05 +2.953384051e+05 +2.953384051e+05 +4.7068e+00 +2.2486e+00
8 +6.654331713e+04 +6.654331713e+04 +6.638188713e+04 +6.638188713e+04 +4.0490e+00 +1.0110e+00
38 +1.725506501e+04 +1.725506501e+04 +1.709363501e+04 +1.709363501e+04 +1.8803e+00 -1.7945e+00
51 +5.077272212e+03 +5.077272212e+03 +4.915842212e+03 +4.915842212e+03 +1.5684e+00 -2.2635e+00
176 +1.502785667e+03 +1.502785667e+03 +1.341355667e+03 +1.341355667e+03 +1.8288e+00 -2.1224e+00
179 +1.114295479e+02 +1.114295479e+02 -5.000045214e+01 -5.000045214e+01 +1.6015e+00 -2.3514e+00
288 +2.859131702e+00 +2.859131702e+00 -1.585708683e+02 -1.585708683e+02 +5.9419e-01 -3.5436e+00
567 +1.982956950e+00 +1.982956950e+00 -1.594470430e+02 -1.594470430e+02 +5.9444e-01 -3.5438e+00
573 +8.203811604e-01 +8.203811604e-01 -1.606096188e+02 -1.606096188e+02 +5.9164e-01 -3.5508e+00
629 +5.045494514e-01 +5.045494514e-01 -1.609254505e+02 -1.609254505e+02 +5.9144e-01 -3.5507e+00
641 +2.719649634e-01 +2.719649634e-01 -1.611580350e+02 -1.611580350e+02 +6.0191e-01 -3.5378e+00
709 +1.662465769e-01 +1.662465769e-01 -1.612637534e+02 -1.612637534e+02 +6.0182e-01 -3.5377e+00
718 +1.080103027e-01 +1.080103027e-01 -1.613219897e+02 -1.613219897e+02 +5.9151e-01 -3.5500e+00
729 +9.138348210e-02 +9.138348210e-02 -1.613386165e+02 -1.613386165e+02 +6.0166e-01 -3.5377e+00
829 +5.932451781e-02 +5.932451781e-02 -1.613706755e+02 -1.613706755e+02 +6.0156e-01 -3.5377e+00
862 +3.637610957e-02 +3.637610957e-02 -1.613936239e+02 -1.613936239e+02 +6.0153e-01 -3.5376e+00
901 +2.297713253e-02 +2.297713253e-02 -1.614070229e+02 -1.614070229e+02 +6.0137e-01 -3.5377e+00
4960 +1.464626815e-02 +1.464626815e-02 -1.614153537e+02 -1.614153537e+02 +5.8299e-01 -3.5598e+00
7153 +9.675170690e-03 +9.675170690e-03 -1.614203248e+02 -1.614203248e+02 +5.6838e-01 -3.5773e+00
10299 +3.466601640e-04 +3.466601640e-04 -1.614296533e+02 -1.614296533e+02 +5.0242e-01 -3.6562e+00
10431 +2.445368879e-04 +2.445368879e-04 -1.614297555e+02 -1.614297555e+02 +5.0246e-01 -3.6561e+00
10543 +1.772143875e-05 +1.772143875e-05 -1.614299823e+02 -1.614299823e+02 +5.0246e-01 -3.6561e+00
10691 +1.584764846e-05 +1.584764846e-05 -1.614299842e+02 -1.614299842e+02 +5.0242e-01 -3.6562e+00
24045 +9.650149622e-06 +9.650149622e-06 -1.614299903e+02 -1.614299903e+02 +5.0317e-01 -3.6554e+00
37639 +5.979694521e-06 +5.979694521e-06 -1.614299940e+02 -1.614299940e+02 +5.0374e-01 -3.6548e+00
51882 +3.966270782e-06 +3.966270782e-06 -1.614299960e+02 -1.614299960e+02 +5.0408e-01 -3.6544e+00
75248 +1.985935882e-06 +1.985935882e-06 -1.614299980e+02 -1.614299980e+02 +5.0455e-01 -3.6540e+00
89745 +1.315264569e-06 +1.315264569e-06 -1.614299987e+02 -1.614299987e+02 +5.0480e-01 -3.6537e+00
92682 +8.493324515e-07 +8.493324515e-07 -1.614299992e+02 -1.614299992e+02 +5.0496e-01 -3.6535e+00
94032 +5.867406685e-07 +5.867406685e-07 -1.614299994e+02 -1.614299994e+02 +5.0505e-01 -3.6534e+00
104282 +3.786499576e-07 +3.786499576e-07 -1.614299996e+02 -1.614299996e+02 +5.0516e-01 -3.6533e+00
113286 +1.760967052e-07 +1.760967052e-07 -1.614299998e+02 -1.614299998e+02 +5.0530e-01 -3.6531e+00
116450 +7.375442124e-08 +7.375442124e-08 -1.614299999e+02 -1.614299999e+02 +5.0541e-01 -3.6530e+00
122236 +4.437956136e-08 +4.437956136e-08 -1.614300000e+02 -1.614300000e+02 +5.0546e-01 -3.6530e+00
130251 +3.482421107e-08 +3.482421107e-08 -1.614300000e+02 -1.614300000e+02 +5.0547e-01 -3.6529e+00
% function evaluation | noise-free fitness - Fopt (3.280300000000e+02) | best noise-free fitness - Fopt | measured fitness | best measured fitness | x1 | x2...
1 +8.092955980e+06 +8.092955980e+06 +8.093284010e+06 +8.093284010e+06 -3.7328e+00 -5.9962e-01
4 +4.740517888e+06 +4.740517888e+06 +4.740845918e+06 +4.740845918e+06 -4.6164e+00 -2.7067e+00
5 +1.558436329e+06 +1.558436329e+06 +1.558764359e+06 +1.558764359e+06 +6.2472e-01 -1.7609e+00
8 +4.289179008e+05 +4.289179008e+05 +4.292459308e+05 +4.292459308e+05 -1.6930e-01 +2.6119e-01
10 +1.567238653e+05 +1.567238653e+05 +1.570518953e+05 +1.570518953e+05 +4.2198e+00 +3.9690e+00
12 +9.905569379e+02 +9.905569379e+02 +1.318586938e+03 +1.318586938e+03 -1.6200e+00 -2.4604e+00
70 +1.542265691e+02 +1.542265691e+02 +4.822565691e+02 +4.822565691e+02 +3.1814e+00 +3.2866e+00
132 +5.942324641e+01 +5.942324641e+01 +3.874532464e+02 +3.874532464e+02 +3.1883e+00 +3.2875e+00
180 +3.301449495e+00 +3.301449495e+00 +3.313314495e+02 +3.313314495e+02 +3.1680e+00 +3.2482e+00
200 +2.474924869e+00 +2.474924869e+00 +3.305049249e+02 +3.305049249e+02 +3.1110e+00 +3.1800e+00
226 +1.752247469e-01 +1.752247469e-01 +3.282052247e+02 +3.282052247e+02 +3.1862e+00 +3.2736e+00
313 +1.140371714e-01 +1.140371714e-01 +3.281440372e+02 +3.281440372e+02 +3.1862e+00 +3.2735e+00
332 +8.696722872e-02 +8.696722872e-02 +3.281169672e+02 +3.281169672e+02 +3.1863e+00 +3.2735e+00
341 +3.145005642e-02 +3.145005642e-02 +3.280614501e+02 +3.280614501e+02 +3.1841e+00 +3.2702e+00
420 +1.937170584e-02 +1.937170584e-02 +3.280493717e+02 +3.280493717e+02 +3.1865e+00 +3.2735e+00
458 +4.373185460e-03 +4.373185460e-03 +3.280343732e+02 +3.280343732e+02 +3.1840e+00 +3.2702e+00
503 +3.549879505e-03 +3.549879505e-03 +3.280335499e+02 +3.280335499e+02 +3.1865e+00 +3.2732e+00
7929 +2.478352055e-03 +2.478352055e-03 +3.280324784e+02 +3.280324784e+02 +3.1951e+00 +3.2837e+00
17131 +1.363305237e-03 +1.363305237e-03 +3.280313633e+02 +3.280313633e+02 +3.2005e+00 +3.2902e+00
36498 +2.261249793e-04 +2.261249793e-04 +3.280302261e+02 +3.280302261e+02 +3.2161e+00 +3.3089e+00
36694 +1.558302878e-04 +1.558302878e-04 +3.280301558e+02 +3.280301558e+02 +3.2161e+00 +3.3089e+00
38332 +4.125279804e-05 +4.125279804e-05 +3.280300413e+02 +3.280300413e+02 +3.2199e+00 +3.3135e+00
40035 +3.967371475e-05 +3.967371475e-05 +3.280300397e+02 +3.280300397e+02 +3.2200e+00 +3.3136e+00
54766 +2.446924191e-05 +2.446924191e-05 +3.280300245e+02 +3.280300245e+02 +3.2208e+00 +3.3146e+00
71091 +1.559690708e-05 +1.559690708e-05 +3.280300156e+02 +3.280300156e+02 +3.2215e+00 +3.3154e+00
82153 +9.953606877e-06 +9.953606877e-06 +3.280300100e+02 +3.280300100e+02 +3.2220e+00 +3.3160e+00
88034 +5.559745659e-06 +5.559745659e-06 +3.280300056e+02 +3.280300056e+02 +3.2245e+00 +3.3191e+00
88051 +2.517194503e-06 +2.517194503e-06 +3.280300025e+02 +3.280300025e+02 +3.2244e+00 +3.3190e+00
88062 +1.432857857e-06 +1.432857857e-06 +3.280300014e+02 +3.280300014e+02 +3.2245e+00 +3.3191e+00
88122 +8.896194572e-07 +8.896194572e-07 +3.280300009e+02 +3.280300009e+02 +3.2245e+00 +3.3191e+00
90194 +5.971522228e-07 +5.971522228e-07 +3.280300006e+02 +3.280300006e+02 +3.2245e+00 +3.3190e+00
94651 +3.473647894e-07 +3.473647894e-07 +3.280300003e+02 +3.280300003e+02 +3.2243e+00 +3.3188e+00
94995 +2.506271244e-07 +2.506271244e-07 +3.280300003e+02 +3.280300003e+02 +3.2243e+00 +3.3188e+00
101778 +6.973101563e-08 +6.973101563e-08 +3.280300001e+02 +3.280300001e+02 +3.2242e+00 +3.3186e+00
111221 +6.168164646e-08 +6.168164646e-08 +3.280300001e+02 +3.280300001e+02 +3.2241e+00 +3.3185e+00
111338 +2.770286756e-08 +2.770286756e-08 +3.280300000e+02 +3.280300000e+02 +3.2241e+00 +3.3185e+00
111349 +1.313770781e-08 +1.313770781e-08 +3.280300000e+02 +3.280300000e+02 +3.2241e+00 +3.3185e+00
115132 +5.483002496e-09 +5.483002496e-09 +3.280300000e+02 +3.280300000e+02 +3.2240e+00 +3.3184e+00
% function evaluation | noise-free fitness - Fopt (-3.213000000000e+01) | best noise-free fitness - Fopt | measured fitness | best measured fitness | x1 | x2...
1 +6.587215401e+05 +6.587215401e+05 +6.586894101e+05 +6.586894101e+05 +2.2386e+00 +1.0176e+00
10 +3.182345066e+05 +3.182345066e+05 +3.182023766e+05 +3.182023766e+05 -2.7535e+00 +1.2111e+00
13 +5.994080314e+04 +5.994080314e+04 +5.990867314e+04 +5.990867314e+04 +3.2413e+00 +1.4447e+00
41 +2.026712347e+04 +2.026712347e+04 +2.023499347e+04 +2.023499347e+04 +2.3500e+00 +1.9140e+00
49 +2.310551335e+03 +2.310551335e+03 +2.278421335e+03 +2.278421335e+03 -3.5671e+00 +1.8231e+00
77 +8.481393864e+01 +8.481393864e+01 +5.268393864e+01 +5.268393864e+01 -3.0424e+00 +1.7669e+00
121 +1.586067913e+01 +1.586067913e+01 -1.626932087e+01 -1.626932087e+01 -3.0535e+00 +1.7759e+00
248 +1.521503598e+01 +1.521503598e+01 -1.691496402e+01 -1.691496402e+01 -3.0272e+00 +1.7750e+00
10420 +9.485194633e+00 +9.485194633e+00 -2.264480537e+01 -2.264480537e+01 -1.5693e+00 +1.7771e+00
10715 +5.897378601e+00 +5.897378601e+00 -2.623262140e+01 -2.623262140e+01 -1.5611e+00 +1.7752e+00
18917 +3.924469723e+00 +3.924469723e+00 -2.820553028e+01 -2.820553028e+01 -1.0952e+00 +1.7749e+00
26903 +9.467755847e-01 +9.467755847e-01 -3.118322442e+01 -3.118322442e+01 -9.0748e-02 +1.7750e+00
34794 +1.628612019e-01 +1.628612019e-01 -3.196713880e+01 -3.196713880e+01 +5.4754e-01 +1.7750e+00
34831 +1.528654697e-01 +1.528654697e-01 -3.197713453e+01 -3.197713453e+01 +5.4772e-01 +1.7750e+00
37363 +9.266441459e-02 +9.266441459e-02 -3.203733559e+01 -3.203733559e+01 +5.6754e-01 +1.7753e+00
44371 +1.857981631e-02 +1.857981631e-02 -3.211142018e+01 -3.211142018e+01 +8.1205e-01 +1.7751e+00
44499 +5.348344051e-03 +5.348344051e-03 -3.212465166e+01 -3.212465166e+01 +8.1202e-01 +1.7752e+00
44508 +3.125681933e-03 +3.125681933e-03 -3.212687432e+01 -3.212687432e+01 +8.1188e-01 +1.7752e+00
45074 +2.200106533e-03 +2.200106533e-03 -3.212779989e+01 -3.212779989e+01 +8.2287e-01 +1.7752e+00
62518 +1.246987420e-03 +1.246987420e-03 -3.212875301e+01 -3.212875301e+01 +8.3428e-01 +1.7752e+00
63967 +2.465798106e-04 +2.465798106e-04 -3.212975342e+01 -3.212975342e+01 +8.5434e-01 +1.7752e+00
66349 +5.343333569e-05 +5.343333569e-05 -3.212994657e+01 -3.212994657e+01 +8.7336e-01 +1.7757e+00
66631 +3.943924070e-05 +3.943924070e-05 -3.212996056e+01 -3.212996056e+01 +8.7336e-01 +1.7757e+00
78550 +2.454549948e-05 +2.454549948e-05 -3.212997545e+01 -3.212997545e+01 +8.7242e-01 +1.7756e+00
95240 +1.569991536e-05 +1.569991536e-05 -3.212998430e+01 -3.212998430e+01 +8.7137e-01 +1.7755e+00
109512 +9.684433792e-06 +9.684433792e-06 -3.212999032e+01 -3.212999032e+01 +8.7047e-01 +1.7754e+00
121542 +5.762002552e-06 +5.762002552e-06 -3.212999424e+01 -3.212999424e+01 +8.6972e-01 +1.7754e+00
131537 +3.980846643e-06 +3.980846643e-06 -3.212999602e+01 -3.212999602e+01 +8.6929e-01 +1.7753e+00
142840 +2.508979577e-06 +2.508979577e-06 -3.212999749e+01 -3.212999749e+01 +8.6885e-01 +1.7753e+00
147097 +1.527487576e-06 +1.527487576e-06 -3.212999847e+01 -3.212999847e+01 +8.6844e-01 +1.7753e+00
% function evaluation | noise-free fitness - Fopt (1.576000000000e+01) | best noise-free fitness - Fopt | measured fitness | best measured fitness | x1 | x2...
1 +3.515513505e+07 +3.515513505e+07 +3.515515081e+07 +3.515515081e+07 -3.8298e+00 -8.4483e-01
2 +4.120804267e+02 +4.120804267e+02 +4.278404267e+02 +4.278404267e+02 -7.6446e-01 -1.1459e+00
9 +5.208040648e+01 +5.208040648e+01 +6.784040648e+01 +6.784040648e+01 +4.9035e+00 -2.0554e+00
105 +8.083938786e+00 +8.083938786e+00 +2.384393879e+01 +2.384393879e+01 +4.9015e+00 -2.0646e+00
164 +3.588481778e+00 +3.588481778e+00 +1.934848178e+01 +1.934848178e+01 +4.8993e+00 -2.0630e+00
1171 +1.615849405e+00 +1.615849405e+00 +1.737584941e+01 +1.737584941e+01 +4.2342e+00 -2.0618e+00
1294 +1.505219249e+00 +1.505219249e+00 +1.726521925e+01 +1.726521925e+01 +4.2342e+00 -2.0619e+00
1687 +9.928219342e-01 +9.928219342e-01 +1.675282193e+01 +1.675282193e+01 +4.0881e+00 -2.0625e+00
3624 +6.127378363e-01 +6.127378363e-01 +1.637273784e+01 +1.637273784e+01 +3.8371e+00 -2.0621e+00
8708 +3.885217717e-01 +3.885217717e-01 +1.614852177e+01 +1.614852177e+01 +3.7196e+00 -2.0624e+00
13116 +1.562120990e-01 +1.562120990e-01 +1.591621210e+01 +1.591621210e+01 +2.5966e+00 -2.0727e+00
21328 +6.302941945e-02 +6.302941945e-02 +1.582302942e+01 +1.582302942e+01 +2.7653e+00 -2.0709e+00
24155 +1.954734902e-02 +1.954734902e-02 +1.577954735e+01 +1.577954735e+01 +2.8987e+00 -2.0681e+00
25715 +1.584021457e-02 +1.584021457e-02 +1.577584021e+01 +1.577584021e+01 +2.9170e+00 -2.0676e+00
30593 +6.149476934e-03 +6.149476934e-03 +1.576614948e+01 +1.576614948e+01 +3.0257e+00 -2.0645e+00
30714 +2.867390995e-03 +2.867390995e-03 +1.576286739e+01 +1.576286739e+01 +3.0257e+00 -2.0644e+00
34112 +1.975966513e-03 +1.975966513e-03 +1.576197597e+01 +1.576197597e+01 +3.0378e+00 -2.0641e+00
35503 +1.580695058e-03 +1.580695058e-03 +1.576158070e+01 +1.576158070e+01 +3.0419e+00 -2.0639e+00
35677 +8.935873321e-04 +8.935873321e-04 +1.576089359e+01 +1.576089359e+01 +3.1014e+00 -2.0624e+00
35782 +1.809175952e-05 +1.809175952e-05 +1.576001809e+01 +1.576001809e+01 +3.1016e+00 -2.0624e+00
36512 +1.403743478e-05 +1.403743478e-05 +1.576001404e+01 +1.576001404e+01 +3.1013e+00 -2.0624e+00
42774 +3.970463023e-06 +3.970463023e-06 +1.576000397e+01 +1.576000397e+01 +3.0988e+00 -2.0624e+00
42890 +1.466809778e-06 +1.466809778e-06 +1.576000147e+01 +1.576000147e+01 +3.0988e+00 -2.0624e+00
43182 +9.851895300e-07 +9.851895300e-07 +1.576000099e+01 +1.576000099e+01 +3.0986e+00 -2.0624e+00
59952 +5.267077032e-07 +5.267077032e-07 +1.576000053e+01 +1.576000053e+01 +3.0983e+00 -2.0624e+00
71381 +3.469088998e-07 +3.469088998e-07 +1.576000035e+01 +1.576000035e+01 +3.0981e+00 -2.0624e+00
71643 +2.096970722e-07 +2.096970722e-07 +1.576000021e+01 +1.576000021e+01 +3.0981e+00 -2.0624e+00
77319 +1.028698549e-07 +1.028698549e-07 +1.576000010e+01 +1.576000010e+01 +3.0979e+00 -2.0624e+00
77397 +8.553178255e-08 +8.553178255e-08 +1.576000009e+01 +1.576000009e+01 +3.0979e+00 -2.0624e+00
81924 +5.479165566e-08 +5.479165566e-08 +1.576000005e+01 +1.576000005e+01 +3.0978e+00 -2.0624e+00
104742 +3.969617524e-08 +3.969617524e-08 +1.576000004e+01 +1.576000004e+01 +3.0978e+00 -2.0624e+00
107094 +2.044059322e-08 +2.044059322e-08 +1.576000002e+01 +1.576000002e+01 +3.0977e+00 -2.0624e+00
107557 +1.426997009e-08 +1.426997009e-08 +1.576000001e+01 +1.576000001e+01 +3.0977e+00 -2.0624e+00
107700 +9.456861960e-09 +9.456861960e-09 +1.576000001e+01 +1.576000001e+01 +3.0977e+00 -2.0624e+00
% function evaluation | noise-free fitness - Fopt (3.735000000000e+01) | best noise-free fitness - Fopt | measured fitness | best measured fitness | x1 | x2...
1 +3.927689409e+04 +3.927689409e+04 +3.931424409e+04 +3.931424409e+04 -2.9072e+00 -1.0337e+00
35 +4.733656318e+03 +4.733656318e+03 +4.771006318e+03 +4.771006318e+03 +2.2474e+00 -4.9597e+00
103 +1.497881543e+02 +1.497881543e+02 +1.871381543e+02 +1.871381543e+02 +1.4508e+00 -3.9062e+00
447 +8.564285101e+01 +8.564285101e+01 +1.229928510e+02 +1.229928510e+02 +5.6749e-01 -2.8986e+00
1209 +4.440601683e+01 +4.440601683e+01 +8.175601683e+01 +8.175601683e+01 -2.8783e-01 -2.0765e+00
1376 +3.799057822e+01 +3.799057822e+01 +7.534057822e+01 +7.534057822e+01 -2.8723e-01 -2.0756e+00
4515 +2.081923562e+01 +2.081923562e+01 +5.816923562e+01 +5.816923562e+01 -1.8659e+00 -1.0728e+00
4602 +5.000938336e+00 +5.000938336e+00 +4.235093834e+01 +4.235093834e+01 -1.8650e+00 -1.0696e+00
4973 +1.827258499e+00 +1.827258499e+00 +3.917725850e+01 +3.917725850e+01 -2.6174e+00 -8.6589e-01
5094 +1.519001952e+00 +1.519001952e+00 +3.886900195e+01 +3.886900195e+01 -2.6175e+00 -8.6605e-01
5169 +9.660118790e-01 +9.660118790e-01 +3.831601188e+01 +3.831601188e+01 -2.6251e+00 -8.6562e-01
7481 +5.689330615e-01 +5.689330615e-01 +3.791893306e+01 +3.791893306e+01 -3.5343e+00 -8.6674e-01
7623 +3.808066554e-01 +3.808066554e-01 +3.773080666e+01 +3.773080666e+01 -3.5344e+00 -8.6661e-01
7702 +1.784821583e-01 +1.784821583e-01 +3.752848216e+01 +3.752848216e+01 -3.5347e+00 -8.6644e-01
7802 +7.994854915e-03 +7.994854915e-03 +3.735799485e+01 +3.735799485e+01 -3.5407e+00 -8.6680e-01
7856 +5.489514943e-03 +5.489514943e-03 +3.735548951e+01 +3.735548951e+01 -3.5407e+00 -8.6677e-01
31177 +3.232666911e-03 +3.232666911e-03 +3.735323267e+01 +3.735323267e+01 -3.5623e+00 -8.6944e-01
41727 +2.506469957e-03 +2.506469957e-03 +3.735250647e+01 +3.735250647e+01 -3.5675e+00 -8.7007e-01
43185 +1.376818795e-03 +1.376818795e-03 +3.735137682e+01 +3.735137682e+01 -3.5897e+00 -8.7282e-01
44964 +5.478527618e-04 +5.478527618e-04 +3.735054785e+01 +3.735054785e+01 -3.6080e+00 -8.7500e-01
53004 +3.981005955e-04 +3.981005955e-04 +3.735039810e+01 +3.735039810e+01 -3.6096e+00 -8.7517e-01
69179 +1.740270576e-04 +1.740270576e-04 +3.735017403e+01 +3.735017403e+01 -3.6221e+00 -8.7655e-01
69407 +1.118124542e-04 +1.118124542e-04 +3.735011181e+01 +3.735011181e+01 -3.6222e+00 -8.7654e-01
80423 +9.991829771e-05 +9.991829771e-05 +3.735009992e+01 +3.735009992e+01 -3.6229e+00 -8.7662e-01
98871 +1.918394633e-05 +1.918394633e-05 +3.735001918e+01 +3.735001918e+01 -3.6313e+00 -8.7738e-01
98958 +1.519873923e-05 +1.519873923e-05 +3.735001520e+01 +3.735001520e+01 -3.6313e+00 -8.7738e-01
100220 +9.909917587e-06 +9.909917587e-06 +3.735000991e+01 +3.735000991e+01 -3.6316e+00 -8.7740e-01
121810 +5.920812264e-06 +5.920812264e-06 +3.735000592e+01 +3.735000592e+01 -3.6324e+00 -8.7746e-01
124592 +2.117657679e-06 +2.117657679e-06 +3.735000212e+01 +3.735000212e+01 -3.6346e+00 -8.7758e-01
124626 +3.809311764e-07 +3.809311764e-07 +3.735000038e+01 +3.735000038e+01 -3.6346e+00 -8.7758e-01
136872 +2.462745741e-07 +2.462745741e-07 +3.735000025e+01 +3.735000025e+01 -3.6347e+00 -8.7759e-01
139818 +9.197580653e-08 +9.197580653e-08 +3.735000009e+01 +3.735000009e+01 -3.6349e+00 -8.7759e-01
143599 +2.170911984e-08 +2.170911984e-08 +3.735000002e+01 +3.735000002e+01 -3.6350e+00 -8.7760e-01
146352 +9.478334562e-09 +9.478334562e-09 +3.735000001e+01 +3.735000001e+01 -3.6351e+00 -8.7760e-01
% function evaluation | noise-free fitness - Fopt (-3.096300000000e+02) | best noise-free fitness - Fopt | measured fitness | best measured fitness | x1 | x2...
1 +4.226277328e+07 +4.226277328e+07 +4.226246365e+07 +4.226246365e+07 +3.4607e+00 -3.5627e+00
2 +2.289718632e+07 +2.289718632e+07 +2.289687669e+07 +2.289687669e+07 +9.8519e-01 -2.1442e+00
3 +3.648118347e+06 +3.648118347e+06 +3.647808717e+06 +3.647808717e+06 +3.7912e+00 +1.1058e+00
5 +1.684417140e+06 +1.684417140e+06 +1.684107510e+06 +1.684107510e+06 -1.9377e+00 +1.0033e+00
8 +1.027562612e+06 +1.027562612e+06 +1.027252982e+06 +1.027252982e+06 -4.5471e+00 +9.6207e-01
9 +5.268639470e+05 +5.268639470e+05 +5.265543170e+05 +5.265543170e+05 -4.6134e+00 +2.7955e+00
13 +3.442823741e+05 +3.442823741e+05 +3.439727441e+05 +3.439727441e+05 -3.0525e+00 +1.5800e+00
15 +3.688421974e+04 +3.688421974e+04 +3.657458974e+04 +3.657458974e+04 -2.3641e+00 +2.5472e+00
62 +1.269995973e+04 +1.269995973e+04 +1.239032973e+04 +1.239032973e+04 -1.8639e+00 +2.5194e+00
73 +9.653348254e+02 +9.653348254e+02 +6.557048254e+02 +6.557048254e+02 -3.5099e-01 +2.6301e+00
76 +9.030704601e+01 +9.030704601e+01 -2.193229540e+02 -2.193229540e+02 +3.1543e+00 +3.0540e+00
85 +4.324609205e+01 +4.324609205e+01 -2.663839079e+02 -2.663839079e+02 -2.9957e+00 +2.1816e+00
123 +3.841321024e+01 +3.841321024e+01 -2.712167898e+02 -2.712167898e+02 +2.3977e+00 +2.9624e+00
243 +5.669629118e+00 +5.669629118e+00 -3.039603709e+02 -3.039603709e+02 -2.9993e+00 +2.1873e+00
321 +1.327810607e+00 +1.327810607e+00 -3.083021894e+02 -3.083021894e+02 -2.9912e+00 +2.1935e+00
348 +7.050791598e-01 +7.050791598e-01 -3.089249208e+02 -3.089249208e+02 -3.0598e+00 +2.1803e+00
433 +2.726797560e-01 +2.726797560e-01 -3.093573202e+02 -3.093573202e+02 -3.0072e+00 +2.1897e+00
1756 +1.560704622e-01 +1.560704622e-01 -3.094739295e+02 -3.094739295e+02 -3.1565e+00 +2.1666e+00
11497 +5.262256122e-02 +5.262256122e-02 -3.095773774e+02 -3.095773774e+02 -3.3616e+00 +2.1355e+00
11624 +3.780372273e-02 +3.780372273e-02 -3.095921963e+02 -3.095921963e+02 -3.3618e+00 +2.1354e+00
11823 +2.322165045e-02 +2.322165045e-02 -3.096067783e+02 -3.096067783e+02 -3.3619e+00 +2.1352e+00
12692 +1.474666253e-02 +1.474666253e-02 -3.096152533e+02 -3.096152533e+02 -3.3930e+00 +2.1306e+00
19034 +7.858733888e-03 +7.858733888e-03 -3.096221413e+02 -3.096221413e+02 -3.4250e+00 +2.1259e+00
19051 +1.073881480e-03 +1.073881480e-03 -3.096289261e+02 -3.096289261e+02 -3.4896e+00 +2.1167e+00
19273 +6.617854881e-04 +6.617854881e-04 -3.096293382e+02 -3.096293382e+02 -3.4896e+00 +2.1167e+00
19325 +6.105632225e-04 +6.105632225e-04 -3.096293894e+02 -3.096293894e+02 -3.4897e+00 +2.1167e+00
24587 +2.473240968e-04 +2.473240968e-04 -3.096297527e+02 -3.096297527e+02 -3.5136e+00 +2.1135e+00
24656 +6.602894530e-05 +6.602894530e-05 -3.096299340e+02 -3.096299340e+02 -3.5137e+00 +2.1135e+00
24677 +8.199141348e-07 +8.199141348e-07 -3.096299992e+02 -3.096299992e+02 -3.5136e+00 +2.1135e+00
25092 +5.982886364e-07 +5.982886364e-07 -3.096299994e+02 -3.096299994e+02 -3.5136e+00 +2.1135e+00
30463 +3.817593779e-07 +3.817593779e-07 -3.096299996e+02 -3.096299996e+02 -3.5134e+00 +2.1135e+00
42485 +1.123191282e-07 +1.123191282e-07 -3.096299999e+02 -3.096299999e+02 -3.5131e+00 +2.1136e+00
42718 +9.979652305e-08 +9.979652305e-08 -3.096299999e+02 -3.096299999e+02 -3.5131e+00 +2.1136e+00
57322 +1.603928013e-08 +1.603928013e-08 -3.096300000e+02 -3.096300000e+02 -3.5129e+00 +2.1136e+00
57882 +1.345131295e-08 +1.345131295e-08 -3.096300000e+02 -3.096300000e+02 -3.5129e+00 +2.1136e+00
60440 +7.664198165e-10 +7.664198165e-10 -3.096300000e+02 -3.096300000e+02 -3.5128e+00 +2.1136e+00
% function evaluation | noise-free fitness - Fopt (-1.000000000000e+03) | best noise-free fitness - Fopt | measured fitness | best measured fitness | x1 | x2...
1 +2.439411568e+07 +2.439411568e+07 +2.439311568e+07 +2.439311568e+07 -5.7306e-01 -1.3430e+00
2 +1.076359678e+04 +1.076359678e+04 +9.763596775e+03 +9.763596775e+03 +2.5553e+00 +3.4923e+00
9 +2.787396423e+03 +2.787396423e+03 +1.787396423e+03 +1.787396423e+03 +3.0869e+00 +3.5432e+00
111 +2.022593347e+03 +2.022593347e+03 +1.022593347e+03 +1.022593347e+03 +3.0839e+00 +3.5510e+00
157 +1.303658524e+02 +1.303658524e+02 -8.696341476e+02 -8.696341476e+02 +2.9474e+00 +3.6074e+00
207 +9.183857746e+00 +9.183857746e+00 -9.908161423e+02 -9.908161423e+02 +5.0000e+00 +3.5371e+00
252 +1.703432400e+00 +1.703432400e+00 -9.982965676e+02 -9.982965676e+02 +2.9425e+00 +3.5972e+00
264 +8.395060153e-01 +8.395060153e-01 -9.991604940e+02 -9.991604940e+02 +2.9547e+00 +3.5968e+00
385 +3.602230510e-01 +3.602230510e-01 -9.996397769e+02 -9.996397769e+02 +2.9744e+00 +3.5956e+00
498 +2.358039760e-01 +2.358039760e-01 -9.997641960e+02 -9.997641960e+02 +2.9746e+00 +3.5958e+00
1739 +8.603809640e-02 +8.603809640e-02 -9.999139619e+02 -9.999139619e+02 +3.1671e+00 +3.5958e+00
2055 +5.813376245e-02 +5.813376245e-02 -9.999418662e+02 -9.999418662e+02 +3.1672e+00 +3.5960e+00
3865 +1.620474192e-02 +1.620474192e-02 -9.999837953e+02 -9.999837953e+02 +3.2822e+00 +3.5960e+00
4146 +1.583104997e-02 +1.583104997e-02 -9.999841690e+02 -9.999841690e+02 +3.2822e+00 +3.5960e+00
5571 +9.712310202e-03 +9.712310202e-03 -9.999902877e+02 -9.999902877e+02 +3.3228e+00 +3.5960e+00
5846 +6.201174470e-03 +6.201174470e-03 -9.999937988e+02 -9.999937988e+02 +3.3320e+00 +3.5960e+00
6940 +3.117913820e-03 +3.117913820e-03 -9.999968821e+02 -9.999968821e+02 +3.3525e+00 +3.5960e+00
7104 +1.396710870e-03 +1.396710870e-03 -9.999986033e+02 -9.999986033e+02 +3.3758e+00 +3.5960e+00
8835 +8.765815102e-04 +8.765815102e-04 -9.999991234e+02 -9.999991234e+02 +3.3824e+00 +3.5960e+00
12408 +6.290326428e-04 +6.290326428e-04 -9.999993710e+02 -9.999993710e+02 +3.3830e+00 +3.5960e+00
25817 +2.581449896e-04 +2.581449896e-04 -9.999997419e+02 -9.999997419e+02 +3.3920e+00 +3.5960e+00
26752 +2.510391384e-04 +2.510391384e-04 -9.999997490e+02 -9.999997490e+02 +3.3922e+00 +3.5960e+00
52901 +1.583242299e-04 +1.583242299e-04 -9.999998417e+02 -9.999998417e+02 +3.3955e+00 +3.5960e+00
69774 +9.988236968e-05 +9.988236968e-05 -9.999999001e+02 -9.999999001e+02 +3.3980e+00 +3.5960e+00
75557 +5.994821106e-05 +5.994821106e-05 -9.999999401e+02 -9.999999401e+02 +3.4003e+00 +3.5960e+00
80644 +3.177143992e-05 +3.177143992e-05 -9.999999682e+02 -9.999999682e+02 +3.4106e+00 +3.5960e+00
80835 +1.273463977e-05 +1.273463977e-05 -9.999999873e+02 -9.999999873e+02 +3.4107e+00 +3.5960e+00
80880 +7.429847301e-06 +7.429847301e-06 -9.999999926e+02 -9.999999926e+02 +3.4107e+00 +3.5960e+00
80973 +5.206779633e-06 +5.206779633e-06 -9.999999948e+02 -9.999999948e+02 +3.4107e+00 +3.5960e+00
101048 +3.895069881e-06 +3.895069881e-06 -9.999999961e+02 -9.999999961e+02 +3.4103e+00 +3.5960e+00
110212 +2.509994829e-06 +2.509994829e-06 -9.999999975e+02 -9.999999975e+02 +3.4097e+00 +3.5960e+00
122500 +1.468351570e-06 +1.468351570e-06 -9.999999985e+02 -9.999999985e+02 +3.4094e+00 +3.5960e+00
137040 +9.649230606e-07 +9.649230606e-07 -9.999999990e+02 -9.999999990e+02 +3.4091e+00 +3.5960e+00
143016 +4.860960416e-07 +4.860960416e-07 -9.999999995e+02 -9.999999995e+02 +3.4088e+00 +3.5960e+00
% function evaluation | noise-free fitness - Fopt (5.800000000000e+01) | best noise-free fitness - Fopt | measured fitness | best measured fitness | x1 | x2...
1 +6.391854712e+08 +6.391854712e+08 +6.391855292e+08 +6.391855292e+08 +3.0793e+00 -1.3405e+00
3 +8.953107604e+05 +8.953107604e+05 +8.953687604e+05 +8.953687604e+05 +1.6709e+00 +4.2001e+00
15 +1.627444101e+04 +1.627444101e+04 +1.633244101e+04 +1.633244101e+04 -4.5406e+00 +3.6347e+00
22 +1.455359925e+04 +1.455359925e+04 +1.461159925e+04 +1.461159925e+04 +3.7710e+00 +2.8379e+00
46 +6.667524031e+02 +6.667524031e+02 +7.247524031e+02 +7.247524031e+02 +2.9837e+00 +3.0732e+00
57 +4.832526027e+01 +4.832526027e+01 +1.063252603e+02 +1.063252603e+02 -4.2903e-01 +3.3927e+00
117 +2.805455131e+01 +2.805455131e+01 +8.605455131e+01 +8.605455131e+01 -4.3279e-01 +3.3905e+00
202 +1.538266841e+01 +1.538266841e+01 +7.338266841e+01 +7.338266841e+01 -4.4479e-01 +3.3894e+00
263 +8.413445963e+00 +8.413445963e+00 +6.641344596e+01 +6.641344596e+01 -4.5070e-01 +3.3878e+00
1035 +6.051418096e+00 +6.051418096e+00 +6.405141810e+01 +6.405141810e+01 -5.6063e-01 +3.3966e+00
2875 +3.926593666e+00 +3.926593666e+00 +6.192659367e+01 +6.192659367e+01 -1.0006e+00 +3.4436e+00
8400 +2.366080126e+00 +2.366080126e+00 +6.036608013e+01 +6.036608013e+01 -1.4339e+00 +3.4902e+00
16834 +1.397798026e+00 +1.397798026e+00 +5.939779803e+01 +5.939779803e+01 -1.7903e+00 +3.5288e+00
19262 +8.716141166e-01 +8.716141166e-01 +5.887161412e+01 +5.887161412e+01 -2.0442e+00 +3.5558e+00
22026 +3.729299537e-01 +3.729299537e-01 +5.837292995e+01 +5.837292995e+01 -2.3600e+00 +3.5898e+00
31441 +1.943841373e-01 +1.943841373e-01 +5.819438414e+01 +5.819438414e+01 -2.5339e+00 +3.6085e+00
35503 +1.474532226e-01 +1.474532226e-01 +5.814745322e+01 +5.814745322e+01 -2.6672e+00 +3.6220e+00
35685 +9.416059864e-02 +9.416059864e-02 +5.809416060e+01 +5.809416060e+01 -2.6672e+00 +3.6223e+00
39732 +6.156764666e-02 +6.156764666e-02 +5.806156765e+01 +5.806156765e+01 -2.7173e+00 +3.6276e+00
42705 +1.917348078e-02 +1.917348078e-02 +5.801917348e+01 +5.801917348e+01 -2.8509e+00 +3.6410e+00
42847 +1.499005343e-02 +1.499005343e-02 +5.801499005e+01 +5.801499005e+01 -2.8510e+00 +3.6411e+00
52120 +3.527321108e-04 +3.527321108e-04 +5.800035273e+01 +5.800035273e+01 -2.9484e+00 +3.6506e+00
52337 +2.481093863e-04 +2.481093863e-04 +5.800024811e+01 +5.800024811e+01 -2.9484e+00 +3.6506e+00
53831 +2.310300623e-05 +2.310300623e-05 +5.800002310e+01 +5.800002310e+01 -2.9656e+00 +3.6521e+00
53922 +9.680038112e-06 +9.680038112e-06 +5.800000968e+01 +5.800000968e+01 -2.9656e+00 +3.6521e+00
53959 +4.081182183e-06 +4.081182183e-06 +5.800000408e+01 +5.800000408e+01 -2.9656e+00 +3.6521e+00
54032 +3.300861557e-06 +3.300861557e-06 +5.800000330e+01 +5.800000330e+01 -2.9656e+00 +3.6521e+00
54348 +2.451075261e-06 +2.451075261e-06 +5.800000245e+01 +5.800000245e+01 -2.9655e+00 +3.6521e+00
60458 +1.378517176e-06 +1.378517176e-06 +5.800000138e+01 +5.800000138e+01 -2.9651e+00 +3.6521e+00
61578 +9.923593538e-07 +9.923593538e-07 +5.800000099e+01 +5.800000099e+01 -2.9650e+00 +3.6521e+00
88794 +5.383737971e-07 +5.383737971e-07 +5.800000054e+01 +5.800000054e+01 -2.9647e+00 +3.6521e+00
95695 +3.912485695e-07 +3.912485695e-07 +5.800000039e+01 +5.800000039e+01 -2.9645e+00 +3.6520e+00
96020 +2.057712010e-07 +2.057712010e-07 +5.800000021e+01 +5.800000021e+01 -2.9644e+00 +3.6520e+00
96426 +8.513764982e-08 +8.513764982e-08 +5.800000009e+01 +5.800000009e+01 -2.9643e+00 +3.6520e+00
98718 +5.527941482e-08 +5.527941482e-08 +5.800000006e+01 +5.800000006e+01 -2.9642e+00 +3.6520e+00
112255 +3.932423454e-08 +3.932423454e-08 +5.800000004e+01 +5.800000004e+01 -2.9642e+00 +3.6520e+00
117417 +2.264073373e-08 +2.264073373e-08 +5.800000002e+01 +5.800000002e+01 -2.9640e+00 +3.6520e+00
117912 +8.422865960e-09 +8.422865960e-09 +5.800000001e+01 +5.800000001e+01 -2.9640e+00 +3.6520e+00
% function evaluation | noise-free fitness - Fopt (9.438000000000e+01) | best noise-free fitness - Fopt | measured fitness | best measured fitness | x1 | x2...
1 +7.060471846e+07 +7.060471846e+07 +7.060481284e+07 +7.060481284e+07 -2.6032e+00 -4.8446e+00
2 +9.625600040e+04 +9.625600040e+04 +9.635038040e+04 +9.635038040e+04 -3.2043e+00 +3.9697e+00
6 +4.953316206e+04 +4.953316206e+04 +4.962754206e+04 +4.962754206e+04 -3.1466e+00 +3.3349e+00
33 +5.062282565e+01 +5.062282565e+01 +1.450028257e+02 +1.450028257e+02 +4.0356e+00 +3.5672e+00
4513 +3.940417366e+01 +3.940417366e+01 +1.337841737e+02 +1.337841737e+02 +3.2157e+00 +3.5646e+00
6613 +2.436665375e+01 +2.436665375e+01 +1.187466538e+02 +1.187466538e+02 +1.8926e+00 +3.5637e+00
9401 +1.578689078e+01 +1.578689078e+01 +1.101668908e+02 +1.101668908e+02 +9.2613e-01 +3.5622e+00
20534 +9.968082953e+00 +9.968082953e+00 +1.043480830e+02 +1.043480830e+02 +1.1347e-01 +3.5614e+00
28938 +6.298754073e+00 +6.298754073e+00 +1.006787541e+02 +1.006787541e+02 -5.3406e-01 +3.5605e+00
35900 +3.370877651e+00 +3.370877651e+00 +9.775087765e+01 +9.775087765e+01 -1.5424e+00 +3.5582e+00
35986 +2.309302261e+00 +2.309302261e+00 +9.668930226e+01 +9.668930226e+01 -1.5282e+00 +3.5592e+00
36614 +7.462534775e-01 +7.462534775e-01 +9.512625348e+01 +9.512625348e+01 -2.6006e+00 +3.5590e+00
36792 +5.428824918e-01 +5.428824918e-01 +9.492288249e+01 +9.492288249e+01 -2.6007e+00 +3.5588e+00
36925 +3.522543969e-01 +3.522543969e-01 +9.473225440e+01 +9.473225440e+01 -2.6007e+00 +3.5586e+00
37102 +2.406372241e-01 +2.406372241e-01 +9.462063722e+01 +9.462063722e+01 -2.6007e+00 +3.5583e+00
39254 +1.557191583e-01 +1.557191583e-01 +9.453571916e+01 +9.453571916e+01 -2.6486e+00 +3.5581e+00
42199 +8.289119018e-02 +8.289119018e-02 +9.446289119e+01 +9.446289119e+01 -2.8114e+00 +3.5577e+00
42295 +5.501910795e-02 +5.501910795e-02 +9.443501911e+01 +9.443501911e+01 -2.8113e+00 +3.5578e+00
45497 +3.894956550e-02 +3.894956550e-02 +9.441894957e+01 +9.441894957e+01 -3.2352e+00 +3.5574e+00
46689 +2.367625751e-02 +2.367625751e-02 +9.440367626e+01 +9.440367626e+01 -3.1967e+00 +3.5574e+00
48844 +1.341774219e-02 +1.341774219e-02 +9.439341774e+01 +9.439341774e+01 -3.1589e+00 +3.5575e+00
51060 +9.882712960e-03 +9.882712960e-03 +9.438988271e+01 +9.438988271e+01 -3.1407e+00 +3.5575e+00
55159 +6.006935245e-03 +6.006935245e-03 +9.438600694e+01 +9.438600694e+01 -3.1188e+00 +3.5575e+00
66844 +3.049387301e-03 +3.049387301e-03 +9.438304939e+01 +9.438304939e+01 -3.0927e+00 +3.5575e+00
67050 +2.458510388e-03 +2.458510388e-03 +9.438245851e+01 +9.438245851e+01 -3.0927e+00 +3.5575e+00
69032 +1.244945389e-03 +1.244945389e-03 +9.438124495e+01 +9.438124495e+01 -3.0717e+00 +3.5575e+00
69144 +8.168463636e-04 +8.168463636e-04 +9.438081685e+01 +9.438081685e+01 -3.0718e+00 +3.5576e+00
88988 +1.781949364e-04 +1.781949364e-04 +9.438017819e+01 +9.438017819e+01 -3.0553e+00 +3.5576e+00
89293 +1.485637967e-04 +1.485637967e-04 +9.438014856e+01 +9.438014856e+01 -3.0552e+00 +3.5576e+00
99174 +2.355175843e-05 +2.355175843e-05 +9.438002355e+01 +9.438002355e+01 -3.0480e+00 +3.5576e+00
114186 +1.573488535e-05 +1.573488535e-05 +9.438001573e+01 +9.438001573e+01 -3.0472e+00 +3.5576e+00
120017 +9.692935564e-06 +9.692935564e-06 +9.438000969e+01 +9.438000969e+01 -3.0463e+00 +3.5576e+00
129699 +6.308310091e-06 +6.308310091e-06 +9.438000631e+01 +9.438000631e+01 -3.0457e+00 +3.5576e+00
137930 +3.965147300e-06 +3.965147300e-06 +9.438000397e+01 +9.438000397e+01 -3.0450e+00 +3.5576e+00
