% function evaluation | noise-free fitness - Fopt (2.997000000000e+01) | best noise-free fitness - Fopt | measured fitness | best measured fitness | x1 | x2...
1 +2.051838688e+03 +2.051838688e+03 +2.081808688e+03 +2.081808688e+03 -3.7254e+00 -3.1789e+00 +1.4714e+00 -3.3838e+00 -3.9196e+00 +3.1255e-01 -6.3679e-01 +1.2270e+00 +3.6728e-01 -2.4541e+00
7 +1.403183032e+03 +1.403183032e+03 +1.433153032e+03 +1.433153032e+03 -1.9909e-01 -2.4170e+00 -2.4784e+00 -1.7645e+00 +2.3687e+00 +5.3118e-01 -3.6581e+00 +9.5969e-01 +1.0356e+00 +3.4551e+00
22 +9.577354627e+02 +9.577354627e+02 +9.877054627e+02 +9.877054627e+02 +1.0508e+00 -4.2056e+00 -2.1100e+00 +1.6990e+00 +4.7831e+00 +3.0197e+00 -3.0435e+00 +5.9171e-01 -1.3380e+00 -3.2432e-01
165 +6.228714421e+02 +6.228714421e+02 +6.528414421e+02 +6.528414421e+02 +2.2586e+00 -3.4903e+00 -2.1121e+00 +1.2521e+00 +5.0000e+00 +2.9132e+00 -4.2078e+00 -1.1264e+00 -3.8841e-01 -4.1673e-01
632 +3.310020912e+02 +3.310020912e+02 +3.609720912e+02 +3.609720912e+02 +1.1555e+00 -1.5080e+00 -2.4542e+00 -1.6311e+00 +4.3536e+00 +2.7480e+00 -5.0000e+00 -2.7025e+00 +1.5269e+00 -6.6611e-01
820 +2.120028758e+02 +2.120028758e+02 +2.419728758e+02 +2.419728758e+02 +1.2155e+00 -1.5063e+00 -2.8265e+00 -1.5765e+00 +3.9953e+00 +2.5395e+00 -4.8449e+00 -3.2329e+00 +1.2702e+00 -6.8394e-01
1145 +1.505022024e+02 +1.505022024e+02 +1.804722024e+02 +1.804722024e+02 +1.0916e+00 -1.5464e+00 -3.0056e+00 -1.3978e+00 +3.9655e+00 +2.6577e+00 -4.5871e+00 -2.9551e+00 +1.0556e+00 -8.4068e-01
1367 +9.931668201e+01 +9.931668201e+01 +1.292866820e+02 +1.292866820e+02 +1.2275e+00 -1.4786e+00 -3.0632e+00 -1.1841e+00 +4.0718e+00 +2.5442e+00 -4.3914e+00 -2.9484e+00 +7.5282e-01 -9.0624e-01
1780 +5.568978898e+01 +5.568978898e+01 +8.565978898e+01 +8.565978898e+01 +1.2619e+00 -1.5102e+00 -3.1108e+00 -1.2232e+00 +3.9224e+00 +2.6604e+00 -4.2109e+00 -2.9178e+00 +4.8019e-01 -9.6906e-01
2368 +3.710115568e+01 +3.710115568e+01 +6.707115568e+01 +6.707115568e+01 +1.2830e+00 -1.5554e+00 -3.2102e+00 -1.3638e+00 +3.8722e+00 +2.7578e+00 -4.0977e+00 -2.9710e+00 +4.8597e-01 -1.1635e+00
2650 +2.451336827e+01 +2.451336827e+01 +5.448336827e+01 +5.448336827e+01 +1.2948e+00 -1.5623e+00 -3.1816e+00 -1.3904e+00 +3.8591e+00 +2.7951e+00 -4.1027e+00 -2.9305e+00 +4.6145e-01 -1.1640e+00
3073 +1.425677119e+01 +1.425677119e+01 +4.422677119e+01 +4.422677119e+01 +1.3232e+00 -1.5915e+00 -3.1787e+00 -1.3967e+00 +3.8816e+00 +2.8177e+00 -4.0693e+00 -2.8906e+00 +4.1865e-01 -1.1748e+00
3918 +9.589057217e+00 +9.589057217e+00 +3.955905722e+01 +3.955905722e+01 +1.3363e+00 -1.5870e+00 -3.1611e+00 -1.4113e+00 +3.8736e+00 +2.8248e+00 -4.0387e+00 -2.8824e+00 +4.1036e-01 -1.1872e+00
14571 +6.309476359e+00 +6.309476359e+00 +3.627947636e+01 +3.627947636e+01 +1.3433e+00 -1.5878e+00 -3.1577e+00 -1.4006e+00 +3.8851e+00 +2.8192e+00 -4.0503e+00 -2.8783e+00 +4.1516e-01 -1.2010e+00
% function evaluation | noise-free fitness - Fopt (-5.171000000000e+01) | best noise-free fitness - Fopt | measured fitness | best measured fitness | x1 | x2...
1 +4.195043164e+03 +4.195043164e+03 +4.143333164e+03 +4.143333164e+03 -4.2179e+00 +9.8003e-01 +4.2083e+00 +5.7007e-01 +2.1421e-01 +4.3694e+00 -4.0971e+00 -4.4190e+00 -1.3315e-01 -4.1483e+00
2 +2.768524405e+03 +2.768524405e+03 +2.716814405e+03 +2.716814405e+03 +4.0388e+00 +3.4949e+00 -5.4312e-02 -2.0132e+00 -3.8323e+00 +3.1153e+00 -1.4073e+00 +3.1451e+00 +3.6216e+00 -4.7456e+00
3 +1.824067836e+03 +1.824067836e+03 +1.772357836e+03 +1.772357836e+03 -1.4917e+00 +3.4878e+00 -2.6975e+00 -4.1913e-01 -2.1262e+00 +2.4270e+00 -2.0357e+00 +1.4708e+00 +2.5822e+00 +3.3705e+00
38 +1.539574130e+03 +1.539574130e+03 +1.487864130e+03 +1.487864130e+03 -9.4106e-01 +3.0298e+00 -1.5068e+00 -4.9177e+00 -5.5656e-01 +1.7127e+00 -4.1683e+00 -6.4635e-01 +1.2367e+00 +2.1437e+00
198 +9.955395823e+02 +9.955395823e+02 +9.438295823e+02 +9.438295823e+02 -7.9267e-01 +4.1512e-01 -3.1499e+00 -4.9878e+00 +9.4790e-01 -1.9053e+00 -1.2582e+00 +2.6446e+00 -3.1950e+00 +9.8416e-01
630 +5.787510484e+02 +5.787510484e+02 +5.270410484e+02 +5.270410484e+02 +1.8426e+00 +9.1506e-01 -3.5869e+00 -5.0000e+00 +7.1990e-01 -7.8524e-01 -2.0695e+00 +6.2687e-01 -2.3797e+00 +2.0367e+00
1008 +3.968044028e+02 +3.968044028e+02 +3.450944028e+02 +3.450944028e+02 +1.6243e+00 +3.2275e+00 -4.0467e+00 -1.6301e+00 +2.2342e+00 +6.7996e-02 -2.9098e+00 +3.3913e+00 -3.2324e+00 +6.4830e-01
1696 +2.357656472e+02 +2.357656472e+02 +1.840556472e+02 +1.840556472e+02 +2.4786e+00 +2.3484e+00 -4.2951e+00 -3.2483e+00 +1.5964e+00 +9.6516e-01 -2.9828e+00 +3.2259e+00 -2.5653e+00 +1.5971e-01
1866 +1.560035837e+02 +1.560035837e+02 +1.042935837e+02 +1.042935837e+02 +2.5200e+00 +2.3131e+00 -4.1904e+00 -2.9968e+00 +1.3503e+00 +7.7067e-01 -3.2655e+00 +2.9965e+00 -2.8177e+00 +2.2925e-01
2105 +9.649969347e+01 +9.649969347e+01 +4.478969347e+01 +4.478969347e+01 +2.5580e+00 +2.3974e+00 -4.1913e+00 -2.9213e+00 +1.1989e+00 +7.3436e-01 -3.1139e+00 +2.8681e+00 -3.1333e+00 +5.2503e-02
2206 +5.864884782e+01 +5.864884782e+01 +6.938847816e+00 +6.938847816e+00 +2.5869e+00 +2.4605e+00 -4.0841e+00 -2.9604e+00 +1.2029e+00 +7.9264e-01 -3.2630e+00 +2.6950e+00 -3.2327e+00 +1.0099e-01
3408 +3.942193174e+01 +3.942193174e+01 -1.228806826e+01 -1.228806826e+01 +2.6032e+00 +2.4048e+00 -4.0712e+00 -2.9729e+00 +1.1743e+00 +8.7731e-01 -3.3837e+00 +2.6727e+00 -3.2154e+00 -1.1748e-02
4442 +2.485781688e+01 +2.485781688e+01 -2.685218312e+01 -2.685218312e+01 +2.6495e+00 +2.3303e+00 -4.0684e+00 -3.0459e+00 +1.1615e+00 +9.6056e-01 -3.3856e+00 +2.6660e+00 -3.1952e+00 -3.0372e-02
5272 +1.499530968e+01 +1.499530968e+01 -3.671469032e+01 -3.671469032e+01 +2.6996e+00 +2.2894e+00 -4.0743e+00 -3.1129e+00 +1.1491e+00 +9.9129e-01 -3.3771e+00 +2.6646e+00 -3.1790e+00 -5.2898e-02
6571 +9.530157419e+00 +9.530157419e+00 -4.217984258e+01 -4.217984258e+01 +2.7113e+00 +2.2679e+00 -4.0591e+00 -3.1413e+00 +1.1388e+00 +1.0135e+00 -3.3510e+00 +2.6766e+00 -3.1592e+00 -3.5897e-02
14852 +6.289018677e+00 +6.289018677e+00 -4.542098132e+01 -4.542098132e+01 +2.7089e+00 +2.2711e+00 -4.0523e+00 -3.1450e+00 +1.1425e+00 +1.0380e+00 -3.3616e+00 +2.6840e+00 -3.1635e+00 -3.5747e-02
% function evaluation | noise-free fitness - Fopt (-2.799500000000e+02) | best noise-free fitness - Fopt | measured fitness | best measured fitness | x1 | x2...
1 +2.055226640e+03 +2.055226640e+03 +1.775276640e+03 +1.775276640e+03 +3.1568e+00 -4.4531e-01 +4.2687e+00 +3.9799e+00 +2.3760e+00 -1.0019e+00 -6.9870e-01 +3.5677e+00 -1.7438e+00 +5.8504e-02
18 +1.340960072e+03 +1.340960072e+03 +1.061010072e+03 +1.061010072e+03 -1.1780e+00 +1.5076e+00 -1.1446e+00 -2.3247e+00 -5.8163e-01 -1.1882e+00 +2.9082e+00 +2.5114e-01 -8.7418e-01 -1.3318e-01
365 +9.979258148e+02 +9.979258148e+02 +7.179758148e+02 +7.179758148e+02 -4.0098e+00 +1.3797e+00 -1.0249e+00 -2.3753e+00 -2.8218e+00 -3.4272e+00 +1.2264e+00 +2.0034e+00 +1.5503e+00 -1.1798e+00
694 +6.159904251e+02 +6.159904251e+02 +3.360404251e+02 +3.360404251e+02 -3.1049e+00 +1.4171e-01 +2.2485e+00 -1.7266e+00 -5.0000e+00 -3.5248e+00 -1.4565e-01 +2.6541e+00 +1.6157e+00 -6.4701e-01
1182 +3.957506407e+02 +3.957506407e+02 +1.158006407e+02 +1.158006407e+02 -4.1835e+00 +2.1052e-01 +1.8328e+00 -6.2613e-01 -5.0000e+00 -3.0860e+00 +6.7835e-01 +2.1209e+00 -7.1891e-01 -5.1680e-01
1910 +2.399115116e+02 +2.399115116e+02 -4.003848836e+01 -4.003848836e+01 -4.0183e+00 -2.2706e-02 +1.4721e+00 -7.5099e-01 -5.0000e+00 -2.9089e+00 +7.9605e-01 +1.6057e+00 -2.9536e-01 -5.2303e-01
3020 +1.543946070e+02 +1.543946070e+02 -1.255553930e+02 -1.255553930e+02 -4.2441e+00 -7.6708e-01 +1.4000e+00 -7.1566e-01 -4.9372e+00 -2.8994e+00 +4.6915e-01 +1.3398e+00 -1.9141e-01 -9.9023e-01
4961 +9.963075406e+01 +9.963075406e+01 -1.803192459e+02 -1.803192459e+02 -4.3595e+00 -1.1672e+00 +1.5143e+00 -7.9406e-01 -4.9986e+00 -2.8468e+00 +3.9070e-01 +1.3626e+00 -4.1269e-02 -1.1970e+00
% function evaluation | noise-free fitness - Fopt (9.319900000000e+02) | best noise-free fitness - Fopt | measured fitness | best measured fitness | x1 | x2...
1 +2.387138408e+03 +2.387138408e+03 +3.319128408e+03 +3.319128408e+03 -1.3282e+00 -7.5020e-01 -1.0803e+00 -1.9093e+00 -4.6670e+00 +2.3478e+00 +3.1054e+00 -2.9041e+00 +3.7957e+00 -4.9147e+00
9 +1.411704613e+03 +1.411704613e+03 +2.343694613e+03 +2.343694613e+03 -2.2828e+00 -1.6456e+00 -2.0335e+00 -6.2257e-01 -1.4834e+00 +2.4872e+00 +8.1907e-01 -2.7416e+00 -7.8249e-01 +3.8574e-02
60 +4.470469381e+02 +4.470469381e+02 +1.379036938e+03 +1.379036938e+03 +6.8870e-01 +1.8999e+00 +3.8722e+00 -1.9733e+00 +1.9974e+00 -4.6231e+00 +2.9143e+00 -2.9983e+00 -4.3700e-01 +2.8730e+00
265 +3.961458972e+02 +3.961458972e+02 +1.328135897e+03 +1.328135897e+03 +7.1543e-01 +1.6846e+00 +3.6595e+00 -1.9348e+00 +2.0805e+00 -4.5134e+00 +2.7360e+00 -2.9437e+00 -4.0338e-01 +2.8660e+00
1042 +2.456389291e+02 +2.456389291e+02 +1.177628929e+03 +1.177628929e+03 +7.8150e-01 +1.3884e+00 +3.1709e+00 -1.5676e+00 +2.3322e+00 -3.8972e+00 +2.7621e+00 -3.6065e+00 -6.0118e-01 +2.6829e+00
1442 +1.515260036e+02 +1.515260036e+02 +1.083516004e+03 +1.083516004e+03 +1.0854e+00 +1.2200e+00 +3.3510e+00 -1.0421e+00 +2.3748e+00 -3.2853e+00 +2.6265e+00 -3.3276e+00 -1.0428e+00 +2.4662e+00
1853 +8.051664802e+01 +8.051664802e+01 +1.012506648e+03 +1.012506648e+03 +1.1479e+00 +1.0598e+00 +3.0479e+00 -8.1135e-01 +2.1120e+00 -3.0082e+00 +2.5486e+00 -3.6622e+00 -1.3388e+00 +2.5005e+00
2249 +5.403358389e+01 +5.403358389e+01 +9.860235839e+02 +9.860235839e+02 +1.2413e+00 +9.8533e-01 +3.0045e+00 -7.7360e-01 +2.1766e+00 -2.8415e+00 +2.7774e+00 -3.6384e+00 -1.5128e+00 +2.3169e+00
2420 +3.105278776e+01 +3.105278776e+01 +9.630427878e+02 +9.630427878e+02 +1.3042e+00 +9.1444e-01 +2.9461e+00 -6.7883e-01 +2.2913e+00 -2.8224e+00 +2.7316e+00 -3.6805e+00 -1.4856e+00 +2.2641e+00
2601 +2.480267349e+01 +2.480267349e+01 +9.567926735e+02 +9.567926735e+02 +1.2751e+00 +9.7110e-01 +2.9624e+00 -6.8870e-01 +2.2921e+00 -2.6729e+00 +2.7853e+00 -3.7669e+00 -1.6453e+00 +2.1826e+00
2921 +1.342480278e+01 +1.342480278e+01 +9.454148028e+02 +9.454148028e+02 +1.3016e+00 +9.4805e-01 +2.9620e+00 -6.5768e-01 +2.2878e+00 -2.6962e+00 +2.7399e+00 -3.7865e+00 -1.6238e+00 +2.2204e+00
3262 +9.161566751e+00 +9.161566751e+00 +9.411515668e+02 +9.411515668e+02 +1.2853e+00 +9.1657e-01 +2.9375e+00 -6.5627e-01 +2.2755e+00 -2.7060e+00 +2.7439e+00 -3.8014e+00 -1.6135e+00 +2.2057e+00
3656 +5.827036539e+00 +5.827036539e+00 +9.378170365e+02 +9.378170365e+02 +1.2858e+00 +9.1503e-01 +2.9132e+00 -6.8651e-01 +2.2713e+00 -2.7169e+00 +2.7361e+00 -3.7931e+00 -1.6217e+00 +2.1764e+00
4279 +3.833900448e+00 +3.833900448e+00 +9.358239004e+02 +9.358239004e+02 +1.2674e+00 +9.2178e-01 +2.8958e+00 -6.8912e-01 +2.2633e+00 -2.6874e+00 +2.7401e+00 -3.8249e+00 -1.6280e+00 +2.1792e+00
5348 +2.276680623e+00 +2.276680623e+00 +9.342666806e+02 +9.342666806e+02 +1.2424e+00 +9.1065e-01 +2.8800e+00 -6.9535e-01 +2.2353e+00 -2.6888e+00 +2.7317e+00 -3.8355e+00 -1.6145e+00 +2.1731e+00
7448 +1.576396415e+00 +1.576396415e+00 +9.335663964e+02 +9.335663964e+02 +1.2431e+00 +9.1019e-01 +2.8820e+00 -6.9636e-01 +2.2348e+00 -2.6893e+00 +2.7293e+00 -3.8356e+00 -1.6159e+00 +2.1732e+00
9837 +9.985823208e-01 +9.985823208e-01 +9.329885823e+02 +9.329885823e+02 +1.2447e+00 +9.0986e-01 +2.8819e+00 -6.9758e-01 +2.2337e+00 -2.6870e+00 +2.7287e+00 -3.8368e+00 -1.6185e+00 +2.1740e+00
12026 +6.274290373e-01 +6.274290373e-01 +9.326174290e+02 +9.326174290e+02 +1.2460e+00 +9.0920e-01 +2.8819e+00 -6.9739e-01 +2.2331e+00 -2.6862e+00 +2.7291e+00 -3.8373e+00 -1.6217e+00 +2.1740e+00
13278 +3.923295333e-01 +3.923295333e-01 +9.323823295e+02 +9.323823295e+02 +1.2464e+00 +9.0854e-01 +2.8818e+00 -6.9662e-01 +2.2331e+00 -2.6851e+00 +2.7299e+00 -3.8377e+00 -1.6229e+00 +2.1739e+00
14314 +2.490371305e-01 +2.490371305e-01 +9.322390371e+02 +9.322390371e+02 +1.2466e+00 +9.0870e-01 +2.8815e+00 -6.9631e-01 +2.2331e+00 -2.6841e+00 +2.7298e+00 -3.8380e+00 -1.6239e+00 +2.1742e+00
15149 +1.462353012e-01 +1.462353012e-01 +9.321362353e+02 +9.321362353e+02 +1.2470e+00 +9.0871e-01 +2.8813e+00 -6.9612e-01 +2.2333e+00 -2.6836e+00 +2.7301e+00 -3.8384e+00 -1.6247e+00 +2.1740e+00
23305 +9.999486013e-02 +9.999486013e-02 +9.320899949e+02 +9.320899949e+02 +1.2471e+00 +9.0854e-01 +2.8815e+00 -6.9603e-01 +2.2333e+00 -2.6835e+00 +2.7302e+00 -3.8384e+00 -1.6248e+00 +2.1738e+00
% function evaluation | noise-free fitness - Fopt (1.133100000000e+02) | best noise-free fitness - Fopt | measured fitness | best measured fitness | x1 | x2...
1 +1.283815762e+03 +1.283815762e+03 +1.397125762e+03 +1.397125762e+03 -2.8579e-01 +2.9545e+00 +3.4502e+00 -2.6229e+00 +3.6830e+00 -2.2607e+00 -1.0009e-01 -1.1744e+00 -3.1088e+00 -3.7126e-01
47 +6.918156315e+02 +6.918156315e+02 +8.051256315e+02 +8.051256315e+02 +2.6819e+00 +4.4915e+00 +5.5759e-01 -7.8146e-01 +7.6875e-01 -3.3576e+00 +4.0682e-01 -9.5024e-01 +4.9602e+00 -1.3740e+00
160 +5.819661197e+02 +5.819661197e+02 +6.952761197e+02 +6.952761197e+02 +3.2459e+00 +2.7691e+00 +5.6429e-01 -6.8624e-01 +1.9219e+00 -3.1791e+00 -3.9089e-01 -1.1007e+00 +3.9670e+00 -2.9969e-01
577 +3.968922386e+02 +3.968922386e+02 +5.102022386e+02 +5.102022386e+02 +3.3027e+00 +3.6230e+00 +1.2027e+00 -1.7041e-01 +3.8023e-01 -1.3783e+00 -2.2429e+00 -1.7538e+00 +2.8926e+00 -6.1204e-01
818 +2.341018558e+02 +2.341018558e+02 +3.474118558e+02 +3.474118558e+02 +1.9972e+00 +3.3387e+00 -2.1033e-01 +2.6668e-01 +1.1622e+00 -2.4538e+00 -8.7536e-01 -1.7168e+00 +3.0374e+00 -1.3188e+00
1269 +1.526850173e+02 +1.526850173e+02 +2.659950173e+02 +2.659950173e+02 +2.0067e+00 +3.1451e+00 +2.2406e-02 +3.9604e-01 +1.2661e+00 -1.8312e+00 -4.7734e-01 -1.5466e+00 +2.8864e+00 -1.2973e+00
1805 +9.868184504e+01 +9.868184504e+01 +2.119918450e+02 +2.119918450e+02 +2.0794e+00 +3.2131e+00 +1.5296e-01 +5.3781e-01 +1.1136e+00 -1.7088e+00 -4.8308e-01 -1.6837e+00 +2.9559e+00 -9.9798e-01
2311 +4.652857468e+01 +4.652857468e+01 +1.598385747e+02 +1.598385747e+02 +2.0327e+00 +2.8850e+00 +1.2638e-01 +6.2617e-01 +1.3519e+00 -1.3437e+00 -5.0589e-01 -1.6517e+00 +2.8930e+00 -6.1153e-01
2687 +3.022845368e+01 +3.022845368e+01 +1.435384537e+02 +1.435384537e+02 +1.9805e+00 +2.8500e+00 +2.1017e-02 +6.8056e-01 +1.3216e+00 -1.1922e+00 -4.2749e-01 -1.5519e+00 +2.9464e+00 -5.7333e-01
2859 +2.496355885e+01 +2.496355885e+01 +1.382735589e+02 +1.382735589e+02 +1.9886e+00 +2.8567e+00 +1.2296e-02 +7.1455e-01 +1.3268e+00 -1.1797e+00 -4.2306e-01 -1.5815e+00 +2.9707e+00 -5.5838e-01
3371 +1.478539259e+01 +1.478539259e+01 +1.280953926e+02 +1.280953926e+02 +2.0289e+00 +2.8768e+00 +2.6182e-02 +7.5500e-01 +1.2809e+00 -1.1517e+00 -4.4642e-01 -1.5963e+00 +2.9847e+00 -5.4243e-01
3892 +8.983932469e+00 +8.983932469e+00 +1.222939325e+02 +1.222939325e+02 +2.0491e+00 +2.8993e+00 -2.6224e-03 +8.1010e-01 +1.2955e+00 -1.1645e+00 -4.5349e-01 -1.5620e+00 +2.9955e+00 -5.0343e-01
4379 +5.124533431e+00 +5.124533431e+00 +1.184345334e+02 +1.184345334e+02 +2.0635e+00 +2.9073e+00 -2.5694e-02 +8.1338e-01 +1.2954e+00 -1.1509e+00 -4.5082e-01 -1.5678e+00 +3.0140e+00 -4.9360e-01
8212 +3.937933686e+00 +3.937933686e+00 +1.172479337e+02 +1.172479337e+02 +2.0649e+00 +2.9043e+00 -2.3711e-02 +8.1482e-01 +1.2969e+00 -1.1503e+00 -4.5262e-01 -1.5711e+00 +3.0119e+00 -4.9184e-01
% function evaluation | noise-free fitness - Fopt (-3.000200000000e+02) | best noise-free fitness - Fopt | measured fitness | best measured fitness | x1 | x2...
1 +2.529129329e+03 +2.529129329e+03 +2.229109329e+03 +2.229109329e+03 -2.5867e+00 -4.7145e+00 +1.5601e-01 +4.6170e+00 -3.3939e+00 +1.5970e+00 -1.6291e+00 +1.4774e+00 +1.6117e+00 +4.1146e+00
2 +1.518281645e+03 +1.518281645e+03 +1.218261645e+03 +1.218261645e+03 -7.6571e-01 +4.5553e+00 -3.6374e+00 +3.2163e+00 -2.6491e+00 -4.3754e-01 +1.2661e+00 -8.1284e-01 -2.3440e+00 +1.2586e+00
181 +9.554252693e+02 +9.554252693e+02 +6.554052693e+02 +6.554052693e+02 -7.3235e-01 +1.8648e+00 -2.3620e+00 +1.4979e+00 +2.3223e+00 -2.7982e+00 -6.5187e-03 -2.7448e+00 +1.5606e-01 +1.4383e+00
510 +5.851285735e+02 +5.851285735e+02 +2.851085735e+02 +2.851085735e+02 -6.7077e-01 +6.8719e-01 -2.0696e+00 -1.9606e-01 +2.4704e-01 -2.7314e+00 +2.1193e+00 -3.0312e+00 +9.5826e-02 -1.6430e+00
972 +3.787096738e+02 +3.787096738e+02 +7.868967383e+01 +7.868967383e+01 -1.5061e-01 +1.1812e+00 -2.7201e+00 -1.4170e+00 -2.3709e-01 -1.6814e+00 +1.8568e+00 -1.2799e+00 +1.2396e+00 -1.0329e+00
1309 +2.332059313e+02 +2.332059313e+02 -6.681406869e+01 -6.681406869e+01 -3.4105e-01 +8.4847e-01 -2.6482e+00 -1.6237e+00 -2.5467e-02 -2.2313e+00 +1.7946e+00 -1.1843e+00 +1.3147e+00 -1.1478e+00
1710 +1.431258869e+02 +1.431258869e+02 -1.568941131e+02 -1.568941131e+02 -2.5445e-01 +5.6358e-01 -2.5764e+00 -2.5048e+00 +8.9507e-02 -2.4356e+00 +2.1774e+00 -1.2121e+00 +1.1711e+00 -1.1279e+00
2086 +9.930942848e+01 +9.930942848e+01 -2.007105715e+02 -2.007105715e+02 -2.0246e-01 +5.0390e-01 -2.5029e+00 -2.4310e+00 +2.2886e-01 -2.2897e+00 +1.9396e+00 -9.9001e-01 +1.0525e+00 -1.2114e+00
2510 +6.282439940e+01 +6.282439940e+01 -2.371956006e+02 -2.371956006e+02 -2.3069e-01 +5.2164e-01 -2.1689e+00 -2.6871e+00 +1.8762e-01 -2.2071e+00 +1.9206e+00 -9.4831e-01 +1.0266e+00 -9.7585e-01
3598 +3.958699855e+01 +3.958699855e+01 -2.604330014e+02 -2.604330014e+02 -2.8456e-01 +4.7848e-01 -2.2294e+00 -2.8745e+00 +1.7943e-01 -2.1706e+00 +1.9236e+00 -9.8765e-01 +1.0811e+00 -1.0778e+00
4084 +2.266311392e+01 +2.266311392e+01 -2.773568861e+02 -2.773568861e+02 -2.1836e-01 +4.3848e-01 -2.1114e+00 -3.1326e+00 +1.6334e-01 -2.1057e+00 +1.8911e+00 -9.2873e-01 +1.1289e+00 -9.6070e-01
4159 +1.545573735e+01 +1.545573735e+01 -2.845642626e+02 -2.845642626e+02 -2.3780e-01 +4.3496e-01 -2.1256e+00 -3.1305e+00 +1.9418e-01 -2.0746e+00 +1.9219e+00 -8.9127e-01 +1.1455e+00 -9.6798e-01
4485 +8.794550180e+00 +8.794550180e+00 -2.912254498e+02 -2.912254498e+02 -2.1921e-01 +4.1937e-01 -2.1056e+00 -3.1385e+00 +1.7326e-01 -2.0740e+00 +1.9523e+00 -8.9406e-01 +1.1552e+00 -9.6704e-01
5070 +6.307819874e+00 +6.307819874e+00 -2.937121801e+02 -2.937121801e+02 -2.4030e-01 +4.1975e-01 -2.1035e+00 -3.1360e+00 +1.8736e-01 -2.0791e+00 +1.9633e+00 -9.0154e-01 +1.1710e+00 -9.7380e-01
7257 +3.980438271e+00 +3.980438271e+00 -2.960395617e+02 -2.960395617e+02 -2.2981e-01 +4.1454e-01 -2.1271e+00 -3.1485e+00 +1.7715e-01 -2.0808e+00 +1.9546e+00 -9.0331e-01 +1.1781e+00 -9.9615e-01
11455 +2.510378389e+00 +2.510378389e+00 -2.975096216e+02 -2.975096216e+02 -2.2541e-01 +4.1373e-01 -2.1163e+00 -3.1529e+00 +1.9193e-01 -2.0773e+00 +1.9570e+00 -9.0378e-01 +1.1780e+00 -9.9557e-01
15294 +1.576305249e+00 +1.576305249e+00 -2.984436948e+02 -2.984436948e+02 -2.2592e-01 +4.1260e-01 -2.1177e+00 -3.1545e+00 +1.9109e-01 -2.0726e+00 +1.9577e+00 -9.0009e-01 +1.1792e+00 -9.9260e-01
% function evaluation | noise-free fitness - Fopt (4.471000000000e+01) | best noise-free fitness - Fopt | measured fitness | best measured fitness | x1 | x2...
1 +1.702678290e+03 +1.702678290e+03 +1.747388290e+03 +1.747388290e+03 -1.3221e+00 -1.7054e+00 +1.7754e-01 +1.0260e+00 -2.5945e+00 -5.9906e-01 -5.1519e-02 +1.3596e+00 +7.2910e-01 +4.1990e+00
8 +1.330607696e+03 +1.330607696e+03 +1.375317696e+03 +1.375317696e+03 +2.2070e+00 -3.2705e+00 -1.0091e+00 +3.2204e+00 +2.8247e+00 -1.2365e+00 +3.8092e+00 +2.2380e-01 -5.0965e-01 +1.6459e+00
217 +8.416867312e+02 +8.416867312e+02 +8.863967312e+02 +8.863967312e+02 +1.7814e+00 +4.9446e-01 -4.5808e-01 +3.4943e+00 +5.0160e-01 -1.6957e+00 -8.7379e-01 -3.9535e+00 -6.2438e-01 +1.4754e+00
454 +6.105126939e+02 +6.105126939e+02 +6.552226939e+02 +6.552226939e+02 +3.0860e+00 -2.0692e-01 -6.3855e-01 +1.9880e+00 +1.2792e+00 -1.4603e+00 -9.0068e-01 -2.9480e+00 -4.2086e-01 +1.5192e+00
1103 +3.715384282e+02 +3.715384282e+02 +4.162484282e+02 +4.162484282e+02 +2.6757e+00 -1.4533e+00 +1.7419e+00 -3.1920e-01 +2.1561e+00 -2.9557e+00 +1.3808e+00 -2.4952e+00 +7.0005e-01 +2.3789e+00
1401 +2.489206193e+02 +2.489206193e+02 +2.936306193e+02 +2.936306193e+02 +9.3344e-01 -1.1484e+00 +7.2626e-01 -7.0858e-01 +1.2015e+00 -3.1706e+00 +4.0580e-01 -3.0949e+00 -1.2616e+00 +3.1449e+00
1821 +1.584847569e+02 +1.584847569e+02 +2.031947569e+02 +2.031947569e+02 +1.3690e+00 -1.6007e+00 +6.5354e-01 -7.1238e-01 +1.1762e+00 -2.9236e+00 +7.9970e-01 -3.0435e+00 -1.3547e+00 +3.2898e+00
2226 +8.527990095e+01 +8.527990095e+01 +1.299899010e+02 +1.299899010e+02 +1.7811e+00 -1.5609e+00 +1.0306e+00 -6.9672e-01 +1.5393e+00 -3.2352e+00 +8.3728e-01 -3.1393e+00 -1.1878e+00 +3.6290e+00
2473 +6.097109123e+01 +6.097109123e+01 +1.056810912e+02 +1.056810912e+02 +1.7889e+00 -1.5095e+00 +1.1205e+00 -5.3552e-01 +1.6421e+00 -3.2194e+00 +9.7703e-01 -3.1740e+00 -1.1236e+00 +3.7826e+00
3039 +3.836520984e+01 +3.836520984e+01 +8.307520984e+01 +8.307520984e+01 +1.6609e+00 -1.6241e+00 +1.2475e+00 -6.4325e-01 +1.7295e+00 -3.2481e+00 +1.0342e+00 -2.9394e+00 -1.1970e+00 +3.8620e+00
4417 +2.495551324e+01 +2.495551324e+01 +6.966551324e+01 +6.966551324e+01 +1.6316e+00 -1.5998e+00 +1.1851e+00 -6.3672e-01 +1.6936e+00 -3.1683e+00 +9.8638e-01 -2.9366e+00 -1.2399e+00 +3.8826e+00
% function evaluation | noise-free fitness - Fopt (-1.000000000000e+03) | best noise-free fitness - Fopt | measured fitness | best measured fitness | x1 | x2...
1 +2.034515017e+03 +2.034515017e+03 +1.034515017e+03 +1.034515017e+03 -9.4009e-01 +4.3260e+00 +4.9505e+00 +2.2326e+00 +2.4445e+00 +1.0867e+00 +1.7383e+00 +4.8844e+00 -2.7665e+00 -3.4118e+00
21 +1.007268914e+03 +1.007268914e+03 +7.268913757e+00 +7.268913757e+00 -2.8927e+00 +2.2394e-02 -5.3959e-01 -1.3699e+00 +3.0264e+00 -3.9443e+00 +2.8707e+00 -2.6683e+00 -1.0359e+00 -2.8309e-01
71 +9.067618688e+02 +9.067618688e+02 -9.323813117e+01 -9.323813117e+01 -8.2069e-01 +3.8215e+00 +4.6091e+00 -4.6606e+00 +4.2401e+00 -6.9226e-01 +4.9361e+00 -3.9973e+00 -3.3335e-01 +6.4828e-02
252 +6.086329478e+02 +6.086329478e+02 -3.913670522e+02 -3.913670522e+02 -1.0235e+00 +1.6838e+00 +1.0593e+00 -3.7003e+00 +1.9819e+00 -4.3792e+00 +3.8453e+00 -2.0308e+00 +9.2906e-02 -1.7777e+00
580 +3.069257090e+02 +3.069257090e+02 -6.930742910e+02 -6.930742910e+02 -2.4082e+00 +3.3773e+00 +3.0870e+00 -3.4552e+00 +2.8294e+00 -5.0000e+00 +2.3324e+00 -1.6086e+00 -3.9679e-01 -6.1813e-01
832 +2.242478458e+02 +2.242478458e+02 -7.757521542e+02 -7.757521542e+02 -2.3861e+00 +2.9687e+00 +3.0745e+00 -3.4157e+00 +2.8234e+00 -5.0000e+00 +2.2166e+00 -1.3745e+00 -7.5003e-01 -7.3950e-01
1153 +1.577151886e+02 +1.577151886e+02 -8.422848114e+02 -8.422848114e+02 -2.4516e+00 +3.0375e+00 +3.1845e+00 -3.4642e+00 +2.7628e+00 -4.5093e+00 +2.1961e+00 -1.3415e+00 -9.8156e-01 -6.3237e-01
1567 +9.797263036e+01 +9.797263036e+01 -9.020273696e+02 -9.020273696e+02 -2.4738e+00 +2.6309e+00 +3.0338e+00 -3.4681e+00 +2.7640e+00 -4.2721e+00 +2.2576e+00 -1.4094e+00 -1.3983e+00 -8.3360e-01
1886 +5.949180002e+01 +5.949180002e+01 -9.405082000e+02 -9.405082000e+02 -2.3453e+00 +2.4471e+00 +3.2032e+00 -3.5273e+00 +3.0093e+00 -4.2493e+00 +2.1616e+00 -1.3452e+00 -1.2279e+00 -1.1242e+00
2712 +3.917033638e+01 +3.917033638e+01 -9.608296636e+02 -9.608296636e+02 -2.2538e+00 +2.3907e+00 +3.2624e+00 -3.5142e+00 +3.0410e+00 -4.1580e+00 +2.3146e+00 -1.3778e+00 -1.3604e+00 -1.1736e+00
3324 +2.462821563e+01 +2.462821563e+01 -9.753717844e+02 -9.753717844e+02 -2.2233e+00 +2.3294e+00 +3.3187e+00 -3.4754e+00 +3.0332e+00 -4.1504e+00 +2.3519e+00 -1.3920e+00 -1.3348e+00 -1.1272e+00
3688 +1.565142876e+01 +1.565142876e+01 -9.843485712e+02 -9.843485712e+02 -2.2377e+00 +2.2953e+00 +3.3431e+00 -3.4820e+00 +3.0188e+00 -4.1698e+00 +2.3604e+00 -1.3493e+00 -1.3804e+00 -1.0943e+00
4267 +8.424480996e+00 +8.424480996e+00 -9.915755190e+02 -9.915755190e+02 -2.2542e+00 +2.2546e+00 +3.3605e+00 -3.4431e+00 +3.0279e+00 -4.1503e+00 +2.4016e+00 -1.3619e+00 -1.3916e+00 -1.0807e+00
4453 +6.171509152e+00 +6.171509152e+00 -9.938284908e+02 -9.938284908e+02 -2.2359e+00 +2.2518e+00 +3.3656e+00 -3.4420e+00 +3.0217e+00 -4.1506e+00 +2.4173e+00 -1.3549e+00 -1.3985e+00 -1.0650e+00
5892 +3.371338502e+00 +3.371338502e+00 -9.966286615e+02 -9.966286615e+02 -2.2400e+00 +2.2586e+00 +3.3874e+00 -3.4484e+00 +3.0205e+00 -4.1429e+00 +2.4155e+00 -1.3449e+00 -1.3880e+00 -1.0466e+00
8528 +2.502871800e+00 +2.502871800e+00 -9.974971282e+02 -9.974971282e+02 -2.2378e+00 +2.2579e+00 +3.3870e+00 -3.4498e+00 +3.0218e+00 -4.1442e+00 +2.4176e+00 -1.3429e+00 -1.3886e+00 -1.0475e+00
12060 +1.584201467e+00 +1.584201467e+00 -9.984157985e+02 -9.984157985e+02 -2.2332e+00 +2.2554e+00 +3.3865e+00 -3.4509e+00 +3.0250e+00 -4.1441e+00 +2.4176e+00 -1.3419e+00 -1.3870e+00 -1.0482e+00
15738 +9.999839253e-01 +9.999839253e-01 -9.990000161e+02 -9.990000161e+02 -2.2315e+00 +2.2523e+00 +3.3879e+00 -3.4518e+00 +3.0266e+00 -4.1428e+00 +2.4173e+00 -1.3423e+00 -1.3874e+00 -1.0505e+00
% function evaluation | noise-free fitness - Fopt (3.042000000000e+02) | best noise-free fitness - Fopt | measured fitness | best measured fitness | x1 | x2...
1 +2.762172450e+03 +2.762172450e+03 +3.066372450e+03 +3.066372450e+03 +6.6382e-01 +1.0320e-01 -2.4291e+00 +6.9051e-01 +2.7563e+00 +3.8733e+00 +7.8661e-01 +3.9522e+00 -9.5188e-02 +2.2613e+00
3 +1.971385415e+03 +1.971385415e+03 +2.275585415e+03 +2.275585415e+03 -4.2480e-01 -1.7045e+00 +1.1620e+00 +2.6568e+00 +1.6621e+00 +1.3465e+00 -4.9296e+00 +3.0262e+00 +7.8085e-01 +4.6943e+00
12 +1.377716689e+03 +1.377716689e+03 +1.681916689e+03 +1.681916689e+03 -2.2240e+00 +4.5442e+00 +3.9994e+00 +3.7713e+00 -1.5597e+00 +4.2758e+00 -3.4491e+00 -2.5115e+00 +2.2320e+00 +4.4191e+00
183 +9.692014839e+02 +9.692014839e+02 +1.273401484e+03 +1.273401484e+03 -5.0000e+00 +4.7125e+00 +2.6842e+00 -5.0751e-01 -3.5073e+00 +2.2218e+00 -3.6151e+00 -1.9926e+00 +1.5152e-01 +4.9342e+00
313 +5.553865587e+02 +5.553865587e+02 +8.595865587e+02 +8.595865587e+02 -3.2637e+00 +4.0231e+00 +2.5373e+00 -6.3115e-01 -2.7128e+00 -5.1635e-02 -3.7904e+00 -1.6985e+00 -1.9824e-01 +4.9853e+00
661 +3.618945142e+02 +3.618945142e+02 +6.660945142e+02 +6.660945142e+02 -2.5669e+00 +2.8803e+00 +1.3571e+00 -1.2569e+00 -2.3263e+00 -1.4294e+00 -4.1159e+00 -1.7652e+00 +1.4140e+00 +2.5381e+00
1053 +2.510325207e+02 +2.510325207e+02 +5.552325207e+02 +5.552325207e+02 -2.0406e+00 +3.6787e+00 +2.3769e-02 -1.2359e+00 -2.5669e+00 +1.1733e-01 -2.6656e+00 -2.6557e+00 +1.9289e+00 +3.3310e+00
1308 +1.580268606e+02 +1.580268606e+02 +4.622268606e+02 +4.622268606e+02 -2.2799e+00 +3.5392e+00 +2.2031e-01 -1.4266e+00 -2.2845e+00 -1.5631e-01 -2.8330e+00 -2.6126e+00 +1.7468e+00 +3.5246e+00
1479 +9.260040049e+01 +9.260040049e+01 +3.968004005e+02 +3.968004005e+02 -2.3828e+00 +3.3715e+00 +1.7157e-01 -1.5555e+00 -2.3599e+00 -3.5549e-01 -3.1126e+00 -2.2357e+00 +1.6952e+00 +3.4104e+00
1656 +5.475434812e+01 +5.475434812e+01 +3.589543481e+02 +3.589543481e+02 -2.6000e+00 +3.2650e+00 +5.7236e-01 -1.4869e+00 -2.1895e+00 -3.7609e-01 -3.5014e+00 -2.0510e+00 +1.3746e+00 +3.4451e+00
2405 +3.884712925e+01 +3.884712925e+01 +3.430471293e+02 +3.430471293e+02 -2.6229e+00 +3.3113e+00 +4.5175e-01 -1.5232e+00 -2.1824e+00 -4.0295e-01 -3.4746e+00 -2.0433e+00 +1.4106e+00 +3.4784e+00
2760 +2.398382100e+01 +2.398382100e+01 +3.281838210e+02 +3.281838210e+02 -2.6234e+00 +3.3126e+00 +3.0150e-01 -1.4486e+00 -2.2208e+00 -4.5125e-01 -3.5266e+00 -2.1031e+00 +1.4135e+00 +3.5448e+00
3385 +1.558640767e+01 +1.558640767e+01 +3.197864077e+02 +3.197864077e+02 -2.5859e+00 +3.3422e+00 +2.4922e-01 -1.4561e+00 -2.1974e+00 -4.5221e-01 -3.5346e+00 -2.0899e+00 +1.4366e+00 +3.5555e+00
3857 +9.630080411e+00 +9.630080411e+00 +3.138300804e+02 +3.138300804e+02 -2.5659e+00 +3.4008e+00 +2.3407e-01 -1.4553e+00 -2.1950e+00 -4.3840e-01 -3.6001e+00 -2.1252e+00 +1.4516e+00 +3.5728e+00
4631 +6.055155487e+00 +6.055155487e+00 +3.102551555e+02 +3.102551555e+02 -2.5471e+00 +3.3895e+00 +2.1915e-01 -1.4933e+00 -2.2188e+00 -4.4280e-01 -3.6152e+00 -2.1280e+00 +1.4777e+00 +3.5624e+00
5221 +3.815674337e+00 +3.815674337e+00 +3.080156743e+02 +3.080156743e+02 -2.5459e+00 +3.3920e+00 +2.1634e-01 -1.4907e+00 -2.2034e+00 -4.2744e-01 -3.6098e+00 -2.1438e+00 +1.4923e+00 +3.5570e+00
9993 +2.511753606e+00 +2.511753606e+00 +3.067117536e+02 +3.067117536e+02 -2.5439e+00 +3.3925e+00 +2.1464e-01 -1.4925e+00 -2.2084e+00 -4.3119e-01 -3.6063e+00 -2.1421e+00 +1.4939e+00 +3.5576e+00
14576 +1.584622143e+00 +1.584622143e+00 +3.057846221e+02 +3.057846221e+02 -2.5434e+00 +3.3897e+00 +2.1572e-01 -1.4932e+00 -2.2107e+00 -4.3405e-01 -3.6028e+00 -2.1436e+00 +1.4954e+00 +3.5536e+00
% function evaluation | noise-free fitness - Fopt (-1.046700000000e+02) | best noise-free fitness - Fopt | measured fitness | best measured fitness | x1 | x2...
1 +1.663955249e+03 +1.663955249e+03 +1.559285249e+03 +1.559285249e+03 -3.0582e+00 -4.5941e+00 -2.9005e+00 +1.9755e+00 +2.7626e+00 -1.6070e+00 +2.9585e-01 +4.9298e+00 -7.0522e-01 -4.6028e+00
14 +1.346244359e+03 +1.346244359e+03 +1.241574359e+03 +1.241574359e+03 +2.7570e+00 +1.1374e+00 -8.9954e-01 +2.6544e+00 +4.0394e+00 -2.0289e+00 -1.1282e+00 -2.0179e-02 +6.0940e-01 -2.6633e+00
166 +9.496401826e+02 +9.496401826e+02 +8.449701826e+02 +8.449701826e+02 -1.3648e+00 -1.0066e+00 +1.1799e+00 -1.3963e+00 +1.2017e+00 -2.5206e-01 -2.2645e+00 -1.1058e+00 -6.0475e-02 -2.9803e+00
371 +5.889054524e+02 +5.889054524e+02 +4.842354524e+02 +4.842354524e+02 -5.0000e+00 -9.1163e-01 -5.1070e-01 -1.0703e+00 +4.2311e+00 -2.5072e+00 -4.1467e+00 +2.9143e+00 +4.1488e-01 -9.6125e-01
707 +3.977591408e+02 +3.977591408e+02 +2.930891408e+02 +2.930891408e+02 -3.8447e+00 -2.6456e-01 -1.5535e+00 -2.1056e+00 +3.1726e+00 -2.0519e+00 -2.5300e+00 +3.1590e+00 -4.7900e-01 -1.1809e+00
1222 +2.511339267e+02 +2.511339267e+02 +1.464639267e+02 +1.464639267e+02 -3.8027e+00 +3.6917e-01 -1.1802e+00 -2.0373e+00 +3.1132e+00 -1.6556e+00 -2.4400e+00 +2.9124e+00 -4.1462e-01 -8.7278e-01
1713 +1.577272086e+02 +1.577272086e+02 +5.305720858e+01 +5.305720858e+01 -3.5663e+00 +7.3615e-01 -1.1789e+00 -1.9811e+00 +3.4614e+00 -1.7417e+00 -2.7539e+00 +2.2528e+00 +4.2940e-03 -7.8560e-01
2507 +9.703854404e+01 +9.703854404e+01 -7.631455957e+00 -7.631455957e+00 -3.9048e+00 +8.3154e-01 -1.5519e+00 -2.3086e+00 +3.6760e+00 -1.7511e+00 -2.7888e+00 +2.5393e+00 +2.9922e-01 -7.2186e-01
3085 +6.300413224e+01 +6.300413224e+01 -4.166586776e+01 -4.166586776e+01 -3.8633e+00 +9.1901e-01 -1.7742e+00 -2.5270e+00 +3.5959e+00 -1.7601e+00 -2.6922e+00 +2.3835e+00 +2.3445e-01 -7.7526e-01
4627 +3.887759779e+01 +3.887759779e+01 -6.579240221e+01 -6.579240221e+01 -3.9235e+00 +9.9772e-01 -1.9011e+00 -2.7499e+00 +3.6494e+00 -1.7262e+00 -2.7104e+00 +2.3259e+00 +2.5424e-01 -6.1202e-01
5676 +2.509219193e+01 +2.509219193e+01 -7.957780807e+01 -7.957780807e+01 -3.9875e+00 +9.7942e-01 -1.9457e+00 -2.7689e+00 +3.6419e+00 -1.7332e+00 -2.7203e+00 +2.3860e+00 +2.4574e-01 -6.2830e-01
% function evaluation | noise-free fitness - Fopt (4.869500000000e+02) | best noise-free fitness - Fopt | measured fitness | best measured fitness | x1 | x2...
1 +2.974490522e+03 +2.974490522e+03 +3.461440522e+03 +3.461440522e+03 -2.8857e-01 +4.8945e+00 -4.3445e+00 -3.8421e+00 +2.8254e+00 -4.1587e+00 +2.8019e+00 +3.6414e+00 +4.2240e+00 +4.6561e-01
2 +2.171227624e+03 +2.171227624e+03 +2.658177624e+03 +2.658177624e+03 -4.8716e+00 -3.0881e-01 -3.2592e-01 -1.9562e+00 +6.6141e-02 +4.4456e+00 +4.1094e+00 +2.5678e+00 -3.7749e+00 +3.0096e+00
3 +1.144294010e+03 +1.144294010e+03 +1.631244010e+03 +1.631244010e+03 -2.3032e+00 -2.3070e+00 -2.1973e+00 +7.9004e-01 -3.6029e+00 +2.3939e+00 +2.4148e+00 -9.7693e-01 +8.0649e-01 -4.4560e+00
84 +8.128991483e+02 +8.128991483e+02 +1.299849148e+03 +1.299849148e+03 -2.4329e+00 +2.6125e-01 +2.4233e+00 -3.9522e-01 -2.5274e+00 -7.2407e-02 -2.2449e-01 -3.6470e-01 +1.9007e+00 -1.3650e+00
242 +6.261430367e+02 +6.261430367e+02 +1.113093037e+03 +1.113093037e+03 -2.2494e+00 +6.3073e-01 +2.3091e+00 -2.2223e+00 -3.8301e+00 +2.8049e+00 +1.3317e-01 -1.0064e+00 -8.6069e-02 -8.9521e-01
725 +3.747311230e+02 +3.747311230e+02 +8.616811230e+02 +8.616811230e+02 -2.1687e+00 +1.6079e+00 -4.3025e-01 -1.4625e+00 -3.6588e+00 +3.9257e+00 -1.1740e+00 -9.9401e-01 +8.6451e-01 -2.0285e+00
1283 +2.431997547e+02 +2.431997547e+02 +7.301497547e+02 +7.301497547e+02 -2.3962e+00 +1.0285e+00 -6.6464e-01 -1.6354e+00 -3.6805e+00 +3.4386e+00 -1.0435e+00 -1.3358e+00 +3.6985e-01 -1.9407e+00
1785 +1.533405422e+02 +1.533405422e+02 +6.402905422e+02 +6.402905422e+02 -2.6771e+00 +5.9647e-01 -6.4569e-01 -1.8690e+00 -3.8915e+00 +3.6963e+00 -1.0897e+00 -1.2370e+00 +3.7272e-02 -1.9219e+00
2217 +9.888379220e+01 +9.888379220e+01 +5.858337922e+02 +5.858337922e+02 -2.8188e+00 +6.3588e-01 -1.1524e+00 -2.0378e+00 -3.8997e+00 +4.1564e+00 -1.0796e+00 -1.5371e+00 -1.3631e-01 -2.0795e+00
2546 +6.183301879e+01 +6.183301879e+01 +5.487830188e+02 +5.487830188e+02 -2.9113e+00 +6.0092e-01 -1.3151e+00 -2.1785e+00 -3.9176e+00 +4.2707e+00 -1.1465e+00 -1.3524e+00 -2.3318e-01 -2.1772e+00
2774 +3.972267364e+01 +3.972267364e+01 +5.266726736e+02 +5.266726736e+02 -2.8907e+00 +6.4400e-01 -1.2324e+00 -2.3399e+00 -3.8556e+00 +4.3262e+00 -1.2114e+00 -1.2226e+00 -3.6057e-01 -2.2011e+00
3336 +2.510108100e+01 +2.510108100e+01 +5.120510810e+02 +5.120510810e+02 -2.9858e+00 +5.9561e-01 -1.2469e+00 -2.3748e+00 -3.8309e+00 +4.2636e+00 -1.2799e+00 -1.1667e+00 -4.4609e-01 -2.1807e+00
4437 +1.571850254e+01 +1.571850254e+01 +5.026685025e+02 +5.026685025e+02 -3.0157e+00 +5.8414e-01 -1.2808e+00 -2.3618e+00 -3.8605e+00 +4.2755e+00 -1.2958e+00 -1.2118e+00 -4.9970e-01 -2.2204e+00
% function evaluation | noise-free fitness - Fopt (9.655000000000e+01) | best noise-free fitness - Fopt | measured fitness | best measured fitness | x1 | x2...
1 +2.340664297e+03 +2.340664297e+03 +2.437214297e+03 +2.437214297e+03 -1.9683e+00 +1.8566e+00 +2.1592e+00 +5.1685e-02 +1.0206e+00 -1.9639e-01 +4.1475e+00 -5.6765e-01 -1.7385e+00 +3.7573e+00
4 +1.502178955e+03 +1.502178955e+03 +1.598728955e+03 +1.598728955e+03 +1.7309e+00 +8.6821e-01 -2.9138e+00 +4.6979e+00 +2.8489e+00 -1.7829e+00 -3.8818e+00 -2.1354e+00 -3.7574e-01 -3.5490e+00
92 +7.910342269e+02 +7.910342269e+02 +8.875842269e+02 +8.875842269e+02 +2.0298e+00 -5.9539e-01 -1.2109e+00 +4.0548e+00 +3.2895e+00 -2.0728e+00 -3.4846e+00 -2.1867e-01 +4.3157e+00 -1.6627e+00
348 +6.258667504e+02 +6.258667504e+02 +7.224167504e+02 +7.224167504e+02 +3.5729e+00 +2.6364e+00 +2.0091e-01 +2.0183e+00 +3.7181e+00 -4.5397e+00 -3.4577e+00 -2.3762e+00 +3.3406e+00 +3.1187e-01
694 +3.688574071e+02 +3.688574071e+02 +4.654074071e+02 +4.654074071e+02 +3.2721e+00 +2.5149e+00 -1.0972e+00 +2.0598e+00 +2.2426e+00 -3.7998e+00 -3.8970e+00 -1.1526e+00 +4.1866e+00 +1.2454e+00
1142 +2.448343545e+02 +2.448343545e+02 +3.413843545e+02 +3.413843545e+02 +3.2075e+00 +2.5763e+00 -1.6153e+00 +2.3150e+00 +2.2781e+00 -3.6834e+00 -3.5764e+00 -1.5628e+00 +3.8527e+00 +1.7491e+00
1505 +1.566027642e+02 +1.566027642e+02 +2.531527642e+02 +2.531527642e+02 +2.7756e+00 +2.5336e+00 -1.8570e+00 +2.2956e+00 +2.5555e+00 -3.4744e+00 -3.4483e+00 -1.4787e+00 +3.5021e+00 +1.6327e+00
1913 +9.897414268e+01 +9.897414268e+01 +1.955241427e+02 +1.955241427e+02 +2.5095e+00 +2.8206e+00 -2.0553e+00 +1.9666e+00 +2.6154e+00 -3.6051e+00 -3.4659e+00 -1.2646e+00 +3.2018e+00 +1.8651e+00
2176 +5.860272771e+01 +5.860272771e+01 +1.551527277e+02 +1.551527277e+02 +2.2098e+00 +3.0902e+00 -2.1469e+00 +2.0718e+00 +2.6226e+00 -3.4218e+00 -3.4706e+00 -1.0881e+00 +3.2535e+00 +1.6694e+00
2602 +3.741529807e+01 +3.741529807e+01 +1.339652981e+02 +1.339652981e+02 +2.3220e+00 +3.1284e+00 -2.1873e+00 +2.0759e+00 +2.6139e+00 -3.3830e+00 -3.2299e+00 -1.1127e+00 +3.0681e+00 +1.7117e+00
2867 +2.487131859e+01 +2.487131859e+01 +1.214213186e+02 +1.214213186e+02 +2.3151e+00 +3.2126e+00 -2.1279e+00 +2.1417e+00 +2.5279e+00 -3.3629e+00 -3.2773e+00 -1.0835e+00 +3.1195e+00 +1.6335e+00
3561 +1.495450699e+01 +1.495450699e+01 +1.115045070e+02 +1.115045070e+02 +2.2682e+00 +3.2136e+00 -2.1453e+00 +2.1939e+00 +2.4831e+00 -3.3122e+00 -3.2607e+00 -1.0642e+00 +3.0615e+00 +1.6764e+00
3925 +9.265636428e+00 +9.265636428e+00 +1.058156364e+02 +1.058156364e+02 +2.2479e+00 +3.2426e+00 -2.1189e+00 +2.1874e+00 +2.4545e+00 -3.3057e+00 -3.2633e+00 -1.0219e+00 +3.0561e+00 +1.6945e+00
4261 +6.280379599e+00 +6.280379599e+00 +1.028303796e+02 +1.028303796e+02 +2.2640e+00 +3.2698e+00 -2.1344e+00 +2.1864e+00 +2.4672e+00 -3.3052e+00 -3.2571e+00 -1.0178e+00 +3.0382e+00 +1.7103e+00
5152 +3.487967563e+00 +3.487967563e+00 +1.000379676e+02 +1.000379676e+02 +2.2295e+00 +3.2644e+00 -2.1106e+00 +2.1716e+00 +2.4668e+00 -3.2793e+00 -3.2585e+00 -9.9179e-01 +3.0284e+00 +1.7287e+00
8518 +2.507335144e+00 +2.507335144e+00 +9.905733514e+01 +9.905733514e+01 +2.2293e+00 +3.2682e+00 -2.1152e+00 +2.1714e+00 +2.4677e+00 -3.2793e+00 -3.2599e+00 -9.9346e-01 +3.0265e+00 +1.7295e+00
12357 +1.582606462e+00 +1.582606462e+00 +9.813260646e+01 +9.813260646e+01 +2.2285e+00 +3.2724e+00 -2.1191e+00 +2.1706e+00 +2.4655e+00 -3.2788e+00 -3.2606e+00 -9.9295e-01 +3.0243e+00 +1.7289e+00
15349 +9.978868594e-01 +9.978868594e-01 +9.754788686e+01 +9.754788686e+01 +2.2274e+00 +3.2767e+00 -2.1213e+00 +2.1713e+00 +2.4645e+00 -3.2781e+00 -3.2603e+00 -9.9180e-01 +3.0230e+00 +1.7287e+00
17111 +6.199174269e-01 +6.199174269e-01 +9.716991743e+01 +9.716991743e+01 +2.2258e+00 +3.2782e+00 -2.1210e+00 +2.1718e+00 +2.4627e+00 -3.2777e+00 -3.2597e+00 -9.9078e-01 +3.0216e+00 +1.7291e+00
18274 +3.833298915e-01 +3.833298915e-01 +9.693332989e+01 +9.693332989e+01 +2.2253e+00 +3.2800e+00 -2.1206e+00 +2.1711e+00 +2.4623e+00 -3.2776e+00 -3.2594e+00 -9.9014e-01 +3.0208e+00 +1.7292e+00
19449 +2.463428461e-01 +2.463428461e-01 +9.679634285e+01 +9.679634285e+01 +2.2251e+00 +3.2809e+00 -2.1208e+00 +2.1715e+00 +2.4615e+00 -3.2778e+00 -3.2594e+00 -9.9006e-01 +3.0204e+00 +1.7299e+00
20152 +1.488532982e-01 +1.488532982e-01 +9.669885330e+01 +9.669885330e+01 +2.2248e+00 +3.2818e+00 -2.1203e+00 +2.1711e+00 +2.4611e+00 -3.2777e+00 -3.2594e+00 -9.8995e-01 +3.0202e+00 +1.7300e+00
20515 +9.892380149e-02 +9.892380149e-02 +9.664892380e+01 +9.664892380e+01 +2.2249e+00 +3.2819e+00 -2.1205e+00 +2.1713e+00 +2.4612e+00 -3.2773e+00 -3.2593e+00 -9.8975e-01 +3.0201e+00 +1.7301e+00
20803 +6.061583319e-02 +6.061583319e-02 +9.661061583e+01 +9.661061583e+01 +2.2247e+00 +3.2823e+00 -2.1204e+00 +2.1710e+00 +2.4612e+00 -3.2771e+00 -3.2593e+00 -9.8976e-01 +3.0200e+00 +1.7304e+00
22050 +3.474132244e-02 +3.474132244e-02 +9.658474132e+01 +9.658474132e+01 +2.2248e+00 +3.2825e+00 -2.1203e+00 +2.1711e+00 +2.4613e+00 -3.2772e+00 -3.2591e+00 -9.8970e-01 +3.0197e+00 +1.7304e+00
22885 +2.478825324e-02 +2.478825324e-02 +9.657478825e+01 +9.657478825e+01 +2.2249e+00 +3.2826e+00 -2.1203e+00 +2.1710e+00 +2.4613e+00 -3.2773e+00 -3.2591e+00 -9.8964e-01 +3.0198e+00 +1.7303e+00
25547 +1.576772813e-02 +1.576772813e-02 +9.656576773e+01 +9.656576773e+01 +2.2249e+00 +3.2826e+00 -2.1203e+00 +2.1710e+00 +2.4613e+00 -3.2772e+00 -3.2592e+00 -9.8966e-01 +3.0198e+00 +1.7303e+00
27732 +9.969730419e-03 +9.969730419e-03 +9.655996973e+01 +9.655996973e+01 +2.2249e+00 +3.2826e+00 -2.1203e+00 +2.1711e+00 +2.4613e+00 -3.2772e+00 -3.2592e+00 -9.8967e-01 +3.0198e+00 +1.7303e+00
29691 +6.299161342e-03 +6.299161342e-03 +9.655629916e+01 +9.655629916e+01 +2.2249e+00 +3.2826e+00 -2.1202e+00 +2.1711e+00 +2.4613e+00 -3.2772e+00 -3.2591e+00 -9.8967e-01 +3.0198e+00 +1.7303e+00
30759 +3.973337149e-03 +3.973337149e-03 +9.655397334e+01 +9.655397334e+01 +2.2249e+00 +3.2826e+00 -2.1202e+00 +2.1711e+00 +2.4613e+00 -3.2772e+00 -3.2591e+00 -9.8967e-01 +3.0198e+00 +1.7303e+00
31973 +2.443029237e-03 +2.443029237e-03 +9.655244303e+01 +9.655244303e+01 +2.2249e+00 +3.2826e+00 -2.1202e+00 +2.1711e+00 +2.4613e+00 -3.2772e+00 -3.2591e+00 -9.8966e-01 +3.0198e+00 +1.7303e+00
% function evaluation | noise-free fitness - Fopt (6.320000000000e+00) | best noise-free fitness - Fopt | measured fitness | best measured fitness | x1 | x2...
1 +2.337001956e+03 +2.337001956e+03 +2.343321956e+03 +2.343321956e+03 -1.2330e+00 +4.2467e-02 +5.5607e-01 -2.3027e+00 +4.8697e+00 -3.0712e+00 -1.0412e+00 +2.4148e+00 -3.9805e+00 -3.7362e+00
5 +1.553972715e+03 +1.553972715e+03 +1.560292715e+03 +1.560292715e+03 +2.0690e+00 +2.0857e+00 +9.8605e-01 -6.5707e-02 +1.1350e+00 +2.7849e+00 +1.9868e+00 -1.9124e+00 +2.7191e+00 +4.5415e+00
10 +9.287289142e+02 +9.287289142e+02 +9.350489142e+02 +9.350489142e+02 +3.0183e+00 +4.9963e-01 +4.0209e+00 -1.3123e+00 +1.7163e+00 +1.5056e+00 +4.9685e-01 +3.9153e-01 -3.2453e+00 +9.8913e-01
261 +6.166595318e+02 +6.166595318e+02 +6.229795318e+02 +6.229795318e+02 +4.0544e+00 -3.4722e+00 +7.1435e-01 -2.0935e+00 -1.2219e+00 +1.7694e+00 +4.4634e+00 +2.5970e+00 -2.3235e+00 -1.3452e+00
770 +3.980981553e+02 +3.980981553e+02 +4.044181553e+02 +4.044181553e+02 +4.2195e+00 -2.6889e+00 +2.6669e+00 -3.3076e+00 -8.4939e-01 +4.0318e+00 +4.5436e+00 +3.2268e+00 -2.0563e+00 -5.5517e-01
1208 +2.489894502e+02 +2.489894502e+02 +2.553094502e+02 +2.553094502e+02 +4.0465e+00 -2.8209e+00 +3.0221e+00 -3.1421e+00 -9.4606e-01 +3.6229e+00 +4.7974e+00 +2.7394e+00 -2.4545e+00 +3.2896e-01
1626 +1.545496640e+02 +1.545496640e+02 +1.608696640e+02 +1.608696640e+02 +3.8070e+00 -2.9614e+00 +2.9958e+00 -2.9611e+00 -1.2656e+00 +2.7934e+00 +4.7766e+00 +2.3441e+00 -2.6858e+00 +6.3628e-01
2061 +9.940336782e+01 +9.940336782e+01 +1.057233678e+02 +1.057233678e+02 +3.8066e+00 -2.6953e+00 +3.0198e+00 -2.4984e+00 -1.3009e+00 +2.8676e+00 +4.8787e+00 +2.2043e+00 -2.7138e+00 +6.2263e-01
2328 +5.896038924e+01 +5.896038924e+01 +6.528038924e+01 +6.528038924e+01 +3.7834e+00 -2.6521e+00 +2.9133e+00 -2.3895e+00 -1.2870e+00 +2.5624e+00 +4.7947e+00 +2.1114e+00 -2.9425e+00 +7.3634e-01
3478 +3.941865891e+01 +3.941865891e+01 +4.573865891e+01 +4.573865891e+01 +3.7594e+00 -2.5921e+00 +2.9167e+00 -2.3659e+00 -1.3790e+00 +2.5350e+00 +4.8443e+00 +2.0796e+00 -2.9372e+00 +7.9032e-01
4168 +2.458861037e+01 +2.458861037e+01 +3.090861037e+01 +3.090861037e+01 +3.7317e+00 -2.5546e+00 +2.8718e+00 -2.3111e+00 -1.4310e+00 +2.5049e+00 +4.8323e+00 +2.0373e+00 -2.9820e+00 +8.7511e-01
% function evaluation | noise-free fitness - Fopt (-1.275100000000e+02) | best noise-free fitness - Fopt | measured fitness | best measured fitness | x1 | x2...
1 +3.092890007e+03 +3.092890007e+03 +2.965380007e+03 +2.965380007e+03 -7.0267e-01 +1.4500e+00 -2.9770e+00 -1.8154e+00 -3.1641e+00 -4.1610e+00 -4.7632e+00 +2.1068e+00 -1.8163e+00 +4.1431e+00
2 +2.155495543e+03 +2.155495543e+03 +2.027985543e+03 +2.027985543e+03 +1.7727e+00 +3.3861e-01 -9.3124e-01 +3.7656e+00 -2.6230e+00 -4.6044e+00 -4.2233e-01 -4.7625e+00 +1.8411e-01 +1.1402e+00
4 +9.751162224e+02 +9.751162224e+02 +8.476062224e+02 +8.476062224e+02 -3.8782e+00 -3.2958e+00 -1.3051e+00 -9.2891e-01 +3.5509e+00 -4.5703e+00 -1.6933e+00 -2.3429e-01 -2.2897e+00 -1.6534e+00
395 +6.296712210e+02 +6.296712210e+02 +5.021612210e+02 +5.021612210e+02 -3.8131e+00 -2.9745e+00 -6.6753e-01 +3.0779e-01 +3.7269e+00 -4.6067e+00 +2.2178e+00 -8.5256e-01 +1.4751e+00 -1.5098e-01
628 +3.949549906e+02 +3.949549906e+02 +2.674449906e+02 +2.674449906e+02 -4.2950e+00 -4.3128e+00 +1.5403e+00 +1.3983e+00 +3.3240e+00 -4.0481e+00 +1.8812e+00 +1.1633e+00 -1.0186e+00 -2.5992e+00
877 +2.506509077e+02 +2.506509077e+02 +1.231409077e+02 +1.231409077e+02 -4.2718e+00 -3.7852e+00 +1.3924e+00 -5.7915e-01 +2.7306e+00 -3.1654e+00 +2.4658e+00 +1.5467e+00 -8.8582e-01 -2.5479e+00
1200 +1.559429107e+02 +1.559429107e+02 +2.843291068e+01 +2.843291068e+01 -4.4833e+00 -3.4248e+00 +1.5698e+00 -5.1909e-01 +2.8351e+00 -3.4810e+00 +2.4181e+00 +1.2105e+00 -1.0495e+00 -3.2316e+00
1613 +9.858074776e+01 +9.858074776e+01 -2.892925224e+01 -2.892925224e+01 -4.4425e+00 -3.1846e+00 +1.3422e+00 -3.9519e-01 +2.5332e+00 -3.5454e+00 +2.4575e+00 +9.6990e-01 -9.1346e-01 -2.9731e+00
1920 +4.714486119e+01 +4.714486119e+01 -8.036513881e+01 -8.036513881e+01 -4.2468e+00 -3.1980e+00 +9.7012e-01 -1.1370e-01 +2.6933e+00 -3.5819e+00 +2.1442e+00 +7.2095e-01 -7.2672e-01 -2.8193e+00
2019 +3.831678504e+01 +3.831678504e+01 -8.919321496e+01 -8.919321496e+01 -4.2705e+00 -3.2153e+00 +9.5975e-01 -1.9095e-01 +2.5786e+00 -3.5025e+00 +2.2641e+00 +8.2619e-01 -7.2155e-01 -2.7714e+00
2136 +2.423372579e+01 +2.423372579e+01 -1.032762742e+02 -1.032762742e+02 -4.2055e+00 -3.1589e+00 +8.4143e-01 -2.8799e-01 +2.6570e+00 -3.5110e+00 +2.2303e+00 +7.3546e-01 -7.7367e-01 -2.9310e+00
2475 +1.444286830e+01 +1.444286830e+01 -1.130671317e+02 -1.130671317e+02 -4.1576e+00 -3.2009e+00 +8.3170e-01 -2.4792e-01 +2.6983e+00 -3.5159e+00 +2.2340e+00 +7.1993e-01 -7.9031e-01 -2.9169e+00
3034 +9.717879453e+00 +9.717879453e+00 -1.177921205e+02 -1.177921205e+02 -4.1518e+00 -3.2065e+00 +8.3831e-01 -2.0361e-01 +2.7099e+00 -3.5019e+00 +2.2204e+00 +7.3227e-01 -7.8324e-01 -2.9318e+00
3963 +6.305084065e+00 +6.305084065e+00 -1.212049159e+02 -1.212049159e+02 -4.1336e+00 -3.1659e+00 +8.4852e-01 -1.8098e-01 +2.7323e+00 -3.4732e+00 +2.2367e+00 +7.0348e-01 -7.7354e-01 -2.8996e+00
5961 +3.963156339e+00 +3.963156339e+00 -1.235468437e+02 -1.235468437e+02 -4.1237e+00 -3.1672e+00 +8.3240e-01 -1.8246e-01 +2.7161e+00 -3.4793e+00 +2.2377e+00 +7.0545e-01 -7.7988e-01 -2.8962e+00
10093 +2.496592421e+00 +2.496592421e+00 -1.250134076e+02 -1.250134076e+02 -4.1274e+00 -3.1663e+00 +8.3369e-01 -1.8406e-01 +2.7197e+00 -3.4799e+00 +2.2352e+00 +7.0321e-01 -7.7572e-01 -2.8927e+00
14711 +1.572424618e+00 +1.572424618e+00 -1.259375754e+02 -1.259375754e+02 -4.1280e+00 -3.1646e+00 +8.3038e-01 -1.8454e-01 +2.7206e+00 -3.4798e+00 +2.2350e+00 +7.0117e-01 -7.7301e-01 -2.8880e+00
% function evaluation | noise-free fitness - Fopt (8.328000000000e+02) | best noise-free fitness - Fopt | measured fitness | best measured fitness | x1 | x2...
1 +2.990958805e+03 +2.990958805e+03 +3.823758805e+03 +3.823758805e+03 +3.8349e+00 -2.9978e+00 -4.7436e+00 +3.0874e+00 -2.5329e+00 +1.8110e+00 -1.1374e+00 +8.8900e-01 +1.6356e+00 +3.9513e+00
2 +2.377894288e+03 +2.377894288e+03 +3.210694288e+03 +3.210694288e+03 -1.9923e+00 -3.2327e+00 -2.2333e-01 +3.2352e+00 -2.3086e+00 -4.2947e-01 -1.9251e+00 -8.2324e-01 +3.0225e+00 -2.2135e-01
27 +1.562508646e+03 +1.562508646e+03 +2.395308646e+03 +2.395308646e+03 -2.6129e+00 -1.1291e+00 -2.9473e+00 -4.5244e+00 +2.7194e+00 +1.5453e+00 -3.7507e+00 +1.2289e+00 -2.9970e+00 +1.8783e+00
225 +9.905876039e+02 +9.905876039e+02 +1.823387604e+03 +1.823387604e+03 +1.9474e+00 -1.3532e+00 -1.5702e+00 -4.6988e+00 +1.9368e+00 -4.5310e+00 -2.4970e+00 -2.4725e+00 +1.1409e+00 +2.0042e+00
710 +5.307085024e+02 +5.307085024e+02 +1.363508502e+03 +1.363508502e+03 -3.1750e-01 -1.1444e+00 -2.2296e-01 -2.6705e+00 +2.7897e+00 -3.9099e+00 -1.4949e+00 -2.5602e+00 +1.2052e+00 +1.7328e+00
1303 +3.976410534e+02 +3.976410534e+02 +1.230441053e+03 +1.230441053e+03 -8.9660e-01 -7.6097e-01 -2.6718e-01 -2.2682e+00 +3.2267e+00 -4.2364e+00 -1.6530e+00 -2.4286e+00 +5.1425e-01 +1.8051e+00
2024 +2.500825548e+02 +2.500825548e+02 +1.082882555e+03 +1.082882555e+03 -1.0791e+00 -8.2119e-01 -1.9225e-01 -1.8952e+00 +3.5563e+00 -4.1315e+00 -1.9917e+00 -2.3566e+00 -2.9028e-01 +2.7460e+00
2462 +1.509740847e+02 +1.509740847e+02 +9.837740847e+02 +9.837740847e+02 -9.8404e-01 -5.5456e-01 +1.6777e-01 -1.7212e+00 +3.5000e+00 -4.1222e+00 -1.9080e+00 -1.9436e+00 -7.9220e-01 +2.8875e+00
3057 +9.732077331e+01 +9.732077331e+01 +9.301207733e+02 +9.301207733e+02 -1.1454e+00 -7.6296e-01 +4.4665e-01 -1.6309e+00 +3.8640e+00 -4.0368e+00 -1.7688e+00 -1.7292e+00 -1.2298e+00 +2.9366e+00
3633 +6.207037066e+01 +6.207037066e+01 +8.948703707e+02 +8.948703707e+02 -1.0057e+00 -7.9778e-01 +4.8171e-01 -1.4228e+00 +3.8812e+00 -4.1994e+00 -1.9147e+00 -1.6264e+00 -1.4371e+00 +2.9067e+00
4454 +3.905878787e+01 +3.905878787e+01 +8.718587879e+02 +8.718587879e+02 -9.3225e-01 -7.9539e-01 +3.8662e-01 -1.3823e+00 +3.8970e+00 -4.1815e+00 -1.9238e+00 -1.6983e+00 -1.4749e+00 +2.9357e+00
