% function evaluation | noise-free fitness - Fopt (9.294000000000e+01) | best noise-free fitness - Fopt | measured fitness | best measured fitness | x1 | x2...
1 +8.487056703e+01 +8.487056703e+01 +1.778105670e+02 +1.778105670e+02 +2.4133e+00 +1.1191e+00 +3.5502e+00 +2.5270e+00 -2.0192e+00
12 +5.127430664e+01 +5.127430664e+01 +1.442143066e+02 +1.442143066e+02 -1.1886e+00 -2.5762e+00 -1.7895e+00 +6.4507e-01 +3.7661e+00
26 +3.611141056e+01 +3.611141056e+01 +1.290514106e+02 +1.290514106e+02 -1.9956e+00 +4.7302e+00 -1.1093e+00 +3.0896e+00 +2.8180e+00
107 +1.943489506e+01 +1.943489506e+01 +1.123748951e+02 +1.123748951e+02 +1.5492e+00 -1.8811e+00 -9.1489e-02 +6.9955e-01 +5.0311e-01
147 +8.528183527e+00 +8.528183527e+00 +1.014681835e+02 +1.014681835e+02 -1.5663e+00 +2.3947e+00 -8.8553e-01 +7.7116e-01 +7.9340e-01
983 +4.652240375e+00 +4.652240375e+00 +9.759224038e+01 +9.759224038e+01 +3.5869e-01 +1.5197e+00 +8.3752e-01 +4.5677e+00 +2.3539e+00
2425 +2.455955215e+00 +2.455955215e+00 +9.539595521e+01 +9.539595521e+01 +6.3831e-02 +5.5781e-01 +3.3213e-01 +4.2983e+00 +3.5616e+00
4247 +6.694604380e-01 +6.694604380e-01 +9.360946044e+01 +9.360946044e+01 -4.5931e-01 +1.0387e+00 +2.4049e-01 +3.0901e+00 +2.4096e+00
9651 +6.116982358e-01 +6.116982358e-01 +9.355169824e+01 +9.355169824e+01 -3.7018e-01 +1.1995e+00 +2.3601e-01 +2.9688e+00 +2.1305e+00
% function evaluation | noise-free fitness - Fopt (3.535000000000e+01) | best noise-free fitness - Fopt | measured fitness | best measured fitness | x1 | x2...
1 +1.233083374e+03 +1.233083374e+03 +1.268433374e+03 +1.268433374e+03 +1.2909e+00 +4.2864e+00 -4.5349e+00 +2.4522e+00 +3.7982e+00
7 +7.696814469e+02 +7.696814469e+02 +8.050314469e+02 +8.050314469e+02 +2.7128e+00 +2.4657e-01 -3.4614e+00 -1.9838e+00 -1.8262e+00
9 +1.813740296e+02 +1.813740296e+02 +2.167240296e+02 +2.167240296e+02 +2.5200e+00 +2.2791e+00 +1.6424e+00 +2.0637e+00 +1.7427e+00
15 +4.841866095e+01 +4.841866095e+01 +8.376866095e+01 +8.376866095e+01 +3.9498e+00 -2.1294e+00 +3.5139e+00 +9.9114e-02 -1.3375e+00
220 +1.415420941e+01 +1.415420941e+01 +4.950420941e+01 +4.950420941e+01 -2.6448e-01 +2.6997e+00 +3.4899e+00 -6.7061e-02 -3.4012e+00
575 +5.832004456e+00 +5.832004456e+00 +4.118200446e+01 +4.118200446e+01 +3.1997e+00 +6.0994e-02 +4.3165e+00 +5.2131e-01 -1.0449e+00
1395 +3.123887298e+00 +3.123887298e+00 +3.847388730e+01 +3.847388730e+01 +2.6090e+00 -3.0886e-01 +4.1691e+00 +1.2840e+00 -1.6941e+00
2614 +2.035181117e+00 +2.035181117e+00 +3.738518112e+01 +3.738518112e+01 +1.7958e+00 +1.1606e+00 +4.0335e+00 +1.6406e+00 -2.0329e+00
3657 +1.502948782e+00 +1.502948782e+00 +3.685294878e+01 +3.685294878e+01 +1.5732e+00 +1.3079e+00 +4.1091e+00 +1.6379e+00 -2.0697e+00
3675 +3.599712240e-01 +3.599712240e-01 +3.570997122e+01 +3.570997122e+01 +2.2086e+00 +7.2862e-01 +4.2862e+00 +1.4280e+00 -1.7374e+00
% function evaluation | noise-free fitness - Fopt (3.820000000000e+00) | best noise-free fitness - Fopt | measured fitness | best measured fitness | x1 | x2...
1 +4.425132034e+01 +4.425132034e+01 +4.807132034e+01 +4.807132034e+01 +3.2727e+00 +3.5171e+00 -9.8154e-01 -1.3198e+00 -3.5079e+00
33 +1.979011412e+01 +1.979011412e+01 +2.361011412e+01 +2.361011412e+01 +3.9659e+00 -2.3373e+00 +4.6243e+00 +4.4378e-01 +1.9509e+00
473 +9.166401672e+00 +9.166401672e+00 +1.298640167e+01 +1.298640167e+01 +4.4058e+00 -1.4152e+00 +4.1735e+00 +8.8861e-01 +1.7546e+00
1665 +2.664163572e+00 +2.664163572e+00 +6.484163572e+00 +6.484163572e+00 +4.5993e+00 +1.6671e+00 +1.1169e+00 -2.5061e+00 +5.8085e-01
3333 +2.242752030e+00 +2.242752030e+00 +6.062752030e+00 +6.062752030e+00 +4.1808e+00 +2.3668e+00 +7.2340e-01 -3.9713e+00 +2.9666e-01
4597 +1.290355613e+00 +1.290355613e+00 +5.110355613e+00 +5.110355613e+00 +4.2381e+00 +6.4705e-01 +2.3696e+00 -2.5221e+00 +1.0723e+00
15772 +8.385028384e-01 +8.385028384e-01 +4.658502838e+00 +4.658502838e+00 +3.9564e+00 +9.2323e-01 +1.9276e+00 -2.4110e+00 +7.9474e-01
21241 +2.623913842e-01 +2.623913842e-01 +4.082391384e+00 +4.082391384e+00 +4.0735e+00 +8.9143e-01 +2.1182e+00 -2.5666e+00 +9.1216e-01
% function evaluation | noise-free fitness - Fopt (2.175000000000e+01) | best noise-free fitness - Fopt | measured fitness | best measured fitness | x1 | x2...
1 +8.535339218e+01 +8.535339218e+01 +1.071033922e+02 +1.071033922e+02 -6.7899e-01 +1.6684e-01 +2.8290e+00 +4.3133e+00 -2.1853e+00
62 +1.939410818e+01 +1.939410818e+01 +4.114410818e+01 +4.114410818e+01 +4.2759e+00 +1.3676e+00 -1.6238e+00 +2.9902e+00 -3.1259e+00
206 +1.347116190e+01 +1.347116190e+01 +3.522116190e+01 +3.522116190e+01 +1.1012e+00 +1.4757e+00 +2.0774e-01 +4.0107e+00 -3.8624e+00
778 +8.654423298e+00 +8.654423298e+00 +3.040442330e+01 +3.040442330e+01 +1.1443e+00 +1.6104e+00 +4.7962e-01 +4.6138e+00 -3.5152e+00
1022 +4.446679307e+00 +4.446679307e+00 +2.619667931e+01 +2.619667931e+01 +2.3683e+00 +8.1697e-01 -9.0861e-02 +3.9388e+00 -2.3344e+00
2131 +1.986580387e+00 +1.986580387e+00 +2.373658039e+01 +2.373658039e+01 +5.0000e+00 +1.0591e+00 -1.6314e+00 +2.2529e+00 -1.4371e+00
2221 +1.175225814e+00 +1.175225814e+00 +2.292522581e+01 +2.292522581e+01 +4.2337e+00 +8.0703e-01 -1.3860e+00 +2.5895e+00 -1.0797e+00
8189 +7.724631341e-01 +7.724631341e-01 +2.252246313e+01 +2.252246313e+01 +3.9257e+00 +6.6121e-01 -1.3293e+00 +3.0246e+00 -1.0702e+00
15441 +2.274316994e-01 +2.274316994e-01 +2.197743170e+01 +2.197743170e+01 +3.0205e+00 +8.8366e-01 -6.5351e-01 +3.6795e+00 -1.9406e+00
% function evaluation | noise-free fitness - Fopt (6.479000000000e+01) | best noise-free fitness - Fopt | measured fitness | best measured fitness | x1 | x2...
1 +2.847471617e+02 +2.847471617e+02 +3.495371617e+02 +3.495371617e+02 +4.4464e+00 +4.9402e+00 +4.4904e+00 -5.1548e-01 -2.9450e+00
3 +1.691363676e+02 +1.691363676e+02 +2.339263676e+02 +2.339263676e+02 +2.7382e+00 -1.2739e+00 -3.7878e-01 +2.1302e+00 -3.0098e+00
5 +1.339862248e+02 +1.339862248e+02 +1.987762248e+02 +1.987762248e+02 +2.4742e+00 +4.6778e+00 +1.0198e+00 +3.1987e+00 -1.0942e+00
34 +6.620341857e+01 +6.620341857e+01 +1.309934186e+02 +1.309934186e+02 -4.0721e-01 -2.7128e+00 -3.0500e+00 +2.7146e+00 -1.4890e+00
83 +1.700334104e+01 +1.700334104e+01 +8.179334104e+01 +8.179334104e+01 +4.0376e+00 +2.4405e-01 -1.5641e+00 +7.0544e-01 +2.0886e+00
410 +3.475827115e+00 +3.475827115e+00 +6.826582712e+01 +6.826582712e+01 -3.2449e+00 -3.2929e+00 +1.4586e-01 +1.4607e+00 -3.3239e-01
2333 +2.283903663e+00 +2.283903663e+00 +6.707390366e+01 +6.707390366e+01 +9.2456e-01 -8.0336e-01 -1.2833e+00 +1.5237e+00 +8.1015e-01
4102 +1.206774547e+00 +1.206774547e+00 +6.599677455e+01 +6.599677455e+01 -2.8647e+00 -2.8757e+00 +1.0226e-01 +1.0105e+00 -1.0384e-01
12718 +9.144866670e-01 +9.144866670e-01 +6.570448667e+01 +6.570448667e+01 -8.1208e-01 -1.4443e+00 -4.6905e-01 +1.3526e+00 +2.5571e-01
17423 +5.198784241e-01 +5.198784241e-01 +6.530987842e+01 +6.530987842e+01 -2.8419e+00 -2.5406e+00 +1.9437e-01 +1.4680e+00 -7.9820e-01
20616 +2.928625926e-01 +2.928625926e-01 +6.508286259e+01 +6.508286259e+01 -1.4131e+00 -1.8792e+00 -1.3958e-01 +1.3871e+00 -3.0866e-01
21679 +1.888725091e-01 +1.888725091e-01 +6.497887251e+01 +6.497887251e+01 -1.6967e+00 -1.8275e+00 +6.9541e-02 +1.4268e+00 -3.8594e-01
28966 +3.054425204e-02 +3.054425204e-02 +6.482054425e+01 +6.482054425e+01 -1.8643e+00 -2.0710e+00 -1.3939e-01 +1.4015e+00 -3.3456e-01
% function evaluation | noise-free fitness - Fopt (-1.000000000000e+03) | best noise-free fitness - Fopt | measured fitness | best measured fitness | x1 | x2...
1 +6.333043243e+02 +6.333043243e+02 -3.666956757e+02 -3.666956757e+02 -4.2691e+00 -3.8323e+00 +1.7596e+00 -1.8719e+00 +3.2011e+00
2 +4.363215311e+02 +4.363215311e+02 -5.636784689e+02 -5.636784689e+02 -4.2296e+00 -4.4684e-01 +2.3540e+00 +1.5620e-01 -1.8058e+00
3 +8.335053524e+01 +8.335053524e+01 -9.166494648e+02 -9.166494648e+02 -3.7570e+00 +1.3090e+00 -3.0886e+00 -2.5380e+00 -2.7397e+00
41 +4.374804072e+01 +4.374804072e+01 -9.562519593e+02 -9.562519593e+02 -1.9667e+00 +1.0570e+00 +1.1386e+00 -3.8734e+00 +4.1857e-01
92 +2.702712251e+01 +2.702712251e+01 -9.729728775e+02 -9.729728775e+02 -4.4884e+00 +2.3566e+00 -7.2399e-01 +1.1852e+00 +2.0195e+00
124 +9.021680097e+00 +9.021680097e+00 -9.909783199e+02 -9.909783199e+02 -2.9425e+00 +1.4381e+00 +5.9459e-01 -1.0521e+00 +1.8013e+00
942 +5.853615044e+00 +5.853615044e+00 -9.941463850e+02 -9.941463850e+02 -2.8619e+00 +1.1993e+00 +1.0153e+00 -8.5035e-01 +4.6974e+00
1478 +2.610850201e+00 +2.610850201e+00 -9.973891498e+02 -9.973891498e+02 -7.6661e-01 +4.6432e-01 +1.5969e+00 -2.3907e+00 +1.2442e+00
3791 +2.039982595e+00 +2.039982595e+00 -9.979600174e+02 -9.979600174e+02 -2.0756e+00 +3.1332e-01 +5.3606e-01 -3.4113e+00 +1.0465e+00
5587 +1.127668026e+00 +1.127668026e+00 -9.988723320e+02 -9.988723320e+02 -2.1971e+00 +9.0205e-01 +8.4086e-01 -1.6420e+00 +2.6357e+00
7005 +7.127358182e-01 +7.127358182e-01 -9.992872642e+02 -9.992872642e+02 -2.6072e+00 +8.1111e-01 +7.7208e-01 -2.4746e+00 +2.4723e+00
% function evaluation | noise-free fitness - Fopt (6.750100000000e+02) | best noise-free fitness - Fopt | measured fitness | best measured fitness | x1 | x2...
1 +3.104317143e+03 +3.104317143e+03 +3.779327143e+03 +3.779327143e+03 +2.6165e+00 -1.3981e+00 -3.5824e+00 -1.6828e+00 -4.8674e+00
2 +3.129716456e+02 +3.129716456e+02 +9.879816456e+02 +9.879816456e+02 -2.9353e+00 -1.8467e+00 -4.7232e+00 +3.4767e+00 -4.2684e+00
6 +1.577541837e+02 +1.577541837e+02 +8.327641837e+02 +8.327641837e+02 -1.7151e+00 -3.7934e+00 +3.7567e+00 -2.3629e+00 -3.0411e-01
13 +6.925911997e+01 +6.925911997e+01 +7.442691200e+02 +7.442691200e+02 -2.2839e-01 -2.1707e-01 +2.4904e+00 -4.9125e+00 +4.5628e+00
71 +4.191000096e+01 +4.191000096e+01 +7.169200010e+02 +7.169200010e+02 +1.6135e+00 -2.2826e+00 +2.6942e+00 -1.6684e+00 +2.7729e+00
137 +1.194174913e+01 +1.194174913e+01 +6.869517491e+02 +6.869517491e+02 +8.5929e-02 -6.4723e-01 +4.3220e+00 -1.6491e+00 +1.0822e+00
903 +6.514989173e+00 +6.514989173e+00 +6.815249892e+02 +6.815249892e+02 +1.4893e-01 -1.3026e+00 +4.4773e+00 -2.2484e+00 +1.2605e+00
1384 +2.844099549e+00 +2.844099549e+00 +6.778540995e+02 +6.778540995e+02 -2.5332e+00 -8.6734e-02 +2.2733e+00 -1.2147e+00 +3.4554e-02
2945 +2.436437242e+00 +2.436437242e+00 +6.774464372e+02 +6.774464372e+02 -1.7509e+00 -6.2174e-02 +2.3820e+00 -1.2162e+00 +9.3023e-01
5414 +6.447729510e-01 +6.447729510e-01 +6.756547730e+02 +6.756547730e+02 -2.3717e+00 +4.5708e-01 +2.5228e+00 +5.6448e-01 -9.1663e-01
15629 +3.238962639e-01 +3.238962639e-01 +6.753338963e+02 +6.753338963e+02 -2.1303e+00 +1.2871e-01 +2.5558e+00 +5.7645e-02 -5.9409e-01
22973 +1.376901103e-01 +1.376901103e-01 +6.751476901e+02 +6.751476901e+02 -1.7555e+00 +1.0076e-01 +2.8859e+00 +4.5419e-01 -7.8814e-01
% function evaluation | noise-free fitness - Fopt (-3.580600000000e+02) | best noise-free fitness - Fopt | measured fitness | best measured fitness | x1 | x2...
1 +8.586936112e+02 +8.586936112e+02 +5.006336112e+02 +5.006336112e+02 -1.5349e+00 -2.2540e+00 +3.4257e+00 +1.9943e+00 +1.8082e+00
3 +3.279108343e+02 +3.279108343e+02 -3.014916567e+01 -3.014916567e+01 -4.9100e+00 -2.4561e+00 -4.7918e+00 +7.1238e-02 +1.0142e+00
7 +9.733690307e+01 +9.733690307e+01 -2.607230969e+02 -2.607230969e+02 -4.8557e+00 +1.7127e+00 -7.4528e-01 -3.0284e+00 +7.1518e-02
13 +5.872394176e+01 +5.872394176e+01 -2.993360582e+02 -2.993360582e+02 -2.7226e+00 -5.6048e-01 +2.0686e+00 -3.0287e+00 +9.9700e-02
134 +3.448745695e+01 +3.448745695e+01 -3.235725431e+02 -3.235725431e+02 -1.2714e+00 -2.8497e+00 -1.9819e-01 -7.4048e-01 -3.6377e+00
194 +2.256804789e+01 +2.256804789e+01 -3.354919521e+02 -3.354919521e+02 -5.8820e-01 -3.8366e+00 +9.3914e-01 -5.9023e-01 -4.3935e+00
594 +1.199740440e+01 +1.199740440e+01 -3.460625956e+02 -3.460625956e+02 -2.0547e+00 +2.1201e+00 +9.5815e-01 -5.0000e+00 -1.0643e+00
1307 +9.089164209e+00 +9.089164209e+00 -3.489708358e+02 -3.489708358e+02 -2.9432e+00 +9.9533e-01 +2.1832e+00 -3.8486e+00 -1.5742e+00
1509 +3.956216222e+00 +3.956216222e+00 -3.541037838e+02 -3.541037838e+02 -1.6981e+00 +3.1411e+00 +6.3950e-01 -4.1590e+00 -1.7159e+00
4191 +1.667117408e+00 +1.667117408e+00 -3.563928826e+02 -3.563928826e+02 -1.9810e+00 +2.1641e+00 +1.7927e+00 -3.9779e+00 -2.1525e+00
5958 +1.402634608e+00 +1.402634608e+00 -3.566573654e+02 -3.566573654e+02 -1.7783e+00 +1.7252e+00 +1.0603e+00 -4.0864e+00 -2.2267e+00
13413 +8.173346587e-01 +8.173346587e-01 -3.572426653e+02 -3.572426653e+02 -9.2414e-01 +2.0935e+00 +1.0235e+00 -4.1390e+00 -2.3939e+00
16754 +5.887299388e-01 +5.887299388e-01 -3.574712701e+02 -3.574712701e+02 -1.0293e+00 +3.3775e-01 +9.5241e-01 -3.1802e+00 -2.8495e+00
% function evaluation | noise-free fitness - Fopt (-4.797000000000e+01) | best noise-free fitness - Fopt | measured fitness | best measured fitness | x1 | x2...
1 +2.483627287e+02 +2.483627287e+02 +2.003927287e+02 +2.003927287e+02 +2.2858e+00 -3.0297e+00 -2.0657e+00 +2.6898e+00 -3.4373e+00
6 +8.337048583e+01 +8.337048583e+01 +3.540048583e+01 +3.540048583e+01 +7.2147e-01 -2.5423e+00 -2.4800e+00 +7.2090e-01 -2.8411e+00
7 +4.746346048e+01 +4.746346048e+01 -5.065395177e-01 -5.065395177e-01 +3.1379e+00 -3.7058e+00 -2.3710e+00 -1.6708e+00 -3.1930e-01
8 +3.294262058e+01 +3.294262058e+01 -1.502737942e+01 -1.502737942e+01 -7.5180e-02 +1.7877e+00 -5.0431e-01 +2.4779e-01 -1.5088e+00
95 +1.100648986e+01 +1.100648986e+01 -3.696351014e+01 -3.696351014e+01 +2.4830e+00 +4.5707e+00 -4.3380e-01 +3.0843e+00 -4.2034e+00
758 +6.956077916e+00 +6.956077916e+00 -4.101392208e+01 -4.101392208e+01 +1.5020e+00 +3.4110e+00 -3.2949e-01 +2.2952e+00 -4.0206e+00
1575 +6.290593125e+00 +6.290593125e+00 -4.167940687e+01 -4.167940687e+01 +2.0963e+00 -4.1849e+00 -2.5291e+00 -8.7207e-01 -2.9731e+00
2172 +5.746559839e-01 +5.746559839e-01 -4.739534402e+01 -4.739534402e+01 +1.4597e+00 +3.7754e-01 -7.4436e-01 +8.8407e-01 -3.3775e+00
6307 +2.465835465e-01 +2.465835465e-01 -4.772341645e+01 -4.772341645e+01 +2.4435e+00 +1.4873e-01 -1.1766e+00 +1.0768e+00 -3.4744e+00
% function evaluation | noise-free fitness - Fopt (-8.294100000000e+02) | best noise-free fitness - Fopt | measured fitness | best measured fitness | x1 | x2...
1 +9.375171766e+02 +9.375171766e+02 +1.081071766e+02 +1.081071766e+02 -3.3070e+00 +2.4929e+00 +7.1644e-01 +1.9547e+00 -4.5164e+00
3 +8.803442128e+01 +8.803442128e+01 -7.413755787e+02 -7.413755787e+02 -1.6896e+00 +4.3950e+00 -1.9364e-01 -5.5701e-01 +1.2468e+00
17 +3.384396120e+01 +3.384396120e+01 -7.955660388e+02 -7.955660388e+02 +2.4644e+00 +9.0170e-01 -1.7296e+00 -4.1640e-01 +1.0167e+00
91 +1.750225682e+01 +1.750225682e+01 -8.119077432e+02 -8.119077432e+02 +1.5265e+00 -1.2646e+00 +1.0699e+00 -1.5196e+00 -4.0460e-01
146 +4.776448296e+00 +4.776448296e+00 -8.246335517e+02 -8.246335517e+02 +4.5035e-01 -1.1758e+00 +2.5242e+00 -1.4697e+00 -4.0543e-01
1810 +8.023104608e-01 +8.023104608e-01 -8.286076895e+02 -8.286076895e+02 -1.2733e+00 +1.1888e+00 +5.5514e-01 -2.1953e+00 +1.8807e+00
15374 +2.809494263e-01 +2.809494263e-01 -8.291290506e+02 -8.291290506e+02 -1.5334e+00 +1.0735e+00 +1.0841e+00 -2.3180e+00 +1.6232e+00
% function evaluation | noise-free fitness - Fopt (5.681000000000e+01) | best noise-free fitness - Fopt | measured fitness | best measured fitness | x1 | x2...
1 +3.894161023e+02 +3.894161023e+02 +4.462261023e+02 +4.462261023e+02 +5.2097e-01 +4.8438e+00 +2.5043e+00 -1.3390e+00 +1.2057e+00
3 +5.708110125e+01 +5.708110125e+01 +1.138911013e+02 +1.138911013e+02 +2.0288e+00 +3.0225e+00 -3.1630e+00 -3.7928e+00 -1.4151e+00
361 +2.066425579e+01 +2.066425579e+01 +7.747425579e+01 +7.747425579e+01 -2.7453e+00 -1.5990e-02 +3.8980e+00 -2.0526e+00 -3.8001e+00
714 +4.137366795e+00 +4.137366795e+00 +6.094736680e+01 +6.094736680e+01 +2.8873e+00 -3.6270e-01 +3.1133e-01 -2.2330e+00 -1.7797e+00
2150 +2.634800670e+00 +2.634800670e+00 +5.944480067e+01 +5.944480067e+01 +1.0205e+00 -7.5298e-01 +1.2112e+00 -2.6651e+00 -2.4142e+00
2214 +1.482215657e+00 +1.482215657e+00 +5.829221566e+01 +5.829221566e+01 +1.5773e-01 -6.5852e-02 +1.9965e+00 -2.2021e+00 -2.1986e+00
2888 +9.429106380e-01 +9.429106380e-01 +5.775291064e+01 +5.775291064e+01 +2.2955e+00 -1.4079e-01 -3.1287e-01 -2.7500e+00 -1.8546e+00
9953 +3.199166020e-01 +3.199166020e-01 +5.712991660e+01 +5.712991660e+01 +1.6161e+00 +2.2127e-01 +3.1975e-01 -2.6838e+00 -2.0258e+00
18061 +5.830381442e-02 +5.830381442e-02 +5.686830381e+01 +5.686830381e+01 +1.1035e+00 -1.7959e-01 +1.3706e+00 -2.2299e+00 -2.2051e+00
% function evaluation | noise-free fitness - Fopt (4.209000000000e+01) | best noise-free fitness - Fopt | measured fitness | best measured fitness | x1 | x2...
1 +2.284571743e+02 +2.284571743e+02 +2.705471743e+02 +2.705471743e+02 -1.5193e+00 -3.4786e-01 +2.3651e+00 -3.8817e+00 +2.4644e+00
2 +1.416869304e+02 +1.416869304e+02 +1.837769304e+02 +1.837769304e+02 +1.6620e+00 +8.9570e-01 -4.8415e+00 +2.7546e+00 +1.1896e+00
13 +7.615401461e+01 +7.615401461e+01 +1.182440146e+02 +1.182440146e+02 +2.2603e+00 -1.3885e+00 -4.1397e+00 +2.4317e-01 +2.9010e+00
42 +4.847300453e+01 +4.847300453e+01 +9.056300453e+01 +9.056300453e+01 +3.8858e+00 +1.7257e+00 -4.2375e+00 -1.4097e-01 +2.1726e+00
65 +3.147415618e+01 +3.147415618e+01 +7.356415618e+01 +7.356415618e+01 +3.8704e+00 +4.0648e+00 -3.0342e+00 +1.2246e+00 +3.6562e-01
66 +1.839239313e+01 +1.839239313e+01 +6.048239313e+01 +6.048239313e+01 +1.3951e+00 +2.4378e+00 -2.1269e+00 +1.0205e+00 +1.2769e+00
702 +1.494278905e+01 +1.494278905e+01 +5.703278905e+01 +5.703278905e+01 +4.7836e+00 +3.3217e-01 -5.0000e+00 -8.4656e-01 +1.0676e+00
1022 +8.472420117e+00 +8.472420117e+00 +5.056242012e+01 +5.056242012e+01 +4.5019e+00 +1.2110e+00 -5.0000e+00 +6.3865e-01 +1.3497e+00
1147 +5.177456013e+00 +5.177456013e+00 +4.726745601e+01 +4.726745601e+01 +4.3365e+00 +1.4481e+00 -5.0000e+00 +1.2266e+00 +2.0207e+00
1925 +2.292327355e+00 +2.292327355e+00 +4.438232736e+01 +4.438232736e+01 +3.5304e+00 +1.7517e+00 -3.5133e+00 +4.4754e-01 +1.6037e+00
3447 +8.838386875e-01 +8.838386875e-01 +4.297383869e+01 +4.297383869e+01 +3.9384e+00 +1.5734e+00 -4.1440e+00 +9.6077e-01 +1.6385e+00
15464 +5.259400039e-01 +5.259400039e-01 +4.261594000e+01 +4.261594000e+01 +3.3909e+00 +1.0893e+00 -3.8690e+00 +7.3843e-02 +1.3982e+00
% function evaluation | noise-free fitness - Fopt (4.579000000000e+01) | best noise-free fitness - Fopt | measured fitness | best measured fitness | x1 | x2...
1 +4.779805797e+01 +4.779805797e+01 +9.358805797e+01 +9.358805797e+01 +3.8876e+00 -1.8428e+00 +1.1020e+00 -2.4095e+00 +1.6902e-01
155 +2.821789392e+01 +2.821789392e+01 +7.400789392e+01 +7.400789392e+01 +1.7867e+00 -3.6720e+00 +4.3966e+00 -1.3232e+00 +2.3985e+00
223 +2.368701520e+01 +2.368701520e+01 +6.947701520e+01 +6.947701520e+01 +2.6768e-02 -3.7063e+00 -6.8974e-01 -1.6942e+00 +3.0363e+00
418 +1.206557706e+01 +1.206557706e+01 +5.785557706e+01 +5.785557706e+01 +4.9846e+00 -2.7802e+00 +3.1651e+00 +1.3416e+00 +1.6292e+00
725 +9.832444969e+00 +9.832444969e+00 +5.562244497e+01 +5.562244497e+01 +3.8939e+00 -2.2244e+00 -3.8449e-03 +5.5024e-01 +1.1516e+00
1226 +4.535937945e+00 +4.535937945e+00 +5.032593794e+01 +5.032593794e+01 +2.5874e+00 -2.3965e+00 +1.5672e+00 -9.8178e-01 +1.3071e+00
1480 +4.252418169e-01 +4.252418169e-01 +4.621524182e+01 +4.621524182e+01 +3.5291e+00 -3.1734e+00 +1.8441e+00 -1.1715e+00 +1.4656e+00
% function evaluation | noise-free fitness - Fopt (-1.000000000000e+03) | best noise-free fitness - Fopt | measured fitness | best measured fitness | x1 | x2...
1 +4.720316489e+02 +4.720316489e+02 -5.279683511e+02 -5.279683511e+02 +1.5695e+00 -3.4356e+00 +4.3842e-01 -2.2513e+00 -2.5956e+00
3 +1.243617309e+02 +1.243617309e+02 -8.756382691e+02 -8.756382691e+02 +9.3458e-01 +6.6801e-01 +3.0434e+00 +3.6398e+00 -2.2264e+00
6 +2.466581413e+01 +2.466581413e+01 -9.753341859e+02 -9.753341859e+02 +1.5026e+00 +1.5194e+00 +1.1639e+00 -4.5940e-01 +1.9556e+00
526 +4.451103915e+00 +4.451103915e+00 -9.955488961e+02 -9.955488961e+02 -2.2736e+00 +2.6918e+00 +2.0951e+00 +1.2801e+00 -2.3807e+00
861 +2.749893135e+00 +2.749893135e+00 -9.972501069e+02 -9.972501069e+02 -1.5909e+00 +2.9742e+00 +1.9373e+00 +9.9813e-01 -1.7391e+00
2414 +2.002315514e+00 +2.002315514e+00 -9.979976845e+02 -9.979976845e+02 -1.3369e+00 +3.0639e+00 +2.6910e+00 +1.2076e+00 -1.1386e+00
4726 +1.156103539e+00 +1.156103539e+00 -9.988438965e+02 -9.988438965e+02 +3.6304e-01 +2.9763e+00 +2.4897e+00 +3.1442e-01 +3.4210e-01
8761 +6.485586784e-01 +6.485586784e-01 -9.993514413e+02 -9.993514413e+02 -1.9463e+00 +3.2331e+00 +2.7123e+00 +9.2439e-01 -1.4512e+00
14914 +4.938499251e-01 +4.938499251e-01 -9.995061501e+02 -9.995061501e+02 -1.0315e+00 +2.5575e+00 +2.5435e+00 +9.8207e-01 -8.5028e-01
21492 +2.948531641e-01 +2.948531641e-01 -9.997051468e+02 -9.997051468e+02 -6.4216e-01 +2.9963e+00 +2.8741e+00 +5.8316e-01 -3.0075e-01
27622 +4.566522634e-02 +4.566522634e-02 -9.999543348e+02 -9.999543348e+02 -9.2367e-01 +3.0472e+00 +2.7609e+00 +5.9208e-01 -5.4575e-01
% function evaluation | noise-free fitness - Fopt (1.575000000000e+01) | best noise-free fitness - Fopt | measured fitness | best measured fitness | x1 | x2...
1 +9.498018483e+02 +9.498018483e+02 +9.655518483e+02 +9.655518483e+02 -4.5178e+00 +1.9637e+00 -3.9413e+00 +6.1543e-01 +7.5660e-01
3 +5.351338111e+01 +5.351338111e+01 +6.926338111e+01 +6.926338111e+01 +1.7798e+00 -2.6492e-01 +3.2832e+00 +9.1833e-01 -1.0612e+00
17 +6.257584617e+00 +6.257584617e+00 +2.200758462e+01 +2.200758462e+01 +1.8820e+00 -3.0035e+00 +2.4885e-01 -3.8689e+00 +7.4393e-01
1736 +3.631981891e+00 +3.631981891e+00 +1.938198189e+01 +1.938198189e+01 +1.6867e+00 -2.3271e+00 +1.3122e+00 -1.4701e+00 +8.3408e-01
2272 +1.374525228e+00 +1.374525228e+00 +1.712452523e+01 +1.712452523e+01 +2.4376e+00 -5.6907e-01 +2.5899e+00 -4.0207e+00 +3.4311e-01
3086 +9.859038534e-01 +9.859038534e-01 +1.673590385e+01 +1.673590385e+01 +2.4074e+00 -1.8256e+00 +2.0343e+00 -1.9960e+00 +7.2732e-01
19072 +2.081106088e-01 +2.081106088e-01 +1.595811061e+01 +1.595811061e+01 +2.4890e+00 -1.4518e+00 +2.4945e+00 -2.2783e+00 +7.4360e-01
