% function evaluation | noise-free fitness - Fopt (-1.694000000000e+01) | best noise-free fitness - Fopt | measured fitness | best measured fitness | x1 | x2...
1 +1.964403511e+02 +1.964403511e+02 +1.795003511e+02 +1.795003511e+02 -2.7810e+00 -4.8813e+00
2 +9.747845482e+00 +9.747845482e+00 -7.192154518e+00 -7.192154518e+00 +1.6860e+00 +2.1954e-01
22 +2.973378725e+00 +2.973378725e+00 -1.396662127e+01 -1.396662127e+01 +4.2783e+00 +1.3408e+00
77 +2.452667984e+00 +2.452667984e+00 -1.448733202e+01 -1.448733202e+01 +4.1050e+00 +1.5689e+00
122 +2.475817163e-01 +2.475817163e-01 -1.669241828e+01 -1.669241828e+01 +3.5238e+00 +2.7115e+00
601 +1.573054667e-01 +1.573054667e-01 -1.678269453e+01 -1.678269453e+01 +3.6045e+00 +2.5021e+00
605 +3.214501472e-02 +3.214501472e-02 -1.690785499e+01 -1.690785499e+01 +3.6399e+00 +2.5681e+00
762 +1.468530336e-02 +1.468530336e-02 -1.692531470e+01 -1.692531470e+01 +3.6572e+00 +2.5525e+00
891 +6.648250900e-03 +6.648250900e-03 -1.693335175e+01 -1.693335175e+01 +3.6565e+00 +2.5460e+00
975 +6.219587593e-03 +6.219587593e-03 -1.693378041e+01 -1.693378041e+01 +3.6563e+00 +2.5474e+00
1224 +3.652153826e-03 +3.652153826e-03 -1.693634785e+01 -1.693634785e+01 +3.6561e+00 +2.5472e+00
1856 +1.930167039e-03 +1.930167039e-03 -1.693806983e+01 -1.693806983e+01 +3.6561e+00 +2.5500e+00
2011 +1.009493828e-03 +1.009493828e-03 -1.693899051e+01 -1.693899051e+01 +3.6556e+00 +2.5499e+00
2093 +9.976752215e-04 +9.976752215e-04 -1.693900232e+01 -1.693900232e+01 +3.6556e+00 +2.5498e+00
2193 +3.156141225e-04 +3.156141225e-04 -1.693968439e+01 -1.693968439e+01 +3.6559e+00 +2.5499e+00
2404 +3.174629358e-05 +3.174629358e-05 -1.693996825e+01 -1.693996825e+01 +3.6560e+00 +2.5496e+00
% function evaluation | noise-free fitness - Fopt (1.881000000000e+01) | best noise-free fitness - Fopt | measured fitness | best measured fitness | x1 | x2...
1 +2.754762078e+01 +2.754762078e+01 +4.635762078e+01 +4.635762078e+01 -1.8411e+00 -1.3198e+00
2 +2.407394849e+01 +2.407394849e+01 +4.288394849e+01 +4.288394849e+01 -2.2493e+00 -4.5421e+00
4 +1.139295799e+01 +1.139295799e+01 +3.020295799e+01 +3.020295799e+01 -3.1613e+00 +2.5951e+00
8 +2.477750353e+00 +2.477750353e+00 +2.128775035e+01 +2.128775035e+01 -1.7514e-01 +9.6516e-01
226 +1.040221732e+00 +1.040221732e+00 +1.985022173e+01 +1.985022173e+01 +1.7245e-01 +2.0522e+00
384 +3.958103265e-01 +3.958103265e-01 +1.920581033e+01 +1.920581033e+01 +3.1406e-02 +1.7625e+00
503 +2.367659587e-01 +2.367659587e-01 +1.904676596e+01 +1.904676596e+01 +2.4609e-02 +1.7602e+00
575 +9.769263207e-02 +9.769263207e-02 +1.890769263e+01 +1.890769263e+01 -7.6438e-02 +1.7768e+00
853 +5.696344253e-02 +5.696344253e-02 +1.886696344e+01 +1.886696344e+01 -1.5136e-01 +1.7681e+00
1057 +3.195357917e-02 +3.195357917e-02 +1.884195358e+01 +1.884195358e+01 -1.5115e-01 +1.7717e+00
1908 +1.746201965e-02 +1.746201965e-02 +1.882746202e+01 +1.882746202e+01 -1.7530e-01 +1.7822e+00
2067 +9.105691282e-03 +9.105691282e-03 +1.881910569e+01 +1.881910569e+01 -1.8493e-01 +1.7821e+00
2781 +3.416570064e-03 +3.416570064e-03 +1.881341657e+01 +1.881341657e+01 -1.9355e-01 +1.7802e+00
2955 +1.559844884e-03 +1.559844884e-03 +1.881155984e+01 +1.881155984e+01 -1.9096e-01 +1.7810e+00
3044 +9.960294652e-04 +9.960294652e-04 +1.881099603e+01 +1.881099603e+01 -1.9090e-01 +1.7811e+00
3089 +2.981442279e-04 +2.981442279e-04 +1.881029814e+01 +1.881029814e+01 -1.9103e-01 +1.7807e+00
3292 +2.345766299e-04 +2.345766299e-04 +1.881023458e+01 +1.881023458e+01 -1.9096e-01 +1.7808e+00
5043 +3.944464781e-05 +3.944464781e-05 +1.881003944e+01 +1.881003944e+01 -1.9117e-01 +1.7808e+00
% function evaluation | noise-free fitness - Fopt (2.731500000000e+02) | best noise-free fitness - Fopt | measured fitness | best measured fitness | x1 | x2...
1 +4.332839386e+01 +4.332839386e+01 +3.164783939e+02 +3.164783939e+02 +1.3244e+00 -1.2875e+00
2 +2.091769160e+01 +2.091769160e+01 +2.940676916e+02 +2.940676916e+02 -2.1311e+00 +2.7096e+00
7 +4.864177882e+00 +4.864177882e+00 +2.780141779e+02 +2.780141779e+02 -2.4323e+00 +3.8208e+00
8 +3.391985728e+00 +3.391985728e+00 +2.765419857e+02 +2.765419857e+02 -3.7487e+00 +1.5548e+00
14 +2.454797186e+00 +2.454797186e+00 +2.756047972e+02 +2.756047972e+02 -4.4659e+00 +1.5162e+00
224 +1.028365518e+00 +1.028365518e+00 +2.741783655e+02 +2.741783655e+02 -3.2870e+00 +4.6832e+00
229 +7.546293815e-01 +7.546293815e-01 +2.739046294e+02 +2.739046294e+02 -3.3074e+00 +3.9787e+00
283 +3.766961175e-01 +3.766961175e-01 +2.735266961e+02 +2.735266961e+02 -3.3649e+00 +4.0282e+00
473 +2.058385308e-01 +2.058385308e-01 +2.733558385e+02 +2.733558385e+02 -3.5130e+00 +3.8939e+00
476 +1.296546959e-01 +1.296546959e-01 +2.732796547e+02 +2.732796547e+02 -3.5298e+00 +3.8894e+00
555 +9.789604939e-02 +9.789604939e-02 +2.732478960e+02 +2.732478960e+02 -3.5341e+00 +3.8810e+00
654 +3.223733414e-02 +3.223733414e-02 +2.731822373e+02 +2.731822373e+02 -3.5951e+00 +3.7326e+00
941 +1.001897530e-02 +1.001897530e-02 +2.731600190e+02 +2.731600190e+02 -3.5809e+00 +3.7466e+00
1084 +8.263153394e-03 +8.263153394e-03 +2.731582632e+02 +2.731582632e+02 -3.5767e+00 +3.7538e+00
1643 +5.197899359e-03 +5.197899359e-03 +2.731551979e+02 +2.731551979e+02 -3.5800e+00 +3.7527e+00
1772 +3.114702232e-03 +3.114702232e-03 +2.731531147e+02 +2.731531147e+02 -3.5790e+00 +3.7547e+00
1873 +1.038996861e-03 +1.038996861e-03 +2.731510390e+02 +2.731510390e+02 -3.5789e+00 +3.7546e+00
1936 +9.855832733e-04 +9.855832733e-04 +2.731509856e+02 +2.731509856e+02 -3.5787e+00 +3.7546e+00
% function evaluation | noise-free fitness - Fopt (3.718000000000e+01) | best noise-free fitness - Fopt | measured fitness | best measured fitness | x1 | x2...
1 +2.563241363e+00 +2.563241363e+00 +3.974324136e+01 +3.974324136e+01 -2.1450e+00 +1.8736e+00
24 +2.489524744e+00 +2.489524744e+00 +3.966952474e+01 +3.966952474e+01 -1.5034e+00 +2.1316e+00
25 +9.072234719e-01 +9.072234719e-01 +3.808722347e+01 +3.808722347e+01 -3.4887e+00 +1.9408e+00
335 +3.901746832e-01 +3.901746832e-01 +3.757017468e+01 +3.757017468e+01 -3.5979e+00 +2.1583e+00
394 +2.505288598e-01 +2.505288598e-01 +3.743052886e+01 +3.743052886e+01 -4.0147e+00 +2.1579e+00
495 +1.478277874e-01 +1.478277874e-01 +3.732782779e+01 +3.732782779e+01 -3.8464e+00 +2.0907e+00
573 +9.892374687e-02 +9.892374687e-02 +3.727892375e+01 +3.727892375e+01 -3.9571e+00 +2.0397e+00
591 +6.255345955e-02 +6.255345955e-02 +3.724255346e+01 +3.724255346e+01 -3.9063e+00 +2.0706e+00
674 +3.679885376e-02 +3.679885376e-02 +3.721679885e+01 +3.721679885e+01 -3.9235e+00 +2.0679e+00
798 +1.681048263e-02 +1.681048263e-02 +3.719681048e+01 +3.719681048e+01 -3.9144e+00 +2.0591e+00
1063 +1.213451621e-02 +1.213451621e-02 +3.719213452e+01 +3.719213452e+01 -3.9077e+00 +2.0607e+00
1192 +9.664528072e-03 +9.664528072e-03 +3.718966453e+01 +3.718966453e+01 -3.8967e+00 +2.0628e+00
1394 +5.480565596e-03 +5.480565596e-03 +3.718548057e+01 +3.718548057e+01 -3.8970e+00 +2.0596e+00
1576 +3.537349994e-03 +3.537349994e-03 +3.718353735e+01 +3.718353735e+01 -3.8969e+00 +2.0594e+00
2577 +2.092516636e-03 +2.092516636e-03 +3.718209252e+01 +3.718209252e+01 -3.8980e+00 +2.0599e+00
2714 +1.297692180e-03 +1.297692180e-03 +3.718129769e+01 +3.718129769e+01 -3.8981e+00 +2.0600e+00
2778 +9.976174947e-04 +9.976174947e-04 +3.718099762e+01 +3.718099762e+01 -3.8982e+00 +2.0600e+00
% function evaluation | noise-free fitness - Fopt (-1.479000000000e+02) | best noise-free fitness - Fopt | measured fitness | best measured fitness | x1 | x2...
1 +2.832913690e+01 +2.832913690e+01 -1.195708631e+02 -1.195708631e+02 -1.3979e+00 +4.9537e+00
2 +2.119179890e+01 +2.119179890e+01 -1.267082011e+02 -1.267082011e+02 -3.6899e+00 -1.0924e+00
4 +8.343078407e+00 +8.343078407e+00 -1.395569216e+02 -1.395569216e+02 -3.7533e+00 +3.5471e+00
10 +2.432779434e+00 +2.432779434e+00 -1.454672206e+02 -1.454672206e+02 -1.8677e+00 -7.3020e-01
60 +8.358353874e-01 +8.358353874e-01 -1.470641646e+02 -1.470641646e+02 -2.0709e+00 +4.1630e-01
319 +5.426888410e-01 +5.426888410e-01 -1.473573112e+02 -1.473573112e+02 -2.0500e+00 +4.3160e-01
388 +3.691459757e-01 +3.691459757e-01 -1.475308540e+02 -1.475308540e+02 -1.4893e+00 +1.8436e-01
482 +1.696485396e-01 +1.696485396e-01 -1.477303515e+02 -1.477303515e+02 -1.6363e+00 +1.5416e-01
544 +1.433636933e-01 +1.433636933e-01 -1.477566363e+02 -1.477566363e+02 -1.6351e+00 +1.5431e-01
638 +9.971559107e-02 +9.971559107e-02 -1.478002844e+02 -1.478002844e+02 -1.7139e+00 +2.0363e-01
758 +5.849596732e-02 +5.849596732e-02 -1.478415040e+02 -1.478415040e+02 -1.7108e+00 +1.7449e-01
882 +3.468698659e-02 +3.468698659e-02 -1.478653130e+02 -1.478653130e+02 -1.6945e+00 +1.5725e-01
1144 +2.505851777e-02 +2.505851777e-02 -1.478749415e+02 -1.478749415e+02 -1.6702e+00 +1.4346e-01
1245 +7.721695789e-03 +7.721695789e-03 -1.478922783e+02 -1.478922783e+02 -1.6648e+00 +1.3303e-01
1433 +4.613948636e-03 +4.613948636e-03 -1.478953861e+02 -1.478953861e+02 -1.6707e+00 +1.3651e-01
1586 +3.951881743e-03 +3.951881743e-03 -1.478960481e+02 -1.478960481e+02 -1.6708e+00 +1.3665e-01
2482 +1.357418506e-03 +1.357418506e-03 -1.478986426e+02 -1.478986426e+02 -1.6712e+00 +1.3578e-01
2669 +9.861635309e-04 +9.861635309e-04 -1.478990138e+02 -1.478990138e+02 -1.6710e+00 +1.3555e-01
% function evaluation | noise-free fitness - Fopt (-2.218900000000e+02) | best noise-free fitness - Fopt | measured fitness | best measured fitness | x1 | x2...
1 +3.128359000e+02 +3.128359000e+02 +9.094590002e+01 +9.094590002e+01 +4.4368e+00 +3.8702e+00
2 +3.233399460e+01 +3.233399460e+01 -1.895560054e+02 -1.895560054e+02 -4.8488e+00 +4.9301e+00
3 +9.558735032e+00 +9.558735032e+00 -2.123312650e+02 -2.123312650e+02 -1.7174e+00 -3.2712e+00
34 +1.403314088e+00 +1.403314088e+00 -2.204866859e+02 -2.204866859e+02 -4.8234e+00 +9.7703e-01
101 +3.924483801e-01 +3.924483801e-01 -2.214975516e+02 -2.214975516e+02 -3.6998e+00 +2.1238e-01
332 +1.061206522e-01 +1.061206522e-01 -2.217838793e+02 -2.217838793e+02 -3.9011e+00 +2.0059e-01
439 +2.012269944e-02 +2.012269944e-02 -2.218698773e+02 -2.218698773e+02 -3.9402e+00 +2.4823e-01
594 +8.124637899e-03 +8.124637899e-03 -2.218818754e+02 -2.218818754e+02 -3.9433e+00 +2.4670e-01
641 +3.327051758e-03 +3.327051758e-03 -2.218866729e+02 -2.218866729e+02 -3.9400e+00 +2.4710e-01
719 +1.411018545e-03 +1.411018545e-03 -2.218885890e+02 -2.218885890e+02 -3.9439e+00 +2.4804e-01
964 +9.874194204e-04 +9.874194204e-04 -2.218890126e+02 -2.218890126e+02 -3.9439e+00 +2.4814e-01
4064 +3.437473784e-04 +3.437473784e-04 -2.218896563e+02 -2.218896563e+02 -3.9432e+00 +2.4812e-01
4222 +6.212186639e-05 +6.212186639e-05 -2.218899379e+02 -2.218899379e+02 -3.9432e+00 +2.4801e-01
4292 +2.896428379e-05 +2.896428379e-05 -2.218899710e+02 -2.218899710e+02 -3.9432e+00 +2.4799e-01
% function evaluation | noise-free fitness - Fopt (1.195400000000e+02) | best noise-free fitness - Fopt | measured fitness | best measured fitness | x1 | x2...
1 +8.523407467e-01 +8.523407467e-01 +1.203923407e+02 +1.203923407e+02 +1.8353e+00 +1.0978e+00
167 +5.832179112e-01 +5.832179112e-01 +1.201232179e+02 +1.201232179e+02 +1.8419e+00 +9.4539e-01
377 +3.658556634e-01 +3.658556634e-01 +1.199058557e+02 +1.199058557e+02 +1.6924e+00 +8.7965e-01
752 +2.458879772e-01 +2.458879772e-01 +1.197858880e+02 +1.197858880e+02 +1.5761e+00 +9.1862e-01
1201 +1.572983599e-01 +1.572983599e-01 +1.196972984e+02 +1.196972984e+02 +1.4831e+00 +9.1507e-01
1343 +6.005258572e-02 +6.005258572e-02 +1.196000526e+02 +1.196000526e+02 +1.3525e+00 +8.8806e-01
1376 +3.802770819e-02 +3.802770819e-02 +1.195780277e+02 +1.195780277e+02 +1.2905e+00 +9.1123e-01
1465 +1.754956544e-02 +1.754956544e-02 +1.195575496e+02 +1.195575496e+02 +1.3028e+00 +9.1243e-01
1681 +1.263603071e-02 +1.263603071e-02 +1.195526360e+02 +1.195526360e+02 +1.3147e+00 +9.0715e-01
1770 +9.498669327e-03 +9.498669327e-03 +1.195494987e+02 +1.195494987e+02 +1.3118e+00 +9.0895e-01
2034 +3.428693874e-03 +3.428693874e-03 +1.195434287e+02 +1.195434287e+02 +1.3199e+00 +9.0983e-01
% function evaluation | noise-free fitness - Fopt (6.983000000000e+01) | best noise-free fitness - Fopt | measured fitness | best measured fitness | x1 | x2...
1 +8.709867713e+00 +8.709867713e+00 +7.853986771e+01 +7.853986771e+01 -4.7072e+00 -8.4975e-01
7 +5.531526326e+00 +5.531526326e+00 +7.536152633e+01 +7.536152633e+01 -1.5182e+00 -1.5251e+00
31 +3.533959655e+00 +3.533959655e+00 +7.336395965e+01 +7.336395965e+01 -2.0879e+00 -1.9504e+00
148 +1.600292256e+00 +1.600292256e+00 +7.143029226e+01 +7.143029226e+01 -3.4872e+00 -1.7589e+00
269 +1.486113639e+00 +1.486113639e+00 +7.131611364e+01 +7.131611364e+01 -3.5149e+00 -1.7509e+00
385 +8.583410867e-01 +8.583410867e-01 +7.068834109e+01 +7.068834109e+01 -3.5460e+00 -1.1870e+00
474 +3.434965777e-01 +3.434965777e-01 +7.017349658e+01 +7.017349658e+01 -3.1966e+00 -1.4350e+00
587 +2.492870828e-01 +2.492870828e-01 +7.007928708e+01 +7.007928708e+01 -3.1904e+00 -1.4243e+00
953 +1.576722664e-01 +1.576722664e-01 +6.998767227e+01 +6.998767227e+01 -3.0618e+00 -1.4566e+00
1365 +9.762263389e-02 +9.762263389e-02 +6.992762263e+01 +6.992762263e+01 -2.9469e+00 -1.4215e+00
1544 +6.305740145e-02 +6.305740145e-02 +6.989305740e+01 +6.989305740e+01 -2.9219e+00 -1.4377e+00
1657 +3.568586706e-02 +3.568586706e-02 +6.986568587e+01 +6.986568587e+01 -2.9024e+00 -1.4456e+00
2272 +2.327106372e-02 +2.327106372e-02 +6.985327106e+01 +6.985327106e+01 -2.8818e+00 -1.4559e+00
2575 +7.567367914e-03 +7.567367914e-03 +6.983756737e+01 +6.983756737e+01 -2.8714e+00 -1.4570e+00
2831 +3.048539018e-03 +3.048539018e-03 +6.983304854e+01 +6.983304854e+01 -2.8678e+00 -1.4564e+00
3248 +2.472246195e-03 +2.472246195e-03 +6.983247225e+01 +6.983247225e+01 -2.8656e+00 -1.4564e+00
3267 +9.891400413e-04 +9.891400413e-04 +6.983098914e+01 +6.983098914e+01 -2.8657e+00 -1.4563e+00
3771 +2.317014262e-04 +2.317014262e-04 +6.983023170e+01 +6.983023170e+01 -2.8657e+00 -1.4560e+00
3887 +1.503454547e-04 +1.503454547e-04 +6.983015035e+01 +6.983015035e+01 -2.8656e+00 -1.4560e+00
4167 +6.528644742e-05 +6.528644742e-05 +6.983006529e+01 +6.983006529e+01 -2.8656e+00 -1.4560e+00
4294 +6.060600079e-05 +6.060600079e-05 +6.983006061e+01 +6.983006061e+01 -2.8656e+00 -1.4560e+00
4395 +3.845335264e-05 +3.845335264e-05 +6.983003845e+01 +6.983003845e+01 -2.8656e+00 -1.4560e+00
4663 +2.090098343e-05 +2.090098343e-05 +6.983002090e+01 +6.983002090e+01 -2.8656e+00 -1.4560e+00
4750 +1.319231679e-05 +1.319231679e-05 +6.983001319e+01 +6.983001319e+01 -2.8656e+00 -1.4560e+00
4751 +8.119195243e-06 +8.119195243e-06 +6.983000812e+01 +6.983000812e+01 -2.8656e+00 -1.4560e+00
4791 +7.279700043e-07 +7.279700043e-07 +6.983000073e+01 +6.983000073e+01 -2.8656e+00 -1.4560e+00
5234 +6.122652678e-07 +6.122652678e-07 +6.983000061e+01 +6.983000061e+01 -2.8656e+00 -1.4560e+00
5774 +3.737442711e-07 +3.737442711e-07 +6.983000037e+01 +6.983000037e+01 -2.8656e+00 -1.4560e+00
5870 +1.790736235e-07 +1.790736235e-07 +6.983000018e+01 +6.983000018e+01 -2.8656e+00 -1.4560e+00
% function evaluation | noise-free fitness - Fopt (7.000000000000e-02) | best noise-free fitness - Fopt | measured fitness | best measured fitness | x1 | x2...
1 +1.071294613e+02 +1.071294613e+02 +1.071994613e+02 +1.071994613e+02 +4.3807e+00 +2.9370e+00
3 +8.676731113e+01 +8.676731113e+01 +8.683731113e+01 +8.683731113e+01 +1.6248e+00 +2.3288e+00
5 +1.587252019e+00 +1.587252019e+00 +1.657252019e+00 +1.657252019e+00 +3.4709e+00 -1.8583e+00
262 +1.003376482e+00 +1.003376482e+00 +1.073376482e+00 +1.073376482e+00 +3.4589e+00 -1.8481e+00
284 +9.961903462e-01 +9.961903462e-01 +1.066190346e+00 +1.066190346e+00 +3.4588e+00 -1.8482e+00
336 +5.729927940e-01 +5.729927940e-01 +6.429927940e-01 +6.429927940e-01 +3.5116e+00 -1.7917e+00
353 +3.688933578e-01 +3.688933578e-01 +4.388933578e-01 +4.388933578e-01 +3.6788e+00 -1.8544e+00
434 +1.240642172e-02 +1.240642172e-02 +8.240642172e-02 +8.240642172e-02 +3.7400e+00 -1.9982e+00
568 +8.304484558e-03 +8.304484558e-03 +7.830448456e-02 +7.830448456e-02 +3.7401e+00 -1.9982e+00
654 +4.932775018e-03 +4.932775018e-03 +7.493277502e-02 +7.493277502e-02 +3.7402e+00 -1.9982e+00
662 +3.349660036e-03 +3.349660036e-03 +7.334966004e-02 +7.334966004e-02 +3.7403e+00 -1.9980e+00
1094 +1.006352107e-03 +1.006352107e-03 +7.100635211e-02 +7.100635211e-02 +3.7409e+00 -1.9963e+00
1127 +6.965677358e-04 +6.965677358e-04 +7.069656774e-02 +7.069656774e-02 +3.7409e+00 -1.9971e+00
1335 +4.144011943e-04 +4.144011943e-04 +7.041440119e-02 +7.041440119e-02 +3.7409e+00 -1.9970e+00
1344 +2.324148884e-04 +2.324148884e-04 +7.023241489e-02 +7.023241489e-02 +3.7409e+00 -1.9970e+00
2620 +8.951389889e-05 +8.951389889e-05 +7.008951390e-02 +7.008951390e-02 +3.7408e+00 -1.9968e+00
3011 +5.476273477e-05 +5.476273477e-05 +7.005476273e-02 +7.005476273e-02 +3.7408e+00 -1.9968e+00
3210 +3.958434853e-05 +3.958434853e-05 +7.003958435e-02 +7.003958435e-02 +3.7408e+00 -1.9968e+00
% function evaluation | noise-free fitness - Fopt (4.960000000000e+00) | best noise-free fitness - Fopt | measured fitness | best measured fitness | x1 | x2...
1 +9.976794630e+00 +9.976794630e+00 +1.493679463e+01 +1.493679463e+01 +4.2839e+00 -4.2278e+00
8 +3.473577290e+00 +3.473577290e+00 +8.433577290e+00 +8.433577290e+00 +1.2204e+00 +4.2593e+00
39 +8.486174166e-01 +8.486174166e-01 +5.808617417e+00 +5.808617417e+00 +3.3520e+00 +1.5410e+00
284 +5.279796913e-01 +5.279796913e-01 +5.487979691e+00 +5.487979691e+00 +3.4565e+00 +1.4589e+00
367 +3.918176059e-01 +3.918176059e-01 +5.351817606e+00 +5.351817606e+00 +3.3205e+00 +1.6229e+00
531 +1.140599238e-01 +1.140599238e-01 +5.074059924e+00 +5.074059924e+00 +3.2874e+00 +1.7545e+00
606 +9.767137831e-02 +9.767137831e-02 +5.057671378e+00 +5.057671378e+00 +3.3600e+00 +1.7319e+00
628 +5.797076605e-02 +5.797076605e-02 +5.017970766e+00 +5.017970766e+00 +3.2935e+00 +1.7722e+00
811 +1.721091991e-02 +1.721091991e-02 +4.977210920e+00 +4.977210920e+00 +3.2747e+00 +1.8071e+00
939 +7.823864580e-03 +7.823864580e-03 +4.967823865e+00 +4.967823865e+00 +3.2664e+00 +1.8111e+00
1259 +5.366610412e-03 +5.366610412e-03 +4.965366610e+00 +4.965366610e+00 +3.2610e+00 +1.8183e+00
1384 +3.067587116e-03 +3.067587116e-03 +4.963067587e+00 +4.963067587e+00 +3.2608e+00 +1.8182e+00
4564 +9.867616827e-04 +9.867616827e-04 +4.960986762e+00 +4.960986762e+00 +3.2606e+00 +1.8173e+00
% function evaluation | noise-free fitness - Fopt (1.923000000000e+02) | best noise-free fitness - Fopt | measured fitness | best measured fitness | x1 | x2...
1 +2.690583762e+00 +2.690583762e+00 +1.949905838e+02 +1.949905838e+02 -2.3210e+00 +4.1753e+00
76 +1.845704956e+00 +1.845704956e+00 +1.941457050e+02 +1.941457050e+02 -3.4803e+00 +3.0551e+00
89 +1.144176439e+00 +1.144176439e+00 +1.934441764e+02 +1.934441764e+02 -3.4228e+00 +4.0741e+00
255 +9.672463867e-01 +9.672463867e-01 +1.932672464e+02 +1.932672464e+02 -3.1870e+00 +3.5284e+00
264 +5.614583343e-01 +5.614583343e-01 +1.928614583e+02 +1.928614583e+02 -3.0980e+00 +3.4960e+00
450 +3.874674750e-01 +3.874674750e-01 +1.926874675e+02 +1.926874675e+02 -2.9839e+00 +3.7686e+00
514 +1.044977653e-01 +1.044977653e-01 +1.924044978e+02 +1.924044978e+02 -3.0331e+00 +4.0402e+00
685 +6.613452293e-02 +6.613452293e-02 +1.923661345e+02 +1.923661345e+02 -2.9874e+00 +4.0181e+00
759 +5.810627839e-02 +5.810627839e-02 +1.923581063e+02 +1.923581063e+02 -2.9892e+00 +4.0197e+00
1200 +3.970787326e-02 +3.970787326e-02 +1.923397079e+02 +1.923397079e+02 -3.0004e+00 +4.0084e+00
1259 +2.231894599e-02 +2.231894599e-02 +1.923223189e+02 +1.923223189e+02 -3.0080e+00 +3.9953e+00
1478 +1.013665959e-02 +1.013665959e-02 +1.923101367e+02 +1.923101367e+02 -3.0132e+00 +3.9743e+00
1486 +6.075592830e-03 +6.075592830e-03 +1.923060756e+02 +1.923060756e+02 -3.0136e+00 +3.9796e+00
1604 +3.326925856e-03 +3.326925856e-03 +1.923033269e+02 +1.923033269e+02 -3.0136e+00 +3.9795e+00
1648 +1.890732312e-03 +1.890732312e-03 +1.923018907e+02 +1.923018907e+02 -3.0135e+00 +3.9795e+00
1717 +1.304835341e-03 +1.304835341e-03 +1.923013048e+02 +1.923013048e+02 -3.0136e+00 +3.9793e+00
1768 +9.881656189e-04 +9.881656189e-04 +1.923009882e+02 +1.923009882e+02 -3.0134e+00 +3.9793e+00
% function evaluation | noise-free fitness - Fopt (4.971000000000e+01) | best noise-free fitness - Fopt | measured fitness | best measured fitness | x1 | x2...
1 +5.052595010e+01 +5.052595010e+01 +1.002359501e+02 +1.002359501e+02 +3.5558e-01 +3.3475e+00
5 +3.978941615e+01 +3.978941615e+01 +8.949941615e+01 +8.949941615e+01 +7.2032e-01 -1.6506e+00
10 +2.391520572e+01 +2.391520572e+01 +7.362520572e+01 +7.362520572e+01 +3.2962e-01 +2.9761e+00
16 +1.408030964e+01 +1.408030964e+01 +6.379030964e+01 +6.379030964e+01 +2.2316e+00 +5.2919e-01
22 +2.446754100e+00 +2.446754100e+00 +5.215675410e+01 +5.215675410e+01 +2.4837e+00 -3.5931e+00
209 +1.038333531e+00 +1.038333531e+00 +5.074833353e+01 +5.074833353e+01 +4.0270e+00 -3.9108e+00
321 +6.709995861e-01 +6.709995861e-01 +5.038099959e+01 +5.038099959e+01 +3.9078e+00 -3.7907e+00
330 +5.303549081e-01 +5.303549081e-01 +5.024035491e+01 +5.024035491e+01 +3.2120e+00 -4.0231e+00
455 +3.762774164e-01 +3.762774164e-01 +5.008627742e+01 +5.008627742e+01 +3.9716e+00 -3.6108e+00
492 +2.412904799e-01 +2.412904799e-01 +4.995129048e+01 +4.995129048e+01 +3.8783e+00 -3.6654e+00
540 +1.578070578e-01 +1.578070578e-01 +4.986780706e+01 +4.986780706e+01 +3.8791e+00 -3.6510e+00
596 +9.767671926e-02 +9.767671926e-02 +4.980767672e+01 +4.980767672e+01 +3.8299e+00 -3.6621e+00
914 +3.386964653e-02 +3.386964653e-02 +4.974386965e+01 +4.974386965e+01 +3.7072e+00 -3.7239e+00
1328 +1.652836573e-02 +1.652836573e-02 +4.972652837e+01 +4.972652837e+01 +3.7579e+00 -3.6951e+00
1551 +1.393285790e-02 +1.393285790e-02 +4.972393286e+01 +4.972393286e+01 +3.7407e+00 -3.7066e+00
1681 +8.971860054e-03 +8.971860054e-03 +4.971897186e+01 +4.971897186e+01 +3.7409e+00 -3.7063e+00
1780 +4.812893458e-03 +4.812893458e-03 +4.971481289e+01 +4.971481289e+01 +3.7437e+00 -3.7030e+00
1888 +3.178955391e-03 +3.178955391e-03 +4.971317896e+01 +4.971317896e+01 +3.7437e+00 -3.7031e+00
6117 +1.908547694e-03 +1.908547694e-03 +4.971190855e+01 +4.971190855e+01 +3.7432e+00 -3.7028e+00
6152 +1.495361537e-03 +1.495361537e-03 +4.971149536e+01 +4.971149536e+01 +3.7431e+00 -3.7029e+00
6407 +9.829206260e-04 +9.829206260e-04 +4.971098292e+01 +4.971098292e+01 +3.7431e+00 -3.7028e+00
6762 +2.422085689e-04 +2.422085689e-04 +4.971024221e+01 +4.971024221e+01 +3.7431e+00 -3.7025e+00
7057 +1.691624167e-05 +1.691624167e-05 +4.971001692e+01 +4.971001692e+01 +3.7432e+00 -3.7024e+00
7340 +1.507440322e-05 +1.507440322e-05 +4.971001507e+01 +4.971001507e+01 +3.7432e+00 -3.7024e+00
7433 +5.795513616e-07 +5.795513616e-07 +4.971000058e+01 +4.971000058e+01 +3.7432e+00 -3.7024e+00
8181 +3.174825807e-07 +3.174825807e-07 +4.971000032e+01 +4.971000032e+01 +3.7432e+00 -3.7024e+00
% function evaluation | noise-free fitness - Fopt (2.051200000000e+02) | best noise-free fitness - Fopt | measured fitness | best measured fitness | x1 | x2...
1 +3.778716972e+01 +3.778716972e+01 +2.429071697e+02 +2.429071697e+02 +3.8123e+00 -3.4048e+00
2 +1.934316082e+01 +1.934316082e+01 +2.244631608e+02 +2.244631608e+02 -3.0852e+00 -4.7728e+00
4 +9.565221248e+00 +9.565221248e+00 +2.146852212e+02 +2.146852212e+02 +9.8912e-01 -4.8214e+00
10 +5.950896696e+00 +5.950896696e+00 +2.110708967e+02 +2.110708967e+02 +1.1535e+00 +1.2736e+00
15 +5.278510109e-01 +5.278510109e-01 +2.056478510e+02 +2.056478510e+02 -1.2324e+00 +3.6054e+00
200 +3.456413239e-01 +3.456413239e-01 +2.054656413e+02 +2.054656413e+02 -1.1010e+00 +3.7021e+00
376 +2.488807719e-01 +2.488807719e-01 +2.053688808e+02 +2.053688808e+02 -1.0878e+00 +3.7098e+00
474 +6.539701943e-02 +6.539701943e-02 +2.051853970e+02 +2.051853970e+02 -1.1991e+00 +3.8777e+00
559 +6.177439361e-02 +6.177439361e-02 +2.051817744e+02 +2.051817744e+02 -1.1994e+00 +3.8776e+00
563 +3.534269890e-02 +3.534269890e-02 +2.051553427e+02 +2.051553427e+02 -1.2049e+00 +3.9099e+00
570 +1.924372473e-02 +1.924372473e-02 +2.051392437e+02 +2.051392437e+02 -1.1862e+00 +3.8914e+00
737 +1.367189585e-02 +1.367189585e-02 +2.051336719e+02 +2.051336719e+02 -1.1972e+00 +3.9087e+00
941 +9.542894297e-03 +9.542894297e-03 +2.051295429e+02 +2.051295429e+02 -1.1970e+00 +3.9088e+00
1499 +3.961653713e-03 +3.961653713e-03 +2.051239617e+02 +2.051239617e+02 -1.1949e+00 +3.9071e+00
% function evaluation | noise-free fitness - Fopt (-1.729000000000e+02) | best noise-free fitness - Fopt | measured fitness | best measured fitness | x1 | x2...
1 +4.308739927e+00 +4.308739927e+00 -1.685912601e+02 -1.685912601e+02 -4.7689e+00 -1.7384e+00
6 +3.133503400e+00 +3.133503400e+00 -1.697664966e+02 -1.697664966e+02 -4.3159e+00 -3.2284e+00
166 +2.037012228e+00 +2.037012228e+00 -1.708629878e+02 -1.708629878e+02 -2.2285e+00 -1.1462e+00
199 +3.705146998e-01 +3.705146998e-01 -1.725294853e+02 -1.725294853e+02 -2.8881e+00 -7.5595e-01
429 +2.493719372e-01 +2.493719372e-01 -1.726506281e+02 -1.726506281e+02 -3.0207e+00 -9.7304e-01
452 +1.578000503e-01 +1.578000503e-01 -1.727421999e+02 -1.727421999e+02 -2.8234e+00 -9.1088e-01
583 +7.425347713e-02 +7.425347713e-02 -1.728257465e+02 -1.728257465e+02 -2.8957e+00 -9.8403e-01
661 +5.853769001e-02 +5.853769001e-02 -1.728414623e+02 -1.728414623e+02 -2.8912e+00 -9.9574e-01
830 +3.695223663e-02 +3.695223663e-02 -1.728630478e+02 -1.728630478e+02 -2.9385e+00 -1.0347e+00
954 +1.970645492e-02 +1.970645492e-02 -1.728802935e+02 -1.728802935e+02 -2.9423e+00 -1.0359e+00
1344 +1.394818526e-02 +1.394818526e-02 -1.728860518e+02 -1.728860518e+02 -2.9324e+00 -1.0307e+00
1393 +9.853043886e-03 +9.853043886e-03 -1.728901470e+02 -1.728901470e+02 -2.9352e+00 -1.0287e+00
1480 +3.270371433e-03 +3.270371433e-03 -1.728967296e+02 -1.728967296e+02 -2.9304e+00 -1.0270e+00
1506 +1.004594237e-03 +1.004594237e-03 -1.728989954e+02 -1.728989954e+02 -2.9305e+00 -1.0268e+00
1535 +9.891074735e-04 +9.891074735e-04 -1.728990109e+02 -1.728990109e+02 -2.9305e+00 -1.0268e+00
1729 +6.016592463e-04 +6.016592463e-04 -1.728993983e+02 -1.728993983e+02 -2.9310e+00 -1.0270e+00
1842 +2.450385406e-04 +2.450385406e-04 -1.728997550e+02 -1.728997550e+02 -2.9310e+00 -1.0270e+00
1892 +3.481699218e-05 +3.481699218e-05 -1.728999652e+02 -1.728999652e+02 -2.9312e+00 -1.0272e+00
2722 +1.004323491e-05 +1.004323491e-05 -1.728999900e+02 -1.728999900e+02 -2.9312e+00 -1.0272e+00
2731 +5.628871833e-06 +5.628871833e-06 -1.728999944e+02 -1.728999944e+02 -2.9312e+00 -1.0272e+00
2777 +2.480507959e-06 +2.480507959e-06 -1.728999975e+02 -1.728999975e+02 -2.9312e+00 -1.0272e+00
3044 +1.101492586e-06 +1.101492586e-06 -1.728999989e+02 -1.728999989e+02 -2.9312e+00 -1.0272e+00
3122 +8.849030451e-07 +8.849030451e-07 -1.728999991e+02 -1.728999991e+02 -2.9312e+00 -1.0272e+00
3365 +6.108529362e-07 +6.108529362e-07 -1.728999994e+02 -1.728999994e+02 -2.9312e+00 -1.0272e+00
5899 +3.329877813e-07 +3.329877813e-07 -1.728999997e+02 -1.728999997e+02 -2.9312e+00 -1.0272e+00
7203 +2.164576074e-07 +2.164576074e-07 -1.728999998e+02 -1.728999998e+02 -2.9312e+00 -1.0272e+00
% function evaluation | noise-free fitness - Fopt (-3.506200000000e+02) | best noise-free fitness - Fopt | measured fitness | best measured fitness | x1 | x2...
1 +6.571801291e+00 +6.571801291e+00 -3.440481987e+02 -3.440481987e+02 -2.2787e+00 -2.7055e+00
9 +6.506496007e-01 +6.506496007e-01 -3.499693504e+02 -3.499693504e+02 -3.6381e+00 -3.4071e+00
304 +5.295868997e-01 +5.295868997e-01 -3.500904131e+02 -3.500904131e+02 -3.5746e+00 -3.4289e+00
382 +3.825240441e-01 +3.825240441e-01 -3.502374760e+02 -3.502374760e+02 -3.7167e+00 -3.6598e+00
413 +1.618838744e-01 +1.618838744e-01 -3.504581161e+02 -3.504581161e+02 -3.8021e+00 -3.6518e+00
529 +1.028827967e-01 +1.028827967e-01 -3.505171172e+02 -3.505171172e+02 -3.8393e+00 -3.6438e+00
620 +9.805402879e-02 +9.805402879e-02 -3.505219460e+02 -3.505219460e+02 -3.8394e+00 -3.6369e+00
832 +6.234594276e-02 +6.234594276e-02 -3.505576541e+02 -3.505576541e+02 -3.9355e+00 -3.7804e+00
1254 +3.299674697e-02 +3.299674697e-02 -3.505870033e+02 -3.505870033e+02 -3.9095e+00 -3.7335e+00
1351 +7.688263147e-03 +7.688263147e-03 -3.506123117e+02 -3.506123117e+02 -3.9053e+00 -3.7364e+00
1946 +3.300682985e-03 +3.300682985e-03 -3.506166993e+02 -3.506166993e+02 -3.9089e+00 -3.7387e+00
2265 +2.427050507e-03 +2.427050507e-03 -3.506175729e+02 -3.506175729e+02 -3.9090e+00 -3.7388e+00
2346 +1.286924869e-03 +1.286924869e-03 -3.506187131e+02 -3.506187131e+02 -3.9090e+00 -3.7390e+00
2405 +9.846282376e-04 +9.846282376e-04 -3.506190154e+02 -3.506190154e+02 -3.9092e+00 -3.7391e+00
