% function evaluation | noise-free fitness - Fopt (-6.211100000000e+02) | best noise-free fitness - Fopt | measured fitness | best measured fitness | x1 | x2...
1 +6.128416376e+07 +6.128416376e+07 +6.128354265e+07 +6.128354265e+07 +4.0074e+00 +1.6362e+00 +3.3947e-01 -7.3074e-01 +3.6697e+00
5 +1.049961113e+07 +1.049961113e+07 +1.049899002e+07 +1.049899002e+07 -2.0724e-01 +1.3797e+00 -2.5457e+00 -3.7894e+00 -1.0732e+00
22 +6.913912787e+06 +6.913912787e+06 +6.913291677e+06 +6.913291677e+06 +8.2630e-01 +3.4836e+00 -8.2361e-01 -3.7558e+00 +1.1908e+00
93 +3.131878822e+06 +3.131878822e+06 +3.131257712e+06 +3.131257712e+06 -2.1616e+00 +3.0492e+00 -1.9153e+00 -3.8707e+00 -1.6769e+00
637 +2.493948380e+06 +2.493948380e+06 +2.493327270e+06 +2.493327270e+06 -2.0257e+00 +3.1886e+00 -1.8443e+00 -3.8529e+00 -1.6543e+00
1703 +1.581887049e+06 +1.581887049e+06 +1.581265939e+06 +1.581265939e+06 -1.7976e+00 +3.4408e+00 -1.8508e+00 -3.7606e+00 -1.6125e+00
2415 +9.908474149e+05 +9.908474149e+05 +9.902263049e+05 +9.902263049e+05 -1.6671e+00 +3.6332e+00 -1.8941e+00 -3.6230e+00 -1.4777e+00
3064 +6.283556926e+05 +6.283556926e+05 +6.277345826e+05 +6.277345826e+05 -1.5638e+00 +3.7899e+00 -1.8644e+00 -3.5447e+00 -1.5526e+00
3620 +3.913585822e+05 +3.913585822e+05 +3.907374722e+05 +3.907374722e+05 -1.4658e+00 +3.9200e+00 -1.8174e+00 -3.5020e+00 -1.5878e+00
3946 +2.435840232e+05 +2.435840232e+05 +2.429629132e+05 +2.429629132e+05 -1.3938e+00 +4.0011e+00 -1.8038e+00 -3.4292e+00 -1.5562e+00
4245 +1.508661120e+05 +1.508661120e+05 +1.502450020e+05 +1.502450020e+05 -1.3196e+00 +4.0596e+00 -1.8009e+00 -3.3657e+00 -1.5716e+00
4442 +9.965518202e+04 +9.965518202e+04 +9.903407202e+04 +9.903407202e+04 -1.2528e+00 +4.0985e+00 -1.7630e+00 -3.3475e+00 -1.5690e+00
4641 +6.248269873e+04 +6.248269873e+04 +6.186158873e+04 +6.186158873e+04 -1.2556e+00 +4.1555e+00 -1.7301e+00 -3.3021e+00 -1.5475e+00
4827 +3.815632730e+04 +3.815632730e+04 +3.753521730e+04 +3.753521730e+04 -1.2038e+00 +4.1922e+00 -1.7433e+00 -3.2994e+00 -1.5397e+00
4951 +2.399293039e+04 +2.399293039e+04 +2.337182039e+04 +2.337182039e+04 -1.1985e+00 +4.2272e+00 -1.7659e+00 -3.2607e+00 -1.5279e+00
5059 +1.469614854e+04 +1.469614854e+04 +1.407503854e+04 +1.407503854e+04 -1.1498e+00 +4.2414e+00 -1.7420e+00 -3.2745e+00 -1.5052e+00
5152 +7.466083722e+03 +7.466083722e+03 +6.844973722e+03 +6.844973722e+03 -1.1563e+00 +4.2834e+00 -1.7631e+00 -3.2324e+00 -1.5493e+00
5249 +5.473367138e+03 +5.473367138e+03 +4.852257138e+03 +4.852257138e+03 -1.1733e+00 +4.3113e+00 -1.7764e+00 -3.2208e+00 -1.5643e+00
5257 +3.595599579e+03 +3.595599579e+03 +2.974489579e+03 +2.974489579e+03 -1.1667e+00 +4.3265e+00 -1.7732e+00 -3.2153e+00 -1.5644e+00
5312 +2.241722487e+03 +2.241722487e+03 +1.620612487e+03 +1.620612487e+03 -1.1559e+00 +4.3333e+00 -1.7705e+00 -3.2185e+00 -1.5554e+00
5352 +1.556562280e+03 +1.556562280e+03 +9.354522804e+02 +9.354522804e+02 -1.1517e+00 +4.3379e+00 -1.7791e+00 -3.2283e+00 -1.5442e+00
5417 +9.283072764e+02 +9.283072764e+02 +3.071972764e+02 +3.071972764e+02 -1.1310e+00 +4.3423e+00 -1.7641e+00 -3.2131e+00 -1.5465e+00
5426 +2.490384297e+02 +2.490384297e+02 -3.720715703e+02 -3.720715703e+02 -1.1324e+00 +4.3532e+00 -1.7643e+00 -3.2232e+00 -1.5237e+00
5494 +5.734997575e+01 +5.734997575e+01 -5.637600242e+02 -5.637600242e+02 -1.1203e+00 +4.3536e+00 -1.7718e+00 -3.2349e+00 -1.5186e+00
5529 +3.508169838e+01 +3.508169838e+01 -5.860283016e+02 -5.860283016e+02 -1.1166e+00 +4.3581e+00 -1.7660e+00 -3.2330e+00 -1.5197e+00
5655 +1.660365366e+01 +1.660365366e+01 -6.045063463e+02 -6.045063463e+02 -1.1228e+00 +4.3582e+00 -1.7638e+00 -3.2353e+00 -1.5126e+00
8116 +8.276286277e+00 +8.276286277e+00 -6.128337137e+02 -6.128337137e+02 -1.1207e+00 +4.3575e+00 -1.7549e+00 -3.2370e+00 -1.5108e+00
% function evaluation | noise-free fitness - Fopt (-2.548200000000e+02) | best noise-free fitness - Fopt | measured fitness | best measured fitness | x1 | x2...
1 +1.538970149e+09 +1.538970149e+09 +1.538969894e+09 +1.538969894e+09 +2.7998e+00 -1.2606e+00 +2.9725e+00 +1.9880e+00 +3.4988e+00
2 +9.989423148e+07 +9.989423148e+07 +9.989397666e+07 +9.989397666e+07 +1.6698e-01 +8.4119e-01 -1.8411e+00 -1.2576e+00 +8.2199e-01
6 +5.139649349e+07 +5.139649349e+07 +5.139623867e+07 +5.139623867e+07 -3.1365e-02 +4.0070e+00 -2.7030e+00 -3.8222e+00 +1.4103e+00
8 +2.212075023e+07 +2.212075023e+07 +2.212049541e+07 +2.212049541e+07 -1.6871e+00 +4.4488e+00 +3.4574e+00 +1.6595e+00 -4.9520e+00
74 +2.380758176e+06 +2.380758176e+06 +2.380503356e+06 +2.380503356e+06 +3.0566e+00 +2.8644e+00 +3.3624e-01 -1.9020e+00 -2.2119e+00
977 +1.576839907e+06 +1.576839907e+06 +1.576585087e+06 +1.576585087e+06 +3.1247e+00 +3.0483e+00 +2.4478e-01 -1.7163e+00 -2.2912e+00
1884 +9.941595986e+05 +9.941595986e+05 +9.939047786e+05 +9.939047786e+05 +3.2467e+00 +3.2011e+00 +1.5968e-01 -1.5716e+00 -2.3557e+00
2501 +6.197847312e+05 +6.197847312e+05 +6.195299112e+05 +6.195299112e+05 +3.3653e+00 +3.3547e+00 +1.4237e-01 -1.4604e+00 -2.3796e+00
2977 +3.883293511e+05 +3.883293511e+05 +3.880745311e+05 +3.880745311e+05 +3.4677e+00 +3.4564e+00 +7.0629e-02 -1.3853e+00 -2.3934e+00
3419 +2.490229943e+05 +2.490229943e+05 +2.487681743e+05 +2.487681743e+05 +3.5282e+00 +3.4979e+00 -2.1638e-02 -1.3034e+00 -2.4020e+00
3723 +1.560072926e+05 +1.560072926e+05 +1.557524726e+05 +1.557524726e+05 +3.5263e+00 +3.5970e+00 +9.6557e-03 -1.2112e+00 -2.4200e+00
3977 +9.610407504e+04 +9.610407504e+04 +9.584925504e+04 +9.584925504e+04 +3.5997e+00 +3.6221e+00 +1.1770e-02 -1.1549e+00 -2.4749e+00
4193 +6.217485624e+04 +6.217485624e+04 +6.192003624e+04 +6.192003624e+04 +3.6175e+00 +3.6712e+00 -2.8245e-02 -1.1243e+00 -2.4509e+00
4388 +3.549170792e+04 +3.549170792e+04 +3.523688792e+04 +3.523688792e+04 +3.6337e+00 +3.7083e+00 -7.6232e-02 -1.0872e+00 -2.4809e+00
4548 +2.244295073e+04 +2.244295073e+04 +2.218813073e+04 +2.218813073e+04 +3.6487e+00 +3.7365e+00 -5.5953e-02 -1.0470e+00 -2.4898e+00
4662 +1.232395096e+04 +1.232395096e+04 +1.206913096e+04 +1.206913096e+04 +3.6839e+00 +3.7305e+00 -1.0024e-01 -1.0330e+00 -2.4972e+00
4752 +6.780657008e+03 +6.780657008e+03 +6.525837008e+03 +6.525837008e+03 +3.6984e+00 +3.7448e+00 -8.8828e-02 -1.0066e+00 -2.4773e+00
4805 +5.585975297e+03 +5.585975297e+03 +5.331155297e+03 +5.331155297e+03 +3.7035e+00 +3.7554e+00 -9.8322e-02 -1.0019e+00 -2.5171e+00
4901 +3.084092878e+03 +3.084092878e+03 +2.829272878e+03 +2.829272878e+03 +3.6968e+00 +3.7660e+00 -1.2631e-01 -9.7430e-01 -2.5073e+00
4948 +2.231060980e+03 +2.231060980e+03 +1.976240980e+03 +1.976240980e+03 +3.6968e+00 +3.7544e+00 -1.2368e-01 -9.5854e-01 -2.4834e+00
4980 +1.068934505e+03 +1.068934505e+03 +8.141145055e+02 +8.141145055e+02 +3.6971e+00 +3.7569e+00 -1.1958e-01 -9.4263e-01 -2.5216e+00
4997 +5.034291887e+02 +5.034291887e+02 +2.486091887e+02 +2.486091887e+02 +3.7065e+00 +3.7636e+00 -1.1528e-01 -9.3123e-01 -2.5279e+00
5077 +2.830477150e+02 +2.830477150e+02 +2.822771503e+01 +2.822771503e+01 +3.7085e+00 +3.7579e+00 -1.1391e-01 -9.3053e-01 -2.5213e+00
5129 +2.365494739e+02 +2.365494739e+02 -1.827052606e+01 -1.827052606e+01 +3.7227e+00 +3.7486e+00 -1.1998e-01 -9.3925e-01 -2.5165e+00
5135 +1.155973262e+02 +1.155973262e+02 -1.392226738e+02 -1.392226738e+02 +3.7278e+00 +3.7496e+00 -1.1830e-01 -9.2674e-01 -2.5210e+00
5192 +3.288013472e+01 +3.288013472e+01 -2.219398653e+02 -2.219398653e+02 +3.7354e+00 +3.7543e+00 -1.1695e-01 -9.3977e-01 -2.5015e+00
5215 +1.950071018e+01 +1.950071018e+01 -2.353192898e+02 -2.353192898e+02 +3.7461e+00 +3.7610e+00 -1.1663e-01 -9.4851e-01 -2.4802e+00
5554 +1.531372037e+01 +1.531372037e+01 -2.395062796e+02 -2.395062796e+02 +3.7496e+00 +3.7636e+00 -1.1897e-01 -9.5211e-01 -2.4752e+00
5814 +8.773429000e+00 +8.773429000e+00 -2.460465710e+02 -2.460465710e+02 +3.7449e+00 +3.7637e+00 -1.1893e-01 -9.4345e-01 -2.4894e+00
7389 +2.489043848e+00 +2.489043848e+00 -2.523309562e+02 -2.523309562e+02 +3.7578e+00 +3.7685e+00 -1.2240e-01 -9.5356e-01 -2.4674e+00
% function evaluation | noise-free fitness - Fopt (5.661000000000e+01) | best noise-free fitness - Fopt | measured fitness | best measured fitness | x1 | x2...
1 +2.656057152e+08 +2.656057152e+08 +2.656057718e+08 +2.656057718e+08 +1.9933e+00 +6.0530e-01 -1.0561e+00 +6.0537e-01 -9.1627e-01
3 +6.819976993e+07 +6.819976993e+07 +6.819982654e+07 +6.819982654e+07 -1.8833e+00 -1.1200e+00 +1.3163e+00 +3.7760e+00 +2.4647e+00
6 +2.032098356e+07 +2.032098356e+07 +2.032104017e+07 +2.032104017e+07 +3.1394e-01 -4.1673e+00 -2.4333e+00 +2.2207e+00 -4.2114e+00
11 +1.492336065e+07 +1.492336065e+07 +1.492341726e+07 +1.492341726e+07 -9.8948e-01 -2.7286e+00 -4.9440e+00 -1.0260e+00 -3.8434e+00
17 +3.476870236e+06 +3.476870236e+06 +3.476926846e+06 +3.476926846e+06 -2.3806e+00 -1.8865e+00 -4.4050e+00 +1.3145e+00 -2.2777e+00
569 +2.467770303e+06 +2.467770303e+06 +2.467826913e+06 +2.467826913e+06 -2.5140e+00 -1.9487e+00 -4.3500e+00 +1.2315e+00 -2.3372e+00
1198 +1.573553320e+06 +1.573553320e+06 +1.573609930e+06 +1.573609930e+06 -2.6675e+00 -2.0373e+00 -4.2581e+00 +1.1584e+00 -2.3858e+00
1871 +9.964817945e+05 +9.964817945e+05 +9.965384045e+05 +9.965384045e+05 -2.7728e+00 -2.1701e+00 -4.1794e+00 +1.0771e+00 -2.4263e+00
2448 +6.256503737e+05 +6.256503737e+05 +6.257069837e+05 +6.257069837e+05 -2.8806e+00 -2.2566e+00 -4.1028e+00 +9.5966e-01 -2.4826e+00
2847 +3.960247683e+05 +3.960247683e+05 +3.960813783e+05 +3.960813783e+05 -3.0079e+00 -2.3551e+00 -4.0670e+00 +9.6013e-01 -2.5014e+00
3319 +2.485874092e+05 +2.485874092e+05 +2.486440192e+05 +2.486440192e+05 -3.0983e+00 -2.4487e+00 -3.9999e+00 +9.3389e-01 -2.5026e+00
3643 +1.577091188e+05 +1.577091188e+05 +1.577657288e+05 +1.577657288e+05 -3.1961e+00 -2.5171e+00 -3.9851e+00 +9.4606e-01 -2.5098e+00
3926 +9.999303666e+04 +9.999303666e+04 +1.000496467e+05 +1.000496467e+05 -3.2750e+00 -2.5520e+00 -3.9338e+00 +9.3529e-01 -2.5443e+00
4160 +6.049075512e+04 +6.049075512e+04 +6.054736512e+04 +6.054736512e+04 -3.3124e+00 -2.6449e+00 -3.9688e+00 +9.8815e-01 -2.5541e+00
4352 +3.916017512e+04 +3.916017512e+04 +3.921678512e+04 +3.921678512e+04 -3.3460e+00 -2.6582e+00 -3.9341e+00 +9.4804e-01 -2.5879e+00
4489 +2.162172224e+04 +2.162172224e+04 +2.167833224e+04 +2.167833224e+04 -3.3652e+00 -2.7226e+00 -3.9120e+00 +9.3432e-01 -2.5908e+00
4597 +1.581295354e+04 +1.581295354e+04 +1.586956354e+04 +1.586956354e+04 -3.3845e+00 -2.7408e+00 -3.8959e+00 +9.4103e-01 -2.6120e+00
4721 +9.577561852e+03 +9.577561852e+03 +9.634171852e+03 +9.634171852e+03 -3.4298e+00 -2.7296e+00 -3.8820e+00 +9.3987e-01 -2.6158e+00
4796 +4.314901386e+03 +4.314901386e+03 +4.371511386e+03 +4.371511386e+03 -3.4735e+00 -2.7473e+00 -3.8850e+00 +9.3851e-01 -2.6254e+00
4822 +3.525030360e+03 +3.525030360e+03 +3.581640360e+03 +3.581640360e+03 -3.4855e+00 -2.7457e+00 -3.8809e+00 +9.3420e-01 -2.6273e+00
4861 +2.097282041e+03 +2.097282041e+03 +2.153892041e+03 +2.153892041e+03 -3.4890e+00 -2.7568e+00 -3.8795e+00 +9.1339e-01 -2.6224e+00
4948 +1.483021635e+03 +1.483021635e+03 +1.539631635e+03 +1.539631635e+03 -3.4980e+00 -2.7547e+00 -3.9222e+00 +9.0607e-01 -2.5975e+00
4951 +3.267801545e+02 +3.267801545e+02 +3.833901545e+02 +3.833901545e+02 -3.5062e+00 -2.7872e+00 -3.9063e+00 +9.0416e-01 -2.5935e+00
5040 +1.995252860e+02 +1.995252860e+02 +2.561352860e+02 +2.561352860e+02 -3.5242e+00 -2.7531e+00 -3.9019e+00 +8.8958e-01 -2.6065e+00
5069 +6.219027432e+01 +6.219027432e+01 +1.188002743e+02 +1.188002743e+02 -3.5189e+00 -2.7869e+00 -3.8956e+00 +9.0503e-01 -2.5813e+00
5238 +3.700974756e+01 +3.700974756e+01 +9.361974756e+01 +9.361974756e+01 -3.5260e+00 -2.7778e+00 -3.8935e+00 +8.8702e-01 -2.5911e+00
5255 +7.501612203e+00 +7.501612203e+00 +6.411161220e+01 +6.411161220e+01 -3.5249e+00 -2.7731e+00 -3.8905e+00 +8.9102e-01 -2.5947e+00
7220 +4.038779490e+00 +4.038779490e+00 +6.064877949e+01 +6.064877949e+01 -3.5110e+00 -2.7942e+00 -3.8927e+00 +8.9904e-01 -2.5775e+00
7632 +1.385777065e+00 +1.385777065e+00 +5.799577706e+01 +5.799577706e+01 -3.5251e+00 -2.7747e+00 -3.8915e+00 +8.9337e-01 -2.5911e+00
% function evaluation | noise-free fitness - Fopt (-1.810000000000e+01) | best noise-free fitness - Fopt | measured fitness | best measured fitness | x1 | x2...
1 +9.307932184e+08 +9.307932184e+08 +9.307932003e+08 +9.307932003e+08 +4.1878e-01 -2.6328e-02 -1.3937e+00 -4.9597e+00 +2.2433e-01
2 +8.097533277e+07 +8.097533277e+07 +8.097531467e+07 +8.097531467e+07 +4.5975e+00 +4.5035e+00 +4.4453e+00 +3.4697e+00 -3.5407e+00
3 +6.044944726e+07 +6.044944726e+07 +6.044942916e+07 +6.044942916e+07 -3.1217e+00 +2.1007e+00 +1.5055e+00 -4.0298e+00 +4.0489e-01
6 +2.244523421e+07 +2.244523421e+07 +2.244521611e+07 +2.244521611e+07 +2.6575e+00 +2.8016e+00 +2.6638e-02 +2.8683e+00 +4.1296e-01
16 +1.010254753e+07 +1.010254753e+07 +1.010252943e+07 +1.010252943e+07 -2.1917e+00 +2.4968e+00 +2.5804e+00 +6.2318e-01 +6.6548e-01
154 +9.948174644e+06 +9.948174644e+06 +9.948156544e+06 +9.948156544e+06 -2.1974e+00 +2.4969e+00 +2.6023e+00 +6.4760e-01 +6.6124e-01
2107 +6.297396941e+06 +6.297396941e+06 +6.297378841e+06 +6.297378841e+06 -2.0229e+00 +2.1580e+00 +3.0107e+00 +8.7488e-01 +9.6109e-01
3672 +3.963038145e+06 +3.963038145e+06 +3.963020045e+06 +3.963020045e+06 -1.8297e+00 +2.0209e+00 +3.3497e+00 +1.2128e+00 +1.0406e+00
4961 +2.491049462e+06 +2.491049462e+06 +2.491031362e+06 +2.491031362e+06 -1.6634e+00 +1.8914e+00 +3.6437e+00 +1.4516e+00 +1.0977e+00
5918 +1.580822414e+06 +1.580822414e+06 +1.580804314e+06 +1.580804314e+06 -1.6311e+00 +1.6585e+00 +3.7999e+00 +1.6156e+00 +1.1714e+00
6632 +9.774668071e+05 +9.774668071e+05 +9.774487071e+05 +9.774487071e+05 -1.6089e+00 +1.5679e+00 +3.9548e+00 +1.7955e+00 +1.2731e+00
7292 +6.229475784e+05 +6.229475784e+05 +6.229294784e+05 +6.229294784e+05 -1.5713e+00 +1.4496e+00 +4.0845e+00 +1.8724e+00 +1.3306e+00
7764 +3.890366053e+05 +3.890366053e+05 +3.890185053e+05 +3.890185053e+05 -1.5634e+00 +1.3754e+00 +4.1960e+00 +1.9483e+00 +1.3984e+00
8203 +2.510858604e+05 +2.510858604e+05 +2.510677604e+05 +2.510677604e+05 -1.5155e+00 +1.3399e+00 +4.2892e+00 +2.0001e+00 +1.4563e+00
8522 +1.545779152e+05 +1.545779152e+05 +1.545598152e+05 +1.545598152e+05 -1.4764e+00 +1.2568e+00 +4.3278e+00 +2.0832e+00 +1.4394e+00
8825 +9.635571892e+04 +9.635571892e+04 +9.633761892e+04 +9.633761892e+04 -1.4785e+00 +1.2323e+00 +4.4132e+00 +2.0954e+00 +1.4876e+00
9052 +5.918054174e+04 +5.918054174e+04 +5.916244174e+04 +5.916244174e+04 -1.4941e+00 +1.1739e+00 +4.4771e+00 +2.0959e+00 +1.5361e+00
9232 +3.873579435e+04 +3.873579435e+04 +3.871769435e+04 +3.871769435e+04 -1.4923e+00 +1.1778e+00 +4.5065e+00 +2.1372e+00 +1.5377e+00
9338 +2.248294085e+04 +2.248294085e+04 +2.246484085e+04 +2.246484085e+04 -1.4864e+00 +1.1642e+00 +4.5209e+00 +2.1831e+00 +1.5528e+00
9402 +1.423880258e+04 +1.423880258e+04 +1.422070258e+04 +1.422070258e+04 -1.4651e+00 +1.1397e+00 +4.5513e+00 +2.2001e+00 +1.5170e+00
9486 +9.092350651e+03 +9.092350651e+03 +9.074250651e+03 +9.074250651e+03 -1.4751e+00 +1.1357e+00 +4.5485e+00 +2.2405e+00 +1.5086e+00
9578 +5.436006486e+03 +5.436006486e+03 +5.417906486e+03 +5.417906486e+03 -1.4797e+00 +1.1268e+00 +4.5600e+00 +2.2620e+00 +1.5105e+00
9614 +3.244567268e+03 +3.244567268e+03 +3.226467268e+03 +3.226467268e+03 -1.4762e+00 +1.1186e+00 +4.5747e+00 +2.2642e+00 +1.5198e+00
9674 +2.467469576e+03 +2.467469576e+03 +2.449369576e+03 +2.449369576e+03 -1.4830e+00 +1.1158e+00 +4.5825e+00 +2.2522e+00 +1.5386e+00
9697 +1.496066550e+03 +1.496066550e+03 +1.477966550e+03 +1.477966550e+03 -1.5045e+00 +1.1292e+00 +4.6020e+00 +2.2732e+00 +1.5324e+00
9742 +8.226369480e+02 +8.226369480e+02 +8.045369480e+02 +8.045369480e+02 -1.4909e+00 +1.1056e+00 +4.5907e+00 +2.2698e+00 +1.5478e+00
9815 +4.295259995e+02 +4.295259995e+02 +4.114259995e+02 +4.114259995e+02 -1.4899e+00 +1.1013e+00 +4.5907e+00 +2.2794e+00 +1.5522e+00
9859 +2.279853721e+02 +2.279853721e+02 +2.098853721e+02 +2.098853721e+02 -1.5027e+00 +1.1064e+00 +4.6121e+00 +2.2882e+00 +1.5491e+00
9901 +1.195490638e+02 +1.195490638e+02 +1.014490638e+02 +1.014490638e+02 -1.5019e+00 +1.0955e+00 +4.6257e+00 +2.2870e+00 +1.5450e+00
9938 +9.719140278e+01 +9.719140278e+01 +7.909140278e+01 +7.909140278e+01 -1.4897e+00 +1.0969e+00 +4.6104e+00 +2.2809e+00 +1.5608e+00
9945 +4.683018782e+01 +4.683018782e+01 +2.873018782e+01 +2.873018782e+01 -1.4970e+00 +1.1026e+00 +4.6175e+00 +2.2829e+00 +1.5536e+00
10149 +3.342817615e+01 +3.342817615e+01 +1.532817615e+01 +1.532817615e+01 -1.4915e+00 +1.0956e+00 +4.6129e+00 +2.2935e+00 +1.5584e+00
10172 +2.082961178e+01 +2.082961178e+01 +2.729611777e+00 +2.729611777e+00 -1.4889e+00 +1.0922e+00 +4.6120e+00 +2.2927e+00 +1.5554e+00
10717 +1.505153703e+01 +1.505153703e+01 -3.048462971e+00 -3.048462971e+00 -1.5006e+00 +1.0973e+00 +4.6237e+00 +2.2793e+00 +1.5508e+00
16265 +8.595620963e+00 +8.595620963e+00 -9.504379037e+00 -9.504379037e+00 -1.4827e+00 +1.0904e+00 +4.5945e+00 +2.3018e+00 +1.5630e+00
% function evaluation | noise-free fitness - Fopt (3.777000000000e+01) | best noise-free fitness - Fopt | measured fitness | best measured fitness | x1 | x2...
1 +5.017941790e+07 +5.017941790e+07 +5.017945567e+07 +5.017945567e+07 +3.3671e-01 -3.8121e+00 +3.3550e+00 -4.2658e+00 +4.0078e+00
4 +5.624150767e+06 +5.624150767e+06 +5.624188537e+06 +5.624188537e+06 +2.1556e+00 +3.1300e+00 +2.4624e+00 -2.4444e+00 +7.8320e-01
1118 +3.975767952e+06 +3.975767952e+06 +3.975805722e+06 +3.975805722e+06 +1.9054e+00 +2.9272e+00 +2.4115e+00 -2.5094e+00 +6.4238e-01
2370 +2.502711245e+06 +2.502711245e+06 +2.502749015e+06 +2.502749015e+06 +1.6736e+00 +2.6623e+00 +2.4607e+00 -2.4733e+00 +4.7388e-01
3366 +1.584584641e+06 +1.584584641e+06 +1.584622411e+06 +1.584622411e+06 +1.5377e+00 +2.4508e+00 +2.5791e+00 -2.4557e+00 +2.9626e-01
4142 +9.949598050e+05 +9.949598050e+05 +9.949975750e+05 +9.949975750e+05 +1.4518e+00 +2.2470e+00 +2.6362e+00 -2.4321e+00 +1.4903e-01
4802 +6.299123962e+05 +6.299123962e+05 +6.299501662e+05 +6.299501662e+05 +1.3411e+00 +2.0902e+00 +2.6421e+00 -2.3645e+00 +8.8393e-02
5154 +3.939250499e+05 +3.939250499e+05 +3.939628199e+05 +3.939628199e+05 +1.2477e+00 +1.9741e+00 +2.7016e+00 -2.3138e+00 +6.5987e-02
5562 +2.471344826e+05 +2.471344826e+05 +2.471722526e+05 +2.471722526e+05 +1.1754e+00 +1.8530e+00 +2.6983e+00 -2.3264e+00 +2.7180e-02
5815 +1.574704474e+05 +1.574704474e+05 +1.575082174e+05 +1.575082174e+05 +1.1240e+00 +1.8018e+00 +2.7656e+00 -2.3096e+00 -8.4956e-03
6170 +9.609936703e+04 +9.609936703e+04 +9.613713703e+04 +9.613713703e+04 +1.0678e+00 +1.7385e+00 +2.7904e+00 -2.3167e+00 -2.9634e-02
6389 +5.728468805e+04 +5.728468805e+04 +5.732245805e+04 +5.732245805e+04 +1.0329e+00 +1.6910e+00 +2.8321e+00 -2.3042e+00 -4.1769e-02
6530 +3.740009096e+04 +3.740009096e+04 +3.743786096e+04 +3.743786096e+04 +1.0053e+00 +1.6565e+00 +2.8543e+00 -2.2942e+00 -4.3269e-02
6642 +2.493361242e+04 +2.493361242e+04 +2.497138242e+04 +2.497138242e+04 +9.9082e-01 +1.6318e+00 +2.8552e+00 -2.3038e+00 -7.9939e-02
6755 +1.482802566e+04 +1.482802566e+04 +1.486579566e+04 +1.486579566e+04 +9.6279e-01 +1.6164e+00 +2.8491e+00 -2.2587e+00 -8.8984e-02
6839 +8.995120849e+03 +8.995120849e+03 +9.032890849e+03 +9.032890849e+03 +9.4726e-01 +1.5757e+00 +2.8406e+00 -2.2500e+00 -9.0241e-02
6902 +5.948112187e+03 +5.948112187e+03 +5.985882187e+03 +5.985882187e+03 +9.4689e-01 +1.5687e+00 +2.8687e+00 -2.2784e+00 -1.1256e-01
6989 +3.221202222e+03 +3.221202222e+03 +3.258972222e+03 +3.258972222e+03 +9.2639e-01 +1.5452e+00 +2.8727e+00 -2.2794e+00 -1.1470e-01
7037 +1.415565981e+03 +1.415565981e+03 +1.453335981e+03 +1.453335981e+03 +9.0437e-01 +1.5497e+00 +2.8775e+00 -2.2663e+00 -1.1266e-01
7088 +3.867275637e+02 +3.867275637e+02 +4.244975637e+02 +4.244975637e+02 +9.0143e-01 +1.5457e+00 +2.8905e+00 -2.2533e+00 -1.2187e-01
7114 +2.350387900e+02 +2.350387900e+02 +2.728087900e+02 +2.728087900e+02 +8.9091e-01 +1.5574e+00 +2.8914e+00 -2.2457e+00 -1.3140e-01
7180 +9.270028886e+01 +9.270028886e+01 +1.304702889e+02 +1.304702889e+02 +8.8707e-01 +1.5542e+00 +2.8950e+00 -2.2458e+00 -1.2773e-01
7191 +3.597029505e+01 +3.597029505e+01 +7.374029505e+01 +7.374029505e+01 +8.8430e-01 +1.5434e+00 +2.9006e+00 -2.2512e+00 -1.2800e-01
10454 +2.063103085e+01 +2.063103085e+01 +5.840103085e+01 +5.840103085e+01 +8.8306e-01 +1.5462e+00 +2.8966e+00 -2.2445e+00 -1.2535e-01
% function evaluation | noise-free fitness - Fopt (-6.720000000000e+01) | best noise-free fitness - Fopt | measured fitness | best measured fitness | x1 | x2...
1 +2.183731497e+08 +2.183731497e+08 +2.183730825e+08 +2.183730825e+08 +1.0476e+00 -4.1132e+00 +3.6609e+00 -3.6251e+00 +5.8772e-01
2 +1.511034911e+08 +1.511034911e+08 +1.511034239e+08 +1.511034239e+08 -2.1230e+00 -3.2243e+00 +4.1202e+00 -2.6556e+00 +9.3006e-01
3 +4.865173720e+07 +4.865173720e+07 +4.865167000e+07 +4.865167000e+07 -5.9393e-01 +4.2061e+00 +2.1325e+00 -1.1561e+00 +4.0685e+00
9 +1.422547332e+07 +1.422547332e+07 +1.422540612e+07 +1.422540612e+07 +2.7942e+00 -1.2801e+00 -2.3650e+00 -1.5282e+00 +1.6182e+00
11 +3.558067386e+06 +3.558067386e+06 +3.558000186e+06 +3.558000186e+06 +2.6673e-01 -1.2974e-02 -2.9765e+00 -7.6369e-01 +1.4013e+00
638 +2.421060344e+06 +2.421060344e+06 +2.420993144e+06 +2.420993144e+06 +2.5579e-01 -1.0706e-01 -2.8568e+00 -8.4479e-01 +1.4779e+00
1327 +1.563180301e+06 +1.563180301e+06 +1.563113101e+06 +1.563113101e+06 +2.1634e-01 -2.2959e-01 -2.7526e+00 -9.6703e-01 +1.4728e+00
1847 +9.784754146e+05 +9.784754146e+05 +9.784082146e+05 +9.784082146e+05 +2.1271e-01 -2.8770e-01 -2.6172e+00 -1.0824e+00 +1.4979e+00
2349 +6.233762936e+05 +6.233762936e+05 +6.233090936e+05 +6.233090936e+05 +2.3810e-01 -4.3583e-01 -2.5853e+00 -1.1677e+00 +1.4824e+00
2698 +3.968757646e+05 +3.968757646e+05 +3.968085646e+05 +3.968085646e+05 +2.4631e-01 -4.9515e-01 -2.5179e+00 -1.2590e+00 +1.5084e+00
3019 +2.470279063e+05 +2.470279063e+05 +2.469607063e+05 +2.469607063e+05 +2.4981e-01 -5.7780e-01 -2.4495e+00 -1.3138e+00 +1.5144e+00
3310 +1.582092050e+05 +1.582092050e+05 +1.581420050e+05 +1.581420050e+05 +2.6415e-01 -6.0931e-01 -2.4113e+00 -1.3930e+00 +1.4725e+00
3537 +9.910465162e+04 +9.910465162e+04 +9.903745162e+04 +9.903745162e+04 +2.3443e-01 -6.6084e-01 -2.4228e+00 -1.4500e+00 +1.4639e+00
3702 +6.209666411e+04 +6.209666411e+04 +6.202946411e+04 +6.202946411e+04 +2.4044e-01 -7.2317e-01 -2.3948e+00 -1.4612e+00 +1.4207e+00
3826 +3.942227834e+04 +3.942227834e+04 +3.935507834e+04 +3.935507834e+04 +2.3421e-01 -7.4944e-01 -2.4208e+00 -1.5109e+00 +1.4194e+00
3983 +2.070093549e+04 +2.070093549e+04 +2.063373549e+04 +2.063373549e+04 +2.1285e-01 -7.6614e-01 -2.3750e+00 -1.5390e+00 +1.3654e+00
4081 +1.533645613e+04 +1.533645613e+04 +1.526925613e+04 +1.526925613e+04 +1.7999e-01 -7.6759e-01 -2.3876e+00 -1.5653e+00 +1.3885e+00
4181 +8.614291272e+03 +8.614291272e+03 +8.547091272e+03 +8.547091272e+03 +1.7599e-01 -8.4093e-01 -2.3764e+00 -1.5522e+00 +1.3769e+00
4206 +5.857044862e+03 +5.857044862e+03 +5.789844862e+03 +5.789844862e+03 +1.8139e-01 -8.3171e-01 -2.3810e+00 -1.5657e+00 +1.3605e+00
4341 +3.807933460e+03 +3.807933460e+03 +3.740733460e+03 +3.740733460e+03 +1.9227e-01 -8.4373e-01 -2.3873e+00 -1.5894e+00 +1.3693e+00
4372 +2.305592541e+03 +2.305592541e+03 +2.238392541e+03 +2.238392541e+03 +1.7679e-01 -8.7373e-01 -2.3952e+00 -1.5564e+00 +1.3442e+00
4406 +1.330025178e+03 +1.330025178e+03 +1.262825178e+03 +1.262825178e+03 +1.8710e-01 -8.8822e-01 -2.3945e+00 -1.5629e+00 +1.3439e+00
4442 +9.320223845e+02 +9.320223845e+02 +8.648223845e+02 +8.648223845e+02 +1.9253e-01 -8.8616e-01 -2.3991e+00 -1.5755e+00 +1.3278e+00
4476 +5.941624357e+02 +5.941624357e+02 +5.269624357e+02 +5.269624357e+02 +1.7563e-01 -8.5512e-01 -2.4052e+00 -1.6200e+00 +1.3512e+00
4507 +3.157406490e+02 +3.157406490e+02 +2.485406490e+02 +2.485406490e+02 +1.9016e-01 -8.7611e-01 -2.4140e+00 -1.5986e+00 +1.3411e+00
4586 +1.498265148e+02 +1.498265148e+02 +8.262651483e+01 +8.262651483e+01 +1.8552e-01 -8.6233e-01 -2.4079e+00 -1.6262e+00 +1.3284e+00
4643 +9.725915570e+01 +9.725915570e+01 +3.005915570e+01 +3.005915570e+01 +1.7621e-01 -8.6431e-01 -2.4027e+00 -1.6199e+00 +1.3254e+00
4711 +2.839065317e+01 +2.839065317e+01 -3.880934683e+01 -3.880934683e+01 +1.7824e-01 -8.6250e-01 -2.4090e+00 -1.6248e+00 +1.3330e+00
5973 +2.158914781e+01 +2.158914781e+01 -4.561085219e+01 -4.561085219e+01 +1.7694e-01 -8.5458e-01 -2.4047e+00 -1.6286e+00 +1.3324e+00
6013 +1.294340949e+01 +1.294340949e+01 -5.425659051e+01 -5.425659051e+01 +1.8002e-01 -8.5927e-01 -2.4065e+00 -1.6238e+00 +1.3325e+00
% function evaluation | noise-free fitness - Fopt (-7.010000000000e+00) | best noise-free fitness - Fopt | measured fitness | best measured fitness | x1 | x2...
1 +1.920748773e+08 +1.920748773e+08 +1.920748703e+08 +1.920748703e+08 +2.1583e-01 -3.0275e+00 +3.3930e+00 -3.0829e+00 +4.1606e+00
2 +6.119527206e+07 +6.119527206e+07 +6.119526505e+07 +6.119526505e+07 +4.4232e-01 -4.0323e+00 -4.9319e+00 +4.5070e+00 -2.9398e+00
4 +1.792338806e+07 +1.792338806e+07 +1.792338105e+07 +1.792338105e+07 -7.3261e-01 +3.6480e+00 -2.9656e+00 +2.1424e-01 +5.9476e-01
23 +1.415628078e+07 +1.415628078e+07 +1.415627377e+07 +1.415627377e+07 +1.4278e+00 +2.3650e+00 +2.1854e+00 +4.5821e+00 +1.6923e+00
1018 +5.863682078e+06 +5.863682078e+06 +5.863675068e+06 +5.863675068e+06 +1.2466e+00 +1.9343e+00 -3.5951e+00 +3.1417e+00 +1.2766e+00
2399 +3.969406768e+06 +3.969406768e+06 +3.969399758e+06 +3.969399758e+06 +1.0796e+00 +2.1067e+00 -3.4148e+00 +3.3959e+00 +1.0968e+00
3523 +2.499360199e+06 +2.499360199e+06 +2.499353189e+06 +2.499353189e+06 +8.3417e-01 +2.2967e+00 -3.2799e+00 +3.5359e+00 +8.7754e-01
4449 +1.581980448e+06 +1.581980448e+06 +1.581973438e+06 +1.581973438e+06 +6.7773e-01 +2.4211e+00 -3.1552e+00 +3.7524e+00 +7.6707e-01
5354 +9.944560940e+05 +9.944560940e+05 +9.944490840e+05 +9.944490840e+05 +5.6710e-01 +2.5456e+00 -3.0606e+00 +3.9201e+00 +6.6127e-01
6019 +6.272045134e+05 +6.272045134e+05 +6.271975034e+05 +6.271975034e+05 +4.6844e-01 +2.5882e+00 -2.9149e+00 +3.9816e+00 +5.5526e-01
6527 +3.931908362e+05 +3.931908362e+05 +3.931838262e+05 +3.931838262e+05 +3.7114e-01 +2.6652e+00 -2.8424e+00 +4.0251e+00 +4.6912e-01
6885 +2.485545852e+05 +2.485545852e+05 +2.485475752e+05 +2.485475752e+05 +3.0751e-01 +2.7267e+00 -2.8170e+00 +4.1382e+00 +4.4061e-01
7190 +1.568352731e+05 +1.568352731e+05 +1.568282631e+05 +1.568282631e+05 +2.1677e-01 +2.7742e+00 -2.8034e+00 +4.1950e+00 +4.0215e-01
7450 +9.979069381e+04 +9.979069381e+04 +9.978368381e+04 +9.978368381e+04 +2.2365e-01 +2.8025e+00 -2.7479e+00 +4.2433e+00 +3.5477e-01
7628 +5.447405668e+04 +5.447405668e+04 +5.446704668e+04 +5.446704668e+04 +1.6292e-01 +2.8007e+00 -2.7030e+00 +4.2473e+00 +2.9620e-01
7775 +3.950049802e+04 +3.950049802e+04 +3.949348802e+04 +3.949348802e+04 +1.7379e-01 +2.8096e+00 -2.6794e+00 +4.2726e+00 +2.7177e-01
7941 +2.476477544e+04 +2.476477544e+04 +2.475776544e+04 +2.475776544e+04 +1.3008e-01 +2.8518e+00 -2.6799e+00 +4.3108e+00 +2.7031e-01
8070 +1.310081670e+04 +1.310081670e+04 +1.309380670e+04 +1.309380670e+04 +1.0868e-01 +2.8595e+00 -2.6376e+00 +4.3095e+00 +2.5137e-01
8163 +6.729100935e+03 +6.729100935e+03 +6.722090935e+03 +6.722090935e+03 +1.1171e-01 +2.8727e+00 -2.6309e+00 +4.3432e+00 +2.2461e-01
8202 +5.830315147e+03 +5.830315147e+03 +5.823305147e+03 +5.823305147e+03 +9.6694e-02 +2.8933e+00 -2.6367e+00 +4.3413e+00 +2.1968e-01
8234 +3.220041889e+03 +3.220041889e+03 +3.213031889e+03 +3.213031889e+03 +1.1026e-01 +2.9019e+00 -2.6237e+00 +4.3441e+00 +1.9761e-01
8312 +2.271834669e+03 +2.271834669e+03 +2.264824669e+03 +2.264824669e+03 +8.6270e-02 +2.9079e+00 -2.6233e+00 +4.3499e+00 +1.9288e-01
8327 +1.381542767e+03 +1.381542767e+03 +1.374532767e+03 +1.374532767e+03 +9.4756e-02 +2.9219e+00 -2.6313e+00 +4.3249e+00 +1.7377e-01
8363 +9.900048976e+02 +9.900048976e+02 +9.829948976e+02 +9.829948976e+02 +8.6231e-02 +2.9042e+00 -2.6369e+00 +4.3260e+00 +1.6490e-01
8374 +6.173805263e+02 +6.173805263e+02 +6.103705263e+02 +6.103705263e+02 +9.1345e-02 +2.9260e+00 -2.6484e+00 +4.3232e+00 +1.5030e-01
8434 +1.756923023e+02 +1.756923023e+02 +1.686823023e+02 +1.686823023e+02 +8.4021e-02 +2.9257e+00 -2.6443e+00 +4.3183e+00 +1.3787e-01
8481 +4.152292271e+01 +4.152292271e+01 +3.451292271e+01 +3.451292271e+01 +7.8427e-02 +2.9310e+00 -2.6405e+00 +4.3182e+00 +1.3134e-01
8628 +2.272205634e+01 +2.272205634e+01 +1.571205634e+01 +1.571205634e+01 +8.4500e-02 +2.9353e+00 -2.6416e+00 +4.3238e+00 +1.2934e-01
9633 +1.279739454e+01 +1.279739454e+01 +5.787394536e+00 +5.787394536e+00 +7.9992e-02 +2.9213e+00 -2.6259e+00 +4.3305e+00 +1.3820e-01
12509 +9.021390239e+00 +9.021390239e+00 +2.011390239e+00 +2.011390239e+00 +7.8762e-02 +2.9535e+00 -2.6578e+00 +4.3101e+00 +1.1808e-01
% function evaluation | noise-free fitness - Fopt (-1.297300000000e+02) | best noise-free fitness - Fopt | measured fitness | best measured fitness | x1 | x2...
1 +1.115287512e+08 +1.115287512e+08 +1.115286214e+08 +1.115286214e+08 -3.8512e+00 +2.5674e+00 +1.9984e+00 -2.5879e+00 -1.9895e-01
2 +7.277623208e+07 +7.277623208e+07 +7.277610235e+07 +7.277610235e+07 -1.0150e+00 +1.2924e+00 -2.8294e+00 +1.4661e+00 -1.0109e+00
3 +4.887285094e+07 +4.887285094e+07 +4.887272121e+07 +4.887272121e+07 -1.6190e+00 -2.8475e+00 -7.8055e-01 +1.8058e+00 +6.8103e-01
8 +2.261232176e+07 +2.261232176e+07 +2.261219203e+07 +2.261219203e+07 +3.1677e+00 +2.7377e-01 +6.1419e-01 -1.8970e+00 +7.2154e-01
16 +1.582172708e+07 +1.582172708e+07 +1.582159735e+07 +1.582159735e+07 +1.2745e+00 -4.1455e+00 +1.2703e+00 +1.3726e+00 -4.9056e+00
24 +8.893357248e+06 +8.893357248e+06 +8.893227518e+06 +8.893227518e+06 +2.0219e+00 -2.2477e+00 +1.2162e+00 +2.9713e+00 -3.2971e+00
1537 +6.296741977e+06 +6.296741977e+06 +6.296612247e+06 +6.296612247e+06 +2.2458e+00 -2.5751e+00 +1.4078e+00 +2.8178e+00 -3.2072e+00
3078 +3.920175505e+06 +3.920175505e+06 +3.920045775e+06 +3.920045775e+06 +2.4693e+00 -2.9369e+00 +1.6701e+00 +2.6740e+00 -3.0893e+00
4345 +2.480525322e+06 +2.480525322e+06 +2.480395592e+06 +2.480395592e+06 +2.6352e+00 -3.1725e+00 +1.8921e+00 +2.5056e+00 -2.9770e+00
5328 +1.569696650e+06 +1.569696650e+06 +1.569566920e+06 +1.569566920e+06 +2.8114e+00 -3.3334e+00 +2.0560e+00 +2.3654e+00 -2.9065e+00
6127 +9.965345274e+05 +9.965345274e+05 +9.964047974e+05 +9.964047974e+05 +2.9395e+00 -3.4682e+00 +2.2464e+00 +2.3551e+00 -2.8655e+00
6835 +6.181015805e+05 +6.181015805e+05 +6.179718505e+05 +6.179718505e+05 +3.0846e+00 -3.5664e+00 +2.3945e+00 +2.3513e+00 -2.8787e+00
7411 +3.921423961e+05 +3.921423961e+05 +3.920126661e+05 +3.920126661e+05 +3.1708e+00 -3.6951e+00 +2.4035e+00 +2.2849e+00 -2.8175e+00
7811 +2.492869672e+05 +2.492869672e+05 +2.491572372e+05 +2.491572372e+05 +3.2430e+00 -3.7348e+00 +2.5081e+00 +2.2200e+00 -2.8077e+00
8124 +1.565064312e+05 +1.565064312e+05 +1.563767012e+05 +1.563767012e+05 +3.3482e+00 -3.8036e+00 +2.4770e+00 +2.1966e+00 -2.7734e+00
8355 +9.845153085e+04 +9.845153085e+04 +9.832180085e+04 +9.832180085e+04 +3.3797e+00 -3.8649e+00 +2.5067e+00 +2.1772e+00 -2.7366e+00
8585 +5.799674484e+04 +5.799674484e+04 +5.786701484e+04 +5.786701484e+04 +3.4210e+00 -3.8957e+00 +2.5416e+00 +2.1438e+00 -2.7068e+00
8729 +3.914647992e+04 +3.914647992e+04 +3.901674992e+04 +3.901674992e+04 +3.4557e+00 -3.9260e+00 +2.5506e+00 +2.1524e+00 -2.6881e+00
8825 +2.353218000e+04 +2.353218000e+04 +2.340245000e+04 +2.340245000e+04 +3.4768e+00 -3.9615e+00 +2.5844e+00 +2.1398e+00 -2.7120e+00
8895 +1.304804481e+04 +1.304804481e+04 +1.291831481e+04 +1.291831481e+04 +3.5225e+00 -3.9623e+00 +2.5950e+00 +2.1221e+00 -2.6915e+00
8983 +9.340866615e+03 +9.340866615e+03 +9.211136615e+03 +9.211136615e+03 +3.5276e+00 -3.9651e+00 +2.6136e+00 +2.1237e+00 -2.6749e+00
9031 +6.040846229e+03 +6.040846229e+03 +5.911116229e+03 +5.911116229e+03 +3.5253e+00 -3.9788e+00 +2.6280e+00 +2.0911e+00 -2.6835e+00
9113 +3.905577454e+03 +3.905577454e+03 +3.775847454e+03 +3.775847454e+03 +3.5456e+00 -3.9864e+00 +2.6278e+00 +2.0952e+00 -2.6764e+00
9131 +1.809153711e+03 +1.809153711e+03 +1.679423711e+03 +1.679423711e+03 +3.5561e+00 -4.0012e+00 +2.6336e+00 +2.0935e+00 -2.6666e+00
9185 +1.026669147e+03 +1.026669147e+03 +8.969391471e+02 +8.969391471e+02 +3.5495e+00 -4.0103e+00 +2.6256e+00 +2.0733e+00 -2.6543e+00
9190 +9.858184424e+02 +9.858184424e+02 +8.560884424e+02 +8.560884424e+02 +3.5361e+00 -4.0195e+00 +2.6368e+00 +2.0793e+00 -2.6473e+00
9240 +2.953790290e+02 +2.953790290e+02 +1.656490290e+02 +1.656490290e+02 +3.5494e+00 -4.0292e+00 +2.6317e+00 +2.0700e+00 -2.6440e+00
9285 +1.654873083e+02 +1.654873083e+02 +3.575730834e+01 +3.575730834e+01 +3.5581e+00 -4.0262e+00 +2.6411e+00 +2.0689e+00 -2.6393e+00
9346 +1.135620080e+02 +1.135620080e+02 -1.616799200e+01 -1.616799200e+01 +3.5567e+00 -4.0365e+00 +2.6412e+00 +2.0788e+00 -2.6503e+00
9351 +9.396449587e+01 +9.396449587e+01 -3.576550413e+01 -3.576550413e+01 +3.5592e+00 -4.0298e+00 +2.6403e+00 +2.0778e+00 -2.6414e+00
9364 +4.542009727e+01 +4.542009727e+01 -8.430990273e+01 -8.430990273e+01 +3.5655e+00 -4.0324e+00 +2.6547e+00 +2.0872e+00 -2.6466e+00
9462 +3.370597958e+01 +3.370597958e+01 -9.602402042e+01 -9.602402042e+01 +3.5646e+00 -4.0338e+00 +2.6475e+00 +2.0812e+00 -2.6484e+00
9651 +1.664544320e+01 +1.664544320e+01 -1.130845568e+02 -1.130845568e+02 +3.5595e+00 -4.0321e+00 +2.6535e+00 +2.0789e+00 -2.6476e+00
10305 +1.344661198e+01 +1.344661198e+01 -1.162833880e+02 -1.162833880e+02 +3.5584e+00 -4.0333e+00 +2.6503e+00 +2.0800e+00 -2.6460e+00
12070 +9.191503046e+00 +9.191503046e+00 -1.205384970e+02 -1.205384970e+02 +3.5618e+00 -4.0316e+00 +2.6538e+00 +2.0849e+00 -2.6477e+00
% function evaluation | noise-free fitness - Fopt (1.000000000000e+03) | best noise-free fitness - Fopt | measured fitness | best measured fitness | x1 | x2...
1 +2.585907153e+09 +2.585907153e+09 +2.585908153e+09 +2.585908153e+09 -3.0138e+00 -4.6720e+00 -3.1711e+00 -5.2707e-02 -4.1629e+00
2 +5.403417456e+08 +5.403417456e+08 +5.403427456e+08 +5.403427456e+08 -4.1573e+00 -4.0327e+00 +9.8607e-01 +3.6385e+00 -3.3127e+00
3 +1.227327037e+07 +1.227327037e+07 +1.227427037e+07 +1.227427037e+07 -2.3774e+00 +5.7343e-01 -4.3755e-01 +2.7166e+00 -2.7343e+00
17 +7.621147136e+06 +7.621147136e+06 +7.622147136e+06 +7.622147136e+06 -3.2604e+00 +2.7743e+00 -7.3401e-01 -6.6745e-01 -3.7183e+00
24 +3.184160391e+06 +3.184160391e+06 +3.185160391e+06 +3.185160391e+06 -1.3862e+00 +2.5149e+00 -2.2883e+00 -4.2535e+00 +2.3769e+00
809 +2.509945890e+06 +2.509945890e+06 +2.510945890e+06 +2.510945890e+06 -1.3350e+00 +2.4894e+00 -2.4532e+00 -4.2844e+00 +2.2700e+00
1773 +1.555394603e+06 +1.555394603e+06 +1.556394603e+06 +1.556394603e+06 -1.3642e+00 +2.2988e+00 -2.6841e+00 -4.2294e+00 +2.0930e+00
2512 +9.945319426e+05 +9.945319426e+05 +9.955319426e+05 +9.955319426e+05 -1.3135e+00 +2.2525e+00 -2.8538e+00 -4.2958e+00 +1.9208e+00
3111 +6.302539747e+05 +6.302539747e+05 +6.312539747e+05 +6.312539747e+05 -1.2865e+00 +2.1676e+00 -3.0058e+00 -4.2949e+00 +1.8146e+00
3570 +3.885160041e+05 +3.885160041e+05 +3.895160041e+05 +3.895160041e+05 -1.2696e+00 +2.0947e+00 -3.1250e+00 -4.2417e+00 +1.7202e+00
3989 +2.411110177e+05 +2.411110177e+05 +2.421110177e+05 +2.421110177e+05 -1.2834e+00 +2.0321e+00 -3.2438e+00 -4.2315e+00 +1.6870e+00
4244 +1.509253517e+05 +1.509253517e+05 +1.519253517e+05 +1.519253517e+05 -1.2802e+00 +1.9735e+00 -3.3263e+00 -4.2070e+00 +1.6514e+00
4488 +9.975622545e+04 +9.975622545e+04 +1.007562255e+05 +1.007562255e+05 -1.2841e+00 +2.0024e+00 -3.3793e+00 -4.1687e+00 +1.5841e+00
4696 +5.981559956e+04 +5.981559956e+04 +6.081559956e+04 +6.081559956e+04 -1.2813e+00 +1.9458e+00 -3.4462e+00 -4.1301e+00 +1.5793e+00
4861 +3.891171264e+04 +3.891171264e+04 +3.991171264e+04 +3.991171264e+04 -1.2915e+00 +1.9534e+00 -3.4732e+00 -4.1370e+00 +1.5301e+00
4977 +2.254927317e+04 +2.254927317e+04 +2.354927317e+04 +2.354927317e+04 -1.2655e+00 +1.9359e+00 -3.5057e+00 -4.1400e+00 +1.5024e+00
5059 +1.498896354e+04 +1.498896354e+04 +1.598896354e+04 +1.598896354e+04 -1.2719e+00 +1.9336e+00 -3.5262e+00 -4.1393e+00 +1.4728e+00
5111 +7.822089943e+03 +7.822089943e+03 +8.822089943e+03 +8.822089943e+03 -1.2497e+00 +1.9144e+00 -3.5593e+00 -4.1364e+00 +1.4787e+00
5205 +5.407071279e+03 +5.407071279e+03 +6.407071279e+03 +6.407071279e+03 -1.2422e+00 +1.8974e+00 -3.5728e+00 -4.1353e+00 +1.4710e+00
5224 +3.726753801e+03 +3.726753801e+03 +4.726753801e+03 +4.726753801e+03 -1.2594e+00 +1.9272e+00 -3.5866e+00 -4.1299e+00 +1.4601e+00
5286 +1.148958691e+03 +1.148958691e+03 +2.148958691e+03 +2.148958691e+03 -1.2533e+00 +1.9257e+00 -3.6170e+00 -4.1253e+00 +1.4572e+00
5366 +6.344351926e+02 +6.344351926e+02 +1.634435193e+03 +1.634435193e+03 -1.2468e+00 +1.9224e+00 -3.6226e+00 -4.1224e+00 +1.4553e+00
5389 +6.003625562e+02 +6.003625562e+02 +1.600362556e+03 +1.600362556e+03 -1.2324e+00 +1.9275e+00 -3.6360e+00 -4.1301e+00 +1.4550e+00
5406 +3.192742591e+02 +3.192742591e+02 +1.319274259e+03 +1.319274259e+03 -1.2304e+00 +1.9172e+00 -3.6334e+00 -4.1247e+00 +1.4601e+00
5451 +2.169561058e+02 +2.169561058e+02 +1.216956106e+03 +1.216956106e+03 -1.2384e+00 +1.9096e+00 -3.6278e+00 -4.1222e+00 +1.4538e+00
5510 +1.331372015e+02 +1.331372015e+02 +1.133137202e+03 +1.133137202e+03 -1.2570e+00 +1.9031e+00 -3.6324e+00 -4.1154e+00 +1.4444e+00
5565 +8.389414446e+01 +8.389414446e+01 +1.083894144e+03 +1.083894144e+03 -1.2211e+00 +1.9045e+00 -3.6469e+00 -4.1287e+00 +1.4636e+00
5594 +4.633667602e+01 +4.633667602e+01 +1.046336676e+03 +1.046336676e+03 -1.2479e+00 +1.9078e+00 -3.6409e+00 -4.1141e+00 +1.4392e+00
6021 +3.105718905e+01 +3.105718905e+01 +1.031057189e+03 +1.031057189e+03 -1.2278e+00 +1.9080e+00 -3.6487e+00 -4.1287e+00 +1.4617e+00
6031 +2.140298356e+01 +2.140298356e+01 +1.021402984e+03 +1.021402984e+03 -1.2193e+00 +1.9068e+00 -3.6551e+00 -4.1342e+00 +1.4787e+00
% function evaluation | noise-free fitness - Fopt (-1.152000000000e+02) | best noise-free fitness - Fopt | measured fitness | best measured fitness | x1 | x2...
1 +2.973792300e+07 +2.973792300e+07 +2.973780780e+07 +2.973780780e+07 -3.5086e-02 -2.6320e+00 +3.0000e+00 -3.0104e+00 -1.1982e+00
6 +5.039157410e+06 +5.039157410e+06 +5.039042210e+06 +5.039042210e+06 -3.4236e+00 -3.6722e+00 +1.4414e+00 -2.4755e+00 -3.2533e+00
91 +3.782452151e+06 +3.782452151e+06 +3.782336951e+06 +3.782336951e+06 -3.9859e+00 -4.5349e+00 +1.2596e+00 -3.4676e+00 -1.0997e+00
971 +2.509885899e+06 +2.509885899e+06 +2.509770699e+06 +2.509770699e+06 -3.9641e+00 -4.3350e+00 +1.0278e+00 -3.4619e+00 -1.1250e+00
1941 +1.572785404e+06 +1.572785404e+06 +1.572670204e+06 +1.572670204e+06 -3.8627e+00 -4.1036e+00 +9.1145e-01 -3.4166e+00 -1.2577e+00
2702 +9.740066584e+05 +9.740066584e+05 +9.738914584e+05 +9.738914584e+05 -3.7529e+00 -3.9265e+00 +7.5594e-01 -3.4225e+00 -1.3025e+00
3324 +6.286606277e+05 +6.286606277e+05 +6.285454277e+05 +6.285454277e+05 -3.7669e+00 -3.8039e+00 +6.3961e-01 -3.4143e+00 -1.4277e+00
3844 +3.977398961e+05 +3.977398961e+05 +3.976246961e+05 +3.976246961e+05 -3.6787e+00 -3.7006e+00 +5.1418e-01 -3.4099e+00 -1.4646e+00
4211 +2.495907037e+05 +2.495907037e+05 +2.494755037e+05 +2.494755037e+05 -3.6513e+00 -3.6140e+00 +4.4990e-01 -3.4345e+00 -1.5640e+00
4495 +1.572225502e+05 +1.572225502e+05 +1.571073502e+05 +1.571073502e+05 -3.6162e+00 -3.5317e+00 +4.1055e-01 -3.4242e+00 -1.6256e+00
4749 +9.928220693e+04 +9.928220693e+04 +9.916700693e+04 +9.916700693e+04 -3.6370e+00 -3.4205e+00 +4.3023e-01 -3.4408e+00 -1.6672e+00
5002 +6.085988163e+04 +6.085988163e+04 +6.074468163e+04 +6.074468163e+04 -3.5636e+00 -3.3822e+00 +3.8997e-01 -3.4579e+00 -1.6930e+00
5235 +3.945008118e+04 +3.945008118e+04 +3.933488118e+04 +3.933488118e+04 -3.5488e+00 -3.3281e+00 +3.7083e-01 -3.4750e+00 -1.7036e+00
5419 +2.324841043e+04 +2.324841043e+04 +2.313321043e+04 +2.313321043e+04 -3.5377e+00 -3.3011e+00 +3.2824e-01 -3.4470e+00 -1.7306e+00
5514 +1.503058053e+04 +1.503058053e+04 +1.491538053e+04 +1.491538053e+04 -3.5498e+00 -3.2926e+00 +2.9473e-01 -3.4632e+00 -1.7757e+00
5661 +7.150845037e+03 +7.150845037e+03 +7.035645037e+03 +7.035645037e+03 -3.5331e+00 -3.2636e+00 +2.5118e-01 -3.4702e+00 -1.7735e+00
5724 +5.961352894e+03 +5.961352894e+03 +5.846152894e+03 +5.846152894e+03 -3.5311e+00 -3.2422e+00 +2.7944e-01 -3.4564e+00 -1.7954e+00
5788 +3.352659211e+03 +3.352659211e+03 +3.237459211e+03 +3.237459211e+03 -3.5091e+00 -3.2279e+00 +2.7042e-01 -3.4693e+00 -1.7995e+00
5826 +2.360125415e+03 +2.360125415e+03 +2.244925415e+03 +2.244925415e+03 -3.5112e+00 -3.2218e+00 +2.4925e-01 -3.4287e+00 -1.7890e+00
5884 +9.766093120e+02 +9.766093120e+02 +8.614093120e+02 +8.614093120e+02 -3.4975e+00 -3.2054e+00 +2.4137e-01 -3.4454e+00 -1.7956e+00
5919 +5.557310653e+02 +5.557310653e+02 +4.405310653e+02 +4.405310653e+02 -3.4944e+00 -3.2000e+00 +2.3076e-01 -3.4574e+00 -1.7954e+00
5996 +2.010082088e+02 +2.010082088e+02 +8.580820878e+01 +8.580820878e+01 -3.4809e+00 -3.2021e+00 +2.2335e-01 -3.4623e+00 -1.8034e+00
6033 +1.135504508e+02 +1.135504508e+02 -1.649549170e+00 -1.649549170e+00 -3.4888e+00 -3.2040e+00 +2.1211e-01 -3.4478e+00 -1.8144e+00
6052 +6.315284051e+01 +6.315284051e+01 -5.204715949e+01 -5.204715949e+01 -3.5001e+00 -3.1987e+00 +1.9587e-01 -3.4192e+00 -1.8030e+00
6070 +5.499339816e+01 +5.499339816e+01 -6.020660184e+01 -6.020660184e+01 -3.4756e+00 -3.2015e+00 +2.2131e-01 -3.4589e+00 -1.8125e+00
6168 +1.975389593e+01 +1.975389593e+01 -9.544610407e+01 -9.544610407e+01 -3.4656e+00 -3.1945e+00 +2.1894e-01 -3.4628e+00 -1.8202e+00
6636 +1.177008785e+01 +1.177008785e+01 -1.034299122e+02 -1.034299122e+02 -3.4464e+00 -3.1960e+00 +2.3400e-01 -3.4773e+00 -1.8270e+00
7386 +6.692616975e+00 +6.692616975e+00 -1.085073830e+02 -1.085073830e+02 -3.4556e+00 -3.1955e+00 +2.2780e-01 -3.4696e+00 -1.8242e+00
7854 +1.419718681e+00 +1.419718681e+00 -1.137802813e+02 -1.137802813e+02 -3.4666e+00 -3.1956e+00 +2.2186e-01 -3.4614e+00 -1.8182e+00
% function evaluation | noise-free fitness - Fopt (2.616400000000e+02) | best noise-free fitness - Fopt | measured fitness | best measured fitness | x1 | x2...
1 +1.320118881e+08 +1.320118881e+08 +1.320121498e+08 +1.320121498e+08 +1.3476e+00 +4.1154e+00 +1.5283e+00 -3.4047e+00 +3.9013e+00
2 +5.989591918e+07 +5.989591918e+07 +5.989618082e+07 +5.989618082e+07 -2.5861e+00 +3.9359e+00 +3.5925e+00 +8.1702e-01 -1.0855e-02
10 +1.169164677e+07 +1.169164677e+07 +1.169190841e+07 +1.169190841e+07 -1.5737e+00 -6.2605e-01 -2.2238e-01 +1.6567e+00 +6.4396e-01
12 +3.388823696e+06 +3.388823696e+06 +3.389085336e+06 +3.389085336e+06 -3.0484e+00 +1.4162e+00 -2.3286e+00 -4.7822e+00 +8.6289e-02
612 +2.507865686e+06 +2.507865686e+06 +2.508127326e+06 +2.508127326e+06 -2.8882e+00 +1.4530e+00 -2.3085e+00 -4.8764e+00 +1.9563e-01
1631 +1.556371129e+06 +1.556371129e+06 +1.556632769e+06 +1.556632769e+06 -2.6660e+00 +1.4872e+00 -2.2448e+00 -4.9518e+00 +3.5549e-01
2308 +9.984299386e+05 +9.984299386e+05 +9.986915786e+05 +9.986915786e+05 -2.4830e+00 +1.5458e+00 -2.2138e+00 -5.0000e+00 +4.5170e-01
2907 +6.243714563e+05 +6.243714563e+05 +6.246330963e+05 +6.246330963e+05 -2.3222e+00 +1.5763e+00 -2.1955e+00 -5.0000e+00 +5.6625e-01
3321 +3.919535478e+05 +3.919535478e+05 +3.922151878e+05 +3.922151878e+05 -2.2276e+00 +1.6116e+00 -2.2384e+00 -4.9982e+00 +7.0299e-01
3798 +2.497583540e+05 +2.497583540e+05 +2.500199940e+05 +2.500199940e+05 -2.1206e+00 +1.5994e+00 -2.2340e+00 -4.9801e+00 +7.8129e-01
4188 +1.584613899e+05 +1.584613899e+05 +1.587230299e+05 +1.587230299e+05 -2.0522e+00 +1.5753e+00 -2.2370e+00 -4.9891e+00 +8.5251e-01
4578 +9.837806286e+04 +9.837806286e+04 +9.863970286e+04 +9.863970286e+04 -2.0112e+00 +1.5358e+00 -2.2243e+00 -4.9966e+00 +9.5359e-01
4868 +6.249824203e+04 +6.249824203e+04 +6.275988203e+04 +6.275988203e+04 -1.9446e+00 +1.5435e+00 -2.2251e+00 -4.9982e+00 +1.0136e+00
5163 +3.818679904e+04 +3.818679904e+04 +3.844843904e+04 +3.844843904e+04 -1.9250e+00 +1.4953e+00 -2.1900e+00 -4.9989e+00 +1.0646e+00
5402 +2.338392908e+04 +2.338392908e+04 +2.364556908e+04 +2.364556908e+04 -1.9013e+00 +1.4641e+00 -2.1971e+00 -4.9912e+00 +1.1100e+00
5515 +1.513532940e+04 +1.513532940e+04 +1.539696940e+04 +1.539696940e+04 -1.8536e+00 +1.4842e+00 -2.2013e+00 -5.0000e+00 +1.1296e+00
5612 +9.439651493e+03 +9.439651493e+03 +9.701291493e+03 +9.701291493e+03 -1.8455e+00 +1.4877e+00 -2.2156e+00 -4.9929e+00 +1.1855e+00
5674 +4.891338812e+03 +4.891338812e+03 +5.152978812e+03 +5.152978812e+03 -1.8354e+00 +1.4589e+00 -2.1780e+00 -4.9979e+00 +1.1751e+00
5739 +3.622360056e+03 +3.622360056e+03 +3.884000056e+03 +3.884000056e+03 -1.8366e+00 +1.4542e+00 -2.1811e+00 -4.9963e+00 +1.1925e+00
5832 +2.387388643e+03 +2.387388643e+03 +2.649028643e+03 +2.649028643e+03 -1.8312e+00 +1.4440e+00 -2.1834e+00 -4.9943e+00 +1.1997e+00
5872 +1.304922663e+03 +1.304922663e+03 +1.566562663e+03 +1.566562663e+03 -1.8080e+00 +1.4334e+00 -2.1642e+00 -4.9820e+00 +1.2037e+00
5973 +9.927814012e+02 +9.927814012e+02 +1.254421401e+03 +1.254421401e+03 -1.8097e+00 +1.4305e+00 -2.1612e+00 -4.9886e+00 +1.2029e+00
6035 +2.545245245e+02 +2.545245245e+02 +5.161645245e+02 +5.161645245e+02 -1.7916e+00 +1.4123e+00 -2.1549e+00 -4.9788e+00 +1.2140e+00
6198 +2.431683307e+02 +2.431683307e+02 +5.048083307e+02 +5.048083307e+02 -1.8043e+00 +1.4186e+00 -2.1554e+00 -5.0000e+00 +1.2263e+00
6339 +1.559940759e+02 +1.559940759e+02 +4.176340759e+02 +4.176340759e+02 -1.7798e+00 +1.4140e+00 -2.1670e+00 -4.9689e+00 +1.2210e+00
8076 +8.495813499e+01 +8.495813499e+01 +3.465981350e+02 +3.465981350e+02 -1.7736e+00 +1.4096e+00 -2.1604e+00 -4.9582e+00 +1.2117e+00
% function evaluation | noise-free fitness - Fopt (1.000000000000e+03) | best noise-free fitness - Fopt | measured fitness | best measured fitness | x1 | x2...
1 +1.123354349e+08 +1.123354349e+08 +1.123364349e+08 +1.123364349e+08 -3.5948e+00 -4.3165e+00 +3.1470e+00 +8.6249e-01 -1.1348e+00
2 +2.149297045e+07 +2.149297045e+07 +2.149397045e+07 +2.149397045e+07 -2.3006e-01 +2.8420e+00 +3.4730e+00 +4.8038e+00 -2.8483e+00
13 +3.394278606e+06 +3.394278606e+06 +3.395278606e+06 +3.395278606e+06 -3.2531e+00 +4.8826e+00 +1.7286e-01 +4.4386e-01 -3.7100e+00
819 +2.498853458e+06 +2.498853458e+06 +2.499853458e+06 +2.499853458e+06 -3.3051e+00 +4.7599e+00 +2.4093e-01 +3.8648e-01 -3.5098e+00
1786 +1.532745675e+06 +1.532745675e+06 +1.533745675e+06 +1.533745675e+06 -3.3950e+00 +4.4864e+00 +2.4486e-01 +4.5397e-01 -3.3362e+00
2601 +9.863272205e+05 +9.863272205e+05 +9.873272205e+05 +9.873272205e+05 -3.4434e+00 +4.3124e+00 +2.4886e-01 +5.0889e-01 -3.1439e+00
3468 +6.281551262e+05 +6.281551262e+05 +6.291551262e+05 +6.291551262e+05 -3.5312e+00 +4.1260e+00 +2.7534e-01 +5.2902e-01 -2.9883e+00
4049 +3.878727668e+05 +3.878727668e+05 +3.888727668e+05 +3.888727668e+05 -3.6502e+00 +4.0198e+00 +2.8940e-01 +5.5454e-01 -2.8515e+00
4422 +2.491832688e+05 +2.491832688e+05 +2.501832688e+05 +2.501832688e+05 -3.6818e+00 +3.9068e+00 +2.9177e-01 +5.6764e-01 -2.7662e+00
4744 +1.516795638e+05 +1.516795638e+05 +1.526795638e+05 +1.526795638e+05 -3.7129e+00 +3.8601e+00 +2.9032e-01 +5.7351e-01 -2.6580e+00
5023 +9.257747283e+04 +9.257747283e+04 +9.357747283e+04 +9.357747283e+04 -3.7492e+00 +3.8028e+00 +2.7684e-01 +5.3348e-01 -2.6097e+00
5151 +6.028609842e+04 +6.028609842e+04 +6.128609842e+04 +6.128609842e+04 -3.7559e+00 +3.7717e+00 +2.7191e-01 +5.1525e-01 -2.5608e+00
5315 +3.915765054e+04 +3.915765054e+04 +4.015765054e+04 +4.015765054e+04 -3.7913e+00 +3.7367e+00 +2.5892e-01 +5.3535e-01 -2.5503e+00
5446 +2.402403804e+04 +2.402403804e+04 +2.502403804e+04 +2.502403804e+04 -3.8049e+00 +3.6985e+00 +2.9263e-01 +5.2960e-01 -2.5366e+00
5562 +1.546326055e+04 +1.546326055e+04 +1.646326055e+04 +1.646326055e+04 -3.8144e+00 +3.7082e+00 +2.8664e-01 +5.3810e-01 -2.4939e+00
5663 +8.846096116e+03 +8.846096116e+03 +9.846096116e+03 +9.846096116e+03 -3.8327e+00 +3.6931e+00 +2.8638e-01 +5.2356e-01 -2.4746e+00
5762 +5.582968753e+03 +5.582968753e+03 +6.582968753e+03 +6.582968753e+03 -3.8367e+00 +3.6794e+00 +3.0640e-01 +5.0361e-01 -2.4606e+00
5829 +3.977872501e+03 +3.977872501e+03 +4.977872501e+03 +4.977872501e+03 -3.8315e+00 +3.6599e+00 +3.0354e-01 +5.2426e-01 -2.4712e+00
5882 +1.580301574e+03 +1.580301574e+03 +2.580301574e+03 +2.580301574e+03 -3.8325e+00 +3.6534e+00 +3.1450e-01 +5.3348e-01 -2.4469e+00
5941 +8.968397870e+02 +8.968397870e+02 +1.896839787e+03 +1.896839787e+03 -3.8265e+00 +3.6300e+00 +3.1917e-01 +5.3258e-01 -2.4530e+00
5985 +6.116637614e+02 +6.116637614e+02 +1.611663761e+03 +1.611663761e+03 -3.8312e+00 +3.6312e+00 +3.3427e-01 +5.3731e-01 -2.4499e+00
6019 +2.380534169e+02 +2.380534169e+02 +1.238053417e+03 +1.238053417e+03 -3.8288e+00 +3.6166e+00 +3.1367e-01 +5.2951e-01 -2.4347e+00
6077 +6.459774168e+01 +6.459774168e+01 +1.064597742e+03 +1.064597742e+03 -3.8447e+00 +3.6210e+00 +3.1545e-01 +5.1927e-01 -2.4362e+00
6346 +5.336652294e+01 +5.336652294e+01 +1.053366523e+03 +1.053366523e+03 -3.8385e+00 +3.6178e+00 +3.1859e-01 +5.1547e-01 -2.4329e+00
6356 +3.475007842e+01 +3.475007842e+01 +1.034750078e+03 +1.034750078e+03 -3.8392e+00 +3.6188e+00 +3.1269e-01 +5.1779e-01 -2.4383e+00
% function evaluation | noise-free fitness - Fopt (1.737000000000e+01) | best noise-free fitness - Fopt | measured fitness | best measured fitness | x1 | x2...
1 +1.884438975e+09 +1.884438975e+09 +1.884438993e+09 +1.884438993e+09 +2.3096e+00 -2.7680e+00 -1.3627e+00 -3.3795e+00 -3.8008e+00
3 +3.836059627e+08 +3.836059627e+08 +3.836059801e+08 +3.836059801e+08 +3.9966e+00 -3.1147e+00 -3.9365e+00 -3.8157e+00 +1.9799e+00
4 +7.108412916e+07 +7.108412916e+07 +7.108414653e+07 +7.108414653e+07 +1.0574e+00 +7.1349e-01 -1.5159e+00 +3.9660e+00 +3.2838e+00
6 +4.100533061e+07 +4.100533061e+07 +4.100534798e+07 +4.100534798e+07 -1.7366e-01 +4.7391e-01 +4.9740e+00 +4.8847e+00 +4.3798e+00
9 +2.042840599e+07 +2.042840599e+07 +2.042842336e+07 +2.042842336e+07 +3.0264e-01 -4.8740e+00 -6.7985e-01 +8.0706e-01 +4.0330e+00
14 +1.359495061e+07 +1.359495061e+07 +1.359496798e+07 +1.359496798e+07 -1.2345e+00 -3.7427e+00 -2.5262e+00 +2.7504e-01 +4.1028e+00
47 +7.835291751e+06 +7.835291751e+06 +7.835309121e+06 +7.835309121e+06 -2.1183e+00 -2.0810e+00 +3.2366e-02 +3.5017e+00 -2.0949e+00
52 +3.026416016e+06 +3.026416016e+06 +3.026433386e+06 +3.026433386e+06 -2.6134e+00 -3.5856e+00 +6.4993e-01 +2.8812e+00 +7.2334e-01
612 +2.481843631e+06 +2.481843631e+06 +2.481861001e+06 +2.481861001e+06 -2.5749e+00 -3.4181e+00 +5.8402e-01 +2.9282e+00 +7.2602e-01
865 +8.424402801e+05 +8.424402801e+05 +8.424576501e+05 +8.424576501e+05 -1.9917e+00 -2.5871e+00 +1.4450e-01 +3.4448e+00 +1.6034e+00
1180 +6.203243723e+05 +6.203243723e+05 +6.203417423e+05 +6.203417423e+05 -1.9832e+00 -2.5597e+00 +2.0479e-01 +3.3336e+00 +1.6184e+00
1682 +3.877164897e+05 +3.877164897e+05 +3.877338597e+05 +3.877338597e+05 -1.9461e+00 -2.4111e+00 +2.8438e-01 +3.3020e+00 +1.5499e+00
2142 +2.458904880e+05 +2.458904880e+05 +2.459078580e+05 +2.459078580e+05 -1.9589e+00 -2.3578e+00 +3.7158e-01 +3.2302e+00 +1.5187e+00
2550 +1.558430327e+05 +1.558430327e+05 +1.558604027e+05 +1.558604027e+05 -2.0036e+00 -2.3001e+00 +4.0954e-01 +3.1485e+00 +1.5057e+00
2819 +9.654581887e+04 +9.654581887e+04 +9.656318887e+04 +9.656318887e+04 -1.9760e+00 -2.2454e+00 +4.5362e-01 +3.0952e+00 +1.4874e+00
3041 +6.187086626e+04 +6.187086626e+04 +6.188823626e+04 +6.188823626e+04 -1.9682e+00 -2.1915e+00 +4.6548e-01 +3.0466e+00 +1.4657e+00
3217 +3.777408439e+04 +3.777408439e+04 +3.779145439e+04 +3.779145439e+04 -1.9555e+00 -2.1922e+00 +5.2170e-01 +2.9926e+00 +1.4621e+00
3407 +2.393662455e+04 +2.393662455e+04 +2.395399455e+04 +2.395399455e+04 -2.0164e+00 -2.1431e+00 +5.2205e-01 +2.9462e+00 +1.4118e+00
3510 +1.562431854e+04 +1.562431854e+04 +1.564168854e+04 +1.564168854e+04 -1.9911e+00 -2.1291e+00 +5.3895e-01 +2.9216e+00 +1.4319e+00
3624 +9.927925752e+03 +9.927925752e+03 +9.945295752e+03 +9.945295752e+03 -1.9996e+00 -2.1110e+00 +5.7245e-01 +2.9093e+00 +1.3883e+00
3685 +6.068846071e+03 +6.068846071e+03 +6.086216071e+03 +6.086216071e+03 -1.9917e+00 -2.0972e+00 +5.8974e-01 +2.8993e+00 +1.3955e+00
3788 +3.619322700e+03 +3.619322700e+03 +3.636692700e+03 +3.636692700e+03 -2.0017e+00 -2.0811e+00 +6.1219e-01 +2.8884e+00 +1.4046e+00
3851 +2.242066830e+03 +2.242066830e+03 +2.259436830e+03 +2.259436830e+03 -1.9788e+00 -2.0803e+00 +6.1577e-01 +2.8870e+00 +1.4044e+00
3878 +1.567133812e+03 +1.567133812e+03 +1.584503812e+03 +1.584503812e+03 -1.9928e+00 -2.0646e+00 +6.2464e-01 +2.8727e+00 +1.4119e+00
3977 +9.404009277e+02 +9.404009277e+02 +9.577709277e+02 +9.577709277e+02 -1.9630e+00 -2.0485e+00 +6.2563e-01 +2.8913e+00 +1.4163e+00
3990 +4.182814035e+02 +4.182814035e+02 +4.356514035e+02 +4.356514035e+02 -1.9707e+00 -2.0648e+00 +6.5625e-01 +2.8531e+00 +1.4238e+00
4018 +2.874761092e+02 +2.874761092e+02 +3.048461092e+02 +3.048461092e+02 -1.9629e+00 -2.0675e+00 +6.5196e-01 +2.8790e+00 +1.4137e+00
4029 +1.482622132e+02 +1.482622132e+02 +1.656322132e+02 +1.656322132e+02 -1.9564e+00 -2.0507e+00 +6.5900e-01 +2.8798e+00 +1.4165e+00
4085 +5.250088711e+01 +5.250088711e+01 +6.987088711e+01 +6.987088711e+01 -1.9585e+00 -2.0446e+00 +6.5355e-01 +2.8693e+00 +1.4116e+00
4103 +5.846007849e+00 +5.846007849e+00 +2.321600785e+01 +2.321600785e+01 -1.9650e+00 -2.0486e+00 +6.5595e-01 +2.8642e+00 +1.4161e+00
5732 +3.167004259e+00 +3.167004259e+00 +2.053700426e+01 +2.053700426e+01 -1.9697e+00 -2.0461e+00 +6.5283e-01 +2.8623e+00 +1.4256e+00
% function evaluation | noise-free fitness - Fopt (1.541700000000e+02) | best noise-free fitness - Fopt | measured fitness | best measured fitness | x1 | x2...
1 +6.162451200e+07 +6.162451200e+07 +6.162466617e+07 +6.162466617e+07 -4.0204e+00 -3.4327e+00 +3.9014e+00 -2.8696e+00 +2.8360e+00
2 +5.350632239e+06 +5.350632239e+06 +5.350786409e+06 +5.350786409e+06 -3.1235e+00 -2.3498e+00 -1.5733e-02 +3.0833e+00 -1.6846e+00
1126 +3.979025087e+06 +3.979025087e+06 +3.979179257e+06 +3.979179257e+06 -3.1724e+00 -2.3908e+00 +8.7022e-02 +3.1731e+00 -1.3663e+00
2198 +2.503698521e+06 +2.503698521e+06 +2.503852691e+06 +2.503852691e+06 -3.4350e+00 -2.3743e+00 +8.3675e-02 +3.2432e+00 -1.0450e+00
3213 +1.584891172e+06 +1.584891172e+06 +1.585045342e+06 +1.585045342e+06 -3.5410e+00 -2.3876e+00 +8.7415e-02 +3.3442e+00 -7.4620e-01
4082 +9.970736277e+05 +9.970736277e+05 +9.972277977e+05 +9.972277977e+05 -3.7320e+00 -2.3177e+00 +1.7014e-02 +3.3758e+00 -5.4475e-01
4722 +6.187501097e+05 +6.187501097e+05 +6.189042797e+05 +6.189042797e+05 -3.7858e+00 -2.3035e+00 +8.9736e-02 +3.3992e+00 -3.2783e-01
5206 +3.865946034e+05 +3.865946034e+05 +3.867487734e+05 +3.867487734e+05 -3.8288e+00 -2.3082e+00 +1.4478e-01 +3.4226e+00 -1.5546e-01
5568 +2.493095935e+05 +2.493095935e+05 +2.494637635e+05 +2.494637635e+05 -3.9161e+00 -2.3339e+00 +1.4650e-01 +3.4275e+00 -5.2927e-02
5872 +1.582523749e+05 +1.582523749e+05 +1.584065449e+05 +1.584065449e+05 -3.9808e+00 -2.3365e+00 +1.7420e-01 +3.4419e+00 +4.3872e-02
6189 +9.580412067e+04 +9.580412067e+04 +9.595829067e+04 +9.595829067e+04 -4.0044e+00 -2.3503e+00 +1.7256e-01 +3.4512e+00 +1.4581e-01
6425 +5.709503518e+04 +5.709503518e+04 +5.724920518e+04 +5.724920518e+04 -4.0093e+00 -2.3133e+00 +1.5870e-01 +3.4981e+00 +2.0186e-01
6575 +3.841570427e+04 +3.841570427e+04 +3.856987427e+04 +3.856987427e+04 -4.0140e+00 -2.3185e+00 +1.4167e-01 +3.5157e+00 +2.4057e-01
6727 +2.482409433e+04 +2.482409433e+04 +2.497826433e+04 +2.497826433e+04 -4.0330e+00 -2.3491e+00 +1.2459e-01 +3.5431e+00 +2.6544e-01
6802 +1.456819191e+04 +1.456819191e+04 +1.472236191e+04 +1.472236191e+04 -4.0533e+00 -2.3644e+00 +1.2650e-01 +3.5580e+00 +3.0461e-01
6935 +9.677047011e+03 +9.677047011e+03 +9.831217011e+03 +9.831217011e+03 -4.0523e+00 -2.3623e+00 +1.1596e-01 +3.5690e+00 +3.2329e-01
6996 +5.724513087e+03 +5.724513087e+03 +5.878683087e+03 +5.878683087e+03 -4.0575e+00 -2.3515e+00 +9.3316e-02 +3.5767e+00 +3.3306e-01
7044 +1.907619518e+03 +1.907619518e+03 +2.061789518e+03 +2.061789518e+03 -4.0741e+00 -2.3418e+00 +7.2069e-02 +3.5828e+00 +3.5862e-01
7096 +1.341194066e+03 +1.341194066e+03 +1.495364066e+03 +1.495364066e+03 -4.0461e+00 -2.3292e+00 +8.3452e-02 +3.6056e+00 +3.8529e-01
7148 +8.716291717e+02 +8.716291717e+02 +1.025799172e+03 +1.025799172e+03 -4.0693e+00 -2.3446e+00 +7.5908e-02 +3.6131e+00 +3.8157e-01
7158 +6.180709473e+02 +6.180709473e+02 +7.722409473e+02 +7.722409473e+02 -4.0653e+00 -2.3407e+00 +8.0103e-02 +3.5942e+00 +3.8548e-01
7198 +3.572071315e+02 +3.572071315e+02 +5.113771315e+02 +5.113771315e+02 -4.0538e+00 -2.3346e+00 +7.1929e-02 +3.6003e+00 +3.9722e-01
7207 +2.240393085e+02 +2.240393085e+02 +3.782093085e+02 +3.782093085e+02 -4.0646e+00 -2.3422e+00 +6.8245e-02 +3.6029e+00 +3.9200e-01
7257 +1.284277739e+02 +1.284277739e+02 +2.825977739e+02 +2.825977739e+02 -4.0623e+00 -2.3387e+00 +6.1979e-02 +3.5859e+00 +3.9605e-01
7306 +5.931550483e+01 +5.931550483e+01 +2.134855048e+02 +2.134855048e+02 -4.0626e+00 -2.3537e+00 +5.9528e-02 +3.5951e+00 +4.0026e-01
9194 +3.716318592e+01 +3.716318592e+01 +1.913331859e+02 +1.913331859e+02 -4.0668e+00 -2.3723e+00 +5.5804e-02 +3.6034e+00 +3.9643e-01
% function evaluation | noise-free fitness - Fopt (4.983000000000e+01) | best noise-free fitness - Fopt | measured fitness | best measured fitness | x1 | x2...
1 +2.023027554e+07 +2.023027554e+07 +2.023032537e+07 +2.023032537e+07 -2.0912e+00 +9.5700e-01 -4.8241e+00 -4.3363e+00 +3.8687e+00
68 +5.640681265e+06 +5.640681265e+06 +5.640731095e+06 +5.640731095e+06 -2.8502e-02 -3.9914e+00 -3.1828e-01 -3.6692e+00 +4.8788e+00
714 +3.968415795e+06 +3.968415795e+06 +3.968465625e+06 +3.968465625e+06 -1.8476e+00 -3.9904e+00 -2.6836e-02 -3.7402e+00 +3.5802e+00
1478 +2.505361913e+06 +2.505361913e+06 +2.505411743e+06 +2.505411743e+06 -1.7717e+00 -3.7636e+00 +7.2211e-02 -3.7103e+00 +3.5484e+00
2091 +1.580660248e+06 +1.580660248e+06 +1.580710078e+06 +1.580710078e+06 -1.7102e+00 -3.5643e+00 +1.6510e-01 -3.7013e+00 +3.5297e+00
2753 +9.952839162e+05 +9.952839162e+05 +9.953337462e+05 +9.953337462e+05 -1.6168e+00 -3.3953e+00 +2.0879e-01 -3.7064e+00 +3.4876e+00
3284 +6.108374989e+05 +6.108374989e+05 +6.108873289e+05 +6.108873289e+05 -1.6243e+00 -3.2365e+00 +3.2053e-01 -3.7470e+00 +3.4319e+00
3779 +3.939925810e+05 +3.939925810e+05 +3.940424110e+05 +3.940424110e+05 -1.5517e+00 -3.1354e+00 +4.0789e-01 -3.7034e+00 +3.4196e+00
4175 +2.458333200e+05 +2.458333200e+05 +2.458831500e+05 +2.458831500e+05 -1.5015e+00 -3.0160e+00 +4.4049e-01 -3.6777e+00 +3.4076e+00
4464 +1.579062684e+05 +1.579062684e+05 +1.579560984e+05 +1.579560984e+05 -1.5064e+00 -2.9034e+00 +4.4894e-01 -3.7236e+00 +3.4177e+00
4761 +9.883428966e+04 +9.883428966e+04 +9.888411966e+04 +9.888411966e+04 -1.5025e+00 -2.8295e+00 +4.6075e-01 -3.7159e+00 +3.3484e+00
4954 +6.230750875e+04 +6.230750875e+04 +6.235733875e+04 +6.235733875e+04 -1.4731e+00 -2.7578e+00 +4.6566e-01 -3.7152e+00 +3.3300e+00
5164 +3.866568343e+04 +3.866568343e+04 +3.871551343e+04 +3.871551343e+04 -1.4674e+00 -2.6964e+00 +4.4050e-01 -3.7792e+00 +3.3183e+00
5256 +2.491858997e+04 +2.491858997e+04 +2.496841997e+04 +2.496841997e+04 -1.4591e+00 -2.6591e+00 +4.1196e-01 -3.7813e+00 +3.3193e+00
5366 +1.565086585e+04 +1.565086585e+04 +1.570069585e+04 +1.570069585e+04 -1.4632e+00 -2.6470e+00 +4.0133e-01 -3.7369e+00 +3.2825e+00
5473 +8.601526234e+03 +8.601526234e+03 +8.651356234e+03 +8.651356234e+03 -1.4701e+00 -2.6261e+00 +4.1768e-01 -3.7349e+00 +3.2439e+00
5513 +5.569078753e+03 +5.569078753e+03 +5.618908753e+03 +5.618908753e+03 -1.4714e+00 -2.6085e+00 +4.0599e-01 -3.7341e+00 +3.2407e+00
5580 +3.551732190e+03 +3.551732190e+03 +3.601562190e+03 +3.601562190e+03 -1.4587e+00 -2.5928e+00 +4.1397e-01 -3.7518e+00 +3.2340e+00
5622 +2.139194945e+03 +2.139194945e+03 +2.189024945e+03 +2.189024945e+03 -1.4492e+00 -2.5857e+00 +4.0638e-01 -3.7610e+00 +3.2196e+00
5661 +1.038154952e+03 +1.038154952e+03 +1.087984952e+03 +1.087984952e+03 -1.4512e+00 -2.5800e+00 +3.9435e-01 -3.7535e+00 +3.2122e+00
5696 +8.043876293e+02 +8.043876293e+02 +8.542176293e+02 +8.542176293e+02 -1.4577e+00 -2.5702e+00 +3.9363e-01 -3.7512e+00 +3.2222e+00
5714 +6.119235371e+02 +6.119235371e+02 +6.617535371e+02 +6.617535371e+02 -1.4644e+00 -2.5627e+00 +4.0160e-01 -3.7473e+00 +3.2157e+00
5758 +3.877387474e+02 +3.877387474e+02 +4.375687474e+02 +4.375687474e+02 -1.4613e+00 -2.5507e+00 +3.6988e-01 -3.7438e+00 +3.2300e+00
5820 +2.251132320e+02 +2.251132320e+02 +2.749432320e+02 +2.749432320e+02 -1.4508e+00 -2.5453e+00 +3.7975e-01 -3.7538e+00 +3.1931e+00
5868 +1.250131693e+02 +1.250131693e+02 +1.748431693e+02 +1.748431693e+02 -1.4581e+00 -2.5552e+00 +3.9192e-01 -3.7502e+00 +3.2090e+00
5876 +7.844902743e+01 +7.844902743e+01 +1.282790274e+02 +1.282790274e+02 -1.4578e+00 -2.5516e+00 +3.7470e-01 -3.7459e+00 +3.2000e+00
5890 +3.812296411e+01 +3.812296411e+01 +8.795296411e+01 +8.795296411e+01 -1.4551e+00 -2.5476e+00 +3.7869e-01 -3.7477e+00 +3.2021e+00
6808 +2.228793053e+01 +2.228793053e+01 +7.211793053e+01 +7.211793053e+01 -1.4496e+00 -2.5484e+00 +3.5949e-01 -3.7582e+00 +3.2181e+00
6942 +1.019707149e+01 +1.019707149e+01 +6.002707149e+01 +6.002707149e+01 -1.4588e+00 -2.5525e+00 +3.9014e-01 -3.7433e+00 +3.1940e+00
7348 +8.177415574e+00 +8.177415574e+00 +5.800741557e+01 +5.800741557e+01 -1.4544e+00 -2.5488e+00 +3.6998e-01 -3.7522e+00 +3.2142e+00
10558 +4.014783539e+00 +4.014783539e+00 +5.384478354e+01 +5.384478354e+01 -1.4576e+00 -2.5540e+00 +3.8831e-01 -3.7451e+00 +3.1988e+00
