% function evaluation | noise-free fitness - Fopt (-2.098800000000e+02) | best noise-free fitness - Fopt | measured fitness | best measured fitness | x1 | x2...
1 +2.976812167e+06 +2.976812167e+06 +2.976602287e+06 +2.976602287e+06 +3.9900e+00 +5.7348e-01 -9.2863e-01 -3.4681e+00 +4.7136e+00 -2.9727e+00 -4.9048e+00 +4.1055e+00 -3.8291e+00 +2.9664e+00
3 +9.837781162e+05 +9.837781162e+05 +9.835682362e+05 +9.835682362e+05 -3.1126e+00 -5.1887e-01 -1.7471e+00 -4.5269e+00 +4.1523e+00 -8.9892e-01 +3.2420e+00 +1.9913e+00 -1.7283e+00 +1.7428e+00
44 +5.907168551e+05 +5.907168551e+05 +5.905069751e+05 +5.905069751e+05 +3.2699e-01 -4.0725e+00 +1.7900e+00 -7.4386e-01 -3.6060e+00 +1.9979e+00 +1.9038e+00 -1.0891e+00 -2.5397e+00 +2.6484e+00
191 +1.978539730e+05 +1.978539730e+05 +1.976440930e+05 +1.976440930e+05 -1.5158e-01 -4.1534e+00 +1.9493e+00 -8.2531e-01 -2.6222e+00 +8.4414e-01 +1.4598e+00 -1.5100e-01 -1.8692e+00 +2.8640e+00
237 +1.411132222e+05 +1.411132222e+05 +1.409033422e+05 +1.409033422e+05 -1.2350e-01 -4.1085e+00 +1.9378e+00 -7.6883e-01 -2.6429e+00 +9.5078e-01 +1.4641e+00 -2.0156e-01 -1.9007e+00 +2.6469e+00
317 +5.776513996e+04 +5.776513996e+04 +5.755525996e+04 +5.755525996e+04 -8.6046e-01 -3.3970e+00 +2.3937e+00 -6.7293e-01 -1.4789e+00 +8.7526e-01 +1.2255e+00 -8.3949e-01 -9.0482e-01 +2.5910e+00
494 +3.710261032e+04 +3.710261032e+04 +3.689273032e+04 +3.689273032e+04 -8.1683e-01 -3.3984e+00 +2.4070e+00 -6.6522e-01 -1.2609e+00 +1.0924e+00 +1.3484e+00 -6.6098e-01 -1.0059e+00 +2.6010e+00
704 +2.269811580e+04 +2.269811580e+04 +2.248823580e+04 +2.248823580e+04 -9.9465e-01 -3.7192e+00 +2.4111e+00 -9.5274e-01 -1.2321e+00 +1.0873e+00 +1.4764e+00 -3.5983e-01 -1.0650e+00 +2.5747e+00
1136 +1.507924591e+04 +1.507924591e+04 +1.486936591e+04 +1.486936591e+04 -1.2196e+00 -3.5340e+00 +2.4782e+00 -7.7698e-01 -1.2669e+00 +1.4322e+00 +1.5881e+00 -2.4723e-01 -1.1250e+00 +2.6113e+00
1697 +9.587503228e+03 +9.587503228e+03 +9.377623228e+03 +9.377623228e+03 -1.5659e+00 -3.1297e+00 +2.2169e+00 -7.6041e-01 -1.1456e+00 +1.8454e+00 +1.8899e+00 -2.4515e-01 -1.0833e+00 +2.6010e+00
2234 +5.967238662e+03 +5.967238662e+03 +5.757358662e+03 +5.757358662e+03 -1.3947e+00 -3.0510e+00 +2.0724e+00 -8.1407e-01 -1.2130e+00 +2.2285e+00 +2.1712e+00 -6.3571e-02 -1.1201e+00 +2.5933e+00
8855 +3.975081378e+03 +3.975081378e+03 +3.765201378e+03 +3.765201378e+03 -1.4317e+00 -3.0632e+00 +2.0061e+00 -6.5829e-01 -7.7281e-01 +2.4956e+00 +2.3479e+00 -8.9917e-02 -1.1108e+00 +2.6094e+00
16622 +2.504329297e+03 +2.504329297e+03 +2.294449297e+03 +2.294449297e+03 -1.4765e+00 -3.1050e+00 +2.0214e+00 -3.1399e-01 -5.8302e-02 +2.6717e+00 +2.3249e+00 -8.6211e-02 -1.1090e+00 +2.6045e+00
22918 +1.553736481e+03 +1.553736481e+03 +1.343856481e+03 +1.343856481e+03 -1.4722e+00 -3.0544e+00 +2.1290e+00 -3.5868e-01 +6.1894e-01 +2.6871e+00 +2.3047e+00 -8.5053e-02 -1.1168e+00 +2.6012e+00
29857 +9.935824313e+02 +9.935824313e+02 +7.837024313e+02 +7.837024313e+02 -1.5172e+00 -2.9822e+00 +2.1412e+00 -2.5266e-01 +1.0750e+00 +2.6584e+00 +2.3559e+00 -8.0521e-02 -1.1094e+00 +2.6002e+00
42139 +6.256534738e+02 +6.256534738e+02 +4.157734738e+02 +4.157734738e+02 -1.3894e+00 -3.0908e+00 +2.4430e+00 +2.1645e-01 +1.4361e+00 +2.6483e+00 +2.3364e+00 -8.2567e-02 -1.1106e+00 +2.6023e+00
72805 +3.980453213e+02 +3.980453213e+02 +1.881653213e+02 +1.881653213e+02 -1.3912e+00 -3.0248e+00 +2.5691e+00 +7.5556e-01 +1.7471e+00 +2.6780e+00 +2.3363e+00 -1.0104e-01 -1.1074e+00 +2.6042e+00
95067 +2.489927134e+02 +2.489927134e+02 +3.911271343e+01 +3.911271343e+01 -1.3234e+00 -2.8891e+00 +2.5422e+00 +1.1865e+00 +1.7385e+00 +2.6806e+00 +2.3183e+00 -9.9063e-02 -1.1084e+00 +2.6042e+00
113752 +1.584451282e+02 +1.584451282e+02 -5.143487178e+01 -5.143487178e+01 -1.3425e+00 -2.8347e+00 +2.5736e+00 +1.4648e+00 +1.7453e+00 +2.6902e+00 +2.3168e+00 -9.5412e-02 -1.1104e+00 +2.6051e+00
% function evaluation | noise-free fitness - Fopt (-9.209000000000e+01) | best noise-free fitness - Fopt | measured fitness | best measured fitness | x1 | x2...
1 +5.348632057e+05 +5.348632057e+05 +5.347711157e+05 +5.347711157e+05 -4.8494e+00 +1.1375e+00 -4.3676e+00 -7.1260e-02 -4.8925e+00 -9.6026e-01 +1.7856e+00 -1.1046e+00 +4.6366e-01 +1.1385e+00
156 +2.223997701e+05 +2.223997701e+05 +2.223076801e+05 +2.223076801e+05 -3.0434e+00 +8.9315e-01 +1.7874e+00 +5.0000e+00 +5.0000e+00 +1.8673e+00 +3.1022e+00 +1.7872e+00 +2.7999e-01 +1.5612e+00
247 +6.988097855e+04 +6.988097855e+04 +6.978888855e+04 +6.978888855e+04 -3.6568e+00 +2.8107e+00 -4.1512e+00 -6.2138e-01 -5.0000e+00 -2.3065e+00 +9.8680e-01 +4.6650e-01 +8.5064e-01 +1.6596e+00
253 +5.769611181e+04 +5.769611181e+04 +5.760402181e+04 +5.760402181e+04 -3.6400e+00 +2.9328e+00 -4.1581e+00 -7.0498e-01 -4.9292e+00 -2.3910e+00 +8.4320e-01 +3.9420e-01 +7.4882e-01 +1.6757e+00
406 +3.616125589e+04 +3.616125589e+04 +3.606916589e+04 +3.606916589e+04 -3.7631e+00 +2.9989e+00 -4.3246e+00 -5.7938e-01 -4.8013e+00 -2.2181e+00 +9.1000e-01 +4.8668e-01 +4.0095e-01 +1.6326e+00
811 +2.504779992e+04 +2.504779992e+04 +2.495570992e+04 +2.495570992e+04 -3.9230e+00 +2.9192e+00 -4.2356e+00 -4.4158e-01 -4.7810e+00 -2.1321e+00 +8.3974e-01 +7.0050e-01 +4.2561e-01 +1.6684e+00
1952 +1.536924933e+04 +1.536924933e+04 +1.527715933e+04 +1.527715933e+04 -3.7179e+00 +2.6843e+00 -4.2098e+00 -4.4555e-01 -4.6032e+00 -2.3466e+00 +2.7958e-01 +8.8493e-01 +4.5258e-01 +1.6908e+00
5207 +9.993197354e+03 +9.993197354e+03 +9.901107354e+03 +9.901107354e+03 -3.7834e+00 +2.7498e+00 -4.7894e+00 -2.3326e-01 -4.2027e+00 -2.9373e+00 +1.6435e-01 +9.5028e-01 +4.2839e-01 +1.6915e+00
8957 +6.297155130e+03 +6.297155130e+03 +6.205065130e+03 +6.205065130e+03 -3.6975e+00 +2.7570e+00 -4.7107e+00 -2.1748e-01 -3.3829e+00 -3.2071e+00 +2.2883e-02 +9.9854e-01 +4.3078e-01 +1.6850e+00
13004 +3.895797590e+03 +3.895797590e+03 +3.803707590e+03 +3.803707590e+03 -3.0443e+00 +2.7282e+00 -4.7686e+00 +2.1145e-01 -2.6977e+00 -3.7364e+00 +6.6271e-02 +1.0116e+00 +4.2459e-01 +1.6829e+00
22825 +2.511854780e+03 +2.511854780e+03 +2.419764780e+03 +2.419764780e+03 -3.0316e+00 +2.6622e+00 -4.7865e+00 -1.5354e-01 -2.0127e+00 -3.7667e+00 +3.4668e-02 +9.8777e-01 +4.3706e-01 +1.6887e+00
30959 +1.582045690e+03 +1.582045690e+03 +1.489955690e+03 +1.489955690e+03 -2.8247e+00 +2.8181e+00 -4.8665e+00 -3.7893e-01 -1.2713e+00 -3.5232e+00 +5.2492e-02 +9.5706e-01 +4.3501e-01 +1.6862e+00
37280 +9.963396223e+02 +9.963396223e+02 +9.042496223e+02 +9.042496223e+02 -2.8890e+00 +2.7104e+00 -4.9566e+00 -4.0914e-01 -8.9782e-01 -3.7139e+00 +4.6260e-02 +1.0019e+00 +4.3284e-01 +1.6864e+00
59427 +6.303712006e+02 +6.303712006e+02 +5.382812006e+02 +5.382812006e+02 -2.8194e+00 +2.7119e+00 -4.7874e+00 -8.2104e-01 -3.0346e-01 -3.7505e+00 +3.7482e-02 +9.8391e-01 +4.3802e-01 +1.6861e+00
% function evaluation | noise-free fitness - Fopt (-8.789000000000e+01) | best noise-free fitness - Fopt | measured fitness | best measured fitness | x1 | x2...
1 +5.863568756e+07 +5.863568756e+07 +5.863559967e+07 +5.863559967e+07 +2.4961e+00 -3.0669e+00 +2.8287e+00 +5.6896e-01 +1.6825e+00 -1.8014e+00 +2.2179e+00 -4.9934e+00 -6.1150e-01 -4.3711e+00
2 +1.142115374e+07 +1.142115374e+07 +1.142106585e+07 +1.142106585e+07 -4.4700e-01 -3.8965e+00 -2.5968e+00 -1.3414e+00 -4.9286e+00 +4.6480e+00 +1.6586e+00 -9.6313e-01 +4.1524e+00 +2.7085e+00
3 +1.618854602e+06 +1.618854602e+06 +1.618766712e+06 +1.618766712e+06 +3.6230e+00 -4.5153e+00 +4.4889e+00 +5.4618e-01 -2.1983e+00 +3.4400e+00 +7.5328e-01 -3.2446e+00 -1.0925e+00 +3.4034e+00
18 +1.502401658e+06 +1.502401658e+06 +1.502313768e+06 +1.502313768e+06 +1.2369e+00 -5.2709e-01 +4.7635e+00 -1.3683e-01 -2.0205e+00 +6.5255e-01 +2.9291e+00 -2.1414e+00 -1.4154e+00 +3.9077e+00
20 +4.611659838e+05 +4.611659838e+05 +4.610780938e+05 +4.610780938e+05 -1.9681e+00 -3.7563e+00 -9.1268e-01 +7.4102e-01 +1.2207e+00 +3.0410e+00 -5.9443e-01 +2.1488e+00 -2.0029e+00 +2.8981e+00
124 +3.785742390e+05 +3.785742390e+05 +3.784863490e+05 +3.784863490e+05 +3.1565e+00 -2.1681e-01 +3.4301e+00 -1.1273e+00 -5.0000e+00 -1.1107e+00 -1.2787e+00 +3.1444e+00 -3.2819e+00 +3.8294e+00
150 +2.236737994e+05 +2.236737994e+05 +2.235859094e+05 +2.235859094e+05 +2.5275e+00 +1.3136e+00 +3.2744e+00 -6.5669e-01 -5.0000e+00 -9.6257e-02 -9.9824e-01 +3.2800e+00 -3.0041e+00 +3.4877e+00
163 +4.741630047e+04 +4.741630047e+04 +4.732841047e+04 +4.732841047e+04 +1.6869e+00 -1.1492e-02 +3.7529e+00 +7.7424e-01 -5.0000e+00 -4.8054e-01 -3.0006e+00 +1.4984e+00 -2.3372e+00 +3.6144e+00
359 +2.570950406e+04 +2.570950406e+04 +2.562161406e+04 +2.562161406e+04 +3.9311e+00 +1.8738e+00 +3.4530e+00 -1.0178e+00 -5.0000e+00 -1.8926e+00 -2.4052e+00 +9.2579e-01 -2.6307e+00 +3.3854e+00
437 +2.438537559e+04 +2.438537559e+04 +2.429748559e+04 +2.429748559e+04 +3.9498e+00 +1.8594e+00 +3.4552e+00 -1.0347e+00 -5.0000e+00 -1.8842e+00 -2.4060e+00 +9.3479e-01 -2.6444e+00 +3.4039e+00
507 +1.249199413e+04 +1.249199413e+04 +1.240410413e+04 +1.240410413e+04 +3.9434e+00 +1.5630e+00 +3.5015e+00 -1.2252e+00 -5.0000e+00 -1.9116e+00 -2.4946e+00 +1.2897e+00 -2.6581e+00 +3.4360e+00
626 +9.880531318e+03 +9.880531318e+03 +9.792641318e+03 +9.792641318e+03 +3.8978e+00 +1.7027e+00 +3.5987e+00 -1.2126e+00 -5.0000e+00 -1.9716e+00 -2.4738e+00 +1.3722e+00 -2.4986e+00 +3.4310e+00
1205 +6.276842078e+03 +6.276842078e+03 +6.188952078e+03 +6.188952078e+03 +3.9956e+00 +1.4706e+00 +3.6422e+00 -1.4405e+00 -4.8697e+00 -1.8404e+00 -2.7167e+00 +1.5126e+00 -2.5309e+00 +3.4287e+00
2160 +3.661554797e+03 +3.661554797e+03 +3.573664797e+03 +3.573664797e+03 +3.9961e+00 +1.4136e+00 +3.8180e+00 -1.3546e+00 -4.7962e+00 -1.5445e+00 -2.9573e+00 +1.4050e+00 -2.5538e+00 +3.4319e+00
3273 +2.511215945e+03 +2.511215945e+03 +2.423325945e+03 +2.423325945e+03 +4.0129e+00 +1.4296e+00 +3.8260e+00 -1.4011e+00 -4.7327e+00 -1.2852e+00 -2.9542e+00 +1.4453e+00 -2.5434e+00 +3.4307e+00
5446 +1.474733647e+03 +1.474733647e+03 +1.386843647e+03 +1.386843647e+03 +3.7512e+00 +1.4064e+00 +3.6021e+00 -1.4217e+00 -4.1413e+00 -1.0188e+00 -2.9579e+00 +1.4703e+00 -2.5267e+00 +3.4467e+00
6454 +9.832918918e+02 +9.832918918e+02 +8.954018918e+02 +8.954018918e+02 +3.7415e+00 +1.4313e+00 +3.6332e+00 -1.4304e+00 -4.0632e+00 -9.7091e-01 -2.9643e+00 +1.4618e+00 -2.5497e+00 +3.4362e+00
8591 +6.276675952e+02 +6.276675952e+02 +5.397775952e+02 +5.397775952e+02 +3.7333e+00 +1.4541e+00 +3.6083e+00 -1.4358e+00 -3.9205e+00 -8.5154e-01 -2.9756e+00 +1.4663e+00 -2.5406e+00 +3.4294e+00
13448 +3.937291757e+02 +3.937291757e+02 +3.058391757e+02 +3.058391757e+02 +3.7661e+00 +1.4157e+00 +3.6107e+00 -1.4557e+00 -3.7339e+00 -6.7991e-01 -2.9559e+00 +1.4675e+00 -2.5482e+00 +3.4309e+00
23788 +2.511159473e+02 +2.511159473e+02 +1.632259473e+02 +1.632259473e+02 +3.8337e+00 +1.1257e+00 +3.5455e+00 -1.5555e+00 -3.3880e+00 -6.5489e-01 -2.9486e+00 +1.4683e+00 -2.5457e+00 +3.4304e+00
49565 +1.583206062e+02 +1.583206062e+02 +7.043060623e+01 +7.043060623e+01 +3.7315e+00 +1.0992e+00 +3.3473e+00 -1.7121e+00 -3.1480e+00 -6.1155e-01 -2.9469e+00 +1.4682e+00 -2.5472e+00 +3.4310e+00
% function evaluation | noise-free fitness - Fopt (3.201900000000e+02) | best noise-free fitness - Fopt | measured fitness | best measured fitness | x1 | x2...
1 +9.654645437e+06 +9.654645437e+06 +9.654965627e+06 +9.654965627e+06 -2.8336e+00 -3.7690e+00 +2.5900e+00 -4.9156e+00 -3.7859e+00 +2.4921e+00 +3.4598e+00 -1.1758e+00 -4.2604e+00 +2.9942e+00
2 +1.875878796e+06 +1.875878796e+06 +1.876198986e+06 +1.876198986e+06 +2.5861e+00 +1.5893e+00 -2.1064e+00 +3.5861e+00 +1.5599e+00 -4.4644e+00 -3.5716e+00 +1.9660e+00 -2.0321e+00 +3.2949e-01
30 +1.371591630e+06 +1.371591630e+06 +1.371911820e+06 +1.371911820e+06 +3.3668e+00 -1.2077e+00 +2.5136e+00 -4.4425e+00 +4.3649e+00 -2.6127e+00 -3.0489e+00 -4.9648e+00 -2.0706e+00 -4.1730e-01
37 +7.013732042e+05 +7.013732042e+05 +7.016933942e+05 +7.016933942e+05 +2.6592e+00 -3.4919e+00 +1.9437e+00 -4.4872e+00 -1.8341e-01 +3.0965e+00 +4.5414e-01 -1.0397e+00 -2.7877e+00 +5.3984e-01
150 +5.880369622e+05 +5.880369622e+05 +5.883571522e+05 +5.883571522e+05 +2.8760e+00 +4.3405e+00 +2.8846e+00 +2.5114e-01 +3.2785e+00 +3.5176e+00 +8.8805e-01 -2.7562e+00 -2.7574e+00 +3.7674e-01
232 +3.490700834e+05 +3.490700834e+05 +3.493902734e+05 +3.493902734e+05 +2.8889e+00 +4.3654e+00 +3.0136e+00 +3.2298e-01 +3.1911e+00 +3.4552e+00 +9.0783e-01 -2.6932e+00 -2.7897e+00 +2.0135e-01
291 +1.246306688e+05 +1.246306688e+05 +1.249508588e+05 +1.249508588e+05 +2.4474e+00 +2.9763e+00 +1.2142e+00 +9.9379e-01 +2.5012e+00 +2.7689e+00 +7.3784e-01 -2.2415e+00 -3.9339e+00 -3.4358e-01
353 +8.756271301e+04 +8.756271301e+04 +8.788290301e+04 +8.788290301e+04 +2.5730e+00 +2.9748e+00 +1.2101e+00 +1.0043e+00 +2.4108e+00 +2.8056e+00 +7.7914e-01 -2.2591e+00 -3.8882e+00 -1.5044e-01
819 +6.276467424e+04 +6.276467424e+04 +6.308486424e+04 +6.308486424e+04 +2.2462e+00 +2.9964e+00 +1.0912e+00 +1.2327e+00 +2.6092e+00 +2.6472e+00 +1.1585e+00 -2.1465e+00 -3.7193e+00 -1.2790e-01
1181 +3.961374316e+04 +3.961374316e+04 +3.993393316e+04 +3.993393316e+04 +1.9331e+00 +3.1308e+00 +8.3570e-01 +1.0209e+00 +2.9302e+00 +2.8327e+00 +1.6440e+00 -1.9244e+00 -3.6368e+00 -2.2485e-01
1810 +2.279801949e+04 +2.279801949e+04 +2.311820949e+04 +2.311820949e+04 +1.8746e+00 +2.9357e+00 +4.4136e-01 +5.2662e-01 +2.6337e+00 +2.6692e+00 +2.2125e+00 -1.8519e+00 -3.6138e+00 -1.9680e-01
2772 +1.581070406e+04 +1.581070406e+04 +1.613089406e+04 +1.613089406e+04 +1.6908e+00 +3.0069e+00 +3.6286e-01 +2.9002e-01 +2.1710e+00 +3.0002e+00 +2.6058e+00 -1.7751e+00 -3.6054e+00 -1.7912e-01
6203 +9.991171184e+03 +9.991171184e+03 +1.031136118e+04 +1.031136118e+04 +1.3989e+00 +3.1554e+00 -1.5038e-03 +1.2586e-01 +1.1086e+00 +3.3777e+00 +2.7930e+00 -1.8049e+00 -3.6011e+00 -1.8213e-01
10917 +6.032268251e+03 +6.032268251e+03 +6.352458251e+03 +6.352458251e+03 +1.3683e+00 +3.3413e+00 -3.6678e-02 +7.8525e-02 -4.8337e-03 +3.5604e+00 +2.7441e+00 -1.8174e+00 -3.5756e+00 -1.6737e-01
15524 +3.967006590e+03 +3.967006590e+03 +4.287196590e+03 +4.287196590e+03 +1.1693e+00 +3.1260e+00 +2.1760e-01 +4.1931e-02 -6.9884e-01 +3.5069e+00 +2.7337e+00 -1.7958e+00 -3.6099e+00 -1.7813e-01
19100 +2.504708420e+03 +2.504708420e+03 +2.824898420e+03 +2.824898420e+03 +1.1450e+00 +3.0769e+00 -1.7375e-02 +3.0438e-01 -1.4939e+00 +3.3874e+00 +2.9484e+00 -1.7856e+00 -3.6277e+00 -1.7325e-01
22110 +1.582040525e+03 +1.582040525e+03 +1.902230525e+03 +1.902230525e+03 +1.2374e+00 +3.1795e+00 -1.9044e-02 +2.6338e-01 -1.7187e+00 +3.5264e+00 +2.7994e+00 -1.8030e+00 -3.6026e+00 -1.8382e-01
43634 +9.863508870e+02 +9.863508870e+02 +1.306540887e+03 +1.306540887e+03 +1.2012e+00 +3.0731e+00 +1.0873e-01 -9.2525e-02 -2.3177e+00 +3.4182e+00 +2.8200e+00 -1.7988e+00 -3.5987e+00 -1.8156e-01
46158 +5.934676452e+02 +5.934676452e+02 +9.136576452e+02 +9.136576452e+02 +1.2173e+00 +3.0875e+00 +1.6384e-01 -6.2410e-02 -2.5425e+00 +3.4576e+00 +2.7770e+00 -1.7850e+00 -3.6064e+00 -1.8152e-01
86109 +3.950841166e+02 +3.950841166e+02 +7.152741166e+02 +7.152741166e+02 +1.1618e+00 +3.0202e+00 +1.7177e-01 -1.2432e-01 -2.9302e+00 +3.5150e+00 +2.7993e+00 -1.8021e+00 -3.5967e+00 -1.7969e-01
94750 +2.494947485e+02 +2.494947485e+02 +5.696847485e+02 +5.696847485e+02 +1.1833e+00 +2.9862e+00 +2.1319e-01 -2.2098e-01 -3.2075e+00 +3.4702e+00 +2.8046e+00 -1.7955e+00 -3.6002e+00 -1.8115e-01
% function evaluation | noise-free fitness - Fopt (-1.042400000000e+02) | best noise-free fitness - Fopt | measured fitness | best measured fitness | x1 | x2...
1 +1.105956822e+07 +1.105956822e+07 +1.105946398e+07 +1.105946398e+07 -8.0669e-01 -1.2157e+00 +1.5670e+00 +7.8187e-01 -1.2747e+00 -3.1188e+00 +4.9857e-01 +3.6337e+00 -2.5334e+00 -8.4339e-01
3 +4.527126559e+06 +4.527126559e+06 +4.527022319e+06 +4.527022319e+06 +8.5981e-01 +1.6841e+00 -1.8701e+00 +4.2871e+00 +6.4906e-01 -3.9108e+00 -4.1170e+00 -4.5151e-01 +2.9013e+00 -4.7432e+00
5 +3.758029182e+06 +3.758029182e+06 +3.757924942e+06 +3.757924942e+06 +3.6438e+00 -2.2089e-01 -1.7218e-01 -3.8313e+00 +1.9127e-01 -4.2024e+00 -8.8243e-01 -3.4831e+00 +1.4047e+00 -4.0054e+00
23 +1.986409901e+06 +1.986409901e+06 +1.986305661e+06 +1.986305661e+06 -2.3338e+00 +1.7019e+00 -1.1540e+00 -1.7080e+00 +4.2497e+00 -6.5413e-01 -2.6715e+00 +1.6243e+00 +3.6576e+00 -4.1240e+00
25 +8.082214639e+05 +8.082214639e+05 +8.081172239e+05 +8.081172239e+05 +4.1149e+00 +2.8054e+00 -1.2178e-01 -2.5344e+00 +4.4721e+00 -3.5055e+00 -3.9661e+00 +6.8669e-01 +3.3501e+00 -2.8127e+00
89 +5.901018057e+05 +5.901018057e+05 +5.899975657e+05 +5.899975657e+05 -1.3475e+00 -2.7193e-01 -1.9065e+00 -2.9482e+00 -1.5971e+00 -4.6191e+00 +3.7633e+00 +2.9902e+00 +2.2194e+00 -2.3532e+00
112 +3.012390249e+05 +3.012390249e+05 +3.011347849e+05 +3.011347849e+05 -2.0309e-01 +1.0711e-01 -1.5473e+00 -3.0145e+00 -9.3022e-01 -4.0601e+00 +3.0709e+00 +2.4412e+00 +2.4906e+00 -2.5258e+00
145 +2.351105082e+05 +2.351105082e+05 +2.350062682e+05 +2.350062682e+05 -1.3460e+00 +1.7535e+00 -2.1331e+00 -2.0364e+00 -1.1834e+00 -3.9392e+00 +3.9062e+00 +2.4582e+00 +2.6768e+00 -2.5712e+00
171 +1.364191386e+05 +1.364191386e+05 +1.363148986e+05 +1.363148986e+05 -3.0518e+00 +1.6206e+00 -7.0066e-01 -2.8703e+00 -1.1441e+00 -5.0000e+00 +3.0293e+00 +1.8942e+00 +2.9754e+00 -2.9679e+00
245 +8.399250092e+04 +8.399250092e+04 +8.388826092e+04 +8.388826092e+04 -1.5362e+00 +1.3602e+00 -6.4776e-01 -3.2294e+00 -2.2025e+00 -5.0000e+00 +3.1432e+00 +2.6023e+00 +3.1871e+00 -2.8035e+00
258 +2.584257012e+04 +2.584257012e+04 +2.573833012e+04 +2.573833012e+04 -1.6024e+00 +2.2131e+00 -3.1122e+00 -2.3072e+00 -4.5278e+00 -2.7233e+00 +3.8300e+00 +3.6497e+00 +2.9556e+00 -3.0199e+00
362 +2.311063609e+04 +2.311063609e+04 +2.300639609e+04 +2.300639609e+04 -1.4408e+00 +2.2501e+00 -3.0507e+00 -2.2049e+00 -4.4553e+00 -2.6540e+00 +3.7804e+00 +3.5683e+00 +3.0386e+00 -2.9905e+00
868 +1.573557468e+04 +1.573557468e+04 +1.563133468e+04 +1.563133468e+04 -1.4805e+00 +1.7024e+00 -3.0999e+00 -2.3681e+00 -4.2879e+00 -2.8005e+00 +3.4222e+00 +3.3656e+00 +2.9278e+00 -2.9926e+00
2215 +9.849264342e+03 +9.849264342e+03 +9.745024342e+03 +9.745024342e+03 -1.2984e+00 +2.0021e+00 -3.1820e+00 -2.4172e+00 -3.9000e+00 -2.8765e+00 +3.0485e+00 +3.4373e+00 +2.9563e+00 -2.9805e+00
6775 +6.268284587e+03 +6.268284587e+03 +6.164044587e+03 +6.164044587e+03 -1.1706e+00 +1.8539e+00 -3.0413e+00 -2.7207e+00 -3.3402e+00 -3.3105e+00 +2.7537e+00 +3.4240e+00 +2.9704e+00 -2.9967e+00
10777 +3.965572418e+03 +3.965572418e+03 +3.861332418e+03 +3.861332418e+03 -9.1179e-01 +1.8801e+00 -2.8489e+00 -2.6643e+00 -2.6591e+00 -3.7616e+00 +2.7993e+00 +3.4558e+00 +2.9683e+00 -2.9926e+00
20744 +2.293005419e+03 +2.293005419e+03 +2.188765419e+03 +2.188765419e+03 -7.2649e-01 +2.0110e+00 -2.4288e+00 -2.2537e+00 -1.6776e+00 -3.7214e+00 +2.7932e+00 +3.4183e+00 +2.9522e+00 -2.9897e+00
26710 +1.580243205e+03 +1.580243205e+03 +1.476003205e+03 +1.476003205e+03 -6.3398e-01 +2.1045e+00 -2.3460e+00 -2.1384e+00 -1.2758e+00 -3.6785e+00 +2.8002e+00 +3.4216e+00 +2.9618e+00 -2.9927e+00
30853 +9.853946061e+02 +9.853946061e+02 +8.811546061e+02 +8.811546061e+02 -6.0617e-01 +2.1430e+00 -2.5019e+00 -1.9309e+00 -8.0169e-01 -3.6252e+00 +2.7835e+00 +3.4304e+00 +2.9675e+00 -2.9901e+00
40291 +6.308537833e+02 +6.308537833e+02 +5.266137833e+02 +5.266137833e+02 -5.7354e-01 +1.9575e+00 -2.4534e+00 -1.5486e+00 -3.3647e-01 -3.7037e+00 +2.8278e+00 +3.4376e+00 +2.9616e+00 -2.9933e+00
114272 +3.907965217e+02 +3.907965217e+02 +2.865565217e+02 +2.865565217e+02 -5.6194e-01 +1.6699e+00 -1.8659e+00 -9.3298e-01 -2.0555e-01 -3.6930e+00 +2.8129e+00 +3.4272e+00 +2.9639e+00 -2.9949e+00
% function evaluation | noise-free fitness - Fopt (-3.570000000000e+01) | best noise-free fitness - Fopt | measured fitness | best measured fitness | x1 | x2...
1 +6.471551099e+06 +6.471551099e+06 +6.471515399e+06 +6.471515399e+06 -3.2675e+00 +3.3857e+00 -3.0709e+00 -2.1271e+00 +2.9200e+00 -2.9662e+00 +4.0675e+00 -3.5261e+00 +3.8347e+00 +3.8228e+00
3 +2.981506788e+06 +2.981506788e+06 +2.981471088e+06 +2.981471088e+06 +4.0575e+00 +2.6695e+00 +1.5782e+00 -1.1114e+00 +1.8353e+00 +1.5416e+00 +1.2347e+00 +4.5710e+00 +2.0313e+00 +1.9407e+00
5 +1.536457302e+06 +1.536457302e+06 +1.536421602e+06 +1.536421602e+06 -8.7393e-01 +3.5999e+00 -2.2891e+00 -1.2295e+00 -2.5120e+00 -1.4496e+00 +2.8954e+00 +1.8334e+00 -2.8274e+00 +2.3239e+00
48 +4.452557841e+05 +4.452557841e+05 +4.452200841e+05 +4.452200841e+05 +1.3387e+00 +1.2241e-01 -1.1414e+00 +4.1318e-01 -1.5948e+00 -3.3886e+00 +3.9108e+00 -1.5052e+00 -1.5393e+00 +2.5902e+00
91 +3.946817756e+05 +3.946817756e+05 +3.946460756e+05 +3.946460756e+05 -3.9979e+00 -3.1268e+00 +3.0883e+00 +9.5916e-01 -6.3501e-01 -2.9818e+00 -1.0096e-01 -8.1678e-02 -5.0703e-01 +1.6722e+00
155 +1.592757309e+05 +1.592757309e+05 +1.592400309e+05 +1.592400309e+05 -4.1781e+00 -2.5899e+00 +2.5657e+00 +6.5908e-01 -2.5083e+00 -2.9044e+00 +3.6073e+00 -1.1036e+00 +4.4292e-01 +2.1719e+00
202 +1.547645113e+05 +1.547645113e+05 +1.547288113e+05 +1.547288113e+05 -4.1669e+00 -2.5900e+00 +2.5613e+00 +6.7470e-01 -2.5010e+00 -2.9182e+00 +3.6034e+00 -1.0943e+00 +4.3500e-01 +2.1819e+00
312 +5.835041026e+04 +5.835041026e+04 +5.831471026e+04 +5.831471026e+04 -4.4950e+00 -2.1780e+00 +3.2123e+00 -1.3497e-01 -3.5967e+00 -2.4364e+00 +3.0669e+00 -9.6927e-01 -7.0456e-01 +2.0630e+00
468 +2.929968721e+04 +2.929968721e+04 +2.926398721e+04 +2.926398721e+04 -4.4503e+00 -2.2165e+00 +3.3140e+00 -7.1962e-02 -3.7048e+00 -2.3748e+00 +3.0097e+00 -7.9467e-01 -7.0565e-01 +2.1526e+00
508 +1.881993642e+04 +1.881993642e+04 +1.878423642e+04 +1.878423642e+04 -4.3077e+00 -2.4498e+00 +3.1089e+00 -1.6510e-01 -3.6674e+00 -2.4981e+00 +2.9232e+00 -1.1102e+00 -6.4170e-01 +2.2167e+00
595 +1.547301017e+04 +1.547301017e+04 +1.543731017e+04 +1.543731017e+04 -4.4929e+00 -2.1799e+00 +3.3476e+00 -1.5363e-01 -3.8059e+00 -2.2197e+00 +3.0817e+00 -9.6831e-01 -6.0694e-01 +2.2306e+00
967 +9.469876629e+03 +9.469876629e+03 +9.434176629e+03 +9.434176629e+03 -4.4931e+00 -2.2836e+00 +3.4113e+00 -1.8871e-01 -3.6626e+00 -1.9830e+00 +3.0226e+00 -6.7418e-01 -3.7131e-01 +2.2541e+00
2013 +6.210946189e+03 +6.210946189e+03 +6.175246189e+03 +6.175246189e+03 -4.6607e+00 -2.2797e+00 +3.3442e+00 -3.5577e-01 -3.5651e+00 -2.1928e+00 +2.7637e+00 -8.0457e-01 -3.9701e-01 +2.2367e+00
3521 +3.848605923e+03 +3.848605923e+03 +3.812905923e+03 +3.812905923e+03 -4.6668e+00 -2.3685e+00 +3.1393e+00 -4.2517e-01 -3.5104e+00 -2.5877e+00 +2.7374e+00 -8.5700e-01 -4.4501e-01 +2.2344e+00
3903 +2.501420806e+03 +2.501420806e+03 +2.465720806e+03 +2.465720806e+03 -4.6480e+00 -2.4797e+00 +3.1895e+00 -3.1291e-01 -3.7353e+00 -2.8175e+00 +2.6367e+00 -8.3046e-01 -4.1719e-01 +2.2509e+00
8268 +1.582391094e+03 +1.582391094e+03 +1.546691094e+03 +1.546691094e+03 -4.8214e+00 -2.4634e+00 +3.2618e+00 -3.0858e-01 -3.7847e+00 -3.2446e+00 +2.6644e+00 -8.4846e-01 -4.3161e-01 +2.2392e+00
20693 +9.887881752e+02 +9.887881752e+02 +9.530881752e+02 +9.530881752e+02 -4.7294e+00 -2.5755e+00 +3.3225e+00 +1.2000e-01 -3.7218e+00 -3.5185e+00 +2.6051e+00 -8.2006e-01 -4.3840e-01 +2.2463e+00
42247 +6.307037927e+02 +6.307037927e+02 +5.950037927e+02 +5.950037927e+02 -4.5388e+00 -2.3625e+00 +3.2025e+00 +7.3182e-01 -3.7681e+00 -3.5957e+00 +2.6217e+00 -8.3462e-01 -4.3936e-01 +2.2453e+00
105868 +3.978810927e+02 +3.978810927e+02 +3.621810927e+02 +3.621810927e+02 -4.4695e+00 -2.2546e+00 +3.3130e+00 +1.4509e+00 -3.7886e+00 -3.5809e+00 +2.6237e+00 -8.3489e-01 -4.3688e-01 +2.2440e+00
136084 +2.510900514e+02 +2.510900514e+02 +2.153900514e+02 +2.153900514e+02 -4.5047e+00 -2.1929e+00 +3.2529e+00 +1.9061e+00 -3.8212e+00 -3.5721e+00 +2.6220e+00 -8.3543e-01 -4.3260e-01 +2.2438e+00
% function evaluation | noise-free fitness - Fopt (2.070000000000e+01) | best noise-free fitness - Fopt | measured fitness | best measured fitness | x1 | x2...
1 +2.117945868e+06 +2.117945868e+06 +2.117966568e+06 +2.117966568e+06 -1.1823e+00 +2.0272e+00 -3.7191e+00 +2.1358e+00 -2.0293e+00 -3.6747e+00 +1.7769e+00 +1.1179e+00 +2.0652e+00 +7.3932e-01
29 +6.362721084e+05 +6.362721084e+05 +6.362928084e+05 +6.362928084e+05 -2.3797e+00 -4.1517e+00 +2.7362e+00 +1.3774e+00 +4.1888e+00 -4.2813e+00 -2.9632e+00 +7.1108e-03 +1.1275e+00 -5.4822e-01
30 +3.711880995e+05 +3.711880995e+05 +3.712087995e+05 +3.712087995e+05 +2.0333e+00 +4.0720e+00 +9.3083e-01 +6.4630e-03 +4.6004e+00 -4.0216e+00 +9.8141e-01 +2.7021e+00 +3.3083e+00 -2.2040e-01
168 +2.021005831e+05 +2.021005831e+05 +2.021212831e+05 +2.021212831e+05 +1.8576e+00 +4.0171e+00 +1.1272e+00 +4.8712e-02 +4.4362e+00 -3.8824e+00 +9.1104e-01 +2.6530e+00 +3.2055e+00 -4.6698e-01
200 +4.103192230e+04 +4.103192230e+04 +4.105262230e+04 +4.105262230e+04 +1.3033e-01 +4.7675e+00 +2.5901e+00 +1.4481e+00 +5.0000e+00 -4.4740e+00 -3.7952e-01 +1.7642e+00 +2.7360e+00 -6.2767e-01
262 +3.736563498e+04 +3.736563498e+04 +3.738633498e+04 +3.738633498e+04 +4.7675e-02 +4.7887e+00 +2.6503e+00 +1.2857e+00 +4.9719e+00 -4.5558e+00 -4.2855e-01 +1.7748e+00 +2.7007e+00 -6.1855e-01
453 +2.503251090e+04 +2.503251090e+04 +2.505321090e+04 +2.505321090e+04 +7.4573e-02 +4.7727e+00 +2.6670e+00 +1.2780e+00 +4.8831e+00 -4.4455e+00 -5.0100e-01 +1.9259e+00 +2.5651e+00 -5.6095e-01
513 +1.491425166e+04 +1.491425166e+04 +1.493495166e+04 +1.493495166e+04 -9.1477e-03 +4.6455e+00 +2.6349e+00 +1.3287e+00 +4.9971e+00 -4.2933e+00 -6.3911e-01 +1.8847e+00 +2.4389e+00 -5.9106e-01
1756 +9.947248165e+03 +9.947248165e+03 +9.967948165e+03 +9.967948165e+03 +1.8209e-01 +4.5229e+00 +2.2552e+00 +1.5345e+00 +4.6415e+00 -3.9574e+00 -6.5870e-01 +1.8000e+00 +2.3646e+00 -6.3585e-01
4021 +5.580576325e+03 +5.580576325e+03 +5.601276325e+03 +5.601276325e+03 +2.3319e-01 +4.5092e+00 +2.3681e+00 +1.2800e+00 +4.5956e+00 -3.3114e+00 -6.5192e-01 +1.7514e+00 +2.3854e+00 -6.2151e-01
5240 +3.969903523e+03 +3.969903523e+03 +3.990603523e+03 +3.990603523e+03 +8.7441e-02 +4.4537e+00 +2.4957e+00 +1.2589e+00 +4.5420e+00 -3.0962e+00 -7.8063e-01 +1.7784e+00 +2.3835e+00 -6.3148e-01
6554 +2.511779520e+03 +2.511779520e+03 +2.532479520e+03 +2.532479520e+03 -6.8940e-02 +4.4869e+00 +2.7872e+00 +1.4127e+00 +4.5042e+00 -2.6587e+00 -6.7167e-01 +1.8082e+00 +2.4177e+00 -6.2825e-01
23715 +1.584724759e+03 +1.584724759e+03 +1.605424759e+03 +1.605424759e+03 -8.7709e-02 +4.4251e+00 +2.5458e+00 +1.3440e+00 +4.2023e+00 -2.1029e+00 -6.6936e-01 +1.8079e+00 +2.3903e+00 -6.2873e-01
29977 +9.996322640e+02 +9.996322640e+02 +1.020332264e+03 +1.020332264e+03 -5.8012e-02 +4.3288e+00 +2.4781e+00 +1.3380e+00 +3.8040e+00 -2.0923e+00 -7.0234e-01 +1.8013e+00 +2.3931e+00 -6.2863e-01
92864 +6.309223626e+02 +6.309223626e+02 +6.516223626e+02 +6.516223626e+02 -1.4910e-01 +3.8735e+00 +2.3798e+00 +1.1941e+00 +3.0771e+00 -2.1279e+00 -6.7439e-01 +1.8053e+00 +2.3936e+00 -6.2943e-01
% function evaluation | noise-free fitness - Fopt (3.807000000000e+01) | best noise-free fitness - Fopt | measured fitness | best measured fitness | x1 | x2...
1 +5.734509448e+07 +5.734509448e+07 +5.734513255e+07 +5.734513255e+07 +4.8775e+00 -3.0182e+00 -2.3182e+00 +1.0053e+00 -5.2729e-01 -1.9503e+00 +6.4154e-01 +2.4632e+00 -2.1312e+00 +3.4545e+00
2 +1.635686444e+07 +1.635686444e+07 +1.635690251e+07 +1.635690251e+07 +1.4347e+00 -2.1774e-01 +1.1254e+00 -2.4697e+00 -2.5535e+00 -2.1978e+00 +1.8311e+00 +1.5221e-01 -4.7678e-02 +2.6921e-01
4 +1.126244951e+07 +1.126244951e+07 +1.126248758e+07 +1.126248758e+07 -2.0887e+00 -1.7234e-01 -5.0382e-01 +3.5253e-01 +3.4665e+00 +2.5110e+00 +6.9594e-02 +3.7007e+00 +1.0136e-01 -8.0844e-01
5 +2.005710362e+06 +2.005710362e+06 +2.005748432e+06 +2.005748432e+06 +4.9441e+00 +2.2384e+00 +3.2896e+00 +3.6306e+00 +9.0881e-02 -3.8067e+00 +4.5099e+00 +2.2007e+00 -1.9367e+00 -4.3570e+00
29 +6.650021261e+05 +6.650021261e+05 +6.650401961e+05 +6.650401961e+05 +4.5637e+00 -3.1686e+00 -3.8379e+00 -1.9809e+00 -4.6084e+00 +8.5150e-01 -4.8144e+00 -2.4658e+00 -2.0523e+00 -3.7368e+00
36 +3.663084178e+05 +3.663084178e+05 +3.663464878e+05 +3.663464878e+05 +2.1690e+00 -2.9788e+00 +4.7764e+00 -3.9798e+00 +3.7117e+00 -2.2658e+00 -3.2534e+00 -4.2013e+00 -1.3813e+00 -3.8850e+00
160 +1.657349915e+05 +1.657349915e+05 +1.657730615e+05 +1.657730615e+05 -2.3811e+00 -3.0017e+00 +2.8266e+00 -4.8347e+00 +5.0000e+00 +4.5330e-03 -1.6355e+00 -3.3180e+00 -1.2666e+00 -3.6307e+00
312 +1.570345879e+05 +1.570345879e+05 +1.570726579e+05 +1.570726579e+05 -2.5274e+00 -3.0006e+00 +2.7950e+00 -4.9252e+00 +4.9616e+00 +4.6380e-02 -1.5490e+00 -3.4086e+00 -1.1521e+00 -3.6368e+00
993 +7.887542434e+04 +7.887542434e+04 +7.891349434e+04 +7.891349434e+04 -6.4856e-01 -2.8771e+00 +2.5386e+00 -4.3621e+00 +4.2737e+00 +4.3595e-01 +2.1369e+00 -3.9441e+00 -1.3834e+00 -3.4590e+00
1107 +5.917335596e+04 +5.917335596e+04 +5.921142596e+04 +5.921142596e+04 -6.9390e-01 -2.9607e+00 +2.5241e+00 -4.4798e+00 +4.1418e+00 +2.9322e-01 +2.0852e+00 -3.6881e+00 -1.2888e+00 -3.4691e+00
1124 +1.740180084e+04 +1.740180084e+04 +1.743987084e+04 +1.743987084e+04 -7.2509e-01 -2.8392e+00 +2.5705e+00 -4.0402e+00 +4.1432e+00 +4.2060e-01 +2.0403e+00 -3.6726e+00 -1.3073e+00 -3.6532e+00
1200 +1.456561634e+04 +1.456561634e+04 +1.460368634e+04 +1.460368634e+04 -9.3931e-01 -2.7839e+00 +2.4695e+00 -4.1235e+00 +4.1926e+00 +3.9891e-01 +1.9039e+00 -3.5397e+00 -1.1416e+00 -3.7151e+00
1496 +9.681480295e+03 +9.681480295e+03 +9.719550295e+03 +9.719550295e+03 -6.8887e-01 -2.7865e+00 +2.5190e+00 -3.8023e+00 +4.0537e+00 +3.4510e-01 +2.1065e+00 -3.4702e+00 -1.1996e+00 -3.6621e+00
6172 +6.276272325e+03 +6.276272325e+03 +6.314342325e+03 +6.314342325e+03 -6.9298e-01 -2.6398e+00 +2.3416e+00 -3.5803e+00 +3.9813e+00 -2.3171e-01 +2.2056e+00 -3.3858e+00 -1.1708e+00 -3.6804e+00
11822 +3.972838439e+03 +3.972838439e+03 +4.010908439e+03 +4.010908439e+03 -5.6997e-01 -2.6652e+00 +2.1187e+00 -3.3791e+00 +3.8385e+00 -1.0154e+00 +2.2661e+00 -3.4030e+00 -1.1827e+00 -3.6743e+00
40799 +2.496535247e+03 +2.496535247e+03 +2.534605247e+03 +2.534605247e+03 -5.5797e-01 -2.6782e+00 +1.9477e+00 -1.7766e+00 +3.8206e+00 -1.2113e+00 +2.2329e+00 -3.3949e+00 -1.1872e+00 -3.6746e+00
56052 +1.572276018e+03 +1.572276018e+03 +1.610346018e+03 +1.610346018e+03 -3.7398e-01 -2.5519e+00 +1.9646e+00 -8.2262e-01 +3.5031e+00 -1.2771e+00 +2.2502e+00 -3.4000e+00 -1.1890e+00 -3.6752e+00
71180 +9.980197316e+02 +9.980197316e+02 +1.036089732e+03 +1.036089732e+03 -5.3937e-01 -2.5013e+00 +1.9635e+00 -1.1969e-01 +3.3212e+00 -1.2205e+00 +2.2525e+00 -3.4042e+00 -1.1906e+00 -3.6758e+00
90000 +6.308796975e+02 +6.308796975e+02 +6.689496975e+02 +6.689496975e+02 -5.5433e-01 -2.3787e+00 +2.0044e+00 +5.0181e-01 +3.1371e+00 -1.1952e+00 +2.2426e+00 -3.4056e+00 -1.1896e+00 -3.6740e+00
146359 +3.978414411e+02 +3.978414411e+02 +4.359114411e+02 +4.359114411e+02 -5.1381e-01 -2.3072e+00 +1.8027e+00 +1.2154e+00 +3.1024e+00 -1.2468e+00 +2.2409e+00 -3.4065e+00 -1.1865e+00 -3.6738e+00
% function evaluation | noise-free fitness - Fopt (-4.542000000000e+01) | best noise-free fitness - Fopt | measured fitness | best measured fitness | x1 | x2...
1 +6.698677827e+06 +6.698677827e+06 +6.698632407e+06 +6.698632407e+06 +4.8391e+00 -1.0925e+00 -4.3298e+00 -4.7921e+00 -2.2860e+00 -4.9260e+00 -2.2216e+00 +3.1676e+00 +3.2916e+00 -1.4662e+00
4 +5.413388679e+06 +5.413388679e+06 +5.413343259e+06 +5.413343259e+06 -3.7974e+00 +1.2077e+00 -8.9861e-01 +4.2487e+00 +4.0089e+00 +1.2804e+00 -9.6288e-01 +3.1848e+00 -4.8147e+00 -3.5385e+00
11 +3.283086414e+06 +3.283086414e+06 +3.283040994e+06 +3.283040994e+06 -3.8478e+00 +4.6385e+00 +4.1679e+00 -2.6047e+00 +2.0024e-01 -2.8930e+00 +3.7806e+00 -4.3514e+00 -8.9920e-01 -1.9401e+00
28 +7.321066005e+05 +7.321066005e+05 +7.320611805e+05 +7.320611805e+05 +3.8253e+00 +7.8085e-01 +2.5611e+00 -3.5899e+00 -3.8969e-01 -5.3676e-01 -4.2762e+00 +3.7437e+00 -2.9725e+00 -1.4378e+00
210 +5.644706336e+05 +5.644706336e+05 +5.644252136e+05 +5.644252136e+05 +3.8757e+00 +6.0028e-01 +3.0375e+00 -3.4826e+00 -1.4406e+00 +3.9477e-02 -3.3519e+00 +2.8612e+00 -1.9133e+00 -1.9582e+00
421 +3.549527944e+05 +3.549527944e+05 +3.549073744e+05 +3.549073744e+05 +4.1896e+00 +8.5024e-01 +3.5689e+00 -3.0864e+00 -7.6391e-01 +1.4759e+00 -2.1043e+00 +4.2254e+00 -1.7297e+00 -1.5665e+00
871 +2.476616841e+05 +2.476616841e+05 +2.476162641e+05 +2.476162641e+05 +4.9660e+00 -2.0739e-01 +1.4405e+00 -4.9942e+00 -2.4743e-01 +1.4822e+00 -1.3360e+00 +3.4202e+00 -2.2107e+00 -1.5443e+00
1591 +1.207767610e+05 +1.207767610e+05 +1.207313410e+05 +1.207313410e+05 +4.0831e+00 -1.7848e+00 +2.8595e+00 -4.1123e+00 -9.5097e-02 +1.0844e+00 +1.0086e-01 +3.4565e+00 -2.2008e+00 -1.6311e+00
1864 +9.316306151e+04 +9.316306151e+04 +9.311764151e+04 +9.311764151e+04 +4.1632e+00 -1.5881e+00 +2.8357e+00 -3.8803e+00 -1.2489e-01 +7.3036e-01 +6.6478e-01 +3.3418e+00 -2.2290e+00 -1.7357e+00
2121 +6.289888700e+04 +6.289888700e+04 +6.285346700e+04 +6.285346700e+04 +2.9570e+00 -1.8644e+00 +2.7893e+00 -4.9878e+00 +2.4313e+00 +1.1387e+00 +1.7947e+00 +3.5599e+00 -1.8497e+00 -1.7106e+00
2206 +3.878777536e+04 +3.878777536e+04 +3.874235536e+04 +3.874235536e+04 +2.9587e+00 -1.7990e+00 +2.6406e+00 -4.8267e+00 +2.3537e+00 +1.1114e+00 +1.7937e+00 +3.5183e+00 -2.0821e+00 -1.6325e+00
2715 +2.069081532e+04 +2.069081532e+04 +2.064539532e+04 +2.064539532e+04 +2.8558e+00 -1.9862e+00 +2.9409e+00 -4.9648e+00 +2.4392e+00 +1.4750e+00 +2.4382e+00 +3.8492e+00 -2.0908e+00 -1.6800e+00
2944 +1.424292929e+04 +1.424292929e+04 +1.419750929e+04 +1.419750929e+04 +2.8094e+00 -2.3993e+00 +3.3371e+00 -4.9423e+00 +2.5023e+00 +1.4933e+00 +2.6718e+00 +3.6147e+00 -2.0465e+00 -1.6248e+00
3489 +9.960867680e+03 +9.960867680e+03 +9.915447680e+03 +9.915447680e+03 +2.8334e+00 -2.3555e+00 +3.4372e+00 -4.9323e+00 +2.5225e+00 +1.4230e+00 +2.7370e+00 +3.6987e+00 -2.1617e+00 -1.6457e+00
3845 +5.706864392e+03 +5.706864392e+03 +5.661444392e+03 +5.661444392e+03 +2.6180e+00 -2.1561e+00 +3.7223e+00 -4.8101e+00 +2.5114e+00 +1.1733e+00 +3.2828e+00 +3.6261e+00 -2.1793e+00 -1.6320e+00
16366 +3.977701875e+03 +3.977701875e+03 +3.932281875e+03 +3.932281875e+03 +2.4277e+00 -2.4027e+00 +3.2040e+00 -3.9489e+00 +2.4124e+00 +1.3768e+00 +3.4692e+00 +3.6319e+00 -2.1592e+00 -1.6442e+00
44706 +2.511417889e+03 +2.511417889e+03 +2.465997889e+03 +2.465997889e+03 +2.3187e+00 -2.3002e+00 +2.3725e+00 -2.4713e+00 +2.3163e+00 +1.2676e+00 +3.4545e+00 +3.6326e+00 -2.1639e+00 -1.6461e+00
68920 +1.581024734e+03 +1.581024734e+03 +1.535604734e+03 +1.535604734e+03 +2.2754e+00 -2.3709e+00 +2.1646e+00 -1.3438e+00 +2.3385e+00 +1.2308e+00 +3.4692e+00 +3.6343e+00 -2.1603e+00 -1.6481e+00
104531 +9.999303529e+02 +9.999303529e+02 +9.545103529e+02 +9.545103529e+02 +2.1958e+00 -2.4022e+00 +1.8385e+00 -3.8846e-01 +2.3151e+00 +1.2424e+00 +3.4708e+00 +3.6350e+00 -2.1636e+00 -1.6451e+00
% function evaluation | noise-free fitness - Fopt (6.695000000000e+01) | best noise-free fitness - Fopt | measured fitness | best measured fitness | x1 | x2...
1 +1.584874490e+07 +1.584874490e+07 +1.584881185e+07 +1.584881185e+07 -4.8015e+00 +1.8587e+00 +4.5830e+00 +4.5597e+00 -3.4088e+00 +1.7117e+00 +1.3778e+00 -4.5046e+00 -4.1837e+00 -4.9702e+00
2 +5.804552575e+06 +5.804552575e+06 +5.804619525e+06 +5.804619525e+06 -1.9181e+00 -3.1764e-01 -1.5583e+00 +3.7855e+00 -3.8419e+00 +1.7314e+00 +3.5359e+00 -1.8520e+00 +9.2157e-01 -3.1576e+00
8 +1.071293587e+06 +1.071293587e+06 +1.071360537e+06 +1.071360537e+06 +3.9106e+00 -2.6002e+00 +4.4828e+00 +3.7647e+00 -4.3282e+00 +4.9038e+00 +6.7286e-01 +4.8323e+00 -3.6244e-01 -1.0586e+00
102 +8.166493269e+05 +8.166493269e+05 +8.167162769e+05 +8.167162769e+05 +4.6389e+00 -4.0827e+00 +5.0000e+00 +4.5554e+00 -4.6045e+00 +5.0000e+00 -8.4466e-01 +5.0000e+00 -9.1899e-01 -1.3650e+00
188 +6.150026058e+05 +6.150026058e+05 +6.150695558e+05 +6.150695558e+05 +1.2459e+00 +2.1583e+00 +1.8563e+00 -5.0000e+00 +5.0000e+00 -7.6676e-01 -2.5348e+00 +8.4412e-01 -2.5994e+00 -1.4259e+00
466 +3.290340036e+05 +3.290340036e+05 +3.291009536e+05 +3.291009536e+05 -7.9984e-01 -1.0693e+00 +1.2620e+00 -4.6389e+00 +3.2857e+00 -1.6987e+00 -9.2503e-01 +2.5472e+00 -1.9335e+00 -1.3216e+00
704 +2.498412552e+05 +2.498412552e+05 +2.499082052e+05 +2.499082052e+05 -1.7015e+00 -1.2182e-01 +3.0146e+00 -3.9260e+00 +4.2136e+00 -1.9967e+00 +6.6538e-01 +2.0549e+00 -1.2449e+00 -1.2550e+00
987 +1.570205181e+05 +1.570205181e+05 +1.570874681e+05 +1.570874681e+05 -3.3841e+00 +2.3793e-01 +1.7096e+00 -3.7531e+00 +3.0688e+00 -1.4464e+00 +1.7574e+00 +2.8111e+00 -2.0157e+00 -1.3390e+00
1521 +9.672942331e+04 +9.672942331e+04 +9.679637331e+04 +9.679637331e+04 -2.9805e+00 +3.7115e-01 +1.6041e+00 -3.7426e+00 +2.9111e+00 -1.4096e+00 +2.3415e+00 +2.2904e+00 -1.8287e+00 -1.3434e+00
2178 +6.302336202e+04 +6.302336202e+04 +6.309031202e+04 +6.309031202e+04 -2.9667e+00 +7.4648e-01 +1.7147e+00 -3.8838e+00 +2.9460e+00 -1.0594e+00 +2.9694e+00 +2.0385e+00 -1.7861e+00 -1.3624e+00
3854 +3.695068937e+04 +3.695068937e+04 +3.701763937e+04 +3.701763937e+04 -2.9844e+00 +3.0336e-01 +1.9555e+00 -4.1102e+00 +3.0956e+00 -4.3163e-02 +3.5377e+00 +1.9514e+00 -1.6870e+00 -1.3623e+00
4638 +2.500766879e+04 +2.500766879e+04 +2.507461879e+04 +2.507461879e+04 -2.6487e+00 +3.8757e-01 +1.9610e+00 -4.3717e+00 +3.3616e+00 +6.2974e-01 +3.7854e+00 +1.9332e+00 -1.6877e+00 -1.4017e+00
5243 +1.512067144e+04 +1.512067144e+04 +1.518762144e+04 +1.518762144e+04 -2.6736e+00 +2.9281e-01 +2.1977e+00 -3.9191e+00 +3.3305e+00 +1.3884e+00 +4.1493e+00 +1.9036e+00 -1.7259e+00 -1.4076e+00
6953 +9.920654395e+03 +9.920654395e+03 +9.987604395e+03 +9.987604395e+03 -2.6394e+00 +4.0710e-01 +1.9777e+00 -4.1982e+00 +3.3315e+00 +1.9547e+00 +4.0304e+00 +1.8262e+00 -1.7303e+00 -1.3703e+00
8557 +6.235454773e+03 +6.235454773e+03 +6.302404773e+03 +6.302404773e+03 -2.6709e+00 +4.9663e-01 +2.0431e+00 -4.2179e+00 +3.3975e+00 +2.4860e+00 +4.0336e+00 +1.8670e+00 -1.7421e+00 -1.3727e+00
9653 +3.965676407e+03 +3.965676407e+03 +4.032626407e+03 +4.032626407e+03 -2.4730e+00 +6.7638e-01 +1.9925e+00 -4.1639e+00 +3.2801e+00 +2.8790e+00 +3.7865e+00 +1.9156e+00 -1.7422e+00 -1.3763e+00
11775 +2.373788665e+03 +2.373788665e+03 +2.440738665e+03 +2.440738665e+03 -2.4243e+00 +8.3068e-01 +1.9341e+00 -3.9415e+00 +3.3096e+00 +3.2770e+00 +4.0501e+00 +1.8776e+00 -1.7834e+00 -1.3671e+00
14337 +1.557952284e+03 +1.557952284e+03 +1.624902284e+03 +1.624902284e+03 -2.6803e+00 +7.6038e-01 +2.0722e+00 -3.5851e+00 +3.3573e+00 +3.5472e+00 +3.8864e+00 +1.8794e+00 -1.7629e+00 -1.3760e+00
21260 +9.998526909e+02 +9.998526909e+02 +1.066802691e+03 +1.066802691e+03 -2.7719e+00 +4.4566e-01 +1.7384e+00 -3.1821e+00 +3.3937e+00 +3.7295e+00 +4.0127e+00 +1.8807e+00 -1.7537e+00 -1.3729e+00
50615 +6.294152501e+02 +6.294152501e+02 +6.963652501e+02 +6.963652501e+02 -2.7960e+00 +3.0544e-01 +1.5127e+00 -2.4088e+00 +3.3855e+00 +3.7848e+00 +3.9907e+00 +1.8769e+00 -1.7555e+00 -1.3732e+00
90291 +3.943844262e+02 +3.943844262e+02 +4.613344262e+02 +4.613344262e+02 -2.8544e+00 +3.5611e-01 +1.3735e+00 -1.6386e+00 +3.4109e+00 +3.8179e+00 +3.9783e+00 +1.8764e+00 -1.7569e+00 -1.3730e+00
109260 +2.510094826e+02 +2.510094826e+02 +3.179594826e+02 +3.179594826e+02 -2.9103e+00 +3.3054e-01 +1.2390e+00 -1.2203e+00 +3.4498e+00 +3.8056e+00 +4.0006e+00 +1.8878e+00 -1.7530e+00 -1.3722e+00
% function evaluation | noise-free fitness - Fopt (5.832000000000e+01) | best noise-free fitness - Fopt | measured fitness | best measured fitness | x1 | x2...
1 +6.173377960e+07 +6.173377960e+07 +6.173383792e+07 +6.173383792e+07 -1.6539e+00 -1.4714e+00 +4.4220e+00 +5.3623e-01 -6.4450e-01 +1.7269e+00 -3.9734e+00 +1.0714e+00 +1.7581e-01 +3.4665e+00
5 +5.753495713e+06 +5.753495713e+06 +5.753554033e+06 +5.753554033e+06 +2.7390e+00 +2.2818e+00 -4.8428e+00 -4.4417e-01 -3.8988e+00 +4.8864e+00 +1.1153e+00 -1.8860e+00 -1.8973e+00 -4.0379e+00
9 +2.819098231e+06 +2.819098231e+06 +2.819156551e+06 +2.819156551e+06 +1.6147e+00 -6.7971e-02 +1.6746e+00 -3.7459e+00 +4.8547e+00 -4.0509e+00 -3.0524e+00 +4.7512e-01 +4.0537e+00 -2.6221e+00
15 +2.030852076e+06 +2.030852076e+06 +2.030910396e+06 +2.030910396e+06 -2.8298e+00 +8.4650e-01 -1.8562e+00 +6.5501e-01 -3.1416e+00 +2.4293e+00 +4.7651e+00 +4.8665e+00 +4.9053e+00 -3.3453e+00
17 +1.082256560e+06 +1.082256560e+06 +1.082314880e+06 +1.082314880e+06 +4.0555e+00 +4.0508e-01 +4.8514e+00 +4.0322e+00 +2.9437e+00 +2.2639e+00 +4.5036e-01 +3.7080e+00 +6.3918e-01 -3.7915e+00
137 +6.176032986e+05 +6.176032986e+05 +6.176616186e+05 +6.176616186e+05 +3.7908e+00 +8.2550e-01 +5.0000e+00 +4.1470e+00 +3.6016e+00 +2.2079e+00 -7.8822e-01 +3.8287e+00 +1.3923e+00 -4.1959e+00
159 +3.891532001e+05 +3.891532001e+05 +3.892115201e+05 +3.892115201e+05 +4.9589e+00 -1.0094e+00 +5.0000e+00 +4.3241e+00 +4.2967e+00 +2.4752e+00 -5.7822e-03 +4.5720e+00 +1.8477e+00 -4.1863e+00
252 +2.458328408e+05 +2.458328408e+05 +2.458911608e+05 +2.458911608e+05 +3.5039e+00 +1.9292e-01 +5.0000e+00 +2.7993e+00 +2.3552e+00 +2.1628e+00 -7.8587e-01 +2.7950e+00 +1.8828e+00 -3.8243e+00
370 +1.565326136e+05 +1.565326136e+05 +1.565909336e+05 +1.565909336e+05 +2.2492e+00 +6.8528e-01 +4.8824e+00 +4.5549e+00 +2.3676e+00 +1.9875e+00 +9.2924e-01 +3.6976e+00 +2.9185e+00 -3.7875e+00
570 +8.254322907e+04 +8.254322907e+04 +8.260154907e+04 +8.260154907e+04 +2.4154e+00 +7.0723e-01 +4.4058e+00 +3.3794e+00 +5.0559e-01 -7.0584e-01 -3.8421e-01 +2.5225e+00 +3.0810e+00 -4.1174e+00
655 +6.095570565e+04 +6.095570565e+04 +6.101402565e+04 +6.101402565e+04 +2.4841e+00 +8.4460e-01 +4.4480e+00 +3.2717e+00 +5.6933e-01 -9.1504e-01 -4.1183e-01 +2.5040e+00 +2.9838e+00 -4.0895e+00
971 +3.151603050e+04 +3.151603050e+04 +3.157435050e+04 +3.157435050e+04 +2.6338e+00 +6.0820e-01 +4.2775e+00 +3.3646e+00 +7.6751e-01 -6.9928e-01 -3.4663e-01 +2.7353e+00 +2.7708e+00 -4.0007e+00
1562 +2.506170553e+04 +2.506170553e+04 +2.512002553e+04 +2.512002553e+04 +2.5610e+00 +5.2090e-01 +4.3666e+00 +3.0664e+00 +7.2014e-01 -8.5275e-01 -1.9667e-01 +3.0126e+00 +2.7140e+00 -4.0144e+00
2967 +1.502276906e+04 +1.502276906e+04 +1.508108906e+04 +1.508108906e+04 +2.8208e+00 +2.1053e-01 +4.4023e+00 +2.7845e+00 +3.4026e-01 -1.5459e+00 +2.3427e-01 +2.9239e+00 +2.6687e+00 -4.0111e+00
4574 +9.990649806e+03 +9.990649806e+03 +1.004896981e+04 +1.004896981e+04 +2.8038e+00 +4.8364e-01 +4.3676e+00 +2.8013e+00 -1.5607e-01 -2.1201e+00 +2.6114e-01 +2.9958e+00 +2.7327e+00 -3.9895e+00
6679 +5.976538281e+03 +5.976538281e+03 +6.034858281e+03 +6.034858281e+03 +2.8157e+00 +3.3173e-01 +4.0648e+00 +2.7895e+00 -5.1999e-01 -2.7737e+00 -2.7354e-02 +2.9959e+00 +2.7136e+00 -3.9760e+00
13471 +3.980208216e+03 +3.980208216e+03 +4.038528216e+03 +4.038528216e+03 +2.9201e+00 +4.8506e-01 +4.2835e+00 +2.8699e+00 -1.2680e+00 -3.2652e+00 +5.6965e-02 +3.0162e+00 +2.7125e+00 -3.9856e+00
16934 +2.415150219e+03 +2.415150219e+03 +2.473470219e+03 +2.473470219e+03 +2.9401e+00 +5.3076e-01 +4.4043e+00 +2.5954e+00 -1.7985e+00 -3.2696e+00 +3.6750e-02 +2.9654e+00 +2.7197e+00 -3.9891e+00
29083 +1.580781663e+03 +1.580781663e+03 +1.639101663e+03 +1.639101663e+03 +3.1707e+00 +7.1863e-01 +4.4140e+00 +2.2945e+00 -2.5134e+00 -3.2308e+00 +1.3080e-01 +3.0015e+00 +2.7192e+00 -3.9917e+00
37306 +6.954212887e+02 +6.954212887e+02 +7.537412887e+02 +7.537412887e+02 +3.0645e+00 +1.7088e+00 +2.5049e+00 +1.4907e+00 -3.6156e+00 -3.3523e+00 +1.8317e-01 +3.0110e+00 +2.6969e+00 -3.9980e+00
37428 +6.000101656e+02 +6.000101656e+02 +6.583301656e+02 +6.583301656e+02 +3.0598e+00 +1.7071e+00 +2.5055e+00 +1.4793e+00 -3.6282e+00 -3.3494e+00 +1.6549e-01 +3.0206e+00 +2.7034e+00 -3.9944e+00
38384 +3.911889354e+02 +3.911889354e+02 +4.495089354e+02 +4.495089354e+02 +2.9975e+00 +1.6704e+00 +2.4858e+00 +1.5048e+00 -3.6126e+00 -3.3137e+00 +9.5420e-02 +2.9958e+00 +2.7137e+00 -3.9902e+00
142697 +2.487457522e+02 +2.487457522e+02 +3.070657522e+02 +3.070657522e+02 +2.9009e+00 +1.5195e+00 +2.1430e+00 +9.7048e-01 -3.5817e+00 -3.2532e+00 +7.0855e-02 +3.0097e+00 +2.7164e+00 -3.9903e+00
% function evaluation | noise-free fitness - Fopt (1.932700000000e+02) | best noise-free fitness - Fopt | measured fitness | best measured fitness | x1 | x2...
1 +7.207960129e+06 +7.207960129e+06 +7.208153399e+06 +7.208153399e+06 +1.4499e+00 +4.0891e+00 -4.1627e+00 +4.1933e+00 +1.6427e+00 +1.0223e+00 -4.8582e+00 -3.9690e+00 +3.4136e+00 -2.6246e+00
3 +5.184099193e+06 +5.184099193e+06 +5.184292463e+06 +5.184292463e+06 -4.7148e+00 -4.8656e+00 +1.9678e+00 +2.7770e+00 -1.8002e+00 +7.5642e-01 -6.0625e-01 +8.4841e-01 -3.4305e+00 +5.3682e-01
14 +3.611752522e+06 +3.611752522e+06 +3.611945792e+06 +3.611945792e+06 -3.1975e+00 -4.9113e-02 +1.5835e+00 +1.9834e+00 -2.5932e+00 +1.1025e+00 +1.8285e+00 -1.1889e+00 -1.8342e+00 +4.6536e-01
37 +2.450534040e+06 +2.450534040e+06 +2.450727310e+06 +2.450727310e+06 -8.7000e-01 -3.9919e+00 +4.9490e+00 -4.9060e-01 +2.9663e+00 -2.0790e+00 +4.7429e-01 +2.2040e+00 -3.7471e+00 -2.0807e+00
61 +1.106706399e+06 +1.106706399e+06 +1.106899669e+06 +1.106899669e+06 -2.6917e+00 -2.8845e+00 +2.3057e-01 +3.5338e+00 +3.1882e+00 +5.5707e-01 -4.2225e+00 -4.1184e+00 +1.6187e-01 -1.9751e+00
68 +8.049477986e+05 +8.049477986e+05 +8.051410686e+05 +8.051410686e+05 -6.5806e-01 -3.4139e+00 -6.3068e-02 +1.6262e+00 -4.8936e+00 +5.8512e-01 -4.4304e+00 -3.3896e+00 -2.0164e+00 -6.1288e-01
144 +4.961917062e+05 +4.961917062e+05 +4.963849762e+05 +4.963849762e+05 -5.0000e+00 -3.2167e+00 -4.1594e-01 +4.8878e+00 +1.6555e+00 +3.2421e+00 +5.0000e+00 -2.5092e+00 -1.6415e+00 -1.4008e+00
197 +3.112527371e+05 +3.112527371e+05 +3.114460071e+05 +3.114460071e+05 -5.4783e-01 -4.8141e+00 +5.8535e-01 +2.2156e+00 -4.2411e+00 +3.5108e-01 -4.6954e+00 -4.0788e+00 -1.7844e+00 -1.3713e+00
223 +1.296444539e+05 +1.296444539e+05 +1.298377239e+05 +1.298377239e+05 -1.7483e+00 -5.0000e+00 +1.2128e+00 +2.1964e+00 -5.0000e+00 -1.3869e-01 -3.3153e+00 -2.4392e+00 -1.4208e+00 -1.5255e+00
914 +9.978869656e+04 +9.978869656e+04 +9.998196656e+04 +9.998196656e+04 -1.8039e+00 -4.8185e+00 +1.1839e+00 +1.9810e+00 -4.8777e+00 -6.5359e-01 -3.1392e+00 -2.5282e+00 -1.6318e+00 -1.3934e+00
1253 +4.588616557e+04 +4.588616557e+04 +4.607943557e+04 +4.607943557e+04 -3.0439e+00 -3.9568e+00 +1.6456e+00 +1.5534e+00 -3.5701e+00 -2.1857e+00 -1.6554e+00 -3.0185e+00 -1.4942e+00 -1.5376e+00
1314 +3.647719464e+04 +3.647719464e+04 +3.667046464e+04 +3.667046464e+04 -3.1362e+00 -4.0059e+00 +1.4652e+00 +1.8132e+00 -3.7053e+00 -2.0433e+00 -1.7799e+00 -2.9190e+00 -1.5584e+00 -1.3998e+00
2916 +2.498315344e+04 +2.498315344e+04 +2.517642344e+04 +2.517642344e+04 -3.2107e+00 -3.7440e+00 +1.6525e+00 +1.9721e+00 -3.2621e+00 -2.3409e+00 -1.3508e+00 -2.6780e+00 -1.6487e+00 -1.4529e+00
5206 +1.573898519e+04 +1.573898519e+04 +1.593225519e+04 +1.593225519e+04 -3.4144e+00 -3.5670e+00 +1.4878e+00 +1.7638e+00 -2.2538e+00 -2.9987e+00 -1.0744e+00 -2.7562e+00 -1.5926e+00 -1.4395e+00
10233 +9.609018442e+03 +9.609018442e+03 +9.802288442e+03 +9.802288442e+03 -3.1261e+00 -4.2805e+00 +1.1305e+00 +1.3755e+00 -8.9412e-01 -3.6217e+00 -9.4641e-01 -2.7120e+00 -1.5938e+00 -1.4377e+00
14272 +6.168924744e+03 +6.168924744e+03 +6.362194744e+03 +6.362194744e+03 -3.2504e+00 -4.4606e+00 +8.4554e-01 +1.4626e+00 -3.0328e-02 -3.8778e+00 -1.0829e+00 -2.7024e+00 -1.6188e+00 -1.4359e+00
17870 +3.764113865e+03 +3.764113865e+03 +3.957383865e+03 +3.957383865e+03 -3.2405e+00 -4.3297e+00 +6.8150e-01 +1.8879e+00 +7.7035e-01 -4.0246e+00 -9.5136e-01 -2.7310e+00 -1.6003e+00 -1.4426e+00
21986 +2.484157711e+03 +2.484157711e+03 +2.677427711e+03 +2.677427711e+03 -3.3256e+00 -4.3298e+00 +6.9962e-01 +2.0970e+00 +1.3489e+00 -3.9587e+00 -1.0279e+00 -2.7063e+00 -1.6178e+00 -1.4389e+00
29929 +1.572867373e+03 +1.572867373e+03 +1.766137373e+03 +1.766137373e+03 -3.3330e+00 -4.2850e+00 +6.4744e-01 +2.1810e+00 +2.0094e+00 -3.8349e+00 -1.0067e+00 -2.7247e+00 -1.6077e+00 -1.4346e+00
30833 +9.984654529e+02 +9.984654529e+02 +1.191735453e+03 +1.191735453e+03 -3.3706e+00 -4.2774e+00 +7.5235e-01 +2.3737e+00 +2.3768e+00 -3.8068e+00 -9.6959e-01 -2.7019e+00 -1.6009e+00 -1.4386e+00
37257 +6.238994036e+02 +6.238994036e+02 +8.171694036e+02 +8.171694036e+02 -3.2707e+00 -4.2642e+00 +7.6577e-01 +2.3934e+00 +2.6453e+00 -3.8741e+00 -1.0519e+00 -2.7118e+00 -1.6180e+00 -1.4370e+00
50851 +3.936076522e+02 +3.936076522e+02 +5.868776522e+02 +5.868776522e+02 -3.2774e+00 -4.2219e+00 +7.5669e-01 +2.6020e+00 +3.0357e+00 -3.8536e+00 -1.0230e+00 -2.7219e+00 -1.6084e+00 -1.4375e+00
64178 +2.466801940e+02 +2.466801940e+02 +4.399501940e+02 +4.399501940e+02 -3.3155e+00 -4.2282e+00 +7.8966e-01 +2.8622e+00 +3.2148e+00 -3.8297e+00 -1.0445e+00 -2.7182e+00 -1.6154e+00 -1.4383e+00
77376 +1.584133366e+02 +1.584133366e+02 +3.516833366e+02 +3.516833366e+02 -3.2571e+00 -4.1816e+00 +7.8147e-01 +3.0852e+00 +3.3699e+00 -3.8737e+00 -1.0416e+00 -2.7169e+00 -1.6120e+00 -1.4381e+00
135798 +9.856942853e+01 +9.856942853e+01 +2.918394285e+02 +2.918394285e+02 -3.2133e+00 -4.1138e+00 +9.5059e-01 +3.4134e+00 +3.3759e+00 -3.8786e+00 -1.0306e+00 -2.7169e+00 -1.6103e+00 -1.4374e+00
% function evaluation | noise-free fitness - Fopt (-4.190100000000e+02) | best noise-free fitness - Fopt | measured fitness | best measured fitness | x1 | x2...
1 +1.836319350e+06 +1.836319350e+06 +1.835900340e+06 +1.835900340e+06 -3.8367e+00 +1.0624e+00 +4.0041e+00 -1.2268e+00 -8.7063e-01 -2.7226e+00 +4.1142e+00 -3.8045e+00 +1.5766e+00 -4.7637e+00
21 +9.437909872e+05 +9.437909872e+05 +9.433719772e+05 +9.433719772e+05 -2.9552e+00 -3.5522e-01 -3.9286e+00 -1.0632e+00 -1.4510e+00 -6.0887e-01 -1.7651e+00 +2.2581e+00 -9.1965e-01 -3.8172e+00
57 +5.948127096e+05 +5.948127096e+05 +5.943936996e+05 +5.943936996e+05 +2.7483e-01 +4.9538e+00 -4.2840e+00 -1.1950e+00 -1.3378e+00 +1.4615e-01 +2.3958e+00 -2.1562e+00 +1.6244e+00 -4.1739e+00
270 +3.504534754e+05 +3.504534754e+05 +3.500344654e+05 +3.500344654e+05 +4.4036e-01 +5.0000e+00 -4.3421e+00 -1.3067e+00 -2.2720e+00 -2.5294e-01 +1.2888e+00 -1.9089e+00 +1.2211e+00 -4.0624e+00
307 +1.827082322e+05 +1.827082322e+05 +1.822892222e+05 +1.822892222e+05 -3.6167e+00 +5.0000e+00 -3.5926e+00 +8.1970e-01 -2.8602e+00 -3.1246e-01 +1.7808e+00 -9.4551e-01 +8.2231e-01 -3.8776e+00
470 +1.567940865e+05 +1.567940865e+05 +1.563750765e+05 +1.563750765e+05 -3.6547e+00 +4.8097e+00 -3.6509e+00 +1.0588e+00 -2.6636e+00 -5.8212e-01 +1.7003e+00 -7.6315e-01 +9.7889e-01 -3.8484e+00
601 +8.896778259e+04 +8.896778259e+04 +8.854877259e+04 +8.854877259e+04 -4.4446e+00 +4.9258e+00 -2.8494e+00 +1.4089e+00 -2.4950e+00 +1.2268e-01 -3.5787e-01 -1.9640e-01 +1.2016e+00 -4.0598e+00
698 +3.460872548e+04 +3.460872548e+04 +3.418971548e+04 +3.418971548e+04 -5.0000e+00 +4.9173e+00 -2.7215e+00 +1.5572e+00 -3.4158e+00 -1.4413e+00 -7.9460e-01 +9.9745e-01 +8.2760e-01 -3.9453e+00
795 +2.405318671e+04 +2.405318671e+04 +2.363417671e+04 +2.363417671e+04 -4.8576e+00 +4.9803e+00 -2.6394e+00 +1.6425e+00 -3.4760e+00 -1.3541e+00 -7.1612e-01 +6.9242e-01 +8.9768e-01 -3.9800e+00
979 +1.506238026e+04 +1.506238026e+04 +1.464337026e+04 +1.464337026e+04 -4.8424e+00 +5.0000e+00 -2.5803e+00 +1.5584e+00 -3.4493e+00 -1.3933e+00 -7.6917e-01 +5.3445e-01 +7.6443e-01 -3.9248e+00
1577 +9.366834023e+03 +9.366834023e+03 +8.947824023e+03 +8.947824023e+03 -4.7985e+00 +4.7157e+00 -2.7359e+00 +1.4131e+00 -3.2689e+00 -1.1728e+00 -9.9625e-01 +2.6691e-01 +7.8526e-01 -3.9427e+00
1966 +6.179188499e+03 +6.179188499e+03 +5.760178499e+03 +5.760178499e+03 -4.4008e+00 +4.6346e+00 -2.6364e+00 +1.2285e+00 -3.1074e+00 -1.3569e+00 -1.1581e+00 +2.0142e-01 +8.0077e-01 -3.8705e+00
3160 +3.916081734e+03 +3.916081734e+03 +3.497071734e+03 +3.497071734e+03 -4.4073e+00 +4.5983e+00 -2.3550e+00 +1.1736e+00 -2.7235e+00 -1.1912e+00 -1.2637e+00 +2.2288e-01 +8.3615e-01 -3.9068e+00
4993 +2.507412851e+03 +2.507412851e+03 +2.088402851e+03 +2.088402851e+03 -4.4572e+00 +4.4938e+00 -2.4853e+00 +1.0617e+00 -2.2484e+00 -1.3589e+00 -1.4699e+00 +2.8096e-01 +8.4720e-01 -3.9068e+00
9587 +1.569329592e+03 +1.569329592e+03 +1.150319592e+03 +1.150319592e+03 -4.5520e+00 +4.6139e+00 -2.5446e+00 +7.4435e-01 -2.0181e+00 -1.6556e+00 -1.5188e+00 +2.2023e-01 +8.3114e-01 -3.9097e+00
22681 +9.990542816e+02 +9.990542816e+02 +5.800442816e+02 +5.800442816e+02 -4.5688e+00 +4.6870e+00 -2.4811e+00 +1.3726e-01 -1.9040e+00 -1.8104e+00 -1.5066e+00 +2.2386e-01 +8.4393e-01 -3.9079e+00
55259 +6.286387589e+02 +6.286387589e+02 +2.096287589e+02 +2.096287589e+02 -4.6076e+00 +4.6562e+00 -2.4543e+00 -7.3113e-01 -1.7924e+00 -1.8318e+00 -1.5246e+00 +2.3353e-01 +8.4212e-01 -3.9075e+00
62894 +3.946670884e+02 +3.946670884e+02 -2.434291164e+01 -2.434291164e+01 -4.6149e+00 +4.6039e+00 -2.4669e+00 -1.1107e+00 -1.8520e+00 -1.8843e+00 -1.5050e+00 +2.2589e-01 +8.4555e-01 -3.9086e+00
72897 +2.509622847e+02 +2.509622847e+02 -1.680477153e+02 -1.680477153e+02 -4.6581e+00 +4.6198e+00 -2.4533e+00 -1.4306e+00 -1.8587e+00 -1.8723e+00 -1.5177e+00 +2.2427e-01 +8.3702e-01 -3.9082e+00
% function evaluation | noise-free fitness - Fopt (4.076100000000e+02) | best noise-free fitness - Fopt | measured fitness | best measured fitness | x1 | x2...
1 +6.623993154e+07 +6.623993154e+07 +6.624033915e+07 +6.624033915e+07 -2.3304e+00 -1.8805e+00 +4.7740e+00 -4.5051e+00 +2.3756e+00 -3.0168e+00 -8.4848e-01 +1.8852e+00 -2.0017e+00 -4.9930e+00
2 +2.122034107e+07 +2.122034107e+07 +2.122074868e+07 +2.122074868e+07 +4.8584e+00 -3.6958e+00 +3.1131e+00 -1.8430e+00 +3.2686e+00 +4.1948e+00 +1.5482e+00 -7.9833e-01 -4.1376e+00 -1.2514e-01
4 +8.117359450e+06 +8.117359450e+06 +8.117767060e+06 +8.117767060e+06 +2.6069e+00 -1.8949e+00 -1.2703e+00 -4.6443e+00 -2.3195e+00 -3.1923e+00 +3.3925e-01 -1.7390e+00 +1.3555e+00 +2.7044e-01
6 +3.166673426e+06 +3.166673426e+06 +3.167081036e+06 +3.167081036e+06 +4.4432e+00 +2.2227e+00 -3.2834e+00 +3.4760e+00 +3.3543e+00 +4.4301e+00 +8.4550e-01 -3.6575e+00 +2.6680e+00 +4.7859e+00
14 +7.033481750e+05 +7.033481750e+05 +7.037557850e+05 +7.037557850e+05 +3.2725e+00 +3.8623e+00 +2.8650e+00 +1.5257e+00 -4.1323e+00 -4.8633e+00 +4.2557e+00 -2.5712e+00 +4.4099e+00 +2.7700e+00
162 +1.172710790e+05 +1.172710790e+05 +1.176786890e+05 +1.176786890e+05 -3.6179e+00 +5.0000e+00 -4.6228e+00 -2.3116e+00 -2.4319e+00 -1.6746e+00 -3.6191e+00 -2.6667e+00 +3.8376e+00 +3.0847e+00
228 +9.732547351e+04 +9.732547351e+04 +9.773308351e+04 +9.773308351e+04 -3.6026e+00 +4.8114e+00 -4.6667e+00 -2.2070e+00 -2.4738e+00 -1.5470e+00 -3.5695e+00 -2.6248e+00 +3.7777e+00 +2.9819e+00
604 +6.232261507e+04 +6.232261507e+04 +6.273022507e+04 +6.273022507e+04 -3.4041e+00 +4.8257e+00 -4.8640e+00 -2.2557e+00 -2.5591e+00 -1.2579e+00 -3.4081e+00 -2.1251e+00 +3.5487e+00 +2.9902e+00
1014 +3.951119914e+04 +3.951119914e+04 +3.991880914e+04 +3.991880914e+04 -3.2970e+00 +4.6849e+00 -4.7553e+00 -2.0613e+00 -2.3716e+00 -4.1945e-01 -2.9955e+00 -2.1474e+00 +3.5509e+00 +2.9636e+00
1745 +2.511730973e+04 +2.511730973e+04 +2.552491973e+04 +2.552491973e+04 -3.7224e+00 +4.9473e+00 -4.8298e+00 -1.7347e+00 -2.1236e+00 -6.2094e-02 -2.5124e+00 -2.0286e+00 +3.5392e+00 +2.9998e+00
3751 +1.578901942e+04 +1.578901942e+04 +1.619662942e+04 +1.619662942e+04 -3.7703e+00 +4.6234e+00 -4.7207e+00 -1.5433e+00 -1.5217e+00 +6.0954e-01 -2.0513e+00 -1.9623e+00 +3.5890e+00 +2.9957e+00
7249 +9.917591778e+03 +9.917591778e+03 +1.032520178e+04 +1.032520178e+04 -3.7242e+00 +4.8528e+00 -4.9369e+00 -1.3605e+00 -9.6992e-01 +1.4872e+00 -1.7718e+00 -2.0063e+00 +3.5629e+00 +2.9993e+00
12807 +6.274723628e+03 +6.274723628e+03 +6.682333628e+03 +6.682333628e+03 -3.3750e+00 +4.9411e+00 -4.6379e+00 -1.0060e+00 -1.0231e-01 +1.9916e+00 -1.9886e+00 -1.9889e+00 +3.5590e+00 +3.0015e+00
22693 +3.975430968e+03 +3.975430968e+03 +4.383040968e+03 +4.383040968e+03 -3.1386e+00 +4.8923e+00 -4.3318e+00 -4.1729e-01 +9.7554e-01 +1.8528e+00 -1.9452e+00 -1.9908e+00 +3.5541e+00 +3.0010e+00
30809 +2.457354894e+03 +2.457354894e+03 +2.864964894e+03 +2.864964894e+03 -3.1783e+00 +4.8231e+00 -3.7895e+00 +1.0029e-02 +1.7606e+00 +1.8949e+00 -1.9455e+00 -2.0123e+00 +3.5637e+00 +2.9997e+00
75115 +1.583138726e+03 +1.583138726e+03 +1.990748726e+03 +1.990748726e+03 -3.3793e+00 +4.9075e+00 -3.0665e+00 +1.0901e+00 +2.3894e+00 +1.8760e+00 -1.9603e+00 -2.0013e+00 +3.5488e+00 +2.9983e+00
% function evaluation | noise-free fitness - Fopt (2.872000000000e+01) | best noise-free fitness - Fopt | measured fitness | best measured fitness | x1 | x2...
1 +5.748045253e+07 +5.748045253e+07 +5.748048125e+07 +5.748048125e+07 +4.2569e+00 -1.6623e+00 -5.9011e-01 +5.0028e-01 +4.6220e+00 -1.3196e+00 -2.5967e+00 -1.4868e+00 +7.9923e-02 +3.4901e+00
2 +2.113035568e+06 +2.113035568e+06 +2.113064288e+06 +2.113064288e+06 -6.9326e-01 -4.8509e+00 -1.5680e+00 -4.1504e+00 -4.7353e+00 +4.0745e+00 -4.1002e+00 -1.7775e+00 +4.2525e+00 -3.4400e+00
22 +9.545247531e+05 +9.545247531e+05 +9.545534731e+05 +9.545534731e+05 +4.0242e+00 +4.0835e+00 +4.2619e+00 -1.6213e+00 +1.8333e+00 +1.5612e+00 +3.5415e+00 +3.1700e+00 +3.8732e+00 -3.6892e+00
38 +3.213913078e+05 +3.213913078e+05 +3.214200278e+05 +3.214200278e+05 +3.2785e+00 +2.5023e+00 -3.9464e+00 +5.5411e-01 +1.0766e+00 -2.9776e+00 +3.5317e+00 +2.8522e+00 +2.7423e+00 -3.5462e+00
139 +2.444999178e+05 +2.444999178e+05 +2.445286378e+05 +2.445286378e+05 +1.8871e+00 -3.5398e+00 +2.9671e+00 -3.5515e+00 -4.4992e+00 -3.8339e+00 -3.7664e+00 +1.2706e+00 +2.5403e+00 -3.8192e+00
216 +1.304153026e+05 +1.304153026e+05 +1.304440226e+05 +1.304440226e+05 -6.6717e-01 +2.3800e-01 +4.9074e+00 +1.4283e+00 +9.4881e-02 +3.4959e-01 +2.3240e+00 +8.8393e-01 +2.1425e+00 -3.6988e+00
490 +6.259721111e+04 +6.259721111e+04 +6.262593111e+04 +6.262593111e+04 -2.2226e+00 -1.0367e+00 +5.0000e+00 +2.4160e+00 +1.0198e+00 +5.7800e-01 +7.2326e-01 +1.4687e+00 +1.6701e+00 -3.7260e+00
727 +1.946519433e+04 +1.946519433e+04 +1.949391433e+04 +1.949391433e+04 -1.7346e+00 -1.0617e-01 +4.4510e+00 +2.6446e+00 +1.9305e+00 -1.7928e+00 -2.9518e-01 +1.4604e+00 +1.9054e+00 -3.6185e+00
751 +1.317199996e+04 +1.317199996e+04 +1.320071996e+04 +1.320071996e+04 -1.8884e+00 -1.8015e-01 +4.5518e+00 +2.6494e+00 +2.0595e+00 -1.9043e+00 -3.3171e-01 +1.5529e+00 +2.0509e+00 -3.7032e+00
929 +9.778081149e+03 +9.778081149e+03 +9.806801149e+03 +9.806801149e+03 -1.7793e+00 +6.4615e-02 +4.5398e+00 +2.9174e+00 +1.7359e+00 -1.8010e+00 -2.9601e-01 +1.6866e+00 +1.9585e+00 -3.6462e+00
4056 +6.186188437e+03 +6.186188437e+03 +6.214908437e+03 +6.214908437e+03 -1.4423e+00 +1.3036e-02 +4.1989e+00 +2.9182e+00 +1.2493e+00 -1.9251e+00 -2.0067e-01 +1.8404e+00 +1.9929e+00 -3.6773e+00
9623 +3.978174886e+03 +3.978174886e+03 +4.006894886e+03 +4.006894886e+03 -1.4825e+00 -1.5042e-01 +3.6587e+00 +2.8921e+00 +3.1457e-01 -1.9559e+00 -1.9461e-01 +1.7908e+00 +2.0078e+00 -3.6761e+00
15949 +2.427113153e+03 +2.427113153e+03 +2.455833153e+03 +2.455833153e+03 -1.4904e+00 -2.8280e-01 +3.1892e+00 +2.5429e+00 -4.2886e-01 -2.0932e+00 -1.7257e-01 +1.7865e+00 +2.0162e+00 -3.6788e+00
23709 +1.575922476e+03 +1.575922476e+03 +1.604642476e+03 +1.604642476e+03 -1.4773e+00 -2.4825e-01 +3.0088e+00 +2.3002e+00 -8.8513e-01 -2.1468e+00 -2.0241e-01 +1.7976e+00 +2.0031e+00 -3.6772e+00
68767 +9.958267879e+02 +9.958267879e+02 +1.024546788e+03 +1.024546788e+03 -1.6422e+00 -2.6852e-01 +2.0940e+00 +2.0888e+00 -1.5467e+00 -2.0942e+00 -2.5305e-01 +1.7989e+00 +1.9979e+00 -3.6788e+00
137610 +6.309163633e+02 +6.309163633e+02 +6.596363633e+02 +6.596363633e+02 -1.6314e+00 -2.4631e-01 +1.3090e+00 +1.6418e+00 -1.7619e+00 -2.1596e+00 -2.1472e-01 +1.8089e+00 +2.0005e+00 -3.6763e+00
