% function evaluation | noise-free fitness - Fopt (-1.694000000000e+01) | best noise-free fitness - Fopt | measured fitness | best measured fitness | x1 | x2...
1 +1.799799839e+02 +1.799799839e+02 +1.630399839e+02 +1.630399839e+02 -2.0270e+00 +2.8404e+00 -5.1636e-01 -2.0491e+00 -1.5070e+00 -2.4005e+00 -3.3998e-01 +1.4460e-01 +4.2370e-01 +1.6361e+00
10 +1.504825557e+02 +1.504825557e+02 +1.335425557e+02 +1.335425557e+02 +9.4100e-01 -3.0500e+00 -6.4840e-01 +8.5905e-01 -3.6011e+00 +1.2761e-03 +3.6303e+00 -2.1848e+00 -1.4776e+00 -4.1047e+00
32 +8.786776176e+01 +8.786776176e+01 +7.092776176e+01 +7.092776176e+01 -2.5445e+00 +3.5826e+00 +3.4679e+00 +2.1353e+00 +4.0823e+00 -2.0875e+00 +3.1366e+00 +1.3346e+00 -1.5447e+00 -3.2177e+00
96 +6.026741159e+01 +6.026741159e+01 +4.332741159e+01 +4.332741159e+01 +2.4217e+00 +2.8919e+00 +3.7360e+00 +3.1844e+00 -2.1871e+00 -2.8868e+00 +2.5721e-01 -1.2281e-01 +2.4469e+00 -3.2321e-01
104 +3.707255507e+01 +3.707255507e+01 +2.013255507e+01 +2.013255507e+01 +1.3292e+00 +1.0514e+00 -4.5071e+00 +2.2561e+00 +2.1431e+00 +2.3927e-01 -2.3795e+00 -1.1527e+00 +3.1569e-01 -3.3392e+00
538 +1.860493687e+01 +1.860493687e+01 +1.664936870e+00 +1.664936870e+00 +9.9987e-01 +1.5504e+00 -4.5858e+00 +3.3732e+00 +2.4819e+00 +1.4687e+00 -1.0498e+00 -1.1662e+00 +8.6195e-01 -4.7250e+00
1176 +1.573549437e+01 +1.573549437e+01 -1.204505632e+00 -1.204505632e+00 +1.1214e+00 +1.1400e+00 -4.5246e+00 +3.5387e+00 +2.7170e+00 +1.5690e+00 -1.0943e+00 -9.5252e-01 +8.4121e-01 -4.9927e+00
8021 +9.681277663e+00 +9.681277663e+00 -7.258722337e+00 -7.258722337e+00 +1.1682e+00 +9.6649e-01 -4.2853e+00 +3.5334e+00 +2.5919e+00 +1.4422e+00 -1.0383e+00 -1.2774e+00 +7.3082e-01 -4.6572e+00
% function evaluation | noise-free fitness - Fopt (1.881000000000e+01) | best noise-free fitness - Fopt | measured fitness | best measured fitness | x1 | x2...
1 +4.146938106e+02 +4.146938106e+02 +4.335038106e+02 +4.335038106e+02 -3.8052e+00 +1.7775e+00 +3.1975e+00 -3.7142e+00 -1.0218e+00 +4.8275e+00 -3.2161e+00 -3.7394e+00 -4.1499e+00 -4.1933e+00
2 +6.224308035e+01 +6.224308035e+01 +8.105308035e+01 +8.105308035e+01 +4.4133e+00 -8.7717e-02 +1.7490e+00 +5.2698e-01 -2.9617e+00 +2.2271e+00 -3.3823e+00 +1.0050e+00 -1.8551e+00 -4.4721e-01
64 +3.244102832e+01 +3.244102832e+01 +5.125102832e+01 +5.125102832e+01 +2.9132e+00 +4.1676e-01 +2.4346e+00 -1.0315e+00 -8.5065e-01 +7.1195e-01 -1.9067e-01 +4.0839e+00 -1.2850e+00 -5.2279e-01
399 +2.473467676e+01 +2.473467676e+01 +4.354467676e+01 +4.354467676e+01 +1.0863e+00 -1.9127e+00 +8.0726e-02 +1.5966e+00 +2.1330e+00 +1.1069e+00 -2.2961e+00 +4.1569e+00 -5.2779e-01 -2.3922e+00
21558 +1.577210554e+01 +1.577210554e+01 +3.458210554e+01 +3.458210554e+01 +6.6674e-01 -1.1497e+00 -1.1270e+00 +1.1850e+00 +1.4141e+00 +1.2543e+00 -1.4573e+00 +4.1264e+00 -3.4450e-01 +1.2192e-01
35890 +9.992802719e+00 +9.992802719e+00 +2.880280272e+01 +2.880280272e+01 +7.4563e-01 -1.1100e+00 -9.1795e-01 +1.3317e+00 +1.1992e+00 +1.1837e+00 -1.2714e+00 +4.0532e+00 -6.3124e-01 -3.5236e-02
% function evaluation | noise-free fitness - Fopt (2.731500000000e+02) | best noise-free fitness - Fopt | measured fitness | best measured fitness | x1 | x2...
1 +1.013124962e+02 +1.013124962e+02 +3.744624962e+02 +3.744624962e+02 -3.8050e-02 +2.9671e+00 -3.2186e+00 -1.4763e+00 +5.0545e-01 -9.2317e-01 +2.8022e-01 -2.8381e-01 +3.8631e+00 -2.7938e+00
4 +7.584991805e+01 +7.584991805e+01 +3.489999181e+02 +3.489999181e+02 -2.1199e+00 +4.4932e+00 +3.9686e+00 +2.0276e+00 +2.8532e+00 +8.0375e-01 +1.9299e+00 -7.7381e-01 +4.6637e+00 -3.9399e+00
7 +5.466831456e+01 +5.466831456e+01 +3.278183146e+02 +3.278183146e+02 +1.4714e+00 +4.7128e-01 +4.6209e+00 +3.5328e+00 +1.6401e+00 -3.4300e+00 +4.9247e+00 +1.2258e+00 -3.4409e+00 +4.1270e-01
29 +3.969414239e+01 +3.969414239e+01 +3.128441424e+02 +3.128441424e+02 +4.8568e-01 +3.2258e+00 -4.5858e+00 +3.2033e+00 -1.4641e+00 -1.9826e+00 -3.3349e+00 -4.5020e+00 -2.9206e+00 +4.0823e+00
520 +2.509070091e+01 +2.509070091e+01 +2.982407009e+02 +2.982407009e+02 +3.3050e-01 -2.2502e-01 +1.6154e+00 +3.0015e+00 +2.9911e+00 -2.4865e+00 +9.6946e-01 -2.0924e+00 +4.0785e-01 +2.4900e+00
4879 +1.574345825e+01 +1.574345825e+01 +2.888934583e+02 +2.888934583e+02 -2.7212e+00 +6.9587e-01 +2.3372e+00 +4.7647e+00 +3.3466e+00 -2.9649e+00 -1.5468e+00 -2.5399e+00 -9.1205e-01 +2.0042e+00
7899 +9.994977359e+00 +9.994977359e+00 +2.831449774e+02 +2.831449774e+02 -2.9862e+00 +1.4851e+00 +1.2781e+00 +4.9834e+00 +2.9709e+00 -2.4630e+00 -1.5678e+00 -1.6512e+00 -8.1265e-01 +3.9713e+00
19768 +6.018398446e+00 +6.018398446e+00 +2.791683984e+02 +2.791683984e+02 -4.7222e+00 +3.9931e+00 -1.1917e+00 +2.1831e+00 +2.1005e+00 -4.3420e+00 -1.2273e+00 -1.3612e+00 -2.9350e+00 +2.4585e+00
52996 +3.901760574e+00 +3.901760574e+00 +2.770517606e+02 +2.770517606e+02 -4.5548e+00 +4.0338e+00 -1.1364e+00 +2.1325e+00 +1.9062e+00 -4.2549e+00 -1.2630e+00 -1.6411e+00 -2.8291e+00 +2.3103e+00
65886 +2.485837724e+00 +2.485837724e+00 +2.756358377e+02 +2.756358377e+02 -4.5990e+00 +4.1230e+00 -1.1644e+00 +2.0487e+00 +1.6322e+00 -4.3184e+00 -1.3268e+00 -1.6481e+00 -2.4876e+00 +2.5147e+00
101183 +1.579610615e+00 +1.579610615e+00 +2.747296106e+02 +2.747296106e+02 -4.6129e+00 +4.1628e+00 -1.1207e+00 +2.0693e+00 +1.6162e+00 -4.3260e+00 -1.2903e+00 -1.6663e+00 -2.4484e+00 +2.5216e+00
% function evaluation | noise-free fitness - Fopt (3.718000000000e+01) | best noise-free fitness - Fopt | measured fitness | best measured fitness | x1 | x2...
1 +7.062472069e+01 +7.062472069e+01 +1.078047207e+02 +1.078047207e+02 -1.2373e+00 -1.9081e+00 -2.6641e-01 +1.4228e+00 -4.3077e+00 +3.2422e+00 -2.7274e+00 -7.4276e-01 +3.4538e+00 -6.5834e-01
5 +5.431363249e+01 +5.431363249e+01 +9.149363249e+01 +9.149363249e+01 +5.2717e-01 -4.8641e+00 -3.9420e+00 +4.8378e+00 -3.8482e+00 -9.3363e-01 -2.5685e+00 -1.5625e+00 +1.4242e+00 -3.2698e+00
32 +3.375087407e+01 +3.375087407e+01 +7.093087407e+01 +7.093087407e+01 -3.4760e+00 -1.3005e-01 +3.2995e+00 +2.1709e+00 -8.4248e-01 +2.2365e+00 +2.9110e+00 -4.1717e+00 +7.9774e-01 +1.6648e+00
137 +2.431701707e+01 +2.431701707e+01 +6.149701707e+01 +6.149701707e+01 -4.4717e+00 -1.0492e+00 +2.8324e+00 +1.1410e+00 -2.9281e+00 +1.2535e+00 -3.3919e+00 -1.4315e+00 -2.0052e+00 +1.8576e-01
908 +1.404925018e+01 +1.404925018e+01 +5.122925018e+01 +5.122925018e+01 -5.0000e+00 -6.6225e-01 +4.0162e+00 +1.3799e+00 -3.4103e+00 -4.5675e-01 -3.9324e+00 -2.1140e+00 -2.4625e+00 +7.0612e-01
1781 +9.833343820e+00 +9.833343820e+00 +4.701334382e+01 +4.701334382e+01 -4.9986e+00 -6.3355e-01 +3.8418e+00 +1.2944e+00 -3.2871e+00 -3.9803e-01 -4.1945e+00 -2.1236e+00 -2.6514e+00 +6.1911e-01
3197 +5.847669051e+00 +5.847669051e+00 +4.302766905e+01 +4.302766905e+01 -4.8075e+00 -6.4519e-01 +3.9796e+00 +1.5031e+00 -3.1220e+00 -5.3058e-01 -4.3643e+00 -2.2254e+00 -2.8210e+00 +4.1952e-01
% function evaluation | noise-free fitness - Fopt (-1.479000000000e+02) | best noise-free fitness - Fopt | measured fitness | best measured fitness | x1 | x2...
1 +9.687968496e+01 +9.687968496e+01 -5.102031504e+01 -5.102031504e+01 +1.0522e+00 -2.7160e+00 +2.1899e+00 -3.5518e+00 +3.5969e-01 -3.7480e-01 +4.1163e+00 +4.3578e+00 +4.2856e+00 +3.3428e+00
4 +5.012798961e+01 +5.012798961e+01 -9.777201039e+01 -9.777201039e+01 -4.7400e+00 -7.9652e-01 -5.1757e-02 -3.3342e+00 -4.4162e+00 +1.4572e+00 -4.1679e+00 -9.2587e-01 +1.8919e+00 +4.4102e+00
10 +3.956980219e+01 +3.956980219e+01 -1.083301978e+02 -1.083301978e+02 -1.9979e+00 +2.9533e+00 +1.3438e+00 +1.8777e+00 +6.5607e-01 +2.7186e+00 +4.7586e+00 -2.4918e+00 -7.1605e-01 -3.5510e+00
254 +1.815735226e+01 +1.815735226e+01 -1.297426477e+02 -1.297426477e+02 -9.4500e-02 +3.2436e+00 +2.9645e+00 +9.7661e-01 +2.6541e+00 +2.8889e+00 +5.5143e-01 -1.6085e+00 +4.0564e+00 -2.1380e+00
767 +1.150699696e+01 +1.150699696e+01 -1.363930030e+02 -1.363930030e+02 -1.2393e-01 +2.5511e+00 +2.9239e+00 +1.2959e+00 +7.3839e-01 +1.6557e+00 +8.6468e-01 -2.5377e+00 +2.7942e+00 -1.3065e+00
1586 +9.085799783e+00 +9.085799783e+00 -1.388142002e+02 -1.388142002e+02 -2.2724e-01 +2.5263e+00 +2.8371e+00 +1.4247e+00 +9.4255e-01 +1.5942e+00 +1.1083e+00 -2.6173e+00 +2.7463e+00 -1.3275e+00
% function evaluation | noise-free fitness - Fopt (-2.218900000000e+02) | best noise-free fitness - Fopt | measured fitness | best measured fitness | x1 | x2...
1 +2.338999439e+02 +2.338999439e+02 +1.200994393e+01 +1.200994393e+01 +3.4738e+00 +6.9256e-02 -9.9487e-01 +1.1159e+00 -2.5546e-01 -4.5617e+00 -1.5072e+00 -4.2973e+00 +3.0197e+00 -2.9196e+00
2 +6.446284769e+01 +6.446284769e+01 -1.574271523e+02 -1.574271523e+02 +4.2809e-01 +8.5889e-02 +1.7418e+00 -8.7164e-01 +2.4224e+00 +1.3674e+00 +2.1300e+00 +3.8647e+00 +1.1315e+00 -4.6882e+00
13 +3.024105443e+01 +3.024105443e+01 -1.916489456e+02 -1.916489456e+02 +2.4801e+00 +3.3095e+00 +5.2668e-01 +2.9734e+00 +8.8144e-01 -1.9270e+00 +2.6018e+00 -1.9173e+00 -2.0645e+00 -3.1763e+00
594 +2.407271008e+01 +2.407271008e+01 -1.978172899e+02 -1.978172899e+02 -2.8669e+00 -3.5141e+00 +2.8350e+00 +2.1759e+00 -1.9607e+00 +2.3584e+00 +2.2948e+00 +4.4257e-01 +4.3310e+00 +1.7941e+00
1507 +1.575654081e+01 +1.575654081e+01 -2.061334592e+02 -2.061334592e+02 -2.7181e+00 -2.4171e+00 -2.2016e+00 +2.6108e+00 +1.2037e+00 +3.0893e-01 +3.0109e+00 +1.9001e+00 +4.0686e+00 -2.1051e-01
20042 +8.922714288e+00 +8.922714288e+00 -2.129672857e+02 -2.129672857e+02 -3.6516e+00 -2.6637e+00 -4.8854e-01 -2.2594e-01 -3.8605e-01 +2.1695e+00 +3.0406e+00 +1.8168e+00 +4.9905e+00 +1.0225e-01
27402 +6.231832536e+00 +6.231832536e+00 -2.156581675e+02 -2.156581675e+02 -3.8854e+00 -2.5564e+00 -6.1641e-01 -3.4104e-01 -5.5346e-01 +2.0846e+00 +3.0349e+00 +1.8847e+00 +4.8085e+00 +3.8135e-01
% function evaluation | noise-free fitness - Fopt (1.195400000000e+02) | best noise-free fitness - Fopt | measured fitness | best measured fitness | x1 | x2...
1 +8.936765105e+02 +8.936765105e+02 +1.013216511e+03 +1.013216511e+03 -3.9317e+00 -3.8424e+00 +4.1234e+00 +9.7117e-01 -1.6076e+00 +4.1042e+00 +4.9523e+00 +3.9888e+00 -4.3430e-01 +2.2715e+00
2 +9.985148586e+01 +9.985148586e+01 +2.193914859e+02 +2.193914859e+02 +3.7706e+00 -1.6387e+00 -3.8691e+00 -7.4231e-02 -3.9483e+00 +1.9083e+00 +3.3535e+00 -3.4659e+00 +2.9600e-01 -3.0164e+00
10 +5.526746124e+01 +5.526746124e+01 +1.748074612e+02 +1.748074612e+02 +1.1098e+00 -2.8688e-01 +4.3634e+00 +3.9043e-01 +3.9025e+00 -4.0915e+00 +2.9623e+00 +2.6256e+00 +2.5296e+00 -4.3631e+00
67 +2.772361451e+01 +2.772361451e+01 +1.472636145e+02 +1.472636145e+02 +5.8951e-02 -3.0899e-01 -2.0977e+00 -1.9861e-01 -1.7310e+00 +6.8921e-01 +2.2244e+00 +4.5786e+00 +2.7214e+00 -2.6646e+00
377 +2.495055537e+01 +2.495055537e+01 +1.444905554e+02 +1.444905554e+02 +1.1053e+00 -2.3335e-01 +3.1607e+00 -1.1703e-01 +1.9628e+00 -2.7642e+00 +3.4202e+00 +3.9186e+00 +1.8168e+00 -3.2009e-01
863 +1.499142443e+01 +1.499142443e+01 +1.345314244e+02 +1.345314244e+02 +7.8707e-01 -1.8458e+00 -2.1867e+00 -4.9899e-01 -2.2246e+00 +5.9169e-01 +1.5771e+00 +5.0000e+00 +2.0392e+00 -2.0588e+00
2550 +9.619891300e+00 +9.619891300e+00 +1.291598913e+02 +1.291598913e+02 +1.2238e+00 -8.9266e-01 -1.7637e+00 -2.3688e-01 -5.3727e-01 -1.5565e+00 +1.8695e+00 +5.0000e+00 +1.5964e+00 -1.3525e+00
10417 +6.298988359e+00 +6.298988359e+00 +1.258389884e+02 +1.258389884e+02 +1.2277e+00 -8.7142e-01 -1.7818e+00 -2.6817e-01 -4.1768e-01 -1.6101e+00 +1.8632e+00 +4.9962e+00 +1.4964e+00 -1.3913e+00
73651 +3.957855042e+00 +3.957855042e+00 +1.234978550e+02 +1.234978550e+02 +1.7948e+00 -8.0991e-02 -2.6695e+00 -1.1780e-01 +1.3768e+00 -1.2263e+00 +7.9111e-01 +5.0000e+00 +9.7437e-01 -1.6150e+00
130648 +2.423887186e+00 +2.423887186e+00 +1.219638872e+02 +1.219638872e+02 +1.5097e+00 -8.9874e-02 -2.6824e+00 -6.1176e-02 +1.5247e+00 -1.1756e+00 +8.3074e-01 +4.9992e+00 +1.1186e+00 -1.3719e+00
145290 +1.584862668e+00 +1.584862668e+00 +1.211248627e+02 +1.211248627e+02 +1.4888e+00 -1.3887e-01 -2.6988e+00 -9.3843e-02 +1.5560e+00 -1.2076e+00 +8.5910e-01 +5.0000e+00 +1.0869e+00 -1.3418e+00
% function evaluation | noise-free fitness - Fopt (6.983000000000e+01) | best noise-free fitness - Fopt | measured fitness | best measured fitness | x1 | x2...
1 +1.196638151e+02 +1.196638151e+02 +1.894938151e+02 +1.894938151e+02 +2.4646e+00 -1.5537e+00 +4.1387e+00 +3.0975e-01 +1.2730e+00 -9.0546e-01 -1.3206e+00 -9.1741e-01 -1.6111e+00 -4.0432e+00
5 +7.730868944e+01 +7.730868944e+01 +1.471386894e+02 +1.471386894e+02 +4.1864e+00 +1.1719e+00 -3.1581e+00 +5.6147e-01 -2.9366e+00 -2.3523e+00 -3.2951e+00 +2.8411e+00 -7.4163e-01 -3.4771e+00
28 +5.154944278e+01 +5.154944278e+01 +1.213794428e+02 +1.213794428e+02 +7.2267e-02 -2.9184e+00 +3.1902e+00 -3.7301e+00 -2.0082e-01 -9.1553e-01 -2.0578e+00 +2.9501e-01 +4.3749e+00 -4.5324e+00
35 +3.442198813e+01 +3.442198813e+01 +1.042519881e+02 +1.042519881e+02 -1.1495e+00 -2.7165e+00 -1.8996e+00 +8.3597e-02 +3.5494e+00 -4.0476e-01 -2.1771e+00 +3.9112e+00 +2.9544e+00 -2.1080e+00
315 +2.362365922e+01 +2.362365922e+01 +9.345365922e+01 +9.345365922e+01 -4.7526e+00 +1.1466e+00 -2.3170e+00 -4.6168e+00 -1.5808e+00 +4.3865e+00 +1.3964e+00 +3.5578e+00 +1.5421e+00 -8.3125e-01
602 +1.432933033e+01 +1.432933033e+01 +8.415933033e+01 +8.415933033e+01 -2.3435e+00 -1.5133e+00 +3.0457e-01 -3.6502e+00 -4.5750e+00 +2.5930e+00 -1.7616e+00 +2.8560e+00 +2.7828e+00 +2.1252e+00
1173 +9.774121048e+00 +9.774121048e+00 +7.960412105e+01 +7.960412105e+01 -2.9880e+00 -2.0350e+00 -1.7914e+00 -1.9331e+00 -1.3764e+00 +4.9981e+00 -1.7749e+00 +3.6799e+00 +6.6355e-01 -5.3726e-01
1734 +6.303173209e+00 +6.303173209e+00 +7.613317321e+01 +7.613317321e+01 -3.1126e+00 -2.0048e+00 -1.4050e+00 -1.5258e+00 -1.3599e+00 +5.0000e+00 -2.3181e+00 +2.5091e+00 +1.4079e+00 +2.7252e-01
2547 +3.976414742e+00 +3.976414742e+00 +7.380641474e+01 +7.380641474e+01 -3.2305e+00 -2.0209e+00 -1.2861e+00 -1.4491e+00 -1.2773e+00 +4.9077e+00 -2.1046e+00 +2.5450e+00 +1.2374e+00 +5.8927e-01
15505 +2.509787000e+00 +2.509787000e+00 +7.233978700e+01 +7.233978700e+01 -3.2330e+00 -2.0095e+00 -1.2882e+00 -1.4386e+00 -1.3006e+00 +4.9266e+00 -2.0686e+00 +2.5386e+00 +1.2042e+00 +5.9330e-01
% function evaluation | noise-free fitness - Fopt (7.000000000000e-02) | best noise-free fitness - Fopt | measured fitness | best measured fitness | x1 | x2...
1 +1.996217366e+02 +1.996217366e+02 +1.996917366e+02 +1.996917366e+02 +1.8781e+00 -2.8423e+00 -1.2358e+00 -4.1948e-01 -2.1028e+00 +4.8907e+00 +8.2952e-01 +2.5380e+00 +7.5382e-01 -2.1351e+00
2 +5.519694382e+01 +5.519694382e+01 +5.526694382e+01 +5.526694382e+01 +7.1871e-01 -4.3602e+00 +4.2919e+00 +1.6315e-01 +4.1118e+00 +4.3179e+00 -1.2261e+00 -4.9633e+00 -2.7110e+00 -3.5308e+00
275 +3.948820207e+01 +3.948820207e+01 +3.955820207e+01 +3.955820207e+01 -3.3958e+00 -1.5858e+00 +5.0000e+00 -2.7920e+00 +4.1327e+00 -4.1109e+00 +1.7216e+00 -7.4441e-01 +3.5701e+00 +2.1907e+00
697 +2.445020303e+01 +2.445020303e+01 +2.452020303e+01 +2.452020303e+01 -1.7994e+00 -1.7339e+00 +4.9417e+00 -2.9780e+00 +4.3048e+00 -4.0949e+00 +1.5318e+00 -1.8775e+00 +3.1801e+00 +1.2869e+00
928 +1.560652672e+01 +1.560652672e+01 +1.567652672e+01 +1.567652672e+01 +3.5208e-01 -8.2279e-01 +5.0000e+00 -4.0126e+00 +4.9838e+00 -4.1990e+00 +2.5900e+00 -8.5856e-01 +3.7269e+00 +1.0224e+00
4777 +9.014260381e+00 +9.014260381e+00 +9.084260381e+00 +9.084260381e+00 -5.4030e-03 -1.2141e+00 +4.9745e+00 -3.6627e+00 +4.8938e+00 -3.7282e+00 +2.0662e+00 -9.8187e-01 +3.9124e+00 +8.6230e-01
7477 +6.079062749e+00 +6.079062749e+00 +6.149062749e+00 +6.149062749e+00 +6.8131e-02 -1.1211e+00 +4.7231e+00 -3.7409e+00 +4.8281e+00 -3.4477e+00 +1.7655e+00 -1.0796e+00 +4.1339e+00 +1.1267e+00
% function evaluation | noise-free fitness - Fopt (4.960000000000e+00) | best noise-free fitness - Fopt | measured fitness | best measured fitness | x1 | x2...
1 +8.620502719e+01 +8.620502719e+01 +9.116502719e+01 +9.116502719e+01 -3.1982e+00 -1.0455e-01 +3.7404e+00 -2.3907e+00 +1.0169e+00 -6.5776e-01 -9.0376e-01 +3.0025e+00 -1.4120e-01 -4.1904e+00
38 +6.137194205e+01 +6.137194205e+01 +6.633194205e+01 +6.633194205e+01 +4.0233e+00 +4.1062e+00 +7.8358e-01 +2.4397e+00 +1.5330e+00 -4.9837e+00 +4.1968e+00 +5.5975e-01 +1.1547e+00 -4.4860e+00
257 +3.394763534e+01 +3.394763534e+01 +3.890763534e+01 +3.890763534e+01 +2.8008e+00 -1.5431e+00 -2.0160e+00 +1.5551e+00 -4.0125e+00 -1.6721e+00 +1.5829e+00 +2.2265e+00 +1.5144e-01 -4.7006e+00
382 +2.308373513e+01 +2.308373513e+01 +2.804373513e+01 +2.804373513e+01 +1.2195e+00 +2.7971e+00 -1.8477e+00 -5.0000e+00 -4.0335e+00 -8.5147e-01 -3.5227e-01 +1.5466e+00 -8.2836e-01 -2.6176e+00
1200 +1.451716328e+01 +1.451716328e+01 +1.947716328e+01 +1.947716328e+01 +3.3100e+00 -2.1964e+00 -1.7273e+00 -6.0324e-01 -2.4264e+00 -1.0270e+00 +1.6299e+00 +3.3064e+00 +1.6668e+00 -2.1368e+00
6833 +9.912206876e+00 +9.912206876e+00 +1.487220688e+01 +1.487220688e+01 +3.1463e+00 -2.2843e+00 -1.6086e+00 -7.1668e-01 -2.5715e+00 -7.4742e-01 +1.6381e+00 +3.3908e+00 +1.6361e+00 -2.0799e+00
% function evaluation | noise-free fitness - Fopt (1.923000000000e+02) | best noise-free fitness - Fopt | measured fitness | best measured fitness | x1 | x2...
1 +4.227074167e+02 +4.227074167e+02 +6.150074167e+02 +6.150074167e+02 +3.4188e+00 -2.8741e-01 +3.9627e+00 -1.4114e+00 +4.8153e+00 -3.6396e+00 -5.6131e-01 +2.0899e-01 -3.1071e+00 +4.3482e+00
2 +9.117053619e+01 +9.117053619e+01 +2.834705362e+02 +2.834705362e+02 -4.1830e+00 +4.8185e+00 +1.7466e+00 -2.8395e+00 +2.1543e+00 +3.3307e+00 -2.5746e+00 -2.2911e+00 -4.4702e+00 +4.3126e+00
37 +5.050087195e+01 +5.050087195e+01 +2.428008720e+02 +2.428008720e+02 -5.1668e-01 +8.9263e-01 -9.0641e-01 +4.2982e+00 -4.4773e+00 -3.3664e+00 +1.1649e+00 +5.5495e-01 +3.8190e+00 +4.8631e+00
77 +2.940937146e+01 +2.940937146e+01 +2.217093715e+02 +2.217093715e+02 -6.2944e-01 -2.0525e+00 -2.8057e+00 -3.0156e+00 -4.3475e+00 +2.0894e+00 -3.2179e+00 +3.6163e+00 +3.8467e+00 -3.1322e+00
363 +2.422407132e+01 +2.422407132e+01 +2.165240713e+02 +2.165240713e+02 -3.3907e+00 +2.0322e+00 -2.3336e+00 -2.5852e+00 -3.6082e+00 +4.0253e+00 -2.5572e+00 -1.5774e+00 +3.2942e+00 -6.8337e-01
2289 +1.427919983e+01 +1.427919983e+01 +2.065791998e+02 +2.065791998e+02 -1.2851e+00 +4.6814e+00 -2.6344e+00 -2.3086e+00 -4.7203e+00 +4.9272e+00 -2.3884e+00 -3.2955e-01 +3.7461e+00 -1.4227e-01
2799 +9.977028258e+00 +9.977028258e+00 +2.022770283e+02 +2.022770283e+02 -1.1296e+00 +4.6747e+00 -2.8793e+00 -2.3942e+00 -4.7770e+00 +4.7958e+00 -2.4370e+00 -3.9788e-01 +3.7626e+00 -2.4483e-01
30409 +4.773012720e+00 +4.773012720e+00 +1.970730127e+02 +1.970730127e+02 -9.4941e-01 +4.8109e+00 -2.2321e+00 -3.2334e+00 -4.3901e+00 +4.9939e+00 -2.7070e+00 -1.4460e-01 +3.0897e+00 -1.0038e+00
30897 +3.760752127e+00 +3.760752127e+00 +1.960607521e+02 +1.960607521e+02 -9.7492e-01 +4.7749e+00 -2.2281e+00 -3.2270e+00 -4.4063e+00 +4.9950e+00 -2.6993e+00 -1.4387e-01 +3.0831e+00 -1.0197e+00
% function evaluation | noise-free fitness - Fopt (4.971000000000e+01) | best noise-free fitness - Fopt | measured fitness | best measured fitness | x1 | x2...
1 +1.538876854e+02 +1.538876854e+02 +2.035976854e+02 +2.035976854e+02 +4.0169e+00 -1.6476e+00 +3.7682e+00 -1.8121e+00 -4.1606e+00 -1.4238e+00 -4.2426e+00 +3.1562e+00 -4.2121e+00 +2.4956e+00
6 +8.931873199e+01 +8.931873199e+01 +1.390287320e+02 +1.390287320e+02 +4.7455e-01 +1.0119e-01 -1.3773e+00 +3.8144e+00 -4.3012e+00 +4.3667e+00 -1.2081e+00 +2.0673e+00 +2.5870e-01 -3.4045e-01
22 +5.975320819e+01 +5.975320819e+01 +1.094632082e+02 +1.094632082e+02 +1.0602e+00 -2.2183e+00 -3.6839e-01 +3.1206e+00 -6.4500e-01 +4.8322e+00 -1.9266e+00 -3.6792e+00 -2.2086e+00 +3.1456e-01
287 +3.577447245e+01 +3.577447245e+01 +8.548447245e+01 +8.548447245e+01 +4.2769e+00 -3.9196e+00 -1.5444e+00 +1.7895e+00 -1.1768e+00 -1.1557e+00 -5.0000e+00 +3.8490e+00 -4.5516e+00 +3.9251e-01
578 +2.409796003e+01 +2.409796003e+01 +7.380796003e+01 +7.380796003e+01 +2.0834e+00 -1.2237e+00 -4.0740e+00 -6.5476e-01 -4.7058e+00 +3.1260e+00 -1.4948e+00 -2.4862e+00 -6.9196e-01 +7.9404e-01
3399 +1.582882833e+01 +1.582882833e+01 +6.553882833e+01 +6.553882833e+01 +1.9814e+00 -1.3272e+00 -3.9893e+00 -2.9973e-01 -4.7541e+00 +3.0970e+00 -1.3465e+00 -2.5848e+00 -8.8234e-01 +7.6566e-01
% function evaluation | noise-free fitness - Fopt (2.051200000000e+02) | best noise-free fitness - Fopt | measured fitness | best measured fitness | x1 | x2...
1 +9.115868506e+01 +9.115868506e+01 +2.962786851e+02 +2.962786851e+02 -4.4180e+00 +4.0316e+00 -2.1512e-02 +3.4892e+00 -1.0478e+00 +1.2650e+00 +4.5589e+00 +9.4307e-01 +2.1259e-01 +2.3593e+00
17 +4.925249124e+01 +4.925249124e+01 +2.543724912e+02 +2.543724912e+02 -2.7366e+00 +1.5705e+00 +3.0547e+00 -4.7746e+00 +3.4791e+00 -3.0954e+00 +3.3646e+00 -1.2098e+00 +3.7251e+00 +4.3570e+00
42 +3.117873179e+01 +3.117873179e+01 +2.362987318e+02 +2.362987318e+02 -2.0602e+00 +3.0031e+00 -1.9954e+00 -4.1406e+00 -4.5422e+00 +2.1269e+00 -2.0280e+00 +2.8904e+00 +2.0789e+00 +4.9053e+00
538 +2.085869453e+01 +2.085869453e+01 +2.259786945e+02 +2.259786945e+02 -2.1387e+00 +3.3999e+00 -2.5602e+00 -1.1362e+00 -8.7773e-01 +3.2796e+00 +4.2545e+00 +5.0000e+00 -3.5205e-02 +5.0000e+00
957 +1.572109135e+01 +1.572109135e+01 +2.208410913e+02 +2.208410913e+02 -1.8205e+00 +3.9742e+00 -3.5605e+00 -3.2958e+00 -7.3668e-01 +4.9937e+00 +2.8641e+00 +4.9687e+00 -4.5227e-02 +4.9611e+00
1954 +9.691295308e+00 +9.691295308e+00 +2.148112953e+02 +2.148112953e+02 -2.0622e+00 +3.4839e+00 -4.0876e+00 -2.5299e+00 -1.1103e+00 +4.9825e+00 +2.2481e+00 +3.7114e+00 +8.6563e-01 +3.7038e+00
2518 +5.984607411e+00 +5.984607411e+00 +2.111046074e+02 +2.111046074e+02 -2.5822e+00 +3.5901e+00 -4.5686e+00 -3.0441e+00 -1.8097e+00 +4.5809e+00 +4.3101e+00 +3.6652e+00 +3.9777e-01 +5.0000e+00
25291 +3.981029281e+00 +3.981029281e+00 +2.091010293e+02 +2.091010293e+02 -2.6484e+00 +3.6220e+00 -4.4608e+00 -3.1571e+00 -1.5823e+00 +4.6000e+00 +4.2208e+00 +3.5517e+00 +3.6018e-01 +4.9998e+00
% function evaluation | noise-free fitness - Fopt (-1.729000000000e+02) | best noise-free fitness - Fopt | measured fitness | best measured fitness | x1 | x2...
1 +6.196717436e+01 +6.196717436e+01 -1.109328256e+02 -1.109328256e+02 +7.0115e-01 -3.1517e+00 +1.3167e+00 -2.7226e+00 +3.9654e-01 -4.7440e+00 -3.0770e+00 -7.2821e-01 +2.6699e-01 -4.7019e+00
10 +2.727734812e+01 +2.727734812e+01 -1.456226519e+02 -1.456226519e+02 -3.1150e-01 -2.6655e+00 +2.9236e+00 -1.4504e+00 -3.1171e+00 -2.8038e+00 -1.5940e+00 +2.8139e+00 -2.7518e+00 -5.7840e-01
382 +2.279512263e+01 +2.279512263e+01 -1.501048774e+02 -1.501048774e+02 -4.5841e+00 -5.2045e-01 +5.6508e-01 -4.1181e+00 +7.4026e-02 -6.2364e-01 +1.6925e-01 +1.5739e+00 -3.8304e+00 -1.7346e+00
803 +1.539478730e+01 +1.539478730e+01 -1.575052127e+02 -1.575052127e+02 -4.5991e+00 -5.3580e-01 +5.4275e-01 -4.2410e+00 +8.3254e-02 -6.1955e-01 +2.4481e-01 +1.5347e+00 -3.7972e+00 -1.9409e+00
1908 +9.593637399e+00 +9.593637399e+00 -1.633063626e+02 -1.633063626e+02 -3.3070e+00 -6.5903e-01 +2.2682e+00 -3.9670e+00 -1.6040e+00 -1.3568e+00 +1.4755e+00 +1.4646e+00 -4.7930e+00 +9.4199e-02
2514 +6.308010305e+00 +6.308010305e+00 -1.665919897e+02 -1.665919897e+02 -3.2619e+00 -5.2461e-01 +2.3466e+00 -3.9470e+00 -1.7705e+00 -1.5471e+00 +1.5250e+00 +1.3746e+00 -4.6753e+00 +1.3693e-01
3202 +3.952933686e+00 +3.952933686e+00 -1.689470663e+02 -1.689470663e+02 -3.1324e+00 -5.5477e-01 +2.1839e+00 -3.9871e+00 -2.0205e+00 -1.4499e+00 +1.5091e+00 +1.2484e+00 -4.6413e+00 +1.2598e-01
5090 +2.414126792e+00 +2.414126792e+00 -1.704858732e+02 -1.704858732e+02 -3.1514e+00 -6.9855e-01 +2.1480e+00 -4.0813e+00 -2.2286e+00 -1.5296e+00 +1.6472e+00 +1.4248e+00 -4.5632e+00 +6.3655e-02
% function evaluation | noise-free fitness - Fopt (-3.506200000000e+02) | best noise-free fitness - Fopt | measured fitness | best measured fitness | x1 | x2...
1 +6.133662116e+02 +6.133662116e+02 +2.627462116e+02 +2.627462116e+02 +4.4309e-01 +2.7347e+00 +5.4182e-01 +4.5589e-01 +4.2449e+00 -4.3366e+00 +3.1497e+00 +1.9867e+00 -1.7023e+00 -1.4034e+00
2 +9.173677356e+01 +9.173677356e+01 -2.588832264e+02 -2.588832264e+02 +1.0375e-01 +2.0151e+00 -3.4835e+00 +4.1389e+00 -2.5679e+00 +2.1180e+00 +2.4564e+00 -3.4304e+00 +3.2506e+00 -1.0631e+00
7 +5.252838900e+01 +5.252838900e+01 -2.980916110e+02 -2.980916110e+02 -2.1415e+00 -1.9180e+00 +4.0187e+00 -5.1937e-01 +7.9364e-01 +9.7886e-01 +8.7860e-01 -9.6263e-01 -2.3074e+00 +8.9721e-01
50 +3.120282387e+01 +3.120282387e+01 -3.194171761e+02 -3.194171761e+02 -4.5965e+00 -3.8891e+00 -2.1266e+00 -1.9483e-01 -4.9669e+00 +3.3717e+00 +3.0136e+00 -4.7950e-01 -9.8307e-01 +2.5754e+00
258 +2.438839152e+01 +2.438839152e+01 -3.262316085e+02 -3.262316085e+02 -4.5750e+00 -3.8215e+00 -2.0991e+00 -2.3305e-01 -4.9338e+00 +3.3853e+00 +3.0897e+00 -4.3067e-01 -9.8925e-01 +2.5685e+00
602 +1.499558627e+01 +1.499558627e+01 -3.356244137e+02 -3.356244137e+02 -3.7551e+00 -5.0000e+00 +9.6517e-02 +4.2227e-01 -3.5534e+00 +5.0000e+00 +2.3289e+00 +1.0520e+00 -1.3225e+00 +9.8781e-01
1642 +9.921910314e+00 +9.921910314e+00 -3.406980897e+02 -3.406980897e+02 -2.6064e+00 -3.8696e+00 -1.6920e-01 -2.1046e-01 -2.9777e+00 +4.6135e+00 +1.2855e+00 +1.2397e+00 -1.0939e+00 +1.7867e+00
12368 +5.772258106e+00 +5.772258106e+00 -3.448477419e+02 -3.448477419e+02 -2.3415e+00 -3.4831e+00 +8.9057e-02 -1.0742e+00 -1.6003e+00 +4.2534e+00 +2.5796e+00 +1.9395e+00 -1.1711e+00 +1.5629e+00
12993 +3.679105427e+00 +3.679105427e+00 -3.469408946e+02 -3.469408946e+02 -2.3653e+00 -3.5626e+00 +1.8270e-02 -9.4833e-01 -1.6053e+00 +4.3064e+00 +2.7183e+00 +1.9095e+00 -1.1846e+00 +1.6173e+00
15475 +2.413965461e+00 +2.413965461e+00 -3.482060345e+02 -3.482060345e+02 -2.3033e+00 -3.7152e+00 -2.0327e-01 -9.8109e-01 -1.4265e+00 +4.2404e+00 +2.7315e+00 +1.7952e+00 -1.1430e+00 +1.6428e+00
