% function evaluation | noise-free fitness - Fopt (4.078000000000e+01) | best noise-free fitness - Fopt | measured fitness | best measured fitness | x1 | x2...
1 +7.098570978e+01 +7.098570978e+01 +1.117657098e+02 +1.117657098e+02 +1.3107e+00 +6.4849e-01 -2.6755e+00 -1.3980e-01 +2.6562e+00 +4.0418e+00 -3.5646e+00 +1.4590e+00 -3.5750e-01 +1.6638e+00
16 +5.343073971e+01 +5.343073971e+01 +9.421073971e+01 +9.421073971e+01 -3.2633e-01 -2.7851e+00 -1.3155e+00 +2.2658e+00 +1.3293e+00 +6.1866e-01 +4.6770e+00 -3.2629e+00 +3.4167e+00 +1.8559e+00
253 +3.863098653e+01 +3.863098653e+01 +7.941098653e+01 +7.941098653e+01 -2.8715e+00 -1.6928e+00 +3.9327e+00 +2.6482e+00 -4.2353e+00 -1.0801e+00 +1.3228e+00 +1.7345e+00 +2.2896e+00 +3.4722e+00
293 +2.506972712e+01 +2.506972712e+01 +6.584972712e+01 +6.584972712e+01 +3.6625e+00 -5.5738e-01 -3.6654e+00 +1.8575e-01 +3.8541e-01 -3.8990e-01 -5.0000e+00 -4.0633e+00 +3.1368e+00 +4.3111e+00
492 +1.209498673e+01 +1.209498673e+01 +5.287498673e+01 +5.287498673e+01 +4.8399e+00 +3.8650e-01 -4.1422e+00 +2.3904e-01 +8.8095e-01 +5.3495e-01 -3.5748e+00 -5.0000e+00 +2.2985e+00 +3.7043e+00
522 +9.568798006e+00 +9.568798006e+00 +5.034879801e+01 +5.034879801e+01 +5.0000e+00 +9.3409e-01 -4.0364e+00 +1.1579e+00 +5.3215e-01 +9.8219e-01 -3.0863e+00 -4.0562e+00 +2.3559e+00 +2.9268e+00
952 +3.895136695e+00 +3.895136695e+00 +4.467513669e+01 +4.467513669e+01 +4.7382e+00 +9.0340e-01 -3.7925e+00 +6.2436e-01 -1.0515e+00 -6.1348e-01 -3.1965e+00 -4.2526e+00 +1.9455e+00 +3.6116e+00
4498 +2.120981187e+00 +2.120981187e+00 +4.290098119e+01 +4.290098119e+01 +3.9805e+00 +8.1749e-01 -3.8030e+00 +8.2088e-01 -9.8234e-01 -2.7046e-01 -3.2778e+00 -4.1706e+00 +1.7027e+00 +2.2146e+00
% function evaluation | noise-free fitness - Fopt (-1.600000000000e+00) | best noise-free fitness - Fopt | measured fitness | best measured fitness | x1 | x2...
1 +8.564118948e+01 +8.564118948e+01 +8.404118948e+01 +8.404118948e+01 -4.6165e+00 -1.9084e+00 +3.0163e+00 +3.4612e+00 +4.4627e+00 -5.7117e-01 +3.8494e+00 +5.0432e-02 -3.1657e+00 +4.4448e+00
105 +3.762493245e+01 +3.762493245e+01 +3.602493245e+01 +3.602493245e+01 -3.7462e+00 +3.0546e+00 +5.0000e+00 -6.8784e-01 +2.7840e+00 +3.5755e+00 -2.7519e+00 +1.5132e+00 +3.1495e+00 -2.1200e+00
360 +2.381951662e+01 +2.381951662e+01 +2.221951662e+01 +2.221951662e+01 -5.0000e+00 +3.0384e+00 +3.7622e+00 -1.9863e+00 +3.8580e+00 +3.6317e+00 -1.3210e+00 +2.2680e+00 +2.7016e+00 -1.5533e-01
472 +1.079013496e+01 +1.079013496e+01 +9.190134958e+00 +9.190134958e+00 -5.0000e+00 +2.4856e+00 +2.6706e+00 -2.5893e+00 +3.7076e+00 +2.2376e+00 +7.2757e-01 +1.5106e+00 +3.0514e+00 -1.1893e+00
677 +9.169281825e+00 +9.169281825e+00 +7.569281825e+00 +7.569281825e+00 -4.0425e+00 +1.1376e+00 +3.6627e+00 -2.9986e+00 +3.3330e+00 +2.1174e+00 +1.2390e+00 +3.4504e+00 +4.6483e+00 -7.2548e-01
719 +5.525230335e+00 +5.525230335e+00 +3.925230335e+00 +3.925230335e+00 -5.0000e+00 +1.8800e+00 +4.0185e+00 -3.3326e+00 +3.0678e+00 +2.5417e+00 -8.7906e-01 +1.9781e+00 +3.4622e+00 -1.3002e+00
3439 +3.585627796e+00 +3.585627796e+00 +1.985627796e+00 +1.985627796e+00 -4.4297e+00 +1.9438e+00 +3.8476e+00 -2.3914e+00 +1.9449e+00 +3.3215e+00 +1.0523e+00 +1.8363e+00 +5.0000e+00 -2.0233e+00
% function evaluation | noise-free fitness - Fopt (-3.708400000000e+02) | best noise-free fitness - Fopt | measured fitness | best measured fitness | x1 | x2...
1 +7.713152520e+01 +7.713152520e+01 -2.937084748e+02 -2.937084748e+02 -1.9936e+00 -1.3561e+00 +4.3190e+00 -8.8694e-01 -9.9427e-01 +3.1217e-01 +6.1313e-01 -2.1747e+00 -2.8348e+00 -1.7292e+00
33 +5.968461387e+01 +5.968461387e+01 -3.111553861e+02 -3.111553861e+02 +1.8639e+00 -3.1103e+00 -2.5845e+00 +2.3395e+00 +1.9410e+00 +3.3586e+00 +3.8145e+00 +2.3280e+00 -9.6194e-01 -1.7588e-01
191 +3.252573826e+01 +3.252573826e+01 -3.383142617e+02 -3.383142617e+02 +2.5647e+00 +3.4193e+00 +2.0891e+00 -2.0755e+00 +8.1864e-01 +2.3539e+00 +1.1517e+00 +7.5613e-01 -1.9310e+00 +1.5795e+00
362 +2.264348931e+01 +2.264348931e+01 -3.481965107e+02 -3.481965107e+02 +3.4581e+00 +4.0594e-01 +1.9007e+00 +3.2846e-01 +1.1496e+00 -2.4259e-01 -3.2167e+00 +4.2946e+00 -1.8448e+00 +1.1256e+00
486 +1.072999284e+01 +1.072999284e+01 -3.601100072e+02 -3.601100072e+02 +9.2551e-01 +2.3396e+00 -1.9510e-01 +1.6718e+00 +1.6420e+00 +5.0000e+00 +1.4865e+00 +2.3059e+00 -8.0132e-01 -1.6258e+00
629 +8.372009600e+00 +8.372009600e+00 -3.624679904e+02 -3.624679904e+02 +7.6225e-01 +3.9180e-01 -1.1370e+00 +3.5516e+00 +2.0589e+00 +2.0369e+00 -8.0834e-01 +2.2061e-01 -3.6608e+00 -1.1207e+00
911 +3.507846776e+00 +3.507846776e+00 -3.673321532e+02 -3.673321532e+02 +1.7308e+00 +2.6364e+00 -8.7599e-03 +1.5801e+00 +1.7688e+00 +4.7859e+00 +1.9612e+00 +3.6934e+00 -1.0608e+00 -2.2079e-01
2415 +2.045069360e+00 +2.045069360e+00 -3.687949306e+02 -3.687949306e+02 +1.6433e+00 +3.1518e+00 -7.1084e-02 +1.2903e+00 +2.3950e+00 +5.0000e+00 +2.3157e+00 +3.6593e+00 -7.2976e-01 -8.1415e-01
4727 +1.236620341e+00 +1.236620341e+00 -3.696033797e+02 -3.696033797e+02 +3.5409e+00 -4.7456e-02 -4.6159e-01 +1.2902e+00 +4.0734e-01 +2.2365e-01 -2.0313e+00 +2.8855e+00 -2.7209e+00 -5.9647e-02
6512 +4.976910408e-01 +4.976910408e-01 -3.703423090e+02 -3.703423090e+02 +3.0765e+00 -8.3672e-01 -2.0862e+00 +2.5223e+00 +4.9946e-01 -6.0972e-01 -1.1393e+00 +1.0943e+00 -3.3905e+00 -6.0863e-01
% function evaluation | noise-free fitness - Fopt (-3.256000000000e+01) | best noise-free fitness - Fopt | measured fitness | best measured fitness | x1 | x2...
1 +8.192204262e+01 +8.192204262e+01 +4.936204262e+01 +4.936204262e+01 -2.7636e+00 -4.9001e+00 -5.1998e-01 -2.2561e+00 +4.4963e+00 -1.4036e+00 -4.8684e+00 +3.6620e+00 -1.7976e+00 -1.8643e+00
26 +6.248666452e+01 +6.248666452e+01 +2.992666452e+01 +2.992666452e+01 -3.9780e+00 -1.9805e+00 -1.6818e+00 -5.1907e-01 +2.1934e+00 +1.4995e+00 +1.2605e+00 -2.1011e-01 +5.0433e-01 -4.6945e+00
113 +3.663426024e+01 +3.663426024e+01 +4.074260242e+00 +4.074260242e+00 +2.7050e+00 -2.2267e+00 +6.0369e-01 -5.5796e-01 +2.9431e+00 +3.9872e+00 -3.1679e-01 -2.0187e+00 +5.0000e+00 -1.2395e+00
201 +2.069537971e+01 +2.069537971e+01 -1.186462029e+01 -1.186462029e+01 +4.7500e+00 -1.8878e+00 +6.4526e-02 -8.2343e-01 +1.1361e+00 +3.4372e+00 -1.0694e+00 -8.9859e-01 +5.0000e+00 -2.7219e+00
394 +1.430903175e+01 +1.430903175e+01 -1.825096825e+01 -1.825096825e+01 +4.2074e+00 -2.6966e+00 +8.8615e-01 +2.7713e-01 +2.2829e+00 +5.0000e+00 -1.6071e+00 +1.2483e-01 +3.1639e+00 -2.3303e+00
781 +9.972803991e+00 +9.972803991e+00 -2.258719601e+01 -2.258719601e+01 +4.6919e+00 -2.6451e+00 +9.0935e-01 +2.1758e-01 +1.2932e+00 +4.6320e+00 -1.7346e+00 -1.8833e+00 +3.4522e+00 -1.7304e+00
1498 +5.249967509e+00 +5.249967509e+00 -2.731003249e+01 -2.731003249e+01 -1.2697e-02 -2.8521e+00 -1.0313e+00 +2.8876e+00 +2.4376e-01 +2.1351e+00 -4.6134e+00 +3.9373e-01 -5.5633e-01 -2.0832e+00
1665 +2.453659883e+00 +2.453659883e+00 -3.010634012e+01 -3.010634012e+01 +1.6841e+00 -4.5405e+00 +1.2609e-01 +3.1163e+00 -1.2333e+00 +6.1207e-01 -4.1410e+00 +1.9909e-02 -1.6692e+00 +1.7366e-01
2651 +5.580436459e-01 +5.580436459e-01 -3.200195635e+01 -3.200195635e+01 +1.6575e+00 -4.0199e+00 -8.8696e-01 +3.5533e+00 -9.2763e-01 +5.9275e-01 -3.5736e+00 +9.8105e-01 -1.3443e+00 -1.1094e+00
% function evaluation | noise-free fitness - Fopt (5.154000000000e+02) | best noise-free fitness - Fopt | measured fitness | best measured fitness | x1 | x2...
1 +7.101966871e+01 +7.101966871e+01 +5.864196687e+02 +5.864196687e+02 +1.3654e+00 -3.7538e+00 +1.6519e+00 -3.3422e+00 -3.2326e+00 -1.9843e-01 -2.9455e+00 +2.0423e+00 -3.0238e+00 -2.7831e+00
12 +3.813910698e+01 +3.813910698e+01 +5.535391070e+02 +5.535391070e+02 -3.4508e+00 -3.4638e+00 -2.0923e+00 +1.5951e+00 -9.4359e-01 -2.9199e+00 -3.2545e+00 +2.5657e+00 -2.5999e+00 +8.2175e-01
148 +2.442087580e+01 +2.442087580e+01 +5.398208758e+02 +5.398208758e+02 -2.9311e+00 -2.6415e+00 -1.7405e+00 +8.7273e-01 +4.4050e-02 -2.6918e+00 -3.1445e+00 +3.3056e+00 -3.5708e+00 +5.6181e-01
226 +1.036136225e+01 +1.036136225e+01 +5.257613623e+02 +5.257613623e+02 -3.2243e+00 -2.1467e+00 -1.9343e+00 +8.5674e-02 -8.8182e-01 -2.3802e+00 -2.3770e+00 +1.2115e+00 -3.0300e+00 +6.7406e-01
290 +6.948092835e+00 +6.948092835e+00 +5.223480928e+02 +5.223480928e+02 -4.0925e+00 -1.2102e+00 -1.9088e+00 -9.4764e-02 -1.7189e+00 -1.1299e+00 -1.3476e+00 +6.4428e-01 -2.5329e+00 +8.0414e-01
503 +2.007121640e+00 +2.007121640e+00 +5.174071216e+02 +5.174071216e+02 -4.3354e+00 -1.3780e+00 -2.3882e+00 -6.7707e-01 -1.9361e+00 -2.3950e+00 -2.9079e+00 +3.3763e-01 -2.8531e+00 -9.9068e-02
2440 +4.957094316e-01 +4.957094316e-01 +5.158957094e+02 +5.158957094e+02 -3.4573e+00 -2.6141e-01 -2.3574e+00 +2.1810e-01 -2.1690e+00 -1.8634e+00 -2.4647e+00 +3.7966e-01 -3.1294e+00 +1.1925e+00
3454 +3.212960358e-01 +3.212960358e-01 +5.157212960e+02 +5.157212960e+02 -3.6348e+00 -3.8665e-01 -2.7077e+00 +1.7049e-01 -2.5990e+00 -1.9471e+00 -1.9045e+00 +5.4677e-01 -2.5343e+00 +8.3783e-01
% function evaluation | noise-free fitness - Fopt (-1.000000000000e+03) | best noise-free fitness - Fopt | measured fitness | best measured fitness | x1 | x2...
1 +8.286548390e+01 +8.286548390e+01 -9.171345161e+02 -9.171345161e+02 +4.4154e+00 -1.3472e+00 +1.1371e+00 +2.4652e+00 -4.9494e+00 -4.6181e+00 -6.5220e-01 -3.4131e+00 +4.6046e+00 +3.5522e+00
84 +5.921742620e+01 +5.921742620e+01 -9.407825738e+02 -9.407825738e+02 +1.9109e-01 -6.8261e-01 -3.6357e-01 -7.4383e-02 -5.0000e+00 -3.3842e+00 +1.7746e+00 -2.8498e+00 -4.2902e+00 -2.5233e+00
227 +2.926352056e+01 +2.926352056e+01 -9.707364794e+02 -9.707364794e+02 +2.0107e-01 -8.1931e-01 +1.4745e+00 +1.4468e+00 -1.7028e+00 -2.1360e+00 -4.5416e-01 +1.1509e+00 -3.0431e+00 -4.5658e+00
350 +2.294308085e+01 +2.294308085e+01 -9.770569191e+02 -9.770569191e+02 +2.1336e+00 -2.6410e+00 -2.9170e+00 -1.3246e+00 +3.0456e+00 +2.8423e+00 +1.2952e+00 -3.0206e+00 +5.0000e+00 -3.1200e+00
578 +1.398406559e+01 +1.398406559e+01 -9.860159344e+02 -9.860159344e+02 +2.8495e+00 -4.1997e+00 -1.2370e+00 -1.8665e+00 +3.4565e+00 +2.9049e+00 +2.0639e+00 -7.0683e-01 +3.4431e+00 -3.9413e+00
587 +6.246830166e+00 +6.246830166e+00 -9.937531698e+02 -9.937531698e+02 +2.5883e+00 -2.9655e+00 -2.3838e+00 -1.0315e+00 +3.1674e+00 +1.6464e+00 +2.9172e+00 -5.0233e-01 +3.5370e+00 -4.2569e+00
% function evaluation | noise-free fitness - Fopt (1.317500000000e+02) | best noise-free fitness - Fopt | measured fitness | best measured fitness | x1 | x2...
1 +7.213820428e+01 +7.213820428e+01 +2.038882043e+02 +2.038882043e+02 -4.2186e+00 -1.7194e+00 -3.0620e-01 +2.2588e+00 -2.1176e+00 -1.0929e+00 +1.1067e+00 -3.7096e+00 +2.6013e-01 -4.1562e+00
14 +3.400878819e+01 +3.400878819e+01 +1.657587882e+02 +1.657587882e+02 +1.0974e+00 -1.5289e+00 +1.1255e+00 +3.3561e+00 -9.4320e-01 +2.3493e+00 -1.9942e+00 +2.9312e+00 -3.6404e+00 -3.0720e-01
155 +2.246122166e+01 +2.246122166e+01 +1.542112217e+02 +1.542112217e+02 -9.7597e-01 -5.0000e+00 -2.0354e+00 +4.0444e+00 -4.7694e+00 +6.0183e-01 -3.1610e+00 -3.6102e+00 +1.9410e+00 +3.7744e+00
203 +1.394088929e+01 +1.394088929e+01 +1.456908893e+02 +1.456908893e+02 +1.2508e-01 -5.0000e+00 -2.6016e+00 +4.2018e+00 -5.0000e+00 +1.6990e-01 -2.4533e+00 -3.1203e+00 +3.1358e+00 +3.4963e+00
326 +9.643634473e+00 +9.643634473e+00 +1.413936345e+02 +1.413936345e+02 +1.8226e-01 -4.8978e+00 -1.6658e+00 +3.8967e+00 -3.6554e+00 +7.0079e-01 -3.5578e+00 -3.1936e+00 +2.7932e+00 +3.6732e+00
855 +6.050314516e+00 +6.050314516e+00 +1.378003145e+02 +1.378003145e+02 +1.5466e-01 -4.8460e+00 -1.0902e+00 +3.9198e+00 -2.8768e+00 +5.9737e-01 -3.0568e+00 -2.3894e+00 +2.8702e+00 +2.3827e+00
2827 +2.930505281e+00 +2.930505281e+00 +1.346805053e+02 +1.346805053e+02 +7.9393e-01 -4.5431e+00 -1.6231e+00 +3.9617e+00 -3.3064e+00 +3.9326e-01 -1.2565e+00 -3.3130e+00 +3.3032e+00 +2.2884e+00
% function evaluation | noise-free fitness - Fopt (1.144900000000e+02) | best noise-free fitness - Fopt | measured fitness | best measured fitness | x1 | x2...
1 +7.453097096e+01 +7.453097096e+01 +1.890209710e+02 +1.890209710e+02 +2.3244e+00 -2.3578e-01 -5.4653e-01 -1.8004e+00 -3.6424e+00 +6.6292e-01 -1.8275e+00 +1.0548e+00 -1.0471e+00 +2.1361e+00
69 +5.901449314e+01 +5.901449314e+01 +1.735044931e+02 +1.735044931e+02 +3.4478e+00 -1.2139e+00 -2.3941e+00 -1.4988e+00 +1.2085e+00 -2.4253e+00 -3.3532e-01 -1.3115e+00 +4.6131e-01 -2.9940e+00
122 +3.463286829e+01 +3.463286829e+01 +1.491228683e+02 +1.491228683e+02 -2.0329e+00 -2.9321e+00 -3.8495e+00 -2.7572e+00 -9.1735e-01 -2.2305e+00 -1.2086e+00 +4.2046e+00 +4.6417e+00 -1.3321e+00
210 +2.215250458e+01 +2.215250458e+01 +1.366425046e+02 +1.366425046e+02 -5.0000e+00 -3.5862e+00 -4.5488e+00 -5.0000e+00 -1.1666e+00 -2.0475e+00 -3.7273e+00 +5.0000e+00 +5.0000e+00 -1.8961e+00
329 +1.180236185e+01 +1.180236185e+01 +1.262923619e+02 +1.262923619e+02 -2.0531e+00 -4.1849e+00 -3.7375e+00 -4.1144e+00 +3.3867e-01 -1.6572e+00 -4.1370e+00 +5.0000e+00 +4.2398e+00 -2.9741e+00
543 +8.325612150e+00 +8.325612150e+00 +1.228156122e+02 +1.228156122e+02 -3.0356e+00 -3.8986e+00 -3.7964e+00 -4.6087e+00 +1.0712e+00 -5.3406e-01 -5.0000e+00 +3.8308e+00 +4.5194e+00 -3.7934e+00
760 +5.304626681e+00 +5.304626681e+00 +1.197946267e+02 +1.197946267e+02 -2.8702e+00 -3.2906e+00 -4.3418e+00 -4.3668e+00 -4.6387e-01 -1.5968e+00 -3.9612e+00 +3.5218e+00 +4.9185e+00 -2.0637e+00
1034 +1.987082616e+00 +1.987082616e+00 +1.164770826e+02 +1.164770826e+02 -2.9248e+00 -3.0896e+00 -4.1649e+00 -3.8273e+00 +8.1718e-01 -1.0914e+00 -5.0000e+00 +2.7706e+00 +5.0000e+00 -2.1017e+00
% function evaluation | noise-free fitness - Fopt (-2.596000000000e+01) | best noise-free fitness - Fopt | measured fitness | best measured fitness | x1 | x2...
1 +8.479328214e+01 +8.479328214e+01 +5.883328214e+01 +5.883328214e+01 -4.3896e+00 +3.6663e+00 -1.1718e+00 +4.0172e+00 -4.2395e+00 -1.5100e+00 -2.0789e+00 +3.0727e+00 -2.3512e-01 -1.9804e-02
82 +3.120814556e+01 +3.120814556e+01 +5.248145556e+00 +5.248145556e+00 -3.2093e+00 +3.5083e-01 -2.4289e+00 +2.6554e+00 -4.3658e-01 +1.6919e+00 +3.3922e+00 +2.3933e+00 +6.2821e-01 -2.7524e+00
251 +1.829911165e+01 +1.829911165e+01 -7.660888349e+00 -7.660888349e+00 +1.2447e+00 -1.1142e+00 +2.2116e+00 -1.2676e+00 -2.9846e+00 -1.6294e+00 +1.5351e+00 -4.5534e+00 -2.7325e+00 -2.7334e+00
418 +1.181764964e+01 +1.181764964e+01 -1.414235036e+01 -1.414235036e+01 -1.1287e+00 -3.7540e-02 -2.8399e+00 -2.1982e+00 -3.8374e+00 +3.4899e+00 +2.5029e+00 +1.9467e+00 -1.1897e+00 -2.8929e+00
923 +8.317428395e+00 +8.317428395e+00 -1.764257160e+01 -1.764257160e+01 -7.6120e-01 -1.2538e+00 -1.8107e+00 -2.0723e+00 -5.0000e+00 +2.6768e+00 +3.2765e+00 +2.2201e+00 -2.4410e+00 -3.7350e+00
1309 +6.123980738e+00 +6.123980738e+00 -1.983601926e+01 -1.983601926e+01 -2.6014e-01 -8.1098e-01 -3.0784e+00 -1.3968e+00 -4.2275e+00 +3.6657e+00 +2.9631e+00 +2.0624e+00 -1.7089e+00 -4.5358e+00
2442 +2.827281252e+00 +2.827281252e+00 -2.313271875e+01 -2.313271875e+01 +2.7078e+00 -7.4740e-01 +1.1289e+00 -4.7507e-01 -1.9308e+00 -2.7943e+00 +1.4186e-01 -2.3609e+00 -1.4719e+00 -7.5845e-01
3055 +1.643378388e+00 +1.643378388e+00 -2.431662161e+01 -2.431662161e+01 +4.0364e+00 -3.4092e-01 +4.5771e-01 +1.1409e+00 -1.5713e-01 -2.9297e+00 +5.8704e-01 -2.3154e+00 -7.3667e-01 -1.6297e+00
% function evaluation | noise-free fitness - Fopt (9.251000000000e+01) | best noise-free fitness - Fopt | measured fitness | best measured fitness | x1 | x2...
1 +7.792705148e+01 +7.792705148e+01 +1.704370515e+02 +1.704370515e+02 +3.4089e+00 +2.4719e+00 +4.4031e+00 -3.5304e-01 +3.9033e+00 -2.6741e+00 -2.9722e+00 +3.5930e-02 -1.6540e+00 +2.0681e+00
5 +5.275332954e+01 +5.275332954e+01 +1.452633295e+02 +1.452633295e+02 +5.6799e-01 -4.6972e+00 +1.0729e+00 -1.3831e+00 +8.1967e-01 +1.3497e+00 -2.2129e+00 -3.0051e+00 +2.5162e+00 -4.2741e+00
135 +3.625399008e+01 +3.625399008e+01 +1.287639901e+02 +1.287639901e+02 +4.0947e+00 -2.9327e+00 -5.5835e-01 -2.5204e+00 +2.6281e+00 -1.0918e-02 +2.7237e+00 -5.0000e+00 +4.3956e+00 -8.8230e-01
203 +2.381886233e+01 +2.381886233e+01 +1.163288623e+02 +1.163288623e+02 +2.9309e+00 -2.3870e+00 +2.6977e-01 -3.1348e+00 +2.7593e+00 -1.0097e+00 +2.3711e+00 -4.8351e+00 +3.7345e+00 -1.5357e+00
362 +1.372758858e+01 +1.372758858e+01 +1.062375886e+02 +1.062375886e+02 +2.6625e+00 +3.6228e+00 +2.2153e+00 -3.8765e+00 -5.0000e+00 +2.2333e+00 +4.8592e+00 +2.2874e+00 +4.9900e-01 -3.7005e+00
428 +8.097387729e+00 +8.097387729e+00 +1.006073877e+02 +1.006073877e+02 +5.0000e+00 -2.7802e+00 +6.9699e-01 -1.4125e-01 +1.1735e+00 +9.1275e-01 +5.0000e+00 -5.0000e+00 +5.0000e+00 -2.4269e+00
687 +5.059034890e+00 +5.059034890e+00 +9.756903489e+01 +9.756903489e+01 +5.0000e+00 -5.9940e-01 +5.3646e-01 +1.5927e-01 +1.2278e+00 +1.3885e+00 +3.5178e+00 -4.6778e+00 +5.0000e+00 -3.7216e+00
857 +2.110968301e+00 +2.110968301e+00 +9.462096830e+01 +9.462096830e+01 +4.8209e+00 -1.2572e+00 +1.4894e+00 -9.4928e-03 +4.0673e-01 +6.7003e-01 +4.5159e+00 -5.0000e+00 +4.9570e+00 -2.9077e+00
2872 +1.439064108e+00 +1.439064108e+00 +9.394906411e+01 +9.394906411e+01 +5.0000e+00 -1.1257e+00 +9.7771e-01 +8.7980e-01 +1.5517e+00 +5.3410e-01 +4.0710e+00 -5.0000e+00 +4.3962e+00 -2.6599e+00
% function evaluation | noise-free fitness - Fopt (1.660100000000e+02) | best noise-free fitness - Fopt | measured fitness | best measured fitness | x1 | x2...
1 +7.697044219e+01 +7.697044219e+01 +2.429804422e+02 +2.429804422e+02 +1.0351e+00 +1.2422e+00 -1.0928e+00 +9.5063e-02 +1.3936e+00 +3.1435e+00 -2.1889e+00 -4.6231e+00 +1.3731e+00 +4.8817e-01
50 +5.207252629e+01 +5.207252629e+01 +2.180825263e+02 +2.180825263e+02 +8.5723e-01 +2.8619e+00 +1.1142e+00 -3.2452e+00 -2.0779e-01 -1.2043e+00 -3.1989e+00 +1.8365e+00 -2.4845e-01 +2.5773e+00
258 +2.612094268e+01 +2.612094268e+01 +1.921309427e+02 +1.921309427e+02 +2.4524e+00 +2.3607e+00 +3.8979e+00 +1.6652e+00 +2.5570e-01 +2.9533e+00 -1.7802e+00 +4.6031e+00 -5.2129e-01 +1.3256e+00
292 +2.240150345e+01 +2.240150345e+01 +1.884115035e+02 +1.884115035e+02 +2.1860e+00 +7.8231e-01 +3.1713e+00 -3.2592e-01 +2.0397e-01 +5.0000e+00 +7.4236e-02 +5.0000e+00 -1.2157e+00 +2.0997e+00
479 +1.233528677e+01 +1.233528677e+01 +1.783452868e+02 +1.783452868e+02 +2.7949e+00 +1.1871e+00 +4.6043e+00 -1.1708e-01 -1.4967e+00 +2.8428e+00 -2.0482e+00 +5.0000e+00 -1.6290e+00 +1.2147e+00
734 +8.813881445e+00 +8.813881445e+00 +1.748238814e+02 +1.748238814e+02 +1.9001e+00 +2.4118e+00 +4.8014e+00 -4.1224e-01 -2.1377e+00 +3.7797e+00 -1.3113e+00 +5.0000e+00 -1.1704e+00 +2.4406e+00
3229 +6.294604816e+00 +6.294604816e+00 +1.723046048e+02 +1.723046048e+02 +1.4496e+00 +1.4984e+00 +4.1445e+00 +3.8311e-02 -1.0984e+00 +4.3549e+00 -2.1860e+00 +4.6250e+00 -2.3663e+00 +1.4333e+00
% function evaluation | noise-free fitness - Fopt (2.147600000000e+02) | best noise-free fitness - Fopt | measured fitness | best measured fitness | x1 | x2...
1 +8.524784958e+01 +8.524784958e+01 +3.000078496e+02 +3.000078496e+02 +3.5240e+00 +1.5350e+00 +2.5927e+00 +2.4836e+00 -4.0157e+00 +3.8190e+00 -4.3671e+00 -1.7081e+00 -4.2582e+00 -4.0759e+00
173 +6.212666006e+01 +6.212666006e+01 +2.768866601e+02 +2.768866601e+02 -4.4037e+00 -2.2366e+00 +3.9583e+00 -4.5030e+00 +8.2427e-01 +3.5750e-02 +2.6707e-01 -5.0000e+00 -3.8653e+00 +4.5087e+00
269 +3.800163337e+01 +3.800163337e+01 +2.527616334e+02 +2.527616334e+02 +3.5642e+00 -4.1267e+00 +2.5034e+00 -2.2446e+00 +1.6792e+00 +3.3013e+00 -1.2916e+00 -6.2714e-02 -1.0431e+00 -4.7297e+00
453 +2.278182847e+01 +2.278182847e+01 +2.375418285e+02 +2.375418285e+02 +2.2616e+00 -3.6373e+00 +3.3756e+00 -1.1550e+00 +2.1948e+00 +2.9807e+00 -7.0633e-01 +6.3136e-01 +2.7315e-01 -4.0671e+00
4733 +1.517121735e+01 +1.517121735e+01 +2.299312173e+02 +2.299312173e+02 +2.2565e+00 -1.0434e+00 +2.5565e+00 -3.9509e-01 +2.0404e+00 +3.0826e+00 -2.3585e-01 -1.2015e+00 -1.7962e-02 -5.0000e+00
% function evaluation | noise-free fitness - Fopt (-6.100000000000e+00) | best noise-free fitness - Fopt | measured fitness | best measured fitness | x1 | x2...
1 +7.323259994e+01 +7.323259994e+01 +6.713259994e+01 +6.713259994e+01 +8.2096e-01 -2.5837e+00 +1.7525e+00 -1.5385e-01 -3.6238e+00 +2.6683e+00 -2.2752e-02 +2.7989e+00 +1.9176e+00 -2.4583e-01
81 +6.181820558e+01 +6.181820558e+01 +5.571820558e+01 +5.571820558e+01 -2.6622e-01 +3.1989e+00 +2.7490e-01 +5.5540e-02 -3.7357e+00 -1.6295e-01 -1.5893e+00 -3.2714e+00 +2.4161e+00 -3.5227e+00
164 +3.870849583e+01 +3.870849583e+01 +3.260849583e+01 +3.260849583e+01 +4.8510e-02 +5.0000e+00 +2.1354e+00 -1.1594e+00 -4.5722e+00 +9.8981e-01 -2.2369e+00 -1.8272e+00 +2.1694e+00 -1.3897e-01
458 +2.510662512e+01 +2.510662512e+01 +1.900662512e+01 +1.900662512e+01 +2.6305e-01 +4.2343e+00 +3.0488e+00 -1.2424e+00 -5.0000e+00 +1.8012e+00 -3.0136e+00 -3.2059e+00 +2.0382e+00 +7.1545e-01
563 +1.281920262e+01 +1.281920262e+01 +6.719202619e+00 +6.719202619e+00 -1.2970e+00 +4.1539e+00 +2.9174e+00 -8.5225e-01 -3.5502e+00 +6.0641e-01 -1.3432e+00 -2.6398e+00 +2.7931e+00 +1.3331e+00
854 +8.802348489e+00 +8.802348489e+00 +2.702348489e+00 +2.702348489e+00 +1.6426e+00 +3.8203e+00 -2.0273e-01 +4.5170e+00 -5.0000e+00 -1.6190e+00 +3.7211e+00 +3.1610e+00 -2.1690e+00 -3.2494e+00
1642 +4.469254634e+00 +4.469254634e+00 -1.630745366e+00 -1.630745366e+00 +1.5933e+00 +2.7637e+00 +1.2618e+00 +5.0000e+00 -4.7858e+00 -2.0717e+00 +2.2898e+00 +2.7407e+00 -8.5653e-01 -4.7889e-01
2261 +3.006019319e+00 +3.006019319e+00 -3.093980681e+00 -3.093980681e+00 +1.3866e+00 +3.8406e+00 +9.4526e-01 +5.0000e+00 -5.0000e+00 -2.0951e+00 +2.5987e+00 +2.4407e+00 -8.2122e-01 -2.0260e+00
4263 +2.183880234e+00 +2.183880234e+00 -3.916119766e+00 -3.916119766e+00 +1.2496e+00 +2.8393e+00 -8.5140e-02 +5.0000e+00 -4.9694e+00 -2.0632e+00 +3.0494e+00 +3.1240e+00 -8.7150e-01 -1.2363e+00
% function evaluation | noise-free fitness - Fopt (-5.653000000000e+01) | best noise-free fitness - Fopt | measured fitness | best measured fitness | x1 | x2...
1 +8.527667180e+01 +8.527667180e+01 +2.874667180e+01 +2.874667180e+01 -4.3682e+00 -2.8137e+00 +3.5656e+00 -2.6304e+00 -3.8242e+00 -2.6315e-01 +1.5650e+00 -1.4002e+00 -4.6026e+00 -3.2199e+00
38 +6.164499211e+01 +6.164499211e+01 +5.114992113e+00 +5.114992113e+00 +2.4177e+00 -1.5874e+00 +3.3224e+00 +4.3667e-01 -2.1583e+00 -4.7846e+00 -1.5093e+00 -8.6799e-01 -1.2162e+00 +2.2172e+00
181 +3.770154620e+01 +3.770154620e+01 -1.882845380e+01 -1.882845380e+01 +2.1873e+00 +3.2361e+00 -1.7127e+00 +3.3979e+00 -8.0244e-01 +1.8031e+00 +6.8008e-03 +3.6653e+00 -8.8775e-01 -2.6522e-01
448 +1.256906851e+01 +1.256906851e+01 -4.396093149e+01 -4.396093149e+01 +2.7962e+00 +4.4619e+00 -3.1164e+00 -1.7252e+00 +7.2164e-01 -7.9482e-01 +5.7840e-01 +6.5888e-01 +3.1703e+00 -6.6262e-01
891 +9.030880186e+00 +9.030880186e+00 -4.749911981e+01 -4.749911981e+01 +5.0000e+00 +4.9322e+00 -2.5541e+00 -3.9035e+00 +3.7672e-01 -1.8656e+00 -8.3675e-01 -1.3738e+00 +2.0064e+00 +1.1028e+00
1034 +4.039976630e+00 +4.039976630e+00 -5.249002337e+01 -5.249002337e+01 +2.6485e+00 +3.6441e+00 -2.4966e+00 -2.8589e+00 +1.2434e+00 -2.0861e+00 -1.4791e+00 +6.3493e-01 +3.3819e+00 +1.4892e+00
1253 +1.995794865e+00 +1.995794865e+00 -5.453420514e+01 -5.453420514e+01 +2.6776e+00 +3.1466e+00 -4.3560e+00 -2.9129e+00 +1.3678e+00 -3.0164e+00 +3.0085e-02 +8.4156e-01 +4.5679e+00 +1.5023e+00
1959 +1.103014802e+00 +1.103014802e+00 -5.542698520e+01 -5.542698520e+01 +2.7227e+00 +3.8560e+00 -4.0930e+00 -3.2202e+00 +1.3913e+00 -2.8407e+00 +1.1314e-01 +4.4399e-02 +3.9857e+00 +2.2913e+00
3629 +1.938735049e-01 +1.938735049e-01 -5.633612650e+01 -5.633612650e+01 +3.6637e+00 +4.2313e+00 -3.4346e+00 -3.4857e+00 +4.2762e-01 -2.2026e+00 -1.0878e+00 +6.2057e-01 +3.2478e+00 +1.9358e+00
% function evaluation | noise-free fitness - Fopt (-8.703600000000e+02) | best noise-free fitness - Fopt | measured fitness | best measured fitness | x1 | x2...
1 +7.954716791e+01 +7.954716791e+01 -7.908128321e+02 -7.908128321e+02 -2.2940e+00 -1.8983e-01 +3.7317e+00 -2.2637e+00 -6.0305e-01 +1.0974e+00 -2.9503e+00 -3.3437e+00 +1.9337e+00 -3.0795e+00
17 +5.459308307e+01 +5.459308307e+01 -8.157669169e+02 -8.157669169e+02 -3.8693e-01 -2.3334e-01 +4.7499e+00 +1.5186e+00 +2.9729e+00 -6.5092e-02 +4.7935e+00 +4.1379e+00 -1.2513e+00 -4.7945e+00
97 +3.953889614e+01 +3.953889614e+01 -8.308211039e+02 -8.308211039e+02 -2.0294e+00 +1.1818e+00 +3.3631e+00 +1.6185e+00 +3.1157e+00 -8.7549e-01 +3.9690e+00 +3.3943e+00 -7.9007e-01 -3.1972e+00
155 +2.467242653e+01 +2.467242653e+01 -8.456875735e+02 -8.456875735e+02 +3.4600e+00 -1.3606e+00 +4.6703e-01 +1.5712e+00 -3.3165e+00 -3.0921e-01 +3.3316e+00 -2.0456e+00 +3.4776e+00 +3.6519e+00
231 +1.533754966e+01 +1.533754966e+01 -8.550224503e+02 -8.550224503e+02 -2.5572e+00 -4.9470e-01 +2.9235e+00 +1.9432e+00 +3.0078e+00 -1.8325e+00 +4.7492e+00 +3.5368e+00 -3.6428e+00 -4.5453e+00
423 +9.044033435e+00 +9.044033435e+00 -8.613159666e+02 -8.613159666e+02 -3.3096e+00 -6.6403e-01 +2.9590e+00 -1.5755e-01 +3.4935e+00 -2.3255e+00 +4.0328e+00 +4.9077e+00 -3.2679e+00 -3.8115e+00
1131 +5.688711837e+00 +5.688711837e+00 -8.646712882e+02 -8.646712882e+02 -3.1559e+00 +3.5058e-01 +3.1671e+00 +4.9297e-01 +3.9828e+00 -1.5683e+00 +4.3983e+00 +4.7171e+00 -3.5808e+00 -3.9712e+00
2710 +3.513187731e+00 +3.513187731e+00 -8.668468123e+02 -8.668468123e+02 -3.2493e+00 -5.5462e-01 +4.1089e+00 +9.8817e-01 +4.5903e+00 -2.0624e+00 +3.2347e+00 +5.0000e+00 -4.0896e+00 -3.4108e+00
7386 +2.481775219e+00 +2.481775219e+00 -8.678782248e+02 -8.678782248e+02 -2.5899e+00 +2.0757e-02 +3.5102e+00 +7.0313e-01 +5.0000e+00 -1.8185e+00 +3.0397e+00 +3.8141e+00 -3.6745e+00 -3.4514e+00
