% function evaluation | noise-free fitness - Fopt (-2.098800000000e+02) | best noise-free fitness - Fopt | measured fitness | best measured fitness | x1 | x2...
1 +2.726864598e+07 +2.726864598e+07 +2.726843610e+07 +2.726843610e+07 +1.9652e+00 +1.8815e+00 +5.1112e-01 -1.5063e+00 -3.5660e+00
3 +2.314133280e+05 +2.314133280e+05 +2.312034480e+05 +2.312034480e+05 -3.0794e+00 -4.5325e+00 +4.0362e-01 +7.6192e-01 +1.4419e+00
15 +1.475850019e+05 +1.475850019e+05 +1.473751219e+05 +1.473751219e+05 +3.1606e+00 -4.1704e-01 +5.1533e-02 +2.7231e+00 +1.4333e+00
61 +5.009457683e+04 +5.009457683e+04 +4.988469683e+04 +4.988469683e+04 +3.6469e+00 -1.1151e+00 -1.9326e+00 +1.8404e+00 +1.8951e+00
101 +3.969218695e+04 +3.969218695e+04 +3.948230695e+04 +3.948230695e+04 +3.6873e+00 -1.1317e+00 -1.8870e+00 +1.8260e+00 +1.7299e+00
543 +2.401442279e+04 +2.401442279e+04 +2.380454279e+04 +2.380454279e+04 +4.0001e+00 -1.1046e+00 -1.3810e+00 +2.2942e+00 +1.7994e+00
1819 +1.527397637e+04 +1.527397637e+04 +1.506409637e+04 +1.506409637e+04 +3.7623e+00 -1.1842e+00 -3.1858e-01 +2.3967e+00 +1.7753e+00
2757 +9.898989711e+03 +9.898989711e+03 +9.689109711e+03 +9.689109711e+03 +3.7487e+00 -1.0451e+00 +4.5450e-01 +2.4550e+00 +1.7640e+00
3266 +6.286782619e+03 +6.286782619e+03 +6.076902619e+03 +6.076902619e+03 +3.8494e+00 -1.4569e+00 +1.0111e+00 +2.3426e+00 +1.7914e+00
4222 +3.918791662e+03 +3.918791662e+03 +3.708911662e+03 +3.708911662e+03 +3.7817e+00 -1.7536e+00 +1.6867e+00 +2.3877e+00 +1.7782e+00
5156 +1.943569994e+03 +1.943569994e+03 +1.733689994e+03 +1.733689994e+03 +3.8975e+00 -1.6985e+00 +2.3152e+00 +2.3867e+00 +1.7830e+00
5320 +1.562019586e+03 +1.562019586e+03 +1.352139586e+03 +1.352139586e+03 +3.9107e+00 -1.1707e+00 +2.4181e+00 +2.4085e+00 +1.7821e+00
5707 +6.723660333e+02 +6.723660333e+02 +4.624860333e+02 +4.624860333e+02 +3.8313e+00 -1.4108e+00 +2.7743e+00 +2.3937e+00 +1.7804e+00
6167 +4.262163536e+02 +4.262163536e+02 +2.163363536e+02 +2.163363536e+02 +3.6715e+00 -1.1699e+00 +3.1450e+00 +2.4593e+00 +1.7832e+00
6436 +3.433055806e+02 +3.433055806e+02 +1.334255806e+02 +1.334255806e+02 +3.6389e+00 -1.0450e+00 +3.0669e+00 +2.4042e+00 +1.7828e+00
7007 +1.882128147e+02 +1.882128147e+02 -2.166718534e+01 -2.166718534e+01 +4.2008e+00 -1.6286e+00 +3.5295e+00 +2.3805e+00 +1.7923e+00
8128 +1.397889617e+02 +1.397889617e+02 -7.009103827e+01 -7.009103827e+01 +4.0970e+00 -1.5159e+00 +3.5975e+00 +2.3780e+00 +1.7870e+00
13683 +9.844049117e+01 +9.844049117e+01 -1.114395088e+02 -1.114395088e+02 +3.7189e+00 -8.6540e-01 +3.6926e+00 +2.3968e+00 +1.7878e+00
19975 +6.219182335e+01 +6.219182335e+01 -1.476881766e+02 -1.476881766e+02 +4.0024e+00 -7.2582e-01 +3.5036e+00 +2.3932e+00 +1.7846e+00
% function evaluation | noise-free fitness - Fopt (-9.209000000000e+01) | best noise-free fitness - Fopt | measured fitness | best measured fitness | x1 | x2...
1 +4.347124170e+06 +4.347124170e+06 +4.347032080e+06 +4.347032080e+06 -2.6339e+00 -4.7960e+00 +1.2647e+00 +4.6276e+00 -1.7094e+00
5 +3.851758196e+06 +3.851758196e+06 +3.851666106e+06 +3.851666106e+06 +5.1210e-01 +1.7814e+00 +3.1215e+00 +1.0990e+00 -1.9359e+00
7 +6.502421432e+05 +6.502421432e+05 +6.501500532e+05 +6.501500532e+05 -4.7376e+00 -2.1110e+00 +1.4576e+00 +1.1319e+00 -7.8821e-01
27 +4.669556218e+05 +4.669556218e+05 +4.668635318e+05 +4.668635318e+05 -2.6674e+00 +3.0338e+00 -4.3985e+00 -3.6192e+00 +4.2663e-01
42 +2.136620262e+05 +2.136620262e+05 +2.135699362e+05 +2.135699362e+05 -1.9617e-01 -4.0836e+00 -1.9311e-01 -8.0946e-02 +2.5010e-01
67 +1.323051085e+05 +1.323051085e+05 +1.322130185e+05 +1.322130185e+05 +7.2962e-01 -7.0868e-01 -2.4122e+00 -3.2267e+00 +1.0896e-01
169 +9.244151655e+04 +9.244151655e+04 +9.234942655e+04 +9.234942655e+04 +2.4257e+00 -1.7243e+00 +9.6359e-01 -1.3888e-01 +4.1729e-03
527 +5.550517389e+04 +5.550517389e+04 +5.541308389e+04 +5.541308389e+04 +2.3177e+00 -1.4051e+00 +1.0531e+00 -6.5883e-01 -1.6078e-01
590 +3.649594172e+04 +3.649594172e+04 +3.640385172e+04 +3.640385172e+04 +2.3355e+00 -1.3713e+00 +1.0528e+00 -8.0800e-01 -1.5288e-01
639 +2.252639214e+04 +2.252639214e+04 +2.243430214e+04 +2.243430214e+04 +2.3030e+00 -1.3834e+00 +9.8940e-01 -9.7769e-01 -1.6759e-01
765 +8.287291881e+03 +8.287291881e+03 +8.195201881e+03 +8.195201881e+03 +2.4093e+00 -1.4694e+00 +1.0541e+00 -1.3494e+00 -1.2287e-01
906 +4.894327594e+03 +4.894327594e+03 +4.802237594e+03 +4.802237594e+03 +2.1481e+00 -1.5967e+00 +8.5446e-01 -1.4817e+00 -1.2340e-01
965 +3.392886872e+03 +3.392886872e+03 +3.300796872e+03 +3.300796872e+03 +2.4769e+00 -1.5857e+00 +6.2235e-01 -1.5509e+00 -1.1347e-01
1070 +2.322944022e+03 +2.322944022e+03 +2.230854022e+03 +2.230854022e+03 +2.1284e+00 -1.6132e+00 +5.8805e-01 -1.6138e+00 -1.2754e-01
1096 +1.360846187e+03 +1.360846187e+03 +1.268756187e+03 +1.268756187e+03 +2.1949e+00 -1.3250e+00 +6.5941e-01 -1.7068e+00 -1.1441e-01
1138 +9.009925201e+02 +9.009925201e+02 +8.089025201e+02 +8.089025201e+02 +2.1918e+00 -1.2394e+00 +5.3168e-01 -1.8571e+00 -1.0440e-01
1703 +5.778292266e+02 +5.778292266e+02 +4.857392266e+02 +4.857392266e+02 +2.0456e+00 -1.5483e+00 +2.0427e-01 -1.8412e+00 -1.1750e-01
3515 +3.781922340e+02 +3.781922340e+02 +2.861022340e+02 +2.861022340e+02 +2.1140e+00 -6.8787e-01 +2.7563e-01 -1.8170e+00 -1.1894e-01
5625 +2.469549374e+02 +2.469549374e+02 +1.548649374e+02 +1.548649374e+02 +1.8766e+00 +2.6170e-02 +2.5843e-03 -1.7947e+00 -1.2233e-01
13197 +1.580629392e+02 +1.580629392e+02 +6.597293921e+01 +6.597293921e+01 +2.1503e+00 +6.1484e-01 +1.0164e-01 -1.8130e+00 -1.2330e-01
% function evaluation | noise-free fitness - Fopt (-8.789000000000e+01) | best noise-free fitness - Fopt | measured fitness | best measured fitness | x1 | x2...
1 +4.964108063e+07 +4.964108063e+07 +4.964099274e+07 +4.964099274e+07 +2.3989e+00 +3.2435e+00 +2.8859e+00 +3.5753e+00 +3.6218e+00
2 +1.712423240e+07 +1.712423240e+07 +1.712414451e+07 +1.712414451e+07 +7.6602e-01 +1.9856e-01 +1.1962e+00 -4.6456e+00 +1.0296e+00
3 +2.781184194e+06 +2.781184194e+06 +2.781096304e+06 +2.781096304e+06 -4.2358e+00 +4.3592e+00 -4.1868e+00 +2.4944e+00 -1.5637e+00
5 +1.339287198e+06 +1.339287198e+06 +1.339199308e+06 +1.339199308e+06 +3.2174e-01 +7.9158e-01 -1.1964e+00 -4.6574e-01 -4.1680e+00
6 +1.933248908e+05 +1.933248908e+05 +1.932370008e+05 +1.932370008e+05 +1.9524e-01 +3.0765e+00 -4.1130e+00 -3.2585e+00 -3.4199e+00
65 +1.248846263e+05 +1.248846263e+05 +1.247967363e+05 +1.247967363e+05 -3.3650e+00 +2.6518e+00 +9.3470e-01 -4.1226e-01 -2.8648e+00
70 +9.837689998e+04 +9.837689998e+04 +9.828900998e+04 +9.828900998e+04 +8.2736e-01 -4.9482e+00 -1.6782e+00 -1.7709e+00 -3.3709e+00
72 +5.013136621e+04 +5.013136621e+04 +5.004347621e+04 +5.004347621e+04 +3.2876e+00 -1.6330e+00 +3.8730e+00 -2.7576e+00 -3.2482e+00
111 +4.814288993e+03 +4.814288993e+03 +4.726398993e+03 +4.726398993e+03 +1.7389e+00 -4.8908e+00 -8.3052e-02 -2.1323e+00 -3.0612e+00
215 +3.716678573e+03 +3.716678573e+03 +3.628788573e+03 +3.628788573e+03 +1.8627e+00 -4.6523e+00 +1.4882e-01 -2.0301e+00 -3.0949e+00
496 +2.377085498e+03 +2.377085498e+03 +2.289195498e+03 +2.289195498e+03 +1.7994e+00 -4.1909e+00 +4.4692e-01 -2.1147e+00 -3.0881e+00
3782 +1.560667643e+03 +1.560667643e+03 +1.472777643e+03 +1.472777643e+03 +2.6577e+00 -3.5968e+00 +1.3510e+00 -2.1471e+00 -3.0852e+00
9075 +9.368416880e+02 +9.368416880e+02 +8.489516880e+02 +8.489516880e+02 +3.1019e+00 -1.9693e+00 +1.2076e+00 -2.0971e+00 -3.0849e+00
17856 +6.248469295e+02 +6.248469295e+02 +5.369569295e+02 +5.369569295e+02 +3.0688e+00 -7.4321e-01 +1.2611e+00 -2.1122e+00 -3.0854e+00
25365 +3.750192856e+02 +3.750192856e+02 +2.871292856e+02 +2.871292856e+02 +2.9097e+00 +3.7681e-01 +1.2675e+00 -2.0719e+00 -3.0829e+00
29721 +2.507964577e+02 +2.507964577e+02 +1.629064577e+02 +1.629064577e+02 +3.1558e+00 +9.7053e-01 +1.4241e+00 -2.1099e+00 -3.0825e+00
35073 +1.498656345e+02 +1.498656345e+02 +6.197563448e+01 +6.197563448e+01 +2.7607e+00 +1.5903e+00 +1.2255e+00 -2.1139e+00 -3.0851e+00
% function evaluation | noise-free fitness - Fopt (3.201900000000e+02) | best noise-free fitness - Fopt | measured fitness | best measured fitness | x1 | x2...
1 +1.520822895e+06 +1.520822895e+06 +1.521143085e+06 +1.521143085e+06 -3.3026e+00 +4.4780e+00 +3.1713e+00 +7.5731e-01 -2.3583e+00
2 +1.922389534e+05 +1.922389534e+05 +1.925591434e+05 +1.925591434e+05 -1.1582e+00 +1.6461e+00 -4.8305e+00 -2.2018e-01 -3.8350e+00
38 +1.005754971e+05 +1.005754971e+05 +1.008956871e+05 +1.008956871e+05 +2.9794e+00 -4.9661e+00 +2.8966e-01 -1.2959e+00 -3.7706e+00
171 +8.598874111e+04 +8.598874111e+04 +8.630893111e+04 +8.630893111e+04 +2.3083e+00 -3.6665e+00 +3.6138e+00 -1.4079e+00 -3.7375e+00
203 +3.339449494e+04 +3.339449494e+04 +3.371468494e+04 +3.371468494e+04 +2.4129e+00 -3.5423e+00 +3.6455e+00 -1.4981e+00 -3.5942e+00
212 +2.501274593e+04 +2.501274593e+04 +2.533293593e+04 +2.533293593e+04 +3.0002e+00 -5.0000e+00 +2.3383e-01 -1.2239e+00 -3.6002e+00
313 +3.733090945e+03 +3.733090945e+03 +4.053280945e+03 +4.053280945e+03 +3.0904e+00 -5.0000e+00 +2.3294e-01 -1.1064e+00 -3.4651e+00
568 +2.184354038e+03 +2.184354038e+03 +2.504544038e+03 +2.504544038e+03 +3.1307e+00 -4.8409e+00 +3.5470e-01 -9.6483e-01 -3.4920e+00
631 +1.562965847e+03 +1.562965847e+03 +1.883155847e+03 +1.883155847e+03 +3.0929e+00 -4.6634e+00 +3.4291e-01 -9.4558e-01 -3.4713e+00
778 +9.156749947e+02 +9.156749947e+02 +1.235864995e+03 +1.235864995e+03 +3.3925e+00 -4.8927e+00 +6.3673e-01 -9.4680e-01 -3.4691e+00
1207 +6.200427441e+02 +6.200427441e+02 +9.402327441e+02 +9.402327441e+02 +3.3717e+00 -4.9538e+00 +7.4933e-01 -8.8177e-01 -3.4645e+00
1829 +2.587087495e+02 +2.587087495e+02 +5.788987495e+02 +5.788987495e+02 +3.2794e+00 -4.9251e+00 +1.3729e+00 -8.5425e-01 -3.4625e+00
2254 +2.501235503e+02 +2.501235503e+02 +5.703135503e+02 +5.703135503e+02 +3.7566e+00 -4.8027e+00 +1.1730e+00 -8.5966e-01 -3.4710e+00
7327 +1.527753641e+02 +1.527753641e+02 +4.729653641e+02 +4.729653641e+02 +4.0333e+00 -4.2158e+00 +1.4244e+00 -8.6127e-01 -3.4658e+00
19067 +9.517246489e+01 +9.517246489e+01 +4.153624649e+02 +4.153624649e+02 +3.8181e+00 -3.7129e+00 +1.3216e+00 -8.6714e-01 -3.4694e+00
26643 +6.055534022e+01 +6.055534022e+01 +3.807453402e+02 +3.807453402e+02 +3.7557e+00 -3.3944e+00 +1.3826e+00 -8.5832e-01 -3.4724e+00
30040 +3.770212651e+01 +3.770212651e+01 +3.578921265e+02 +3.578921265e+02 +3.7880e+00 -3.0752e+00 +1.3400e+00 -8.5334e-01 -3.4711e+00
36324 +2.462844346e+01 +2.462844346e+01 +3.448184435e+02 +3.448184435e+02 +3.5249e+00 -2.7761e+00 +1.3946e+00 -8.6762e-01 -3.4690e+00
% function evaluation | noise-free fitness - Fopt (-1.042400000000e+02) | best noise-free fitness - Fopt | measured fitness | best measured fitness | x1 | x2...
1 +9.204339297e+05 +9.204339297e+05 +9.203296897e+05 +9.203296897e+05 +4.9596e+00 -2.6925e+00 +7.6414e-01 -3.6584e+00 +8.0284e-01
5 +1.702172780e+05 +1.702172780e+05 +1.701130380e+05 +1.701130380e+05 -3.3399e+00 +2.5940e-01 +4.8635e+00 -1.3879e+00 +3.2168e-01
48 +2.740453645e+04 +2.740453645e+04 +2.730029645e+04 +2.730029645e+04 -1.0430e+00 +3.5154e+00 -1.5447e+00 -6.8035e-01 +7.5563e-02
110 +2.509902217e+04 +2.509902217e+04 +2.499478217e+04 +2.499478217e+04 -1.0086e+00 +3.6845e+00 -1.5569e+00 -7.4115e-01 +5.1627e-02
117 +1.177665222e+04 +1.177665222e+04 +1.167241222e+04 +1.167241222e+04 -9.0832e-01 +3.7399e+00 -1.6656e+00 -6.9739e-01 -6.0325e-02
202 +9.666624148e+03 +9.666624148e+03 +9.562384148e+03 +9.562384148e+03 -1.2416e+00 +3.3842e+00 -1.4676e+00 -5.4134e-01 -3.6723e-02
927 +6.147259697e+03 +6.147259697e+03 +6.043019697e+03 +6.043019697e+03 -1.3789e+00 +3.2433e+00 -7.6039e-01 -4.6401e-01 -5.1811e-02
2006 +3.276007413e+03 +3.276007413e+03 +3.171767413e+03 +3.171767413e+03 -1.5106e+00 +3.2929e+00 +2.0750e-01 -4.2606e-01 -5.3240e-02
2581 +2.306464556e+03 +2.306464556e+03 +2.202224556e+03 +2.202224556e+03 -1.5624e+00 +3.1308e+00 +5.0452e-01 -4.8709e-01 -5.4268e-02
4733 +1.501552163e+03 +1.501552163e+03 +1.397312163e+03 +1.397312163e+03 -1.6944e+00 +2.3538e+00 +8.8785e-01 -5.0447e-01 -5.8722e-02
9089 +9.463806925e+02 +9.463806925e+02 +8.421406925e+02 +8.421406925e+02 -1.7160e+00 +1.4662e+00 +1.3377e+00 -4.5769e-01 -6.1570e-02
16080 +5.801515073e+02 +5.801515073e+02 +4.759115073e+02 +4.759115073e+02 -1.8865e+00 +3.3216e-01 +1.3103e+00 -4.8784e-01 -5.7872e-02
20461 +3.721396444e+02 +3.721396444e+02 +2.678996444e+02 +2.678996444e+02 -2.1981e+00 -5.2239e-01 +1.3635e+00 -4.7921e-01 -5.4963e-02
31245 +2.479900487e+02 +2.479900487e+02 +1.437500487e+02 +1.437500487e+02 -2.0628e+00 -1.2792e+00 +1.2555e+00 -4.8695e-01 -5.7122e-02
38736 +1.574067222e+02 +1.574067222e+02 +5.316672222e+01 +5.316672222e+01 -1.5793e+00 -1.9115e+00 +1.3744e+00 -4.9660e-01 -6.2734e-02
42665 +9.450912544e+01 +9.450912544e+01 -9.730874561e+00 -9.730874561e+00 -1.7307e+00 -2.2879e+00 +1.3588e+00 -4.7392e-01 -5.6410e-02
% function evaluation | noise-free fitness - Fopt (-1.000000000000e+03) | best noise-free fitness - Fopt | measured fitness | best measured fitness | x1 | x2...
1 +4.058134033e+05 +4.058134033e+05 +4.048134033e+05 +4.048134033e+05 +1.2141e+00 -3.2933e+00 -4.7976e+00 +2.0508e+00 +2.4125e-01
19 +1.725529532e+05 +1.725529532e+05 +1.715529532e+05 +1.715529532e+05 -2.5212e+00 +3.2433e+00 -1.8624e+00 -3.3565e+00 +6.8267e-01
30 +8.818986981e+04 +8.818986981e+04 +8.718986981e+04 +8.718986981e+04 +4.2589e+00 -2.3501e+00 -6.6505e-01 -1.2874e+00 +8.3317e-01
42 +4.238127835e+04 +4.238127835e+04 +4.138127835e+04 +4.138127835e+04 -4.0089e+00 -1.3141e+00 +7.0181e-02 -1.9340e+00 +6.9813e-01
161 +8.550479918e+03 +8.550479918e+03 +7.550479918e+03 +7.550479918e+03 -4.7038e-01 -4.2476e+00 -1.7632e-01 -1.4633e+00 +5.9237e-01
255 +4.675674772e+03 +4.675674772e+03 +3.675674772e+03 +3.675674772e+03 -7.1817e-01 -4.1767e+00 -1.0402e-01 -1.1720e+00 +5.9320e-01
272 +1.772456513e+03 +1.772456513e+03 +7.724565126e+02 +7.724565126e+02 -4.1954e-01 -4.2416e+00 -3.6090e-01 -1.0385e+00 +5.4684e-01
509 +1.152688032e+03 +1.152688032e+03 +1.526880317e+02 +1.526880317e+02 -2.9139e-01 -4.3198e+00 -5.1464e-01 -1.0831e+00 +5.3633e-01
582 +9.983756588e+02 +9.983756588e+02 -1.624341241e+00 -1.624341241e+00 -3.7511e-01 -4.3231e+00 -5.8397e-01 -1.0948e+00 +5.5999e-01
1101 +6.153372824e+02 +6.153372824e+02 -3.846627176e+02 -3.846627176e+02 -7.9039e-01 -4.6058e+00 -7.9067e-01 -1.0641e+00 +5.4605e-01
1759 +3.822728325e+02 +3.822728325e+02 -6.177271675e+02 -6.177271675e+02 -6.3661e-01 -4.7353e+00 -9.7901e-01 -1.1293e+00 +5.4486e-01
1868 +2.347767444e+02 +2.347767444e+02 -7.652232556e+02 -7.652232556e+02 -3.5197e-02 -4.3525e+00 -1.0647e+00 -1.1388e+00 +5.4781e-01
2867 +1.530346628e+02 +1.530346628e+02 -8.469653372e+02 -8.469653372e+02 -2.1601e-01 -4.2841e+00 -1.1590e+00 -1.1018e+00 +5.4916e-01
4046 +6.979352109e+01 +6.979352109e+01 -9.302064789e+02 -9.302064789e+02 -1.5394e-01 -4.0288e+00 -1.2964e+00 -1.0942e+00 +5.4590e-01
5134 +3.773864540e+01 +3.773864540e+01 -9.622613546e+02 -9.622613546e+02 -2.8808e-04 -4.3346e+00 -1.4462e+00 -1.0956e+00 +5.4866e-01
6021 +2.274644669e+01 +2.274644669e+01 -9.772535533e+02 -9.772535533e+02 +8.7622e-03 -4.0838e+00 -1.4588e+00 -1.1217e+00 +5.4484e-01
% function evaluation | noise-free fitness - Fopt (-3.629000000000e+01) | best noise-free fitness - Fopt | measured fitness | best measured fitness | x1 | x2...
1 +1.789815108e+07 +1.789815108e+07 +1.789811479e+07 +1.789811479e+07 +2.8235e+00 +8.3270e-01 -2.9197e+00 -2.4460e-01 +4.4602e-01
2 +1.142896202e+07 +1.142896202e+07 +1.142892573e+07 +1.142892573e+07 +4.1419e+00 -1.5958e+00 +4.1939e+00 +3.6000e+00 -4.9434e-01
5 +8.025930205e+06 +8.025930205e+06 +8.025893915e+06 +8.025893915e+06 +7.2154e-01 -3.2018e+00 +5.3223e-01 -2.3871e+00 -9.4093e-01
6 +4.498345085e+04 +4.498345085e+04 +4.494716085e+04 +4.494716085e+04 -4.6470e+00 -3.5510e+00 -2.7664e+00 -2.7586e+00 -3.5545e+00
202 +2.145603080e+04 +2.145603080e+04 +2.141974080e+04 +2.141974080e+04 -4.6505e+00 -3.5567e+00 -2.9553e+00 -2.8499e+00 -3.6278e+00
216 +1.160831050e+04 +1.160831050e+04 +1.157202050e+04 +1.157202050e+04 -4.4505e+00 -3.5352e+00 -2.7591e+00 -2.6262e+00 -3.6822e+00
286 +7.182581601e+03 +7.182581601e+03 +7.146291601e+03 +7.146291601e+03 -4.5038e+00 -3.6853e+00 -2.7954e+00 -2.7440e+00 -3.7238e+00
359 +6.230141665e+03 +6.230141665e+03 +6.193851665e+03 +6.193851665e+03 -4.4013e+00 -3.6547e+00 -2.6321e+00 -2.7142e+00 -3.7612e+00
1119 +3.395816934e+03 +3.395816934e+03 +3.359526934e+03 +3.359526934e+03 -3.9367e+00 -3.6802e+00 -1.7858e+00 -2.8069e+00 -3.7260e+00
1450 +2.223963762e+03 +2.223963762e+03 +2.187673762e+03 +2.187673762e+03 -3.8033e+00 -3.5948e+00 -1.5145e+00 -2.8223e+00 -3.7670e+00
1715 +1.287063305e+03 +1.287063305e+03 +1.250773305e+03 +1.250773305e+03 -3.2542e+00 -3.3343e+00 -1.3040e+00 -2.8931e+00 -3.7628e+00
1852 +9.638186279e+02 +9.638186279e+02 +9.275286279e+02 +9.275286279e+02 -3.4044e+00 -3.4258e+00 -1.0917e+00 -2.9863e+00 -3.7505e+00
2519 +4.946440155e+02 +4.946440155e+02 +4.583540155e+02 +4.583540155e+02 -3.3321e+00 -3.2887e+00 -9.3858e-01 -2.8352e+00 -3.7416e+00
2731 +2.651035983e+02 +2.651035983e+02 +2.288135983e+02 +2.288135983e+02 -3.4932e+00 -3.3840e+00 -7.5611e-01 -2.8679e+00 -3.7468e+00
2732 +2.240533499e+02 +2.240533499e+02 +1.877633499e+02 +1.877633499e+02 -3.5075e+00 -3.3583e+00 -7.0066e-01 -2.8921e+00 -3.7479e+00
2937 +1.547781519e+02 +1.547781519e+02 +1.184881519e+02 +1.184881519e+02 -3.5249e+00 -3.2703e+00 -6.2009e-01 -2.8837e+00 -3.7507e+00
3582 +7.423128120e+01 +7.423128120e+01 +3.794128120e+01 +3.794128120e+01 -3.4882e+00 -3.2800e+00 -4.2463e-01 -2.8797e+00 -3.7527e+00
4341 +5.090169913e+01 +5.090169913e+01 +1.461169913e+01 +1.461169913e+01 -3.5369e+00 -3.1698e+00 -4.0860e-01 -2.8746e+00 -3.7480e+00
6095 +3.669207448e+01 +3.669207448e+01 +4.020744848e-01 +4.020744848e-01 -3.3810e+00 -3.1818e+00 -2.7502e-01 -2.8815e+00 -3.7476e+00
% function evaluation | noise-free fitness - Fopt (-4.840000000000e+01) | best noise-free fitness - Fopt | measured fitness | best measured fitness | x1 | x2...
1 +4.498128793e+05 +4.498128793e+05 +4.497644793e+05 +4.497644793e+05 -4.4385e+00 -1.6150e+00 -5.5477e-01 -1.1560e+00 +3.2704e+00
5 +2.605278509e+05 +2.605278509e+05 +2.604794509e+05 +2.604794509e+05 -5.0897e-01 -8.4915e-01 -3.9053e+00 +1.6009e-01 +2.4885e+00
7 +2.484322286e+05 +2.484322286e+05 +2.483838286e+05 +2.483838286e+05 +4.1934e-01 +2.5342e+00 -4.5881e-01 +2.3815e-01 +2.5376e+00
24 +1.280505461e+05 +1.280505461e+05 +1.280021461e+05 +1.280021461e+05 +8.2214e-01 -4.5450e+00 +2.5052e+00 -3.9858e+00 +2.7924e+00
77 +7.601235849e+04 +7.601235849e+04 +7.596395849e+04 +7.596395849e+04 -3.7299e+00 +4.0227e+00 +4.5198e+00 -1.4183e+00 +2.5384e+00
333 +5.877970030e+04 +5.877970030e+04 +5.873130030e+04 +5.873130030e+04 +5.8897e-01 -4.2940e+00 -5.7208e-01 -1.0490e+00 +2.7145e+00
541 +3.690028170e+04 +3.690028170e+04 +3.685188170e+04 +3.685188170e+04 -3.5170e+00 +4.0915e+00 +4.5143e+00 -1.8973e+00 +2.7153e+00
671 +2.176163003e+04 +2.176163003e+04 +2.171323003e+04 +2.171323003e+04 +6.6028e-01 -4.0800e+00 -5.3439e-01 -1.3885e+00 +2.6969e+00
988 +1.040366414e+04 +1.040366414e+04 +1.035526414e+04 +1.035526414e+04 +5.7408e-01 -4.4937e+00 -8.2307e-01 -1.7644e+00 +2.7254e+00
1072 +8.733864534e+03 +8.733864534e+03 +8.685464534e+03 +8.685464534e+03 +5.7111e-01 -4.4063e+00 -7.7060e-01 -1.8303e+00 +2.7345e+00
1129 +3.709988249e+03 +3.709988249e+03 +3.661588249e+03 +3.661588249e+03 +7.0994e-01 -4.2698e+00 -9.6041e-01 -1.9532e+00 +2.6763e+00
1228 +2.406339817e+03 +2.406339817e+03 +2.357939817e+03 +2.357939817e+03 +4.9594e-01 -4.2043e+00 -1.0024e+00 -2.0298e+00 +2.6684e+00
1316 +1.581076321e+03 +1.581076321e+03 +1.532676321e+03 +1.532676321e+03 +8.7616e-01 -4.4309e+00 -6.7849e-01 -2.0752e+00 +2.6899e+00
1412 +2.988284208e+02 +2.988284208e+02 +2.504284208e+02 +2.504284208e+02 +6.0326e-01 -4.1433e+00 -1.1953e+00 -2.2164e+00 +2.6957e+00
1600 +1.211632247e+02 +1.211632247e+02 +7.276322467e+01 +7.276322467e+01 +6.4100e-01 -4.1450e+00 -8.8692e-01 -2.2850e+00 +2.6786e+00
1829 +8.103944788e+01 +8.103944788e+01 +3.263944788e+01 +3.263944788e+01 +7.1361e-01 -3.9817e+00 -1.1879e+00 -2.2650e+00 +2.6876e+00
2322 +4.778215617e+01 +4.778215617e+01 -6.178438350e-01 -6.178438350e-01 +8.0190e-01 -3.7974e+00 -1.0973e+00 -2.2697e+00 +2.6828e+00
2984 +2.800520258e+01 +2.800520258e+01 -2.039479742e+01 -2.039479742e+01 +8.4014e-01 -3.7869e+00 -9.3561e-01 -2.2892e+00 +2.6872e+00
3915 +2.416138254e+01 +2.416138254e+01 -2.423861746e+01 -2.423861746e+01 +5.6048e-01 -3.6355e+00 -1.0426e+00 -2.2713e+00 +2.6888e+00
7800 +1.530324975e+01 +1.530324975e+01 -3.309675025e+01 -3.309675025e+01 +5.2828e-01 -3.2377e+00 -1.0923e+00 -2.2821e+00 +2.6889e+00
% function evaluation | noise-free fitness - Fopt (1.000000000000e+03) | best noise-free fitness - Fopt | measured fitness | best measured fitness | x1 | x2...
1 +1.563141616e+06 +1.563141616e+06 +1.564141616e+06 +1.564141616e+06 -2.6483e-01 +3.1448e+00 -2.2677e+00 +1.0520e+00 -1.2251e+00
5 +4.302187393e+05 +4.302187393e+05 +4.312187393e+05 +4.312187393e+05 +3.5428e+00 -3.0796e+00 +4.8372e+00 -4.3515e+00 -7.0850e-01
9 +2.352723344e+05 +2.352723344e+05 +2.362723344e+05 +2.362723344e+05 -2.5330e+00 -1.7533e+00 +3.5740e+00 -4.6476e+00 +9.5637e-02
41 +1.471305540e+05 +1.471305540e+05 +1.481305540e+05 +1.481305540e+05 -2.5577e+00 -4.1440e+00 +2.5131e+00 -2.4862e+00 +2.4895e-01
53 +8.257224613e+04 +8.257224613e+04 +8.357224613e+04 +8.357224613e+04 -3.2985e+00 -4.7911e+00 -1.3857e+00 -8.0605e-01 -6.2631e-02
61 +4.243889841e+04 +4.243889841e+04 +4.343889841e+04 +4.343889841e+04 -4.6772e+00 +3.8771e+00 -5.3781e-01 -1.6030e+00 -3.1369e-03
203 +2.845792541e+04 +2.845792541e+04 +2.945792541e+04 +2.945792541e+04 -4.6158e+00 +3.7109e+00 -5.4401e-01 -1.5947e+00 -6.9379e-02
219 +2.236585844e+04 +2.236585844e+04 +2.336585844e+04 +2.336585844e+04 -4.6534e+00 +4.0570e+00 -6.0017e-01 -1.6001e+00 -1.3501e-01
317 +1.281584538e+04 +1.281584538e+04 +1.381584538e+04 +1.381584538e+04 -4.5577e+00 +4.1407e+00 -3.7295e-01 -1.8517e+00 -1.0950e-01
474 +8.554683439e+03 +8.554683439e+03 +9.554683439e+03 +9.554683439e+03 -4.4498e+00 +3.7921e+00 -7.4755e-01 -2.2410e+00 -1.1508e-01
718 +6.203952495e+03 +6.203952495e+03 +7.203952495e+03 +7.203952495e+03 -4.6227e+00 +3.6996e+00 -4.5530e-01 -2.2376e+00 -1.5044e-01
1326 +3.557197477e+03 +3.557197477e+03 +4.557197477e+03 +4.557197477e+03 -4.4464e+00 +3.9232e+00 +4.8982e-01 -2.1998e+00 -1.4913e-01
1886 +2.375568937e+03 +2.375568937e+03 +3.375568937e+03 +3.375568937e+03 -4.5924e+00 +3.9419e+00 +8.5276e-01 -2.2711e+00 -1.4761e-01
3308 +1.579606674e+03 +1.579606674e+03 +2.579606674e+03 +2.579606674e+03 -4.3860e+00 +3.4253e+00 +1.3503e+00 -2.2656e+00 -1.6027e-01
9895 +9.587892719e+02 +9.587892719e+02 +1.958789272e+03 +1.958789272e+03 -4.8063e+00 +2.5467e+00 +1.7465e+00 -2.2514e+00 -1.5366e-01
17659 +6.285225406e+02 +6.285225406e+02 +1.628522541e+03 +1.628522541e+03 -4.2822e+00 +1.1941e+00 +1.7281e+00 -2.2727e+00 -1.6182e-01
22345 +3.945619586e+02 +3.945619586e+02 +1.394561959e+03 +1.394561959e+03 -4.5861e+00 +5.9302e-01 +1.7159e+00 -2.2670e+00 -1.5454e-01
32249 +2.440203080e+02 +2.440203080e+02 +1.244020308e+03 +1.244020308e+03 -4.5661e+00 -4.0766e-01 +1.7235e+00 -2.2766e+00 -1.5528e-01
42243 +1.472009121e+02 +1.472009121e+02 +1.147200912e+03 +1.147200912e+03 -4.1626e+00 -1.2433e+00 +1.6704e+00 -2.2588e+00 -1.6131e-01
43568 +9.802032745e+01 +9.802032745e+01 +1.098020327e+03 +1.098020327e+03 -4.1498e+00 -1.2659e+00 +1.7454e+00 -2.2779e+00 -1.4956e-01
% function evaluation | noise-free fitness - Fopt (3.261100000000e+02) | best noise-free fitness - Fopt | measured fitness | best measured fitness | x1 | x2...
1 +4.667368991e+07 +4.667368991e+07 +4.667401602e+07 +4.667401602e+07 -3.9058e+00 -1.3647e+00 -3.0918e+00 +3.5115e+00 +4.8377e+00
3 +4.328999474e+06 +4.328999474e+06 +4.329325584e+06 +4.329325584e+06 +3.9482e+00 +1.9143e+00 -2.3200e+00 -4.4535e+00 -3.5734e+00
6 +1.502247545e+06 +1.502247545e+06 +1.502573655e+06 +1.502573655e+06 +5.0886e-01 +2.2261e+00 -2.7630e+00 -2.1669e-01 -6.1464e-01
15 +6.149459175e+05 +6.149459175e+05 +6.152720275e+05 +6.152720275e+05 -4.8977e+00 +2.4482e+00 -2.0508e+00 +4.3061e+00 -1.9415e+00
31 +1.290565969e+05 +1.290565969e+05 +1.293827069e+05 +1.293827069e+05 -1.7482e-01 +5.6972e-01 -8.5844e-03 -5.8659e-01 -2.0533e+00
446 +7.460978979e+04 +7.460978979e+04 +7.493589979e+04 +7.493589979e+04 -3.0133e-01 +7.5804e-01 +9.2465e-02 -8.5681e-01 -1.9136e+00
492 +2.259569362e+04 +2.259569362e+04 +2.292180362e+04 +2.292180362e+04 -1.1141e-01 +4.7070e-01 +1.3231e-01 -5.4681e-01 -1.7908e+00
591 +1.440330301e+04 +1.440330301e+04 +1.472941301e+04 +1.472941301e+04 -5.3355e-01 +6.2989e-01 +2.5974e-01 -3.6035e-01 -1.7551e+00
766 +9.998478635e+03 +9.998478635e+03 +1.032458864e+04 +1.032458864e+04 -6.6105e-01 +6.9576e-01 +4.0158e-01 -1.8559e-01 -1.7001e+00
1017 +5.943838638e+03 +5.943838638e+03 +6.269948638e+03 +6.269948638e+03 -9.0950e-02 +7.0530e-01 +2.8897e-01 +1.3227e-01 -1.7195e+00
1962 +3.965841306e+03 +3.965841306e+03 +4.291951306e+03 +4.291951306e+03 -1.0676e-01 +8.1476e-01 +1.0827e+00 +2.1369e-02 -1.7441e+00
3244 +2.329728619e+03 +2.329728619e+03 +2.655838619e+03 +2.655838619e+03 -5.6391e-01 +6.6567e-01 +1.3990e+00 +1.1838e-01 -1.7262e+00
3607 +1.547833610e+03 +1.547833610e+03 +1.873943610e+03 +1.873943610e+03 -5.6886e-01 +5.8530e-01 +1.8122e+00 +2.8015e-01 -1.7428e+00
3947 +7.764896515e+02 +7.764896515e+02 +1.102599652e+03 +1.102599652e+03 -4.7667e-01 +6.2347e-01 +1.8942e+00 +1.2485e-01 -1.7307e+00
4425 +6.127770930e+02 +6.127770930e+02 +9.388870930e+02 +9.388870930e+02 -6.5396e-01 +6.5292e-01 +2.1619e+00 +7.2164e-02 -1.7258e+00
5361 +3.685652527e+02 +3.685652527e+02 +6.946752527e+02 +6.946752527e+02 -8.3485e-01 +9.6305e-01 +2.3321e+00 +1.2321e-01 -1.7234e+00
6107 +2.153643225e+02 +2.153643225e+02 +5.414743225e+02 +5.414743225e+02 -6.7369e-01 +9.4365e-01 +2.5169e+00 +1.8408e-01 -1.7387e+00
6973 +7.408739772e+01 +7.408739772e+01 +4.001973977e+02 +4.001973977e+02 -8.6925e-01 +1.1564e+00 +2.6991e+00 +1.5226e-01 -1.7303e+00
8483 +3.599039999e+01 +3.599039999e+01 +3.621004000e+02 +3.621004000e+02 -6.6192e-01 +1.7370e+00 +2.6407e+00 +1.3863e-01 -1.7310e+00
9763 +2.463580602e+01 +2.463580602e+01 +3.507458060e+02 +3.507458060e+02 -5.7709e-01 +1.6705e+00 +2.7450e+00 +1.4909e-01 -1.7320e+00
% function evaluation | noise-free fitness - Fopt (-4.682000000000e+01) | best noise-free fitness - Fopt | measured fitness | best measured fitness | x1 | x2...
1 +1.573322327e+07 +1.573322327e+07 +1.573317645e+07 +1.573317645e+07 +3.5223e+00 +1.9798e+00 +4.0004e+00 -1.3557e+00 -7.3795e-01
6 +3.177910013e+05 +3.177910013e+05 +3.177441813e+05 +3.177441813e+05 -4.0248e-01 -1.4512e+00 +1.1328e+00 -3.6403e+00 +2.7434e+00
54 +2.442815985e+05 +2.442815985e+05 +2.442347785e+05 +2.442347785e+05 +3.8206e+00 +1.4155e+00 +4.3714e+00 -4.8616e+00 +3.1059e+00
113 +1.508124164e+05 +1.508124164e+05 +1.507655964e+05 +1.507655964e+05 -4.0777e-01 +3.3834e+00 +1.0780e-02 -3.8128e-01 +3.4727e+00
169 +8.458956574e+04 +8.458956574e+04 +8.454274574e+04 +8.454274574e+04 -3.2659e-01 +3.2231e+00 +1.9267e-01 -4.1544e-01 +3.2902e+00
529 +5.732781053e+04 +5.732781053e+04 +5.728099053e+04 +5.728099053e+04 -4.1153e-02 +3.1797e+00 +1.4485e-01 -9.3732e-01 +3.2588e+00
666 +3.373243580e+04 +3.373243580e+04 +3.368561580e+04 +3.368561580e+04 +1.6397e-01 +3.0272e+00 +1.7980e-01 -1.1675e+00 +3.1357e+00
815 +2.445892068e+04 +2.445892068e+04 +2.441210068e+04 +2.441210068e+04 -3.6490e-03 +3.0893e+00 +3.6498e-01 -1.2195e+00 +3.2234e+00
924 +1.431015828e+04 +1.431015828e+04 +1.426333828e+04 +1.426333828e+04 +1.1366e-01 +3.3341e+00 +2.4607e-01 -1.5725e+00 +3.2365e+00
1021 +9.054791223e+03 +9.054791223e+03 +9.007971223e+03 +9.007971223e+03 -1.4949e-01 +3.3204e+00 +5.1110e-04 -1.8308e+00 +3.2389e+00
1122 +5.896290745e+03 +5.896290745e+03 +5.849470745e+03 +5.849470745e+03 +1.9286e-01 +3.4079e+00 +3.1210e-01 -1.9851e+00 +3.1952e+00
2167 +3.876419445e+03 +3.876419445e+03 +3.829599445e+03 +3.829599445e+03 -3.9863e-01 +3.1641e+00 +7.5881e-01 -2.0359e+00 +3.2129e+00
3002 +2.451409233e+03 +2.451409233e+03 +2.404589233e+03 +2.404589233e+03 -6.5565e-01 +2.9699e+00 +1.2704e+00 -1.9983e+00 +3.2212e+00
3396 +1.280525127e+03 +1.280525127e+03 +1.233705127e+03 +1.233705127e+03 -5.7655e-01 +3.2319e+00 +1.5859e+00 -2.0447e+00 +3.2083e+00
3411 +8.858766023e+02 +8.858766023e+02 +8.390566023e+02 +8.390566023e+02 -6.8275e-01 +3.1155e+00 +1.7771e+00 -2.1272e+00 +3.2217e+00
4560 +5.152913669e+02 +5.152913669e+02 +4.684713669e+02 +4.684713669e+02 -8.6182e-01 +2.9446e+00 +2.0673e+00 -2.0419e+00 +3.2119e+00
5043 +3.684549499e+02 +3.684549499e+02 +3.216349499e+02 +3.216349499e+02 -4.0373e-01 +3.1795e+00 +2.2826e+00 -2.1148e+00 +3.2164e+00
10028 +2.509736337e+02 +2.509736337e+02 +2.041536337e+02 +2.041536337e+02 +1.6530e-01 +2.9980e+00 +2.5872e+00 -2.0710e+00 +3.2206e+00
12821 +1.280905299e+02 +1.280905299e+02 +8.127052994e+01 +8.127052994e+01 -5.3568e-01 +2.4111e+00 +2.6584e+00 -2.0791e+00 +3.2185e+00
16677 +8.798753028e+01 +8.798753028e+01 +4.116753028e+01 +4.116753028e+01 -5.9384e-01 +2.2245e+00 +2.5901e+00 -2.0701e+00 +3.2161e+00
% function evaluation | noise-free fitness - Fopt (-5.563000000000e+01) | best noise-free fitness - Fopt | measured fitness | best measured fitness | x1 | x2...
1 +2.528341201e+07 +2.528341201e+07 +2.528335638e+07 +2.528335638e+07 -1.1823e+00 +2.8701e-02 -1.2263e+00 +1.8859e+00 -3.6754e+00
2 +2.011187912e+07 +2.011187912e+07 +2.011182349e+07 +2.011182349e+07 +2.7709e+00 +9.4491e-03 +2.3346e+00 +1.2148e+00 -3.0280e+00
3 +1.473097689e+06 +1.473097689e+06 +1.473042059e+06 +1.473042059e+06 +1.8524e+00 -4.3078e+00 +3.2148e-01 +3.4890e+00 +4.9032e-01
13 +5.724566436e+04 +5.724566436e+04 +5.719003436e+04 +5.719003436e+04 +1.2457e+00 +2.0794e+00 +1.2487e+00 -1.4758e-01 +1.6452e+00
20 +2.028925226e+04 +2.028925226e+04 +2.023362226e+04 +2.023362226e+04 -3.2633e+00 +3.4763e+00 +1.5570e+00 -2.7783e-01 +1.4594e+00
254 +1.544871863e+04 +1.544871863e+04 +1.539308863e+04 +1.539308863e+04 +1.0197e+00 +2.2589e+00 +1.1451e+00 -5.0979e-01 +1.5069e+00
702 +9.885570688e+03 +9.885570688e+03 +9.829940688e+03 +9.829940688e+03 +8.3484e-01 +1.9369e+00 +7.9883e-01 -6.4351e-01 +1.4488e+00
1306 +6.170655927e+03 +6.170655927e+03 +6.115025927e+03 +6.115025927e+03 +8.8794e-01 +2.0715e+00 -1.2494e-01 -6.5712e-01 +1.4782e+00
2127 +3.924708611e+03 +3.924708611e+03 +3.869078611e+03 +3.869078611e+03 +5.0919e-01 +1.8190e+00 -4.7305e-01 -6.1866e-01 +1.4441e+00
2502 +2.124137078e+03 +2.124137078e+03 +2.068507078e+03 +2.068507078e+03 +8.5091e-01 +1.4564e+00 -8.9541e-01 -6.5507e-01 +1.4628e+00
3658 +1.483252288e+03 +1.483252288e+03 +1.427622288e+03 +1.427622288e+03 +9.8837e-01 +1.4607e+00 -1.3409e+00 -7.4968e-01 +1.4530e+00
4303 +9.911917738e+02 +9.911917738e+02 +9.355617738e+02 +9.355617738e+02 +9.7754e-01 +1.6664e+00 -1.4858e+00 -5.9163e-01 +1.4538e+00
4915 +5.615617664e+02 +5.615617664e+02 +5.059317664e+02 +5.059317664e+02 +7.0473e-01 +1.5292e+00 -1.6944e+00 -6.6218e-01 +1.4562e+00
5290 +2.716431770e+02 +2.716431770e+02 +2.160131770e+02 +2.160131770e+02 +1.0390e+00 +1.6024e+00 -2.0175e+00 -7.0770e-01 +1.4549e+00
5847 +2.463285882e+02 +2.463285882e+02 +1.906985882e+02 +1.906985882e+02 +8.7658e-01 +1.7708e+00 -1.9808e+00 -6.4299e-01 +1.4588e+00
6030 +1.047995266e+02 +1.047995266e+02 +4.916952657e+01 +4.916952657e+01 +7.1389e-01 +1.2980e+00 -2.1218e+00 -6.6503e-01 +1.4614e+00
6471 +9.713445294e+01 +9.713445294e+01 +4.150445294e+01 +4.150445294e+01 +1.3337e+00 +1.1935e+00 -2.5105e+00 -7.1291e-01 +1.4609e+00
7825 +2.935741432e+01 +2.935741432e+01 -2.627258568e+01 -2.627258568e+01 +4.4083e-01 +9.2805e-01 -2.4190e+00 -6.4707e-01 +1.4590e+00
9385 +2.396293761e+01 +2.396293761e+01 -3.166706239e+01 -3.166706239e+01 +7.9442e-02 +8.0140e-01 -2.4969e+00 -6.8455e-01 +1.4606e+00
15458 +1.241285121e+01 +1.241285121e+01 -4.321714879e+01 -4.321714879e+01 -2.6451e-01 +7.4152e-01 -2.3652e+00 -6.7661e-01 +1.4616e+00
% function evaluation | noise-free fitness - Fopt (3.460000000000e+01) | best noise-free fitness - Fopt | measured fitness | best measured fitness | x1 | x2...
1 +4.180468644e+07 +4.180468644e+07 +4.180472104e+07 +4.180472104e+07 -2.0103e+00 -3.8630e+00 -4.7936e+00 -1.4735e-01 +4.5110e+00
2 +1.198209462e+07 +1.198209462e+07 +1.198212922e+07 +1.198212922e+07 -3.0849e+00 +7.8582e-01 -4.5352e+00 +3.9521e+00 +1.7007e+00
3 +8.328626797e+06 +8.328626797e+06 +8.328661397e+06 +8.328661397e+06 +3.6784e+00 -4.6239e+00 -2.8286e-01 -6.5273e-01 +1.0821e+00
4 +1.384986893e+06 +1.384986893e+06 +1.385021493e+06 +1.385021493e+06 -5.3853e-01 +4.5624e+00 -1.2280e+00 +2.3633e+00 -7.2004e-01
6 +4.488332810e+05 +4.488332810e+05 +4.488678810e+05 +4.488678810e+05 +4.1933e+00 +2.0077e+00 -2.2890e+00 -2.8344e+00 -1.5432e+00
11 +1.904213520e+05 +1.904213520e+05 +1.904559520e+05 +1.904559520e+05 -4.7754e+00 -4.1866e+00 -7.9481e-01 +2.7917e+00 -1.6074e+00
152 +6.943551392e+04 +6.943551392e+04 +6.947011392e+04 +6.947011392e+04 -2.2335e+00 +3.5967e+00 -3.2484e+00 +1.8235e+00 -1.6684e+00
205 +2.205703768e+04 +2.205703768e+04 +2.209163768e+04 +2.209163768e+04 -3.0732e+00 -1.9299e+00 -3.4604e+00 -5.6291e-02 -1.8714e+00
299 +1.584511033e+04 +1.584511033e+04 +1.587971033e+04 +1.587971033e+04 -3.1544e+00 -1.9597e+00 -3.6779e+00 +8.3050e-02 -1.8386e+00
314 +8.533063391e+03 +8.533063391e+03 +8.567663391e+03 +8.567663391e+03 -3.1542e+00 -2.1452e+00 -3.7164e+00 +3.2799e-01 -1.8144e+00
515 +5.948748251e+03 +5.948748251e+03 +5.983348251e+03 +5.983348251e+03 -3.1041e+00 -2.0369e+00 -3.4848e+00 +4.0447e-01 -1.7893e+00
718 +3.927058038e+03 +3.927058038e+03 +3.961658038e+03 +3.961658038e+03 -3.6478e+00 -2.2332e+00 -3.3443e+00 +6.5287e-01 -1.8205e+00
961 +2.465046729e+03 +2.465046729e+03 +2.499646729e+03 +2.499646729e+03 -3.6568e+00 -2.0674e+00 -3.0626e+00 +6.4989e-01 -1.8042e+00
1127 +1.554133391e+03 +1.554133391e+03 +1.588733391e+03 +1.588733391e+03 -3.2200e+00 -1.6035e+00 -2.7786e+00 +7.3279e-01 -1.8068e+00
1285 +8.392423200e+02 +8.392423200e+02 +8.738423200e+02 +8.738423200e+02 -3.2716e+00 -1.6580e+00 -2.5067e+00 +7.0076e-01 -1.7921e+00
2607 +6.262684781e+02 +6.262684781e+02 +6.608684781e+02 +6.608684781e+02 -3.0838e+00 -1.7686e+00 -2.2858e+00 +6.4544e-01 -1.7946e+00
2670 +3.608119514e+02 +3.608119514e+02 +3.954119514e+02 +3.954119514e+02 -3.2000e+00 -1.6037e+00 -1.9813e+00 +6.6357e-01 -1.7972e+00
5985 +2.313797718e+02 +2.313797718e+02 +2.659797718e+02 +2.659797718e+02 -2.8041e+00 -1.0420e+00 -1.8359e+00 +6.8880e-01 -1.7965e+00
16861 +1.557186677e+02 +1.557186677e+02 +1.903186677e+02 +1.903186677e+02 -3.2366e+00 -2.8212e-01 -1.7655e+00 +6.9004e-01 -1.7978e+00
% function evaluation | noise-free fitness - Fopt (8.816000000000e+01) | best noise-free fitness - Fopt | measured fitness | best measured fitness | x1 | x2...
1 +6.334683183e+06 +6.334683183e+06 +6.334771343e+06 +6.334771343e+06 +1.4112e+00 -9.5517e-01 +3.5449e+00 -3.1978e+00 +1.2591e+00
4 +5.511104054e+06 +5.511104054e+06 +5.511192214e+06 +5.511192214e+06 -3.4108e+00 +1.5185e+00 -4.0085e+00 -4.2357e-01 -3.1638e+00
5 +6.656188729e+05 +6.656188729e+05 +6.657070329e+05 +6.657070329e+05 +4.4240e+00 +2.0883e+00 +4.5577e+00 +1.4063e+00 -1.6577e+00
16 +4.921531440e+05 +4.921531440e+05 +4.922413040e+05 +4.922413040e+05 +1.1443e+00 -3.8194e-01 +1.7348e-01 -1.1595e-01 -7.2197e-01
23 +1.878734118e+05 +1.878734118e+05 +1.879615718e+05 +1.879615718e+05 +1.7465e+00 +4.0041e+00 +4.7193e+00 +1.9097e+00 -6.4544e-01
29 +1.536959687e+05 +1.536959687e+05 +1.537841287e+05 +1.537841287e+05 -4.9978e+00 -3.0973e+00 +8.6105e-01 +4.7081e+00 -5.4957e-01
322 +8.173568743e+04 +8.173568743e+04 +8.182384743e+04 +8.182384743e+04 -5.0000e+00 -3.1029e+00 +8.5472e-01 +4.9720e+00 -7.4505e-01
387 +6.294469365e+04 +6.294469365e+04 +6.303285365e+04 +6.303285365e+04 -5.0000e+00 -3.1663e+00 +9.7967e-01 +4.4422e+00 -6.8146e-01
412 +3.897890184e+04 +3.897890184e+04 +3.906706184e+04 +3.906706184e+04 -5.0000e+00 -3.1880e+00 +1.0788e+00 +4.4072e+00 -7.4089e-01
419 +1.624929395e+04 +1.624929395e+04 +1.633745395e+04 +1.633745395e+04 -5.0000e+00 -3.1728e+00 +9.9444e-01 +4.3401e+00 -8.9475e-01
539 +1.534291551e+04 +1.534291551e+04 +1.543107551e+04 +1.543107551e+04 -4.9575e+00 -3.0900e+00 +7.1162e-01 +4.2373e+00 -8.2759e-01
571 +9.892199264e+03 +9.892199264e+03 +9.980359264e+03 +9.980359264e+03 -5.0000e+00 -3.2197e+00 +7.7282e-01 +4.1931e+00 -8.6745e-01
637 +5.491962292e+03 +5.491962292e+03 +5.580122292e+03 +5.580122292e+03 -4.9496e+00 -3.2582e+00 +8.6536e-01 +4.0612e+00 -8.9830e-01
796 +3.705956394e+03 +3.705956394e+03 +3.794116394e+03 +3.794116394e+03 -4.9265e+00 -3.4646e+00 +5.7142e-01 +3.9547e+00 -9.0060e-01
907 +2.367236129e+03 +2.367236129e+03 +2.455396129e+03 +2.455396129e+03 -4.9750e+00 -3.2875e+00 +4.3501e-01 +3.8587e+00 -8.9764e-01
1805 +1.479879656e+03 +1.479879656e+03 +1.568039656e+03 +1.568039656e+03 -4.8254e+00 -2.9165e+00 +6.7023e-01 +3.6766e+00 -9.0601e-01
6784 +9.970216966e+02 +9.970216966e+02 +1.085181697e+03 +1.085181697e+03 -4.3971e+00 -1.8010e+00 +5.8629e-01 +3.7188e+00 -8.9054e-01
15095 +6.125703702e+02 +6.125703702e+02 +7.007303702e+02 +7.007303702e+02 -4.4166e+00 -4.3551e-01 +8.3572e-01 +3.7195e+00 -8.9485e-01
19742 +3.890036308e+02 +3.890036308e+02 +4.771636308e+02 +4.771636308e+02 -4.7678e+00 +4.1372e-01 +8.4534e-01 +3.6983e+00 -8.9444e-01
27651 +2.326439090e+02 +2.326439090e+02 +3.208039090e+02 +3.208039090e+02 -4.1882e+00 +1.3476e+00 +9.1644e-01 +3.6759e+00 -8.9327e-01
44016 +1.580751883e+02 +1.580751883e+02 +2.462351883e+02 +2.462351883e+02 -4.0495e+00 +2.0005e+00 +6.4873e-01 +3.6804e+00 -8.9296e-01
55592 +8.605272646e+01 +8.605272646e+01 +1.742127265e+02 +1.742127265e+02 -4.9507e+00 +2.5942e+00 +8.5556e-01 +3.7102e+00 -8.9328e-01
63973 +5.799777390e+01 +5.799777390e+01 +1.461577739e+02 +1.461577739e+02 -5.0000e+00 +3.0121e+00 +7.5036e-01 +3.6782e+00 -8.9578e-01
65517 +2.822938687e+01 +2.822938687e+01 +1.163893869e+02 +1.163893869e+02 -4.5611e+00 +3.3414e+00 +8.3621e-01 +3.6959e+00 -8.9341e-01
% function evaluation | noise-free fitness - Fopt (-1.866200000000e+02) | best noise-free fitness - Fopt | measured fitness | best measured fitness | x1 | x2...
1 +4.733805484e+06 +4.733805484e+06 +4.733618864e+06 +4.733618864e+06 -2.0429e+00 +3.9558e+00 -1.6653e+00 -2.6453e+00 -1.8078e+00
3 +4.203701946e+05 +4.203701946e+05 +4.201835746e+05 +4.201835746e+05 -6.4332e-01 -2.4293e+00 +1.8408e+00 -4.3553e+00 -2.6393e-01
22 +3.696450145e+05 +3.696450145e+05 +3.694583945e+05 +3.694583945e+05 +9.8919e-01 -8.8605e-01 -9.7886e-01 -3.9404e+00 +9.4296e-01
23 +1.649826565e+05 +1.649826565e+05 +1.647960365e+05 +1.647960365e+05 -2.0426e+00 -4.6465e+00 -2.2893e+00 -3.0514e+00 +2.5042e-02
59 +1.120833990e+05 +1.120833990e+05 +1.118967790e+05 +1.118967790e+05 -3.4630e-01 -8.5989e-01 -2.6965e+00 -4.0040e+00 +1.3290e-01
171 +5.253054735e+04 +5.253054735e+04 +5.234392735e+04 +5.234392735e+04 -3.0680e-01 -8.7061e-01 -3.0111e+00 -3.8522e+00 +2.7864e-01
351 +3.834029272e+04 +3.834029272e+04 +3.815367272e+04 +3.815367272e+04 -4.5344e-01 -8.5728e-01 -3.3168e+00 -3.6838e+00 +3.5574e-01
705 +2.426695860e+04 +2.426695860e+04 +2.408033860e+04 +2.408033860e+04 -7.3842e-01 -6.8002e-01 -2.6469e+00 -3.3419e+00 +4.1052e-01
1430 +1.500540350e+04 +1.500540350e+04 +1.481878350e+04 +1.481878350e+04 -7.2826e-01 -6.0873e-01 -1.6557e+00 -3.2264e+00 +3.8842e-01
2594 +9.773285088e+03 +9.773285088e+03 +9.586665088e+03 +9.586665088e+03 -7.2508e-01 -7.3968e-01 -8.7326e-01 -3.0287e+00 +3.7157e-01
3251 +6.167112028e+03 +6.167112028e+03 +5.980492028e+03 +5.980492028e+03 -5.5778e-01 -4.3089e-01 -9.2156e-02 -3.1034e+00 +3.6213e-01
4163 +3.953267685e+03 +3.953267685e+03 +3.766647685e+03 +3.766647685e+03 -1.1525e+00 -5.4565e-01 +2.7991e-01 -3.1652e+00 +3.9160e-01
4371 +2.505522267e+03 +2.505522267e+03 +2.318902267e+03 +2.318902267e+03 -5.5324e-01 -4.0846e-01 +9.0805e-01 -3.1284e+00 +4.1528e-01
4690 +1.481277244e+03 +1.481277244e+03 +1.294657244e+03 +1.294657244e+03 -4.9940e-01 -4.8356e-01 +1.2060e+00 -3.0235e+00 +3.9357e-01
4882 +8.625567795e+02 +8.625567795e+02 +6.759367795e+02 +6.759367795e+02 -4.9748e-01 -2.1367e-01 +1.3510e+00 -3.1160e+00 +4.0152e-01
5085 +5.723472384e+02 +5.723472384e+02 +3.857272384e+02 +3.857272384e+02 -8.1013e-01 -4.6134e-01 +1.4941e+00 -3.1207e+00 +3.9527e-01
5461 +3.588882470e+02 +3.588882470e+02 +1.722682470e+02 +1.722682470e+02 -7.5847e-01 +1.9319e-01 +1.8734e+00 -3.1352e+00 +3.9216e-01
8098 +2.398899526e+02 +2.398899526e+02 +5.326995263e+01 +5.326995263e+01 -4.2733e-01 -1.5358e-01 +2.1381e+00 -3.1386e+00 +3.9482e-01
13879 +1.370333204e+02 +1.370333204e+02 -4.958667956e+01 -4.958667956e+01 -7.0286e-01 -8.2379e-01 +2.2608e+00 -3.1367e+00 +3.9604e-01
19043 +8.655480058e+01 +8.655480058e+01 -1.000651994e+02 -1.000651994e+02 -8.6561e-01 -1.3353e+00 +2.1367e+00 -3.1399e+00 +3.9015e-01
