% function evaluation | noise-free fitness - Fopt (6.870000000000e+00) | best noise-free fitness - Fopt | measured fitness | best measured fitness | x1 | x2...
1 +1.652652812e+01 +1.652652812e+01 +2.339652812e+01 +2.339652812e+01 -2.0885e+00 +1.2557e+00 -2.2387e+00 +4.7689e+00 +4.2503e+00
2 +8.659702145e+00 +8.659702145e+00 +1.552970214e+01 +1.552970214e+01 +1.8434e-01 +4.3844e+00 -2.8066e+00 +2.8534e+00 +4.3911e+00
18 +5.647932468e+00 +5.647932468e+00 +1.251793247e+01 +1.251793247e+01 -4.7740e+00 +3.8234e-01 -2.1253e+00 -2.8235e+00 +4.2922e+00
78 +1.973025416e+00 +1.973025416e+00 +8.843025416e+00 +8.843025416e+00 +8.6334e-02 +9.7795e-01 +3.7281e+00 +3.4110e+00 -4.0951e+00
323 +1.338032167e+00 +1.338032167e+00 +8.208032167e+00 +8.208032167e+00 -2.3100e+00 +9.0675e-01 -3.9922e+00 +4.6893e+00 +3.2912e+00
469 +9.216759464e-01 +9.216759464e-01 +7.791675946e+00 +7.791675946e+00 -2.3077e+00 +9.2501e-01 -3.9669e+00 +4.6915e+00 +3.2984e+00
517 +4.812514624e-01 +4.812514624e-01 +7.351251462e+00 +7.351251462e+00 -2.3146e+00 +9.1524e-01 -3.9812e+00 +4.6926e+00 +3.2965e+00
1048 +3.339572909e-01 +3.339572909e-01 +7.203957291e+00 +7.203957291e+00 -2.3145e+00 +9.2237e-01 -3.9789e+00 +4.6855e+00 +3.3130e+00
3331 +1.749236734e-01 +1.749236734e-01 +7.044923673e+00 +7.044923673e+00 -2.3195e+00 +9.2161e-01 -3.9781e+00 +4.6923e+00 +3.3067e+00
% function evaluation | noise-free fitness - Fopt (1.000000000000e-02) | best noise-free fitness - Fopt | measured fitness | best measured fitness | x1 | x2...
1 +1.517487521e+01 +1.517487521e+01 +1.518487521e+01 +1.518487521e+01 +1.4483e+00 +2.0059e+00 -3.4337e+00 +2.3610e+00 -2.7550e+00
18 +8.112415355e+00 +8.112415355e+00 +8.122415355e+00 +8.122415355e+00 +2.0163e+00 +1.1934e+00 -3.9150e+00 +4.0009e+00 +3.4835e+00
25 +4.114144943e+00 +4.114144943e+00 +4.124144943e+00 +4.124144943e+00 -1.0232e+00 +4.1848e-01 +2.2190e+00 -2.2842e+00 -3.5526e+00
112 +2.781219154e+00 +2.781219154e+00 +2.791219154e+00 +2.791219154e+00 -1.0239e+00 +4.0727e-01 +2.2117e+00 -2.2720e+00 -3.5346e+00
161 +1.999286083e+00 +1.999286083e+00 +2.009286083e+00 +2.009286083e+00 -1.0261e+00 +3.9458e-01 +2.2190e+00 -2.2695e+00 -3.5393e+00
262 +1.435968402e+00 +1.435968402e+00 +1.445968402e+00 +1.445968402e+00 -1.0170e+00 +3.9923e-01 +2.2214e+00 -2.2703e+00 -3.5327e+00
588 +9.695858346e-01 +9.695858346e-01 +9.795858346e-01 +9.795858346e-01 -1.0055e+00 +3.9610e-01 +2.2164e+00 -2.2726e+00 -3.5293e+00
1242 +5.156380371e-01 +5.156380371e-01 +5.256380371e-01 +5.256380371e-01 -1.0141e+00 +3.6429e-01 +2.1927e+00 -2.2645e+00 -3.5330e+00
1961 +3.704294529e-01 +3.704294529e-01 +3.804294529e-01 +3.804294529e-01 -1.0258e+00 +3.6904e-01 +2.2022e+00 -2.2609e+00 -3.5412e+00
8365 +2.392726511e-01 +2.392726511e-01 +2.492726511e-01 +2.492726511e-01 -1.0198e+00 +3.5713e-01 +2.1891e+00 -2.2570e+00 -3.5381e+00
18684 +1.423084052e-01 +1.423084052e-01 +1.523084052e-01 +1.523084052e-01 -1.0200e+00 +3.6292e-01 +2.1932e+00 -2.2587e+00 -3.5351e+00
% function evaluation | noise-free fitness - Fopt (-1.306100000000e+02) | best noise-free fitness - Fopt | measured fitness | best measured fitness | x1 | x2...
1 +1.642272023e+01 +1.642272023e+01 -1.141872798e+02 -1.141872798e+02 -8.3385e-02 -3.8941e+00 -4.2044e+00 -3.4655e+00 +1.9984e+00
4 +8.640779645e+00 +8.640779645e+00 -1.219692204e+02 -1.219692204e+02 -4.6803e+00 -3.4230e+00 +2.8777e+00 +3.1868e-01 +9.6959e-01
21 +2.443135886e+00 +2.443135886e+00 -1.281668641e+02 -1.281668641e+02 +4.3012e+00 -5.3870e-03 -2.6057e+00 +4.2587e+00 -4.4727e+00
145 +1.309999860e+00 +1.309999860e+00 -1.293000001e+02 -1.293000001e+02 +4.2929e+00 -4.5094e-03 -2.6130e+00 +4.2700e+00 -4.4694e+00
310 +9.929624323e-01 +9.929624323e-01 -1.296170376e+02 -1.296170376e+02 +4.3059e+00 -3.9912e-02 -2.5988e+00 +4.2758e+00 -4.4699e+00
369 +5.440679360e-01 +5.440679360e-01 -1.300659321e+02 -1.300659321e+02 +4.3069e+00 -4.8281e-02 -2.5970e+00 +4.2687e+00 -4.4782e+00
704 +2.159649962e-01 +2.159649962e-01 -1.303940350e+02 -1.303940350e+02 +4.3053e+00 -4.0683e-02 -2.5981e+00 +4.2611e+00 -4.4769e+00
% function evaluation | noise-free fitness - Fopt (-2.231200000000e+02) | best noise-free fitness - Fopt | measured fitness | best measured fitness | x1 | x2...
1 +2.239199023e+01 +2.239199023e+01 -2.007280098e+02 -2.007280098e+02 +8.4392e-01 -1.3499e+00 -4.7497e+00 -1.1325e-01 -3.2682e+00
4 +9.407154659e+00 +9.407154659e+00 -2.137128453e+02 -2.137128453e+02 -4.8535e+00 +1.3156e+00 +1.6370e+00 +8.0775e-01 -4.9918e+00
81 +1.569293649e+00 +1.569293649e+00 -2.215507064e+02 -2.215507064e+02 +4.1771e+00 -3.4915e+00 -9.0592e-02 -1.7207e+00 +2.3699e+00
309 +9.985935754e-01 +9.985935754e-01 -2.221214064e+02 -2.221214064e+02 +4.1953e+00 -3.5022e+00 -8.7773e-02 -1.7147e+00 +2.3606e+00
661 +6.004474960e-01 +6.004474960e-01 -2.225195525e+02 -2.225195525e+02 +4.1862e+00 -3.4952e+00 -1.0403e-01 -1.7330e+00 +2.3682e+00
1869 +3.605296640e-01 +3.605296640e-01 -2.227594703e+02 -2.227594703e+02 +4.2003e+00 -3.5002e+00 -1.0312e-01 -1.7316e+00 +2.3522e+00
7070 +2.396879068e-01 +2.396879068e-01 -2.228803121e+02 -2.228803121e+02 +4.2095e+00 -3.4973e+00 -1.0365e-01 -1.7340e+00 +2.3449e+00
% function evaluation | noise-free fitness - Fopt (-4.443000000000e+01) | best noise-free fitness - Fopt | measured fitness | best measured fitness | x1 | x2...
1 +4.097672276e+01 +4.097672276e+01 -3.453277237e+00 -3.453277237e+00 +4.1327e+00 -4.7463e+00 +1.6342e-01 +4.0452e+00 -2.7045e+00
2 +8.622023568e+00 +8.622023568e+00 -3.580797643e+01 -3.580797643e+01 -9.0515e-01 +3.6076e-01 -1.1103e+00 -1.6286e+00 +2.4147e+00
7 +5.149759452e+00 +5.149759452e+00 -3.928024055e+01 -3.928024055e+01 -3.9230e+00 -4.0700e+00 +1.0531e+00 +2.3883e+00 +3.1441e+00
64 +2.581483899e+00 +2.581483899e+00 -4.184851610e+01 -4.184851610e+01 -2.1221e+00 -4.0232e+00 +1.6780e+00 +1.7100e+00 -1.0757e+00
104 +2.041364951e+00 +2.041364951e+00 -4.238863505e+01 -4.238863505e+01 -2.1251e+00 -4.0292e+00 +1.6809e+00 +1.6983e+00 -1.0724e+00
127 +1.539319326e+00 +1.539319326e+00 -4.289068067e+01 -4.289068067e+01 -2.1180e+00 -4.0271e+00 +1.6855e+00 +1.7147e+00 -1.0796e+00
129 +9.137283230e-01 +9.137283230e-01 -4.351627168e+01 -4.351627168e+01 -2.1133e+00 -4.0230e+00 +1.6816e+00 +1.7156e+00 -1.0666e+00
568 +5.446380944e-01 +5.446380944e-01 -4.388536191e+01 -4.388536191e+01 -2.1065e+00 -4.0165e+00 +1.6906e+00 +1.7127e+00 -1.0708e+00
3464 +2.212917614e-01 +2.212917614e-01 -4.420870824e+01 -4.420870824e+01 -2.1024e+00 -4.0237e+00 +1.6956e+00 +1.7111e+00 -1.0586e+00
% function evaluation | noise-free fitness - Fopt (1.994000000000e+01) | best noise-free fitness - Fopt | measured fitness | best measured fitness | x1 | x2...
1 +2.316223287e+01 +2.316223287e+01 +4.310223287e+01 +4.310223287e+01 +3.2259e+00 -1.2440e+00 +3.3053e+00 -2.3388e+00 +2.9722e+00
6 +8.299337824e+00 +8.299337824e+00 +2.823933782e+01 +2.823933782e+01 +3.6020e-01 -2.4386e+00 -1.7818e+00 -3.1650e+00 -2.8028e+00
20 +5.044704110e+00 +5.044704110e+00 +2.498470411e+01 +2.498470411e+01 -3.1840e+00 -2.5033e+00 -1.0002e+00 +3.9588e+00 +4.8804e+00
108 +2.041781852e+00 +2.041781852e+00 +2.198178185e+01 +2.198178185e+01 +4.7078e+00 +3.2590e+00 -4.8371e+00 -3.5495e+00 +1.6294e+00
159 +1.344030099e+00 +1.344030099e+00 +2.128403010e+01 +2.128403010e+01 +3.1354e+00 -1.9983e+00 +1.3629e+00 -2.9168e+00 -4.7110e+00
264 +8.240352423e-01 +8.240352423e-01 +2.076403524e+01 +2.076403524e+01 +3.1373e+00 -1.9869e+00 +1.3864e+00 -2.9131e+00 -4.7201e+00
3196 +5.834254596e-01 +5.834254596e-01 +2.052342546e+01 +2.052342546e+01 +3.1428e+00 -1.9685e+00 +1.4082e+00 -2.9163e+00 -4.7237e+00
5467 +3.599027430e-01 +3.599027430e-01 +2.029990274e+01 +2.029990274e+01 +3.1388e+00 -1.9492e+00 +1.4086e+00 -2.9261e+00 -4.7104e+00
6953 +1.720709483e-01 +1.720709483e-01 +2.011207095e+01 +2.011207095e+01 +3.1417e+00 -1.9489e+00 +1.4242e+00 -2.9146e+00 -4.7228e+00
% function evaluation | noise-free fitness - Fopt (2.047400000000e+02) | best noise-free fitness - Fopt | measured fitness | best measured fitness | x1 | x2...
1 +7.998252582e+00 +7.998252582e+00 +2.127382526e+02 +2.127382526e+02 -2.6551e+00 +4.7756e+00 +2.1586e+00 +3.1423e-01 -2.7511e+00
20 +5.116593829e+00 +5.116593829e+00 +2.098565938e+02 +2.098565938e+02 +3.0015e+00 -1.2376e+00 +4.2746e+00 +2.2239e+00 -2.8634e+00
32 +3.627256844e+00 +3.627256844e+00 +2.083672568e+02 +2.083672568e+02 +1.5590e+00 -3.3925e+00 -4.1639e+00 +1.8047e-01 -9.9257e-01
122 +2.457027323e+00 +2.457027323e+00 +2.071970273e+02 +2.071970273e+02 -4.6744e+00 -1.1573e+00 -4.1229e+00 +3.9315e+00 -4.1288e+00
166 +1.058681477e+00 +1.058681477e+00 +2.057986815e+02 +2.057986815e+02 -4.6652e+00 -1.1884e+00 -4.1497e+00 +3.9122e+00 -4.1190e+00
198 +8.150056026e-01 +8.150056026e-01 +2.055550056e+02 +2.055550056e+02 -4.6711e+00 -1.1733e+00 -4.1354e+00 +3.9172e+00 -4.1175e+00
1102 +3.714744159e-01 +3.714744159e-01 +2.051114744e+02 +2.051114744e+02 -4.6745e+00 -1.1760e+00 -4.1408e+00 +3.9128e+00 -4.1161e+00
% function evaluation | noise-free fitness - Fopt (-3.887700000000e+02) | best noise-free fitness - Fopt | measured fitness | best measured fitness | x1 | x2...
1 +3.684676500e+00 +3.684676500e+00 -3.850853235e+02 -3.850853235e+02 +3.1312e+00 +4.2170e+00 -3.2961e+00 -5.6510e-02 -2.4464e+00
260 +1.842955076e+00 +1.842955076e+00 -3.869270449e+02 -3.869270449e+02 +1.0188e+00 +1.7790e+00 +4.4850e+00 +2.0894e+00 +5.0367e-01
319 +9.578466747e-01 +9.578466747e-01 -3.878121533e+02 -3.878121533e+02 +1.0008e+00 +1.7710e+00 +4.4938e+00 +2.0889e+00 +5.0509e-01
1624 +5.278326486e-01 +5.278326486e-01 -3.882421674e+02 -3.882421674e+02 +9.9509e-01 +1.7754e+00 +4.4977e+00 +2.0922e+00 +5.1581e-01
% function evaluation | noise-free fitness - Fopt (-1.918000000000e+01) | best noise-free fitness - Fopt | measured fitness | best measured fitness | x1 | x2...
1 +1.479469091e+01 +1.479469091e+01 -4.385309092e+00 -4.385309092e+00 +3.2431e+00 +1.4971e+00 +1.4854e+00 +2.2933e+00 +2.2244e+00
7 +9.228782414e+00 +9.228782414e+00 -9.951217586e+00 -9.951217586e+00 -3.2151e+00 +1.9949e+00 +9.2329e-01 -2.5779e+00 +2.2400e+00
148 +3.966087091e+00 +3.966087091e+00 -1.521391291e+01 -1.521391291e+01 -2.3719e+00 +4.0878e-02 -3.4396e+00 -3.3993e+00 +2.5975e+00
351 +1.512079714e+00 +1.512079714e+00 -1.766792029e+01 -1.766792029e+01 +6.5772e-01 +3.1035e+00 +4.8197e-01 -1.8513e+00 -9.7164e-01
2522 +7.364756860e-01 +7.364756860e-01 -1.844352431e+01 -1.844352431e+01 +6.4462e-01 +3.0893e+00 +4.8537e-01 -1.8149e+00 -1.0083e+00
3447 +5.933448168e-01 +5.933448168e-01 -1.858665518e+01 -1.858665518e+01 +6.3664e-01 +3.0886e+00 +4.8427e-01 -1.8119e+00 -1.0101e+00
10817 +2.916276518e-01 +2.916276518e-01 -1.888837235e+01 -1.888837235e+01 +6.3448e-01 +3.0961e+00 +4.7316e-01 -1.8179e+00 -1.0109e+00
% function evaluation | noise-free fitness - Fopt (-3.724500000000e+02) | best noise-free fitness - Fopt | measured fitness | best measured fitness | x1 | x2...
1 +3.088636404e+01 +3.088636404e+01 -3.415636360e+02 -3.415636360e+02 +1.9480e+00 -3.6347e+00 +4.4025e+00 +4.9773e+00 -3.1283e+00
2 +2.078583708e+00 +2.078583708e+00 -3.703714163e+02 -3.703714163e+02 -4.4257e+00 -2.3778e+00 +2.3366e+00 +3.6388e+00 +3.3986e+00
219 +1.518522601e+00 +1.518522601e+00 -3.709314774e+02 -3.709314774e+02 -4.4242e+00 -2.3750e+00 +2.3432e+00 +3.6324e+00 +3.3990e+00
311 +7.787000650e-01 +7.787000650e-01 -3.716712999e+02 -3.716712999e+02 -4.4523e+00 -2.3739e+00 +2.3337e+00 +3.6173e+00 +3.3826e+00
535 +4.593620164e-01 +4.593620164e-01 -3.719906380e+02 -3.719906380e+02 -4.4510e+00 -2.3821e+00 +2.3395e+00 +3.6147e+00 +3.3850e+00
1494 +3.495105927e-01 +3.495105927e-01 -3.721004894e+02 -3.721004894e+02 -4.4444e+00 -2.3734e+00 +2.3303e+00 +3.6169e+00 +3.3913e+00
3609 +2.041961032e-01 +2.041961032e-01 -3.722458039e+02 -3.722458039e+02 -4.4471e+00 -2.3793e+00 +2.3374e+00 +3.6150e+00 +3.3872e+00
% function evaluation | noise-free fitness - Fopt (8.450000000000e+00) | best noise-free fitness - Fopt | measured fitness | best measured fitness | x1 | x2...
1 +4.771487009e+00 +4.771487009e+00 +1.322148701e+01 +1.322148701e+01 +3.4006e+00 +2.0952e-01 -4.3220e+00 -3.2841e+00 -1.1198e+00
44 +3.592153502e+00 +3.592153502e+00 +1.204215350e+01 +1.204215350e+01 -2.6595e+00 +8.3358e-02 -1.9552e+00 +4.9066e+00 -2.0959e+00
288 +2.018086089e+00 +2.018086089e+00 +1.046808609e+01 +1.046808609e+01 -2.6451e+00 +9.5874e-02 -1.9589e+00 +4.8925e+00 -2.0975e+00
439 +1.478093740e+00 +1.478093740e+00 +9.928093740e+00 +9.928093740e+00 -2.6664e+00 +1.0355e-01 -1.9531e+00 +4.9082e+00 -2.1011e+00
463 +9.924128581e-01 +9.924128581e-01 +9.442412858e+00 +9.442412858e+00 -2.6589e+00 +1.1050e-01 -1.9655e+00 +4.9140e+00 -2.0912e+00
712 +5.274510813e-01 +5.274510813e-01 +8.977451081e+00 +8.977451081e+00 -2.6568e+00 +1.0416e-01 -1.9649e+00 +4.9023e+00 -2.0786e+00
3514 +3.924195393e-01 +3.924195393e-01 +8.842419539e+00 +8.842419539e+00 -2.6185e+00 +1.1634e-01 -1.9932e+00 +4.9064e+00 -2.0604e+00
% function evaluation | noise-free fitness - Fopt (1.184000000000e+01) | best noise-free fitness - Fopt | measured fitness | best measured fitness | x1 | x2...
1 +2.012960903e+01 +2.012960903e+01 +3.196960903e+01 +3.196960903e+01 -2.7922e+00 -3.1822e+00 -1.3258e+00 -4.2503e+00 -1.7790e+00
4 +1.323033959e+01 +1.323033959e+01 +2.507033959e+01 +2.507033959e+01 +4.3232e+00 +2.8431e+00 -4.6559e+00 -4.3534e+00 +3.8348e+00
17 +9.297454240e+00 +9.297454240e+00 +2.113745424e+01 +2.113745424e+01 +4.3033e+00 -2.7269e+00 +8.9631e-01 +2.0410e+00 -3.6625e-01
63 +5.586592796e+00 +5.586592796e+00 +1.742659280e+01 +1.742659280e+01 +3.3867e+00 -3.9600e+00 -1.5921e+00 +2.3251e+00 -1.8571e+00
103 +3.888108492e+00 +3.888108492e+00 +1.572810849e+01 +1.572810849e+01 +8.9128e-01 +4.7931e+00 +1.7734e+00 -3.8730e+00 -3.8353e-01
138 +2.044763224e+00 +2.044763224e+00 +1.388476322e+01 +1.388476322e+01 +3.3942e+00 -3.9678e+00 -1.6016e+00 +2.3149e+00 -1.8625e+00
159 +1.411261076e+00 +1.411261076e+00 +1.325126108e+01 +1.325126108e+01 +3.3915e+00 -3.9917e+00 -1.6018e+00 +2.3237e+00 -1.8625e+00
318 +8.673653154e-01 +8.673653154e-01 +1.270736532e+01 +1.270736532e+01 +3.3937e+00 -3.9892e+00 -1.5976e+00 +2.3117e+00 -1.8639e+00
421 +5.370022906e-01 +5.370022906e-01 +1.237700229e+01 +1.237700229e+01 +3.3964e+00 -4.0004e+00 -1.6013e+00 +2.3239e+00 -1.8671e+00
593 +3.884618728e-01 +3.884618728e-01 +1.222846187e+01 +1.222846187e+01 +3.3985e+00 -3.9957e+00 -1.5965e+00 +2.3116e+00 -1.8730e+00
4085 +2.383194937e-01 +2.383194937e-01 +1.207831949e+01 +1.207831949e+01 +3.3984e+00 -3.9943e+00 -1.6025e+00 +2.3124e+00 -1.8701e+00
% function evaluation | noise-free fitness - Fopt (1.581200000000e+02) | best noise-free fitness - Fopt | measured fitness | best measured fitness | x1 | x2...
1 +1.918241294e+01 +1.918241294e+01 +1.773024129e+02 +1.773024129e+02 -4.5523e-01 -1.8970e+00 +1.1403e+00 -4.2615e+00 +2.2794e+00
2 +9.580508609e+00 +9.580508609e+00 +1.677005086e+02 +1.677005086e+02 -1.6021e+00 +2.8217e+00 +2.6914e+00 -8.7107e-01 -9.2486e-01
11 +3.618305867e+00 +3.618305867e+00 +1.617383059e+02 +1.617383059e+02 +4.4939e+00 -3.1844e+00 +4.4119e+00 +2.1226e+00 +3.0372e+00
171 +1.957359762e+00 +1.957359762e+00 +1.600773598e+02 +1.600773598e+02 -1.7667e+00 -4.4385e+00 +2.9355e+00 -3.9237e+00 +2.9128e+00
174 +1.155158092e+00 +1.155158092e+00 +1.592751581e+02 +1.592751581e+02 -1.7637e+00 -4.4407e+00 +2.9458e+00 -3.9368e+00 +2.9161e+00
206 +9.560731221e-01 +9.560731221e-01 +1.590760731e+02 +1.590760731e+02 -1.7652e+00 -4.4370e+00 +2.9526e+00 -3.9382e+00 +2.9174e+00
713 +6.053942473e-01 +6.053942473e-01 +1.587253942e+02 +1.587253942e+02 -1.7515e+00 -4.4391e+00 +2.9525e+00 -3.9350e+00 +2.9094e+00
% function evaluation | noise-free fitness - Fopt (-1.021200000000e+02) | best noise-free fitness - Fopt | measured fitness | best measured fitness | x1 | x2...
1 +3.534527704e+01 +3.534527704e+01 -6.677472296e+01 -6.677472296e+01 +1.8571e+00 -3.2556e+00 +3.5447e+00 -2.0362e+00 +4.4667e+00
2 +1.072062913e+01 +1.072062913e+01 -9.139937087e+01 -9.139937087e+01 -1.5456e+00 -3.0838e+00 +1.9878e+00 +3.2548e-01 -4.2157e+00
11 +7.446152682e+00 +7.446152682e+00 -9.467384732e+01 -9.467384732e+01 +4.0877e+00 -3.7299e+00 -1.3290e+00 -3.8899e+00 -2.5468e+00
25 +5.473531720e+00 +5.473531720e+00 -9.664646828e+01 -9.664646828e+01 +2.5848e+00 -2.6874e+00 +3.0264e+00 +1.4714e+00 -9.3391e-01
98 +3.687115512e+00 +3.687115512e+00 -9.843288449e+01 -9.843288449e+01 -1.9149e+00 -4.2379e+00 -3.5279e+00 -4.9149e+00 +3.7073e+00
231 +2.296457976e+00 +2.296457976e+00 -9.982354202e+01 -9.982354202e+01 +2.3817e+00 +4.7152e+00 +4.2158e+00 -1.5058e+00 +3.0551e+00
385 +1.219513027e+00 +1.219513027e+00 -1.009004870e+02 -1.009004870e+02 +2.4084e+00 +4.7097e+00 +4.2226e+00 -1.5047e+00 +3.0458e+00
450 +7.338108227e-01 +7.338108227e-01 -1.013861892e+02 -1.013861892e+02 +2.4095e+00 +4.7074e+00 +4.2233e+00 -1.4995e+00 +3.0570e+00
1161 +5.306959121e-01 +5.306959121e-01 -1.015893041e+02 -1.015893041e+02 +2.4300e+00 +4.7106e+00 +4.2236e+00 -1.5037e+00 +3.0397e+00
3982 +2.614184453e-01 +2.614184453e-01 -1.018585816e+02 -1.018585816e+02 +2.4472e+00 +4.7084e+00 +4.2279e+00 -1.5181e+00 +3.0325e+00
% function evaluation | noise-free fitness - Fopt (-8.798000000000e+01) | best noise-free fitness - Fopt | measured fitness | best measured fitness | x1 | x2...
1 +2.895835668e+01 +2.895835668e+01 -5.902164332e+01 -5.902164332e+01 +2.8806e+00 +3.3293e+00 -9.2478e-01 +1.2367e+00 -4.1261e+00
3 +2.496979364e+01 +2.496979364e+01 -6.301020636e+01 -6.301020636e+01 -2.6358e+00 -3.6528e+00 +3.8803e+00 -2.5558e+00 -3.8979e+00
6 +1.289782510e+01 +1.289782510e+01 -7.508217490e+01 -7.508217490e+01 +4.3373e+00 +2.3009e+00 -6.6083e-02 -2.6137e-01 +3.7373e+00
8 +5.314202996e+00 +5.314202996e+00 -8.266579700e+01 -8.266579700e+01 -3.2398e+00 +4.2013e+00 +4.7986e+00 +6.7805e-01 +3.4026e+00
100 +3.609701123e+00 +3.609701123e+00 -8.437029888e+01 -8.437029888e+01 -1.6457e+00 +4.5573e-01 -2.4553e+00 +1.8889e-01 +3.0307e+00
102 +1.911244676e+00 +1.911244676e+00 -8.606875532e+01 -8.606875532e+01 -1.6374e+00 +4.4954e-01 -2.4604e+00 +1.8224e-01 +3.0483e+00
188 +1.174627220e+00 +1.174627220e+00 -8.680537278e+01 -8.680537278e+01 -1.6380e+00 +4.4879e-01 -2.4443e+00 +1.8573e-01 +3.0311e+00
263 +9.441404129e-01 +9.441404129e-01 -8.703585959e+01 -8.703585959e+01 -1.6575e+00 +4.4472e-01 -2.4498e+00 +1.7993e-01 +3.0416e+00
2109 +5.763952703e-01 +5.763952703e-01 -8.740360473e+01 -8.740360473e+01 -1.6421e+00 +4.4679e-01 -2.4533e+00 +1.8257e-01 +3.0376e+00
7510 +3.436164765e-01 +3.436164765e-01 -8.763638352e+01 -8.763638352e+01 -1.6340e+00 +4.4786e-01 -2.4561e+00 +1.8378e-01 +3.0345e+00
