% function evaluation | noise-free fitness - Fopt (3.590000000000e+01) | best noise-free fitness - Fopt | measured fitness | best measured fitness | x1 | x2...
1 +3.293101149e+05 +3.293101149e+05 +3.293460149e+05 +3.293460149e+05 +3.1620e+00 -3.8463e+00 +2.4751e+00 -5.5173e-01 +3.4609e+00
3 +2.199599176e+05 +2.199599176e+05 +2.199958176e+05 +2.199958176e+05 +2.2684e+00 +2.4546e+00 +1.2448e+00 -1.8351e+00 -4.5454e+00
4 +1.119788545e+05 +1.119788545e+05 +1.120147545e+05 +1.120147545e+05 +2.3271e+00 +1.1572e+00 +4.6683e-01 +2.1028e-01 -2.8060e+00
6 +6.476043538e+01 +6.476043538e+01 +1.006604354e+02 +1.006604354e+02 -8.2027e-01 +4.4897e+00 +1.6768e-01 +1.7133e+00 -3.6715e+00
404 +3.765813934e+01 +3.765813934e+01 +7.355813934e+01 +7.355813934e+01 +4.5012e-02 -1.3678e+00 +2.5176e+00 +6.3981e-01 -3.7224e+00
918 +2.457408554e+01 +2.457408554e+01 +6.047408554e+01 +6.047408554e+01 +5.6121e-01 -9.9277e-01 +2.7143e+00 +8.1019e-01 -3.5808e+00
2041 +1.553299867e+01 +1.553299867e+01 +5.143299867e+01 +5.143299867e+01 +1.0556e+00 -5.1805e-01 +2.9311e+00 +1.4432e+00 -3.2088e+00
3019 +9.036273530e+00 +9.036273530e+00 +4.493627353e+01 +4.493627353e+01 +1.7361e+00 -4.5109e-01 +3.1111e+00 +2.0117e+00 -2.8449e+00
3783 +6.084961752e+00 +6.084961752e+00 +4.198496175e+01 +4.198496175e+01 +2.1286e+00 -3.4244e-02 +3.4083e+00 +2.3170e+00 -2.5937e+00
4576 +3.631438198e+00 +3.631438198e+00 +3.953143820e+01 +3.953143820e+01 +2.1215e+00 +4.7058e-01 +3.2038e+00 +2.7464e+00 -2.3064e+00
5329 +2.256608880e+00 +2.256608880e+00 +3.815660888e+01 +3.815660888e+01 +2.2661e+00 +6.9636e-01 +2.9559e+00 +2.8645e+00 -2.0897e+00
5733 +1.574428826e+00 +1.574428826e+00 +3.747442883e+01 +3.747442883e+01 +2.3683e+00 +5.3758e-01 +2.8749e+00 +2.8741e+00 -2.0014e+00
6407 +9.340834920e-01 +9.340834920e-01 +3.683408349e+01 +3.683408349e+01 +2.5085e+00 +9.2827e-01 +2.8899e+00 +3.3008e+00 -1.8813e+00
6869 +5.654794437e-01 +5.654794437e-01 +3.646547944e+01 +3.646547944e+01 +2.4519e+00 +1.0995e+00 +2.5671e+00 +3.2155e+00 -1.6329e+00
6876 +3.606311794e-01 +3.606311794e-01 +3.626063118e+01 +3.626063118e+01 +2.6475e+00 +1.0888e+00 +2.5637e+00 +3.4588e+00 -1.6698e+00
6923 +1.520355076e-01 +1.520355076e-01 +3.605203551e+01 +3.605203551e+01 +2.6454e+00 +1.1156e+00 +2.5620e+00 +3.3272e+00 -1.5531e+00
7911 +7.538596360e-02 +7.538596360e-02 +3.597538596e+01 +3.597538596e+01 +2.7106e+00 +1.1033e+00 +2.5831e+00 +3.4231e+00 -1.5184e+00
8364 +4.503324856e-02 +4.503324856e-02 +3.594503325e+01 +3.594503325e+01 +2.7135e+00 +1.0510e+00 +2.6174e+00 +3.3889e+00 -1.4969e+00
10545 +3.092443430e-02 +3.092443430e-02 +3.593092443e+01 +3.593092443e+01 +2.7524e+00 +1.1331e+00 +2.5943e+00 +3.4170e+00 -1.4975e+00
11906 +2.241013419e-02 +2.241013419e-02 +3.592241013e+01 +3.592241013e+01 +2.7438e+00 +1.1629e+00 +2.5908e+00 +3.4480e+00 -1.4555e+00
% function evaluation | noise-free fitness - Fopt (3.137000000000e+01) | best noise-free fitness - Fopt | measured fitness | best measured fitness | x1 | x2...
1 +1.417990161e+02 +1.417990161e+02 +1.731690161e+02 +1.731690161e+02 -3.7631e+00 -2.5591e+00 +1.8696e-01 -2.3038e+00 -3.5533e-01
11 +8.010541473e+01 +8.010541473e+01 +1.114754147e+02 +1.114754147e+02 -2.4239e-01 -3.3266e+00 -3.3410e+00 -3.2499e-01 -1.6713e+00
62 +4.566643234e+01 +4.566643234e+01 +7.703643234e+01 +7.703643234e+01 -1.6413e+00 -1.8946e+00 -3.5251e+00 +1.4214e+00 -3.9375e+00
666 +3.833145880e+01 +3.833145880e+01 +6.970145880e+01 +6.970145880e+01 -1.4029e+00 -1.5941e+00 -3.3793e+00 +1.5924e+00 -3.7504e+00
1219 +2.506499580e+01 +2.506499580e+01 +5.643499580e+01 +5.643499580e+01 -9.2965e-01 -1.1404e+00 -2.9744e+00 +1.7662e+00 -3.8394e+00
1855 +1.382633846e+01 +1.382633846e+01 +4.519633846e+01 +4.519633846e+01 -6.2466e-01 -4.4856e-01 -3.0783e+00 +2.2435e+00 -3.1335e+00
2834 +9.900597402e+00 +9.900597402e+00 +4.127059740e+01 +4.127059740e+01 -1.3620e-01 -1.2683e-01 -3.6200e+00 +2.8056e+00 -3.0063e+00
3346 +6.125276598e+00 +6.125276598e+00 +3.749527660e+01 +3.749527660e+01 -3.2947e-01 +5.1164e-01 -3.4567e+00 +2.9901e+00 -2.9074e+00
3886 +3.841896005e+00 +3.841896005e+00 +3.521189600e+01 +3.521189600e+01 +3.6177e-02 +8.0653e-01 -3.6895e+00 +3.0551e+00 -2.2337e+00
4287 +2.357243446e+00 +2.357243446e+00 +3.372724345e+01 +3.372724345e+01 -2.4017e-01 +1.2545e+00 -4.0016e+00 +3.1499e+00 -2.2392e+00
4458 +1.457276298e+00 +1.457276298e+00 +3.282727630e+01 +3.282727630e+01 -4.2082e-01 +1.2547e+00 -3.8128e+00 +3.3386e+00 -2.1854e+00
4735 +6.560256346e-01 +6.560256346e-01 +3.202602563e+01 +3.202602563e+01 -1.6293e-01 +1.4601e+00 -3.9705e+00 +3.5544e+00 -2.1237e+00
4994 +4.799974718e-01 +4.799974718e-01 +3.184999747e+01 +3.184999747e+01 -2.6946e-01 +1.7540e+00 -3.8812e+00 +3.4092e+00 -2.0640e+00
5213 +3.784084638e-01 +3.784084638e-01 +3.174840846e+01 +3.174840846e+01 -8.0410e-02 +1.7983e+00 -4.0152e+00 +3.4830e+00 -2.0284e+00
5523 +2.387589958e-01 +2.387589958e-01 +3.160875900e+01 +3.160875900e+01 -1.7765e-01 +1.6984e+00 -3.9230e+00 +3.5543e+00 -1.9898e+00
5700 +1.505551121e-01 +1.505551121e-01 +3.152055511e+01 +3.152055511e+01 -2.8064e-01 +1.7644e+00 -3.9288e+00 +3.6243e+00 -1.8940e+00
5983 +6.283563663e-02 +6.283563663e-02 +3.143283564e+01 +3.143283564e+01 -3.1913e-01 +1.8297e+00 -3.8664e+00 +3.6649e+00 -1.9846e+00
9672 +3.933780533e-02 +3.933780533e-02 +3.140933781e+01 +3.140933781e+01 -2.5225e-01 +1.8272e+00 -3.9285e+00 +3.6836e+00 -1.9477e+00
12563 +1.520757592e-02 +1.520757592e-02 +3.138520758e+01 +3.138520758e+01 -2.5104e-01 +1.8877e+00 -3.9051e+00 +3.6731e+00 -1.9229e+00
% function evaluation | noise-free fitness - Fopt (-1.000000000000e+03) | best noise-free fitness - Fopt | measured fitness | best measured fitness | x1 | x2...
1 +4.319530831e+05 +4.319530831e+05 +4.309530831e+05 +4.309530831e+05 +2.8963e+00 -3.7007e+00 +2.3918e-02 -9.7295e-01 -2.7567e+00
3 +6.797824865e+04 +6.797824865e+04 +6.697824865e+04 +6.697824865e+04 +2.1938e+00 -2.7007e+00 +3.0527e+00 +3.8396e+00 +2.9793e+00
8 +3.884958891e+04 +3.884958891e+04 +3.784958891e+04 +3.784958891e+04 -3.2501e+00 +5.7341e-01 +1.5568e+00 +4.5236e+00 +4.0042e-02
51 +1.417393233e+04 +1.417393233e+04 +1.317393233e+04 +1.317393233e+04 -4.7800e-01 -2.3527e+00 +2.2945e+00 +7.1103e-01 +2.5962e+00
91 +7.227948211e+03 +7.227948211e+03 +6.227948211e+03 +6.227948211e+03 -3.6625e+00 +2.0066e+00 +4.6069e+00 +3.1613e+00 +2.0347e+00
552 +4.945714971e+03 +4.945714971e+03 +3.945714971e+03 +3.945714971e+03 -3.4163e+00 +2.1923e+00 +3.5871e+00 +2.5271e+00 -2.9965e-01
577 +3.933234531e+03 +3.933234531e+03 +2.933234531e+03 +2.933234531e+03 -3.2982e+00 +2.0788e+00 +3.6912e+00 +2.4391e+00 -2.2482e-01
735 +1.366277401e+03 +1.366277401e+03 +3.662774006e+02 +3.662774006e+02 -3.6764e+00 +2.0249e+00 +3.9695e+00 +2.3531e+00 -2.1419e-01
851 +8.875215290e+02 +8.875215290e+02 -1.124784710e+02 -1.124784710e+02 -3.4640e+00 +1.9127e+00 +4.0038e+00 +2.4938e+00 -1.9714e-01
853 +5.418389688e+02 +5.418389688e+02 -4.581610312e+02 -4.581610312e+02 -3.3660e+00 +1.8961e+00 +4.0409e+00 +2.7224e+00 -8.8421e-02
904 +3.632998507e+02 +3.632998507e+02 -6.367001493e+02 -6.367001493e+02 -3.6524e+00 +1.8398e+00 +4.0449e+00 +2.4182e+00 -1.2003e-01
930 +2.396405227e+02 +2.396405227e+02 -7.603594773e+02 -7.603594773e+02 -3.4138e+00 +1.9348e+00 +4.1035e+00 +2.7448e+00 -2.7060e-01
993 +1.053003997e+02 +1.053003997e+02 -8.946996003e+02 -8.946996003e+02 -3.4345e+00 +1.6658e+00 +4.0945e+00 +2.5115e+00 -4.1414e-02
1064 +9.314798241e+01 +9.314798241e+01 -9.068520176e+02 -9.068520176e+02 -3.7532e+00 +2.0997e+00 +4.3168e+00 +2.7339e+00 -1.4825e-01
2051 +6.275154641e+01 +6.275154641e+01 -9.372484536e+02 -9.372484536e+02 -3.5023e+00 +1.0310e+00 +4.4725e+00 +2.6491e+00 -4.5632e-01
2912 +3.966976534e+01 +3.966976534e+01 -9.603302347e+02 -9.603302347e+02 -3.3346e+00 -7.4563e-02 +4.3016e+00 +3.8915e+00 -1.4309e+00
3707 +2.507726092e+01 +2.507726092e+01 -9.749227391e+02 -9.749227391e+02 -3.0217e+00 -7.0960e-01 +4.3918e+00 +3.7945e+00 -1.7360e+00
4360 +1.530598558e+01 +1.530598558e+01 -9.846940144e+02 -9.846940144e+02 -2.6742e+00 -1.8704e+00 +4.5702e+00 +3.3908e+00 -1.4894e+00
5003 +9.071911452e+00 +9.071911452e+00 -9.909280885e+02 -9.909280885e+02 -1.9737e+00 -2.1797e+00 +4.0287e+00 +3.4455e+00 -1.3977e+00
5527 +6.001915027e+00 +6.001915027e+00 -9.939980850e+02 -9.939980850e+02 -1.7118e+00 -2.5574e+00 +3.7527e+00 +3.3602e+00 -1.3585e+00
5859 +3.970978367e+00 +3.970978367e+00 -9.960290216e+02 -9.960290216e+02 -1.6368e+00 -2.9920e+00 +3.4199e+00 +3.2005e+00 -1.1929e+00
6235 +2.155512899e+00 +2.155512899e+00 -9.978444871e+02 -9.978444871e+02 -1.2170e+00 -3.3069e+00 +3.3499e+00 +3.2851e+00 -1.0851e+00
6511 +1.425444553e+00 +1.425444553e+00 -9.985745554e+02 -9.985745554e+02 -9.8048e-01 -3.1306e+00 +3.3451e+00 +3.3625e+00 -9.8832e-01
6805 +8.134823492e-01 +8.134823492e-01 -9.991865177e+02 -9.991865177e+02 -8.3390e-01 -3.2467e+00 +3.1115e+00 +3.3514e+00 -1.0135e+00
7107 +5.444875564e-01 +5.444875564e-01 -9.994555124e+02 -9.994555124e+02 -6.2324e-01 -3.2075e+00 +3.1044e+00 +3.4783e+00 -8.9627e-01
7288 +3.782313594e-01 +3.782313594e-01 -9.996217686e+02 -9.996217686e+02 -4.9461e-01 -3.2363e+00 +3.0418e+00 +3.4847e+00 -7.9962e-01
7522 +2.371234433e-01 +2.371234433e-01 -9.997628766e+02 -9.997628766e+02 -4.3851e-01 -3.2744e+00 +3.0223e+00 +3.4657e+00 -9.2756e-01
7578 +1.517787134e-01 +1.517787134e-01 -9.998482213e+02 -9.998482213e+02 -3.9979e-01 -3.3556e+00 +2.9553e+00 +3.5735e+00 -8.7609e-01
8129 +8.222992158e-02 +8.222992158e-02 -9.999177701e+02 -9.999177701e+02 -3.3434e-01 -3.3256e+00 +2.9454e+00 +3.5669e+00 -8.6382e-01
8717 +4.766745903e-02 +4.766745903e-02 -9.999523325e+02 -9.999523325e+02 -2.7654e-01 -3.2785e+00 +2.8445e+00 +3.5356e+00 -8.2280e-01
10117 +2.562403323e-02 +2.562403323e-02 -9.999743760e+02 -9.999743760e+02 -2.6964e-01 -3.3365e+00 +2.8703e+00 +3.5557e+00 -8.3866e-01
12931 +2.351083172e-02 +2.351083172e-02 -9.999764892e+02 -9.999764892e+02 -2.3248e-01 -3.3224e+00 +2.8646e+00 +3.5565e+00 -8.0951e-01
% function evaluation | noise-free fitness - Fopt (1.319200000000e+02) | best noise-free fitness - Fopt | measured fitness | best measured fitness | x1 | x2...
1 +6.697783068e+05 +6.697783068e+05 +6.699102268e+05 +6.699102268e+05 +2.3431e+00 +9.4296e-01 -1.9903e+00 +5.2871e-01 -3.7754e+00
2 +3.231041574e+05 +3.231041574e+05 +3.232360774e+05 +3.232360774e+05 -3.5516e+00 -3.6433e-01 +1.1033e+00 -4.2497e+00 +1.7441e+00
18 +1.801223198e+05 +1.801223198e+05 +1.802542398e+05 +1.802542398e+05 -3.2282e+00 +4.8922e+00 -2.3601e+00 -4.3878e+00 -1.7711e+00
86 +6.149799431e+04 +6.149799431e+04 +6.162991431e+04 +6.162991431e+04 -4.7126e+00 +4.2090e+00 -5.3545e-01 +1.2147e+00 +3.3389e+00
456 +3.845659248e+04 +3.845659248e+04 +3.858851248e+04 +3.858851248e+04 -4.9425e+00 +4.2586e+00 -3.8600e-01 +9.2815e-01 +3.1303e+00
801 +2.463096181e+04 +2.463096181e+04 +2.476288181e+04 +2.476288181e+04 -4.9599e+00 +4.2707e+00 -8.9873e-01 +3.6759e-01 +2.8933e+00
1372 +1.581612113e+04 +1.581612113e+04 +1.594804113e+04 +1.594804113e+04 -4.9729e+00 +4.1611e+00 -1.2724e+00 +2.5709e-01 +2.3698e+00
1935 +9.944279509e+03 +9.944279509e+03 +1.007619951e+04 +1.007619951e+04 -5.0000e+00 +4.7771e+00 -1.4317e+00 +4.1058e-01 +1.9680e+00
2706 +5.643750834e+03 +5.643750834e+03 +5.775670834e+03 +5.775670834e+03 -4.9817e+00 +4.4413e+00 -1.8245e+00 +1.7844e-01 +1.5574e+00
2955 +3.752986552e+03 +3.752986552e+03 +3.884906552e+03 +3.884906552e+03 -4.9826e+00 +4.7969e+00 -2.0629e+00 +3.2507e-01 +1.3765e+00
3158 +2.117953085e+03 +2.117953085e+03 +2.249873085e+03 +2.249873085e+03 -5.0000e+00 +4.7924e+00 -1.9480e+00 +3.1343e-01 +1.1236e+00
3423 +1.255391465e+03 +1.255391465e+03 +1.387311465e+03 +1.387311465e+03 -5.0000e+00 +4.7620e+00 -2.1285e+00 +3.0001e-01 +9.7325e-01
3561 +8.560999147e+02 +8.560999147e+02 +9.880199147e+02 +9.880199147e+02 -5.0000e+00 +5.0000e+00 -2.3000e+00 +2.0224e-01 +7.7953e-01
3810 +4.714382344e+02 +4.714382344e+02 +6.033582344e+02 +6.033582344e+02 -4.9979e+00 +4.4008e+00 -2.2157e+00 +1.8123e-01 +6.9847e-01
3896 +1.430737937e+02 +1.430737937e+02 +2.749937937e+02 +2.749937937e+02 -4.9390e+00 +4.9855e+00 -2.4143e+00 +3.6368e-01 +5.0922e-01
4112 +3.816819133e+01 +3.816819133e+01 +1.700881913e+02 +1.700881913e+02 -5.0000e+00 +5.0000e+00 -2.4065e+00 +3.1462e-01 +4.3266e-01
4248 +2.281183477e+01 +2.281183477e+01 +1.547318348e+02 +1.547318348e+02 -5.0000e+00 +4.9517e+00 -2.5014e+00 +3.9001e-01 +2.5336e-01
4626 +1.560368224e+01 +1.560368224e+01 +1.475236822e+02 +1.475236822e+02 -4.8642e+00 +4.5534e+00 -2.6938e+00 +1.9751e-01 -6.7350e-02
5738 +9.660761499e+00 +9.660761499e+00 +1.415807615e+02 +1.415807615e+02 -4.6662e+00 +3.9261e+00 -3.0302e+00 +2.4104e-01 -6.2065e-01
6204 +5.683026588e+00 +5.683026588e+00 +1.376030266e+02 +1.376030266e+02 -4.7971e+00 +3.2712e+00 -3.1403e+00 +4.4647e-02 -9.8867e-01
6564 +3.856259512e+00 +3.856259512e+00 +1.357762595e+02 +1.357762595e+02 -4.6054e+00 +3.0588e+00 -3.2477e+00 +8.3777e-03 -1.0818e+00
7115 +2.457489888e+00 +2.457489888e+00 +1.343774899e+02 +1.343774899e+02 -4.6185e+00 +2.6591e+00 -3.2902e+00 -6.8827e-02 -1.2983e+00
7455 +1.378249605e+00 +1.378249605e+00 +1.332982496e+02 +1.332982496e+02 -4.5530e+00 +2.3022e+00 -3.2120e+00 -3.6955e-01 -1.0594e+00
7760 +9.113469136e-01 +9.113469136e-01 +1.328313469e+02 +1.328313469e+02 -4.3499e+00 +2.3733e+00 -3.4439e+00 -2.9066e-01 -1.2869e+00
8130 +5.023624562e-01 +5.023624562e-01 +1.324223625e+02 +1.324223625e+02 -4.2306e+00 +2.2045e+00 -3.5544e+00 -2.2128e-01 -1.5320e+00
8415 +2.947254394e-01 +2.947254394e-01 +1.322147254e+02 +1.322147254e+02 -4.1032e+00 +2.1623e+00 -3.6501e+00 -4.8555e-01 -1.4976e+00
8666 +2.326097774e-01 +2.326097774e-01 +1.321526098e+02 +1.321526098e+02 -4.1315e+00 +2.1409e+00 -3.5843e+00 -3.9004e-01 -1.4346e+00
8688 +5.604499350e-02 +5.604499350e-02 +1.319760450e+02 +1.319760450e+02 -4.0822e+00 +1.9330e+00 -3.6692e+00 -4.8058e-01 -1.5194e+00
13320 +1.601786248e-02 +1.601786248e-02 +1.319360179e+02 +1.319360179e+02 -4.0354e+00 +1.9111e+00 -3.6834e+00 -4.5062e-01 -1.5006e+00
% function evaluation | noise-free fitness - Fopt (5.908400000000e+02) | best noise-free fitness - Fopt | measured fitness | best measured fitness | x1 | x2...
1 +4.493335287e+05 +4.493335287e+05 +4.499243687e+05 +4.499243687e+05 -1.4868e+00 +9.4795e-01 -3.1583e-01 +1.1691e+00 -3.5098e+00
6 +2.640972520e+05 +2.640972520e+05 +2.646880920e+05 +2.646880920e+05 -4.9637e+00 -1.9168e+00 +6.9809e-01 -4.4871e+00 +1.6522e+00
18 +1.642711946e+05 +1.642711946e+05 +1.648620346e+05 +1.648620346e+05 +2.6379e+00 -3.6117e+00 -4.5217e+00 -7.8614e-01 +4.8428e+00
47 +3.373005832e+04 +3.373005832e+04 +3.432089832e+04 +3.432089832e+04 +2.4817e+00 -9.8923e-01 -4.1923e+00 -3.5392e+00 -1.4766e+00
50 +2.484060845e+04 +2.484060845e+04 +2.543144845e+04 +2.543144845e+04 +2.8760e-02 -4.8191e+00 -2.8771e+00 -2.7589e+00 +1.2786e+00
422 +1.430457695e+04 +1.430457695e+04 +1.489541695e+04 +1.489541695e+04 -4.0496e+00 -2.2892e+00 -3.0490e+00 -3.1895e+00 -1.6235e+00
496 +8.740882214e+03 +8.740882214e+03 +9.331722214e+03 +9.331722214e+03 -4.0032e+00 -2.5532e+00 -3.1690e+00 -3.1330e+00 -1.5285e+00
876 +6.266281117e+03 +6.266281117e+03 +6.857121117e+03 +6.857121117e+03 -4.0408e+00 -2.7352e+00 -3.2066e+00 -3.2634e+00 -1.5209e+00
895 +3.685759548e+03 +3.685759548e+03 +4.276599548e+03 +4.276599548e+03 -3.8401e+00 -2.7034e+00 -3.4984e+00 -3.2883e+00 -1.4478e+00
1001 +2.381544847e+03 +2.381544847e+03 +2.972384847e+03 +2.972384847e+03 -3.6765e+00 -2.7517e+00 -3.4505e+00 -3.2517e+00 -1.5503e+00
1101 +1.014026624e+03 +1.014026624e+03 +1.604866624e+03 +1.604866624e+03 -3.6215e+00 -2.7905e+00 -3.4656e+00 -3.5160e+00 -1.6125e+00
1161 +8.398059837e+02 +8.398059837e+02 +1.430645984e+03 +1.430645984e+03 -3.6635e+00 -3.0094e+00 -3.7126e+00 -3.7336e+00 -1.4177e+00
1238 +5.897146850e+02 +5.897146850e+02 +1.180554685e+03 +1.180554685e+03 -3.6523e+00 -2.8934e+00 -3.4365e+00 -3.4707e+00 -1.8534e+00
1329 +3.470596152e+02 +3.470596152e+02 +9.378996152e+02 +9.378996152e+02 -3.5257e+00 -2.9178e+00 -3.5741e+00 -3.4428e+00 -1.8535e+00
1381 +1.645830823e+02 +1.645830823e+02 +7.554230823e+02 +7.554230823e+02 -3.4666e+00 -3.1278e+00 -3.6427e+00 -3.5474e+00 -1.7841e+00
1448 +7.708665697e+01 +7.708665697e+01 +6.679266570e+02 +6.679266570e+02 -3.5374e+00 -3.0013e+00 -3.5903e+00 -3.6892e+00 -1.8438e+00
1572 +5.840548252e+01 +5.840548252e+01 +6.492454825e+02 +6.492454825e+02 -2.8694e+00 -2.9601e+00 -3.5535e+00 -3.5381e+00 -1.6330e+00
2805 +3.962833411e+01 +3.962833411e+01 +6.304683341e+02 +6.304683341e+02 -1.8468e+00 -2.9516e+00 -3.4175e+00 -3.2704e+00 -1.7599e+00
3265 +2.393860378e+01 +2.393860378e+01 +6.147786038e+02 +6.147786038e+02 -1.2473e+00 -2.8710e+00 -3.3888e+00 -2.6632e+00 -1.9407e+00
3963 +1.415846346e+01 +1.415846346e+01 +6.049984635e+02 +6.049984635e+02 -4.3964e-01 -3.0987e+00 -3.3943e+00 -2.1951e+00 -1.9284e+00
4626 +9.977060965e+00 +9.977060965e+00 +6.008170610e+02 +6.008170610e+02 +1.3125e-01 -2.9696e+00 -3.6649e+00 -1.8753e+00 -1.7620e+00
4981 +6.059919208e+00 +6.059919208e+00 +5.968999192e+02 +5.968999192e+02 +6.2746e-01 -3.1510e+00 -3.1982e+00 -2.2358e+00 -1.3846e+00
5402 +3.926957208e+00 +3.926957208e+00 +5.947669572e+02 +5.947669572e+02 +8.4461e-01 -3.2049e+00 -3.2040e+00 -1.9750e+00 -1.3072e+00
5775 +2.501974970e+00 +2.501974970e+00 +5.933419750e+02 +5.933419750e+02 +1.0764e+00 -3.1961e+00 -3.2152e+00 -1.9855e+00 -1.0279e+00
6153 +1.389709808e+00 +1.389709808e+00 +5.922297098e+02 +5.922297098e+02 +1.2173e+00 -3.2490e+00 -3.2445e+00 -1.7985e+00 -8.6786e-01
6562 +9.581045871e-01 +9.581045871e-01 +5.917981046e+02 +5.917981046e+02 +1.4510e+00 -3.2493e+00 -3.4368e+00 -1.7110e+00 -7.3424e-01
6861 +6.226120333e-01 +6.226120333e-01 +5.914626120e+02 +5.914626120e+02 +1.5165e+00 -3.3012e+00 -3.3268e+00 -1.7001e+00 -4.6155e-01
7208 +1.943275027e-01 +1.943275027e-01 +5.910343275e+02 +5.910343275e+02 +1.5065e+00 -3.3798e+00 -3.3675e+00 -1.3714e+00 -4.3936e-01
8153 +1.351475587e-01 +1.351475587e-01 +5.909751476e+02 +5.909751476e+02 +1.5045e+00 -3.3683e+00 -3.5205e+00 -1.3066e+00 -3.4527e-01
8836 +4.818868147e-02 +4.818868147e-02 +5.908881887e+02 +5.908881887e+02 +1.4041e+00 -3.3439e+00 -3.4477e+00 -1.2237e+00 -3.7556e-01
10282 +1.815133095e-02 +1.815133095e-02 +5.908581513e+02 +5.908581513e+02 +1.4326e+00 -3.3419e+00 -3.4906e+00 -1.1931e+00 -3.3253e-01
% function evaluation | noise-free fitness - Fopt (-1.280000000000e+01) | best noise-free fitness - Fopt | measured fitness | best measured fitness | x1 | x2...
1 +3.943262740e+05 +3.943262740e+05 +3.943134740e+05 +3.943134740e+05 +1.7676e+00 +1.2120e+00 +9.1984e-01 +4.1913e-01 -2.7862e+00
2 +5.324018000e+04 +5.324018000e+04 +5.322738000e+04 +5.322738000e+04 -3.6407e-01 +6.6233e-01 -2.1743e+00 +8.8570e-01 +1.0483e+00
13 +1.585683666e+04 +1.585683666e+04 +1.584403666e+04 +1.584403666e+04 -1.4782e+00 +2.7965e+00 +4.8951e+00 +9.5586e-01 +1.8767e+00
17 +4.208342708e+01 +4.208342708e+01 +2.928342708e+01 +2.928342708e+01 -4.1988e+00 +4.3477e+00 -2.5198e+00 -1.2328e+00 +1.6866e+00
46 +3.817587569e+01 +3.817587569e+01 +2.537587569e+01 +2.537587569e+01 -3.1301e+00 +4.7875e+00 +1.6819e+00 -7.9728e-01 -3.0549e-01
99 +1.954376411e+01 +1.954376411e+01 +6.743764109e+00 +6.743764109e+00 -2.1696e+00 +3.8161e+00 +8.9217e-01 -3.1707e-01 +4.3776e-01
251 +1.430468615e+01 +1.430468615e+01 +1.504686155e+00 +1.504686155e+00 -2.2706e+00 +3.5740e+00 +5.4416e-01 -4.4464e-02 +5.3307e-01
1011 +9.444833320e+00 +9.444833320e+00 -3.355166680e+00 -3.355166680e+00 -2.2937e+00 +3.2351e+00 +3.4275e-02 -2.0169e-01 +3.4346e-01
1558 +6.085426005e+00 +6.085426005e+00 -6.714573995e+00 -6.714573995e+00 -2.2317e+00 +2.9760e+00 -4.3387e-01 -1.9072e-01 +4.0412e-01
1862 +3.920108522e+00 +3.920108522e+00 -8.879891478e+00 -8.879891478e+00 -2.2239e+00 +2.8054e+00 -7.0247e-01 -2.6052e-01 +3.5929e-01
2153 +2.460850824e+00 +2.460850824e+00 -1.033914918e+01 -1.033914918e+01 -2.4265e+00 +2.5590e+00 -1.0883e+00 -3.6147e-01 +3.8285e-01
2416 +1.541890013e+00 +1.541890013e+00 -1.125810999e+01 -1.125810999e+01 -2.4523e+00 +2.3183e+00 -1.2637e+00 -1.7135e-01 +3.2426e-01
2690 +7.847842503e-01 +7.847842503e-01 -1.201521575e+01 -1.201521575e+01 -2.0278e+00 +2.4657e+00 -1.4783e+00 -1.1711e-01 +3.3273e-01
2799 +3.168230800e-01 +3.168230800e-01 -1.248317692e+01 -1.248317692e+01 -2.0275e+00 +2.3034e+00 -1.8097e+00 -1.3152e-01 +4.0777e-01
3051 +7.513577524e-02 +7.513577524e-02 -1.272486422e+01 -1.272486422e+01 -1.8956e+00 +2.2104e+00 -1.9210e+00 +3.4006e-02 +4.0042e-01
6338 +2.616266869e-02 +2.616266869e-02 -1.277383733e+01 -1.277383733e+01 -1.8692e+00 +2.1665e+00 -1.8790e+00 +7.1889e-02 +3.7019e-01
% function evaluation | noise-free fitness - Fopt (-1.061000000000e+01) | best noise-free fitness - Fopt | measured fitness | best measured fitness | x1 | x2...
1 +3.032942661e+02 +3.032942661e+02 +2.926842661e+02 +2.926842661e+02 -2.6681e+00 +4.7567e+00 +2.8454e+00 -4.4795e-01 -1.0624e+00
10 +2.217344573e+02 +2.217344573e+02 +2.111244573e+02 +2.111244573e+02 -2.0897e+00 +4.5883e+00 +3.6806e+00 +1.8777e+00 -3.5043e-01
18 +1.202947171e+02 +1.202947171e+02 +1.096847171e+02 +1.096847171e+02 -1.8504e+00 +8.8494e-01 +3.8146e-01 -1.1916e+00 +1.4710e+00
828 +9.861656173e+01 +9.861656173e+01 +8.800656173e+01 +8.800656173e+01 -8.8832e-01 +7.9308e-01 -2.7509e-01 +5.9479e-02 +1.1817e+00
1607 +6.199503531e+01 +6.199503531e+01 +5.138503531e+01 +5.138503531e+01 -3.9924e-01 -1.0130e-01 -6.6051e-01 +7.5918e-01 +1.5132e+00
2604 +3.829174520e+01 +3.829174520e+01 +2.768174520e+01 +2.768174520e+01 +5.3252e-02 -7.3697e-01 -7.9119e-01 +1.6557e+00 +1.9824e+00
3138 +2.496738421e+01 +2.496738421e+01 +1.435738421e+01 +1.435738421e+01 +2.5974e-01 -1.0450e+00 -7.3358e-01 +2.1263e+00 +2.2761e+00
3669 +1.508612997e+01 +1.508612997e+01 +4.476129973e+00 +4.476129973e+00 +4.2988e-01 -1.5855e+00 -4.6643e-01 +2.9697e+00 +2.7293e+00
4243 +9.633632577e+00 +9.633632577e+00 -9.763674231e-01 -9.763674231e-01 +1.1116e+00 -1.7739e+00 -5.0025e-01 +2.9774e+00 +3.0058e+00
4670 +5.902113239e+00 +5.902113239e+00 -4.707886761e+00 -4.707886761e+00 +1.6628e+00 -1.3450e+00 -6.4955e-01 +3.5544e+00 +3.0536e+00
5101 +3.699549752e+00 +3.699549752e+00 -6.910450248e+00 -6.910450248e+00 +1.9631e+00 -1.5714e+00 -6.0643e-01 +3.5724e+00 +3.2168e+00
5473 +2.437745107e+00 +2.437745107e+00 -8.172254893e+00 -8.172254893e+00 +1.9973e+00 -1.5892e+00 -6.2933e-01 +3.5841e+00 +3.5088e+00
5630 +1.367187828e+00 +1.367187828e+00 -9.242812172e+00 -9.242812172e+00 +2.1427e+00 -1.8229e+00 -6.9307e-01 +3.3025e+00 +3.6469e+00
5906 +7.983554454e-01 +7.983554454e-01 -9.811644555e+00 -9.811644555e+00 +2.1811e+00 -1.9225e+00 -8.2080e-01 +3.2424e+00 +3.6853e+00
6163 +5.780062531e-01 +5.780062531e-01 -1.003199375e+01 -1.003199375e+01 +2.2835e+00 -2.1331e+00 -8.3332e-01 +3.1290e+00 +3.7132e+00
6473 +3.944007361e-01 +3.944007361e-01 -1.021559926e+01 -1.021559926e+01 +2.3434e+00 -2.1375e+00 -7.2102e-01 +3.3096e+00 +3.8320e+00
6755 +1.457450187e-01 +1.457450187e-01 -1.046425498e+01 -1.046425498e+01 +2.3814e+00 -2.1972e+00 -9.6319e-01 +3.1882e+00 +3.7957e+00
7338 +9.757181753e-02 +9.757181753e-02 -1.051242818e+01 -1.051242818e+01 +2.4524e+00 -2.2215e+00 -1.0039e+00 +3.1134e+00 +3.8084e+00
8443 +3.116184508e-02 +3.116184508e-02 -1.057883815e+01 -1.057883815e+01 +2.4227e+00 -2.2739e+00 -9.1624e-01 +3.1457e+00 +3.9031e+00
% function evaluation | noise-free fitness - Fopt (-1.844000000000e+02) | best noise-free fitness - Fopt | measured fitness | best measured fitness | x1 | x2...
1 +7.525608606e+05 +7.525608606e+05 +7.523764606e+05 +7.523764606e+05 +3.8433e+00 +1.7327e+00 -6.5231e-01 +4.0554e+00 -7.8471e-01
2 +2.703826858e+05 +2.703826858e+05 +2.701982858e+05 +2.701982858e+05 -3.8790e+00 +8.9750e-02 -2.5357e+00 +7.1098e-01 -2.1449e+00
10 +1.636703628e+05 +1.636703628e+05 +1.634859628e+05 +1.634859628e+05 +1.3389e+00 -1.8311e+00 +1.7814e+00 -1.1234e+00 -7.8028e-01
14 +1.118997367e+05 +1.118997367e+05 +1.117153367e+05 +1.117153367e+05 -4.4018e+00 -8.1821e-01 -1.2455e+00 -1.5631e+00 -3.2721e-01
28 +2.955037098e+04 +2.955037098e+04 +2.936597098e+04 +2.936597098e+04 -1.5422e+00 -2.2536e+00 +4.8751e+00 +6.9919e-01 +2.9146e+00
35 +2.763846457e+03 +2.763846457e+03 +2.579446457e+03 +2.579446457e+03 -1.6589e+00 -4.4534e+00 +3.9839e+00 +6.3212e-02 +3.8971e+00
154 +1.228581425e+03 +1.228581425e+03 +1.044181425e+03 +1.044181425e+03 -1.6658e+00 -4.3113e+00 +4.0813e+00 +1.9971e-01 +3.9372e+00
338 +8.504930136e+02 +8.504930136e+02 +6.660930136e+02 +6.660930136e+02 -1.9445e+00 -4.4930e+00 +4.2725e+00 +1.8940e-01 +3.8485e+00
354 +3.679085859e+02 +3.679085859e+02 +1.835085859e+02 +1.835085859e+02 -1.6984e+00 -4.2214e+00 +4.0953e+00 +4.2882e-01 +3.8700e+00
466 +2.220543581e+02 +2.220543581e+02 +3.765435813e+01 +3.765435813e+01 -1.9111e+00 -4.2097e+00 +4.1435e+00 +1.6021e-01 +3.8701e+00
501 +4.837380003e+01 +4.837380003e+01 -1.360262000e+02 -1.360262000e+02 -1.8422e+00 -4.1747e+00 +4.1661e+00 +6.9155e-01 +3.7139e+00
669 +3.734502642e+01 +3.734502642e+01 -1.470549736e+02 -1.470549736e+02 -2.1643e+00 -4.1843e+00 +4.3094e+00 -9.2351e-02 +3.6966e+00
1214 +2.504184107e+01 +2.504184107e+01 -1.593581589e+02 -1.593581589e+02 -2.2463e+00 -3.7704e+00 +4.4399e+00 -5.4385e-01 +3.2782e+00
1972 +1.434094337e+01 +1.434094337e+01 -1.700590566e+02 -1.700590566e+02 -2.7822e+00 -3.9331e+00 +4.2272e+00 -1.1249e+00 +2.6730e+00
2645 +9.561560980e+00 +9.561560980e+00 -1.748384390e+02 -1.748384390e+02 -2.5975e+00 -3.7418e+00 +4.7267e+00 -1.7137e+00 +2.0243e+00
3172 +5.872922827e+00 +5.872922827e+00 -1.785270772e+02 -1.785270772e+02 -2.5318e+00 -3.4842e+00 +4.0877e+00 -2.1642e+00 +1.8207e+00
3640 +3.832030893e+00 +3.832030893e+00 -1.805679691e+02 -1.805679691e+02 -2.7813e+00 -3.2696e+00 +4.1659e+00 -2.4349e+00 +1.2840e+00
3933 +2.202497789e+00 +2.202497789e+00 -1.821975022e+02 -1.821975022e+02 -2.6945e+00 -3.5242e+00 +3.5968e+00 -2.3216e+00 +1.0667e+00
4106 +1.423093918e+00 +1.423093918e+00 -1.829769061e+02 -1.829769061e+02 -2.4865e+00 -3.5838e+00 +3.4181e+00 -2.2305e+00 +8.8921e-01
4695 +9.499928535e-01 +9.499928535e-01 -1.834500071e+02 -1.834500071e+02 -2.5017e+00 -3.6800e+00 +3.2578e+00 -2.4037e+00 +7.5384e-01
4876 +3.938428728e-01 +3.938428728e-01 -1.840061571e+02 -1.840061571e+02 -2.6021e+00 -3.8460e+00 +2.7100e+00 -2.2835e+00 +4.0075e-01
5331 +2.429704156e-01 +2.429704156e-01 -1.841570296e+02 -1.841570296e+02 -2.2876e+00 -3.7776e+00 +2.7373e+00 -2.2865e+00 +4.1477e-01
5628 +9.997941192e-02 +9.997941192e-02 -1.843000206e+02 -1.843000206e+02 -2.3752e+00 -3.7669e+00 +2.6257e+00 -2.3641e+00 +3.1902e-01
8296 +5.656367216e-02 +5.656367216e-02 -1.843434363e+02 -1.843434363e+02 -2.3690e+00 -3.7336e+00 +2.6692e+00 -2.3647e+00 +2.4986e-01
8354 +2.272742208e-02 +2.272742208e-02 -1.843772726e+02 -1.843772726e+02 -2.3367e+00 -3.7741e+00 +2.6011e+00 -2.3517e+00 +2.0573e-01
% function evaluation | noise-free fitness - Fopt (-5.188000000000e+01) | best noise-free fitness - Fopt | measured fitness | best measured fitness | x1 | x2...
1 +5.968209355e+05 +5.968209355e+05 +5.967690555e+05 +5.967690555e+05 -2.0147e+00 -4.1179e+00 +4.2143e+00 -6.8920e-01 -3.1143e+00
4 +3.156170347e+05 +3.156170347e+05 +3.155651547e+05 +3.155651547e+05 +4.9039e+00 +4.0870e+00 -2.1858e+00 -4.6013e+00 -4.6855e-01
5 +1.457354187e+05 +1.457354187e+05 +1.456835387e+05 +1.456835387e+05 -4.9907e+00 +2.3375e-01 +1.8064e+00 -2.8159e-01 +1.0099e+00
9 +6.391902382e+04 +6.391902382e+04 +6.386714382e+04 +6.386714382e+04 +3.6616e+00 -2.5787e+00 -1.3665e+00 +3.1067e+00 -4.6203e+00
11 +2.403917162e+04 +2.403917162e+04 +2.398729162e+04 +2.398729162e+04 +2.1439e+00 +2.4748e+00 -2.6356e+00 +1.7517e+00 +2.8367e+00
14 +4.930710001e+03 +4.930710001e+03 +4.878830001e+03 +4.878830001e+03 +4.0864e+00 -1.3532e+00 -7.8860e-01 +2.0518e+00 +2.4134e+00
24 +3.701719315e+03 +3.701719315e+03 +3.649839315e+03 +3.649839315e+03 +4.5702e+00 +8.8913e-01 -4.0757e+00 +3.4557e+00 +1.4979e+00
89 +1.040472597e+02 +1.040472597e+02 +5.216725974e+01 +5.216725974e+01 +4.6404e+00 +4.8886e+00 -1.1656e+00 +4.1001e+00 +2.0666e+00
148 +9.804509910e+01 +9.804509910e+01 +4.616509910e+01 +4.616509910e+01 +4.5343e+00 +4.7192e+00 -1.1708e+00 +4.1384e+00 +2.0541e+00
1225 +6.256848323e+01 +6.256848323e+01 +1.068848323e+01 +1.068848323e+01 +3.8152e+00 +3.6497e+00 -5.9070e-01 +4.3473e+00 +2.1411e+00
2421 +3.911812404e+01 +3.911812404e+01 -1.276187596e+01 -1.276187596e+01 +2.8169e+00 +2.2011e+00 -1.0727e+00 +4.0227e+00 +1.5418e+00
3332 +2.507553852e+01 +2.507553852e+01 -2.680446148e+01 -2.680446148e+01 +2.4113e+00 +1.5324e+00 -5.2180e-01 +4.3782e+00 +1.4265e+00
4147 +1.526340149e+01 +1.526340149e+01 -3.661659851e+01 -3.661659851e+01 +1.6333e+00 +5.1277e-01 -3.7712e-01 +4.2887e+00 +1.5223e+00
5388 +9.722195327e+00 +9.722195327e+00 -4.215780467e+01 -4.215780467e+01 +1.6451e+00 -2.0191e-02 -5.7755e-01 +3.6756e+00 +2.3833e+00
6079 +6.217021809e+00 +6.217021809e+00 -4.566297819e+01 -4.566297819e+01 +1.5624e+00 -6.3204e-01 -5.7621e-01 +3.5307e+00 +2.5018e+00
6375 +3.935360841e+00 +3.935360841e+00 -4.794463916e+01 -4.794463916e+01 +1.2983e+00 -1.2933e+00 -6.0726e-01 +3.5625e+00 +2.4713e+00
6863 +2.447789162e+00 +2.447789162e+00 -4.943221084e+01 -4.943221084e+01 +1.5125e+00 -1.5988e+00 -6.2096e-01 +3.2809e+00 +2.7763e+00
7159 +1.550098682e+00 +1.550098682e+00 -5.032990132e+01 -5.032990132e+01 +1.2271e+00 -1.7964e+00 -6.6125e-01 +2.9106e+00 +2.7871e+00
7516 +7.900517949e-01 +7.900517949e-01 -5.108994821e+01 -5.108994821e+01 +1.6333e+00 -2.0273e+00 -5.3574e-01 +2.7742e+00 +3.1486e+00
7963 +3.759671983e-01 +3.759671983e-01 -5.150403280e+01 -5.150403280e+01 +1.3207e+00 -2.1853e+00 -5.3338e-01 +2.7655e+00 +3.1837e+00
8176 +2.007862395e-01 +2.007862395e-01 -5.167921376e+01 -5.167921376e+01 +1.4731e+00 -2.3546e+00 -5.5115e-01 +2.6901e+00 +3.2910e+00
8322 +1.418843761e-01 +1.418843761e-01 -5.173811562e+01 -5.173811562e+01 +1.3428e+00 -2.3352e+00 -4.3626e-01 +2.6000e+00 +3.3372e+00
8589 +7.738457791e-02 +7.738457791e-02 -5.180261542e+01 -5.180261542e+01 +1.3719e+00 -2.3899e+00 -4.5638e-01 +2.6323e+00 +3.3571e+00
10197 +3.822541353e-02 +3.822541353e-02 -5.184177459e+01 -5.184177459e+01 +1.3959e+00 -2.4138e+00 -4.3162e-01 +2.6371e+00 +3.4293e+00
10972 +2.065587896e-02 +2.065587896e-02 -5.185934412e+01 -5.185934412e+01 +1.4043e+00 -2.4658e+00 -4.6441e-01 +2.6217e+00 +3.4361e+00
% function evaluation | noise-free fitness - Fopt (6.980000000000e+01) | best noise-free fitness - Fopt | measured fitness | best measured fitness | x1 | x2...
1 +4.637364171e+05 +4.637364171e+05 +4.638062171e+05 +4.638062171e+05 +5.3300e-01 +4.5943e+00 -1.1780e+00 +3.2074e+00 +1.8663e+00
2 +2.030090609e+05 +2.030090609e+05 +2.030788609e+05 +2.030788609e+05 +2.3484e+00 +3.4874e+00 -2.0456e+00 +4.2418e+00 -4.2012e+00
5 +6.165828416e+03 +6.165828416e+03 +6.235628416e+03 +6.235628416e+03 +3.3002e+00 -4.9665e+00 +4.3420e+00 -1.5722e+00 -3.9727e+00
20 +1.403521056e+02 +1.403521056e+02 +2.101521056e+02 +2.101521056e+02 +6.7943e-01 -7.5523e-01 -2.5493e+00 +4.8895e+00 -3.8497e+00
22 +6.588597998e+01 +6.588597998e+01 +1.356859800e+02 +1.356859800e+02 -9.3224e-01 -3.1220e+00 +1.3134e+00 +2.4163e+00 -2.5300e+00
302 +6.290699766e+01 +6.290699766e+01 +1.327069977e+02 +1.327069977e+02 -9.5910e-01 -3.1331e+00 +1.3681e+00 +2.3092e+00 -2.6406e+00
1197 +3.689118594e+01 +3.689118594e+01 +1.066911859e+02 +1.066911859e+02 -9.6156e-01 -2.2172e+00 +1.5008e+00 +1.9606e+00 -3.3057e+00
1701 +2.411721069e+01 +2.411721069e+01 +9.391721069e+01 +9.391721069e+01 -1.7827e+00 -1.8463e+00 +1.7744e+00 +1.6476e+00 -2.9038e+00
1912 +1.488533721e+01 +1.488533721e+01 +8.468533721e+01 +8.468533721e+01 -1.6556e+00 -1.4968e+00 +2.3122e+00 +1.5201e+00 -3.2306e+00
2351 +9.959465224e+00 +9.959465224e+00 +7.975946522e+01 +7.975946522e+01 -1.6891e+00 -1.6956e+00 +2.7924e+00 +9.5209e-01 -3.1809e+00
2657 +5.665288243e+00 +5.665288243e+00 +7.546528824e+01 +7.546528824e+01 -1.7417e+00 -1.8286e+00 +2.9364e+00 +4.0302e-01 -3.4476e+00
2909 +3.837062012e+00 +3.837062012e+00 +7.363706201e+01 +7.363706201e+01 -1.5973e+00 -1.5039e+00 +3.0035e+00 +2.5343e-01 -3.5460e+00
3272 +2.399487031e+00 +2.399487031e+00 +7.219948703e+01 +7.219948703e+01 -1.8388e+00 -1.4747e+00 +3.2918e+00 +2.4342e-01 -3.3693e+00
3736 +1.570580822e+00 +1.570580822e+00 +7.137058082e+01 +7.137058082e+01 -2.0232e+00 -1.7655e+00 +3.3695e+00 -5.1053e-02 -3.4067e+00
3940 +7.435136762e-01 +7.435136762e-01 +7.054351368e+01 +7.054351368e+01 -2.1079e+00 -1.5910e+00 +3.4609e+00 -1.5410e-01 -3.3619e+00
4405 +3.738536190e-01 +3.738536190e-01 +7.017385362e+01 +7.017385362e+01 -2.2645e+00 -1.5768e+00 +3.6892e+00 -1.8145e-01 -3.1382e+00
4579 +2.242557399e-01 +2.242557399e-01 +7.002425574e+01 +7.002425574e+01 -2.3054e+00 -1.4914e+00 +3.6951e+00 -1.5078e-01 -3.2143e+00
5053 +7.993454896e-02 +7.993454896e-02 +6.987993455e+01 +6.987993455e+01 -2.4293e+00 -1.5166e+00 +3.7107e+00 -2.7068e-01 -3.1872e+00
5078 +4.873075229e-02 +4.873075229e-02 +6.984873075e+01 +6.984873075e+01 -2.3742e+00 -1.5144e+00 +3.7536e+00 -2.9078e-01 -3.1865e+00
11989 +3.543919129e-02 +3.543919129e-02 +6.983543919e+01 +6.983543919e+01 -2.4719e+00 -1.5345e+00 +3.7478e+00 -3.3967e-01 -3.1234e+00
16479 +2.366579216e-02 +2.366579216e-02 +6.982366579e+01 +6.982366579e+01 -2.4589e+00 -1.5015e+00 +3.7514e+00 -3.0414e-01 -3.1370e+00
% function evaluation | noise-free fitness - Fopt (1.105400000000e+02) | best noise-free fitness - Fopt | measured fitness | best measured fitness | x1 | x2...
1 +3.888225393e+05 +3.888225393e+05 +3.889330793e+05 +3.889330793e+05 -2.1873e+00 -4.3386e+00 +1.7958e+00 -3.0932e+00 -4.7235e+00
3 +1.893673282e+05 +1.893673282e+05 +1.894778682e+05 +1.894778682e+05 -4.5221e+00 +2.0739e+00 -1.7543e+00 +1.3443e+00 -1.3970e+00
5 +1.457604763e+05 +1.457604763e+05 +1.458710163e+05 +1.458710163e+05 +3.2522e-02 +3.1457e+00 -1.7775e+00 +3.0165e+00 -4.8301e+00
20 +6.314420057e+04 +6.314420057e+04 +6.325474057e+04 +6.325474057e+04 -3.9697e+00 +3.1007e+00 -2.4199e+00 +4.3192e+00 -3.4315e+00
48 +8.309349840e+03 +8.309349840e+03 +8.419889840e+03 +8.419889840e+03 +3.7945e-01 +4.0248e+00 +1.6167e+00 +4.6939e+00 -6.1182e-01
93 +6.840705695e+02 +6.840705695e+02 +7.946105695e+02 +7.946105695e+02 -7.5263e-01 +3.6660e+00 +1.5404e+00 +4.7771e+00 -1.9539e+00
253 +2.031944977e+02 +2.031944977e+02 +3.137344977e+02 +3.137344977e+02 -7.9366e-01 +3.6173e+00 +1.5916e+00 +4.8311e+00 -1.9817e+00
255 +2.471387045e+01 +2.471387045e+01 +1.352538705e+02 +1.352538705e+02 -1.0535e+00 +3.5430e+00 +1.6152e+00 +4.8819e+00 -1.9189e+00
967 +1.571803168e+01 +1.571803168e+01 +1.262580317e+02 +1.262580317e+02 -1.4941e+00 +2.8048e+00 +2.0290e+00 +4.6395e+00 -1.9894e+00
2280 +9.160645528e+00 +9.160645528e+00 +1.197006455e+02 +1.197006455e+02 -1.4784e+00 +1.9787e+00 +1.4785e+00 +3.9845e+00 -1.5688e+00
3080 +6.073801386e+00 +6.073801386e+00 +1.166138014e+02 +1.166138014e+02 -1.2050e+00 +1.2747e+00 +1.3703e+00 +3.8959e+00 -1.3062e+00
3417 +3.774051029e+00 +3.774051029e+00 +1.143140510e+02 +1.143140510e+02 -1.1070e+00 +6.1139e-01 +1.5254e+00 +3.6445e+00 -1.5231e+00
3840 +2.477953303e+00 +2.477953303e+00 +1.130179533e+02 +1.130179533e+02 -1.1393e+00 +3.5421e-01 +1.4624e+00 +3.3962e+00 -1.3719e+00
4430 +1.371292575e+00 +1.371292575e+00 +1.119112926e+02 +1.119112926e+02 -9.8771e-01 +1.3044e-01 +1.3949e+00 +3.1837e+00 -1.1878e+00
4961 +8.196459520e-01 +8.196459520e-01 +1.113596460e+02 +1.113596460e+02 -8.5066e-01 -1.6452e-01 +1.1832e+00 +3.0804e+00 -1.2255e+00
5107 +4.347433680e-01 +4.347433680e-01 +1.109747434e+02 +1.109747434e+02 -6.4569e-01 -3.7641e-01 +1.2820e+00 +2.9276e+00 -1.0937e+00
5656 +2.003970757e-01 +2.003970757e-01 +1.107403971e+02 +1.107403971e+02 -7.2864e-01 -4.7701e-01 +1.2156e+00 +2.8400e+00 -1.0467e+00
6570 +1.514621275e-01 +1.514621275e-01 +1.106914621e+02 +1.106914621e+02 -6.6520e-01 -5.5146e-01 +1.2912e+00 +2.8165e+00 -1.0116e+00
7384 +5.215573814e-02 +5.215573814e-02 +1.105921557e+02 +1.105921557e+02 -6.2583e-01 -7.0702e-01 +1.2157e+00 +2.7289e+00 -1.0299e+00
11418 +2.443728548e-02 +2.443728548e-02 +1.105644373e+02 +1.105644373e+02 -5.8181e-01 -7.5073e-01 +1.1828e+00 +2.6857e+00 -9.5346e-01
% function evaluation | noise-free fitness - Fopt (6.121000000000e+02) | best noise-free fitness - Fopt | measured fitness | best measured fitness | x1 | x2...
1 +6.913631673e+04 +6.913631673e+04 +6.974841673e+04 +6.974841673e+04 -3.0243e+00 -3.9132e+00 +4.8501e+00 +6.0825e-02 +1.3964e+00
40 +1.128892075e+04 +1.128892075e+04 +1.190102075e+04 +1.190102075e+04 -1.0107e+00 +2.5022e+00 +9.4699e-01 +3.3952e+00 +4.2157e+00
69 +3.377551703e+03 +3.377551703e+03 +3.989651703e+03 +3.989651703e+03 -3.6513e+00 +1.6999e+00 +1.9238e+00 +3.2372e+00 +1.7789e+00
84 +2.500466846e+03 +2.500466846e+03 +3.112566846e+03 +3.112566846e+03 -2.0922e-01 +7.5630e-01 +2.7265e+00 +1.5610e+00 +3.9418e+00
264 +1.246383754e+03 +1.246383754e+03 +1.858483754e+03 +1.858483754e+03 -3.7854e-01 +6.7151e-01 +2.7492e+00 +1.8474e+00 +3.9946e+00
312 +8.008608192e+02 +8.008608192e+02 +1.412960819e+03 +1.412960819e+03 -2.9854e-01 +6.7960e-01 +2.7881e+00 +1.4486e+00 +4.0798e+00
329 +4.108586228e+02 +4.108586228e+02 +1.022958623e+03 +1.022958623e+03 -3.5479e-01 +6.4079e-01 +2.9408e+00 +1.5771e+00 +4.0797e+00
406 +1.972865320e+02 +1.972865320e+02 +8.093865320e+02 +8.093865320e+02 -2.2363e-01 +1.6434e-01 +2.7149e+00 +1.7868e+00 +4.2383e+00
417 +6.076276143e+01 +6.076276143e+01 +6.728627614e+02 +6.728627614e+02 -3.3524e-01 +4.2383e-01 +2.7853e+00 +1.7600e+00 +4.4731e+00
1320 +3.526191421e+01 +3.526191421e+01 +6.473619142e+02 +6.473619142e+02 -1.1301e+00 +1.8063e-01 +2.5617e+00 +9.7153e-01 +3.7667e+00
1868 +2.501528540e+01 +2.501528540e+01 +6.371152854e+02 +6.371152854e+02 -1.2388e+00 +1.7636e-01 +2.8742e+00 +3.7621e-01 +3.5880e+00
2419 +1.515770472e+01 +1.515770472e+01 +6.272577047e+02 +6.272577047e+02 -2.0819e+00 +3.8139e-01 +2.6836e+00 +1.5007e-01 +2.9708e+00
3130 +9.823838411e+00 +9.823838411e+00 +6.219238384e+02 +6.219238384e+02 -2.2810e+00 +4.1016e-01 +2.9888e+00 -2.3454e-01 +2.4912e+00
3634 +6.209039344e+00 +6.209039344e+00 +6.183090393e+02 +6.183090393e+02 -2.1519e+00 +4.1605e-01 +2.9370e+00 -4.6402e-01 +1.8934e+00
4035 +3.663821011e+00 +3.663821011e+00 +6.157638210e+02 +6.157638210e+02 -2.2534e+00 +4.4216e-01 +2.8374e+00 -1.0490e+00 +1.9970e+00
4414 +2.499588987e+00 +2.499588987e+00 +6.145995890e+02 +6.145995890e+02 -2.3308e+00 +5.2397e-01 +2.9496e+00 -1.3052e+00 +1.9680e+00
4620 +1.581956525e+00 +1.581956525e+00 +6.136819565e+02 +6.136819565e+02 -2.3331e+00 +5.5573e-01 +3.0315e+00 -1.2878e+00 +1.7309e+00
4813 +7.208270883e-01 +7.208270883e-01 +6.128208271e+02 +6.128208271e+02 -2.3787e+00 +8.3735e-01 +3.1698e+00 -1.4683e+00 +1.5220e+00
4816 +6.001981166e-01 +6.001981166e-01 +6.127001981e+02 +6.127001981e+02 -2.3667e+00 +4.2043e-01 +3.2556e+00 -1.5703e+00 +1.5342e+00
5000 +3.964871586e-01 +3.964871586e-01 +6.124964872e+02 +6.124964872e+02 -2.3363e+00 +7.5310e-01 +3.2073e+00 -1.7669e+00 +1.5413e+00
5657 +1.658591662e-01 +1.658591662e-01 +6.122658592e+02 +6.122658592e+02 -2.3573e+00 +6.4962e-01 +3.2594e+00 -1.7887e+00 +1.4291e+00
5926 +8.948640947e-02 +8.948640947e-02 +6.121894864e+02 +6.121894864e+02 -2.4164e+00 +7.7380e-01 +3.2439e+00 -1.7957e+00 +1.3754e+00
7672 +5.272161072e-02 +5.272161072e-02 +6.121527216e+02 +6.121527216e+02 -2.3899e+00 +8.3922e-01 +3.2527e+00 -1.7685e+00 +1.3035e+00
14590 +3.302255136e-02 +3.302255136e-02 +6.121330226e+02 +6.121330226e+02 -2.4163e+00 +8.3384e-01 +3.2546e+00 -1.7749e+00 +1.2886e+00
15613 +1.033877526e-02 +1.033877526e-02 +6.121103388e+02 +6.121103388e+02 -2.4470e+00 +8.3941e-01 +3.3080e+00 -1.7702e+00 +1.2500e+00
% function evaluation | noise-free fitness - Fopt (-4.657200000000e+02) | best noise-free fitness - Fopt | measured fitness | best measured fitness | x1 | x2...
1 +4.611029010e+04 +4.611029010e+04 +4.564457010e+04 +4.564457010e+04 +2.2220e+00 -1.5529e+00 +1.1002e+00 +2.7193e+00 +4.2304e+00
7 +7.135435160e+03 +7.135435160e+03 +6.669715160e+03 +6.669715160e+03 -5.2042e-01 -1.3553e-02 -9.5271e-01 +5.1189e-01 +2.5848e+00
22 +2.432638231e+03 +2.432638231e+03 +1.966918231e+03 +1.966918231e+03 +3.0019e+00 -3.9413e+00 -3.4535e+00 -5.1629e-02 +3.4743e+00
377 +1.476382440e+03 +1.476382440e+03 +1.010662440e+03 +1.010662440e+03 +3.0504e+00 -4.0245e+00 -3.3826e+00 -1.9331e-01 +3.6373e+00
662 +5.445343119e+02 +5.445343119e+02 +7.881431193e+01 +7.881431193e+01 +3.0262e+00 -3.8232e+00 -3.4363e+00 -4.1497e-01 +3.5457e+00
712 +2.191813520e+02 +2.191813520e+02 -2.465386480e+02 -2.465386480e+02 +3.0113e+00 -4.0227e+00 -3.2748e+00 -5.3501e-01 +3.2339e+00
753 +1.486298604e+02 +1.486298604e+02 -3.170901396e+02 -3.170901396e+02 +2.9392e+00 -3.8168e+00 -3.4229e+00 -3.9671e-01 +3.7832e+00
953 +9.816232127e+01 +9.816232127e+01 -3.675576787e+02 -3.675576787e+02 +2.9704e+00 -3.7108e+00 -3.3876e+00 -5.9816e-01 +4.2343e+00
2056 +6.228100252e+01 +6.228100252e+01 -4.034389975e+02 -4.034389975e+02 +2.4226e+00 -2.4746e+00 -2.5544e+00 -6.9149e-02 +4.6518e+00
3459 +3.864142361e+01 +3.864142361e+01 -4.270785764e+02 -4.270785764e+02 +1.0899e+00 -1.2393e+00 -1.7202e+00 +3.0565e-01 +4.2688e+00
4157 +2.438130266e+01 +2.438130266e+01 -4.413386973e+02 -4.413386973e+02 +9.1415e-01 -9.2596e-01 -1.0787e+00 +9.4785e-01 +4.4326e+00
4982 +1.564859505e+01 +1.564859505e+01 -4.500714050e+02 -4.500714050e+02 +5.7491e-01 -4.9970e-01 -4.5871e-02 +1.3345e+00 +4.5889e+00
6025 +9.513375395e+00 +9.513375395e+00 -4.562066246e+02 -4.562066246e+02 -4.4835e-01 +9.1882e-02 +2.5532e-01 +1.3880e+00 +3.9890e+00
6612 +6.126235573e+00 +6.126235573e+00 -4.595937644e+02 -4.595937644e+02 -4.8782e-01 +3.2569e-01 +5.7498e-01 +1.7904e+00 +3.8086e+00
6958 +3.566550892e+00 +3.566550892e+00 -4.621534491e+02 -4.621534491e+02 -9.8275e-01 +5.5108e-01 +6.9376e-01 +1.8659e+00 +3.4030e+00
7320 +2.469471874e+00 +2.469471874e+00 -4.632505281e+02 -4.632505281e+02 -1.0444e+00 +7.6716e-01 +9.1993e-01 +2.0819e+00 +3.3808e+00
7658 +1.456903635e+00 +1.456903635e+00 -4.642630964e+02 -4.642630964e+02 -1.4065e+00 +7.0766e-01 +8.4877e-01 +2.2146e+00 +3.1479e+00
7986 +9.857684027e-01 +9.857684027e-01 -4.647342316e+02 -4.647342316e+02 -1.4061e+00 +8.9504e-01 +1.1859e+00 +2.1995e+00 +3.0447e+00
8189 +5.955183279e-01 +5.955183279e-01 -4.651244817e+02 -4.651244817e+02 -1.5821e+00 +8.6276e-01 +1.1539e+00 +2.3286e+00 +2.9372e+00
8432 +3.580515472e-01 +3.580515472e-01 -4.653619485e+02 -4.653619485e+02 -1.7988e+00 +1.0910e+00 +1.1680e+00 +2.3155e+00 +2.7193e+00
8736 +2.328735601e-01 +2.328735601e-01 -4.654871264e+02 -4.654871264e+02 -1.7235e+00 +9.7521e-01 +1.2783e+00 +2.3683e+00 +2.7875e+00
9111 +8.683907617e-02 +8.683907617e-02 -4.656331609e+02 -4.656331609e+02 -1.7348e+00 +9.7331e-01 +1.2721e+00 +2.4457e+00 +2.6391e+00
9846 +5.585678225e-02 +5.585678225e-02 -4.656641432e+02 -4.656641432e+02 -1.8437e+00 +1.0137e+00 +1.3145e+00 +2.4214e+00 +2.6030e+00
11511 +2.877217957e-02 +2.877217957e-02 -4.656912278e+02 -4.656912278e+02 -1.8072e+00 +1.0431e+00 +1.3243e+00 +2.4597e+00 +2.6062e+00
% function evaluation | noise-free fitness - Fopt (1.306000000000e+01) | best noise-free fitness - Fopt | measured fitness | best measured fitness | x1 | x2...
1 +2.340032842e+05 +2.340032842e+05 +2.340163442e+05 +2.340163442e+05 +3.1597e+00 -4.6189e+00 -2.0562e-03 -6.8316e-01 +3.1548e+00
3 +1.204656010e+05 +1.204656010e+05 +1.204786610e+05 +1.204786610e+05 -3.8502e+00 +3.9398e+00 -3.0785e+00 +1.0276e+00 +2.7434e-01
11 +8.441507927e+04 +8.441507927e+04 +8.442813927e+04 +8.442813927e+04 +4.8608e-01 -2.8979e+00 -2.0476e-01 -9.1709e-01 +2.0282e+00
12 +2.067215155e+04 +2.067215155e+04 +2.068521155e+04 +2.068521155e+04 +1.7553e+00 +8.8647e-01 -3.8481e+00 -2.0021e+00 -2.1933e+00
21 +3.672620947e+03 +3.672620947e+03 +3.685680947e+03 +3.685680947e+03 +1.1427e+00 -9.4548e-01 -2.8519e+00 -4.6798e+00 +4.6053e+00
26 +3.848069751e+01 +3.848069751e+01 +5.154069751e+01 +5.154069751e+01 -2.2293e+00 -1.1921e+00 -1.6284e+00 -3.8313e+00 -5.3329e-01
756 +2.477844070e+01 +2.477844070e+01 +3.783844070e+01 +3.783844070e+01 -1.7034e+00 -1.6581e+00 -1.2300e+00 -3.7246e+00 -2.6831e-01
1571 +1.571537620e+01 +1.571537620e+01 +2.877537620e+01 +2.877537620e+01 -6.1932e-01 -2.5029e+00 -1.4810e+00 -3.5500e+00 +9.5129e-02
2129 +9.986782312e+00 +9.986782312e+00 +2.304678231e+01 +2.304678231e+01 -1.7075e-01 -2.2644e+00 -6.6838e-01 -3.4523e+00 +3.5515e-01
2542 +5.965253791e+00 +5.965253791e+00 +1.902525379e+01 +1.902525379e+01 +4.5971e-01 -2.2813e+00 -4.2409e-01 -3.3991e+00 +4.7396e-01
3051 +3.613962670e+00 +3.613962670e+00 +1.667396267e+01 +1.667396267e+01 +8.6860e-01 -2.0809e+00 -2.5171e-01 -3.0786e+00 +4.1021e-01
3311 +2.410475048e+00 +2.410475048e+00 +1.547047505e+01 +1.547047505e+01 +1.0636e+00 -2.1307e+00 -1.7827e-01 -3.0662e+00 +7.5897e-01
3579 +1.409679689e+00 +1.409679689e+00 +1.446967969e+01 +1.446967969e+01 +1.4017e+00 -2.0019e+00 -2.4482e-01 -3.2648e+00 +1.0513e+00
3777 +7.864646155e-01 +7.864646155e-01 +1.384646462e+01 +1.384646462e+01 +1.5585e+00 -2.2507e+00 +4.0039e-02 -3.3595e+00 +1.0078e+00
4014 +6.204321950e-01 +6.204321950e-01 +1.368043219e+01 +1.368043219e+01 +1.6130e+00 -2.1659e+00 +1.4638e-01 -3.3195e+00 +1.0477e+00
4265 +3.868639596e-01 +3.868639596e-01 +1.344686396e+01 +1.344686396e+01 +1.5561e+00 -2.2024e+00 +1.3257e-01 -3.2999e+00 +1.2742e+00
4622 +2.423998767e-01 +2.423998767e-01 +1.330239988e+01 +1.330239988e+01 +1.7248e+00 -2.1118e+00 +1.2032e-01 -3.3069e+00 +1.3783e+00
5186 +1.334420034e-01 +1.334420034e-01 +1.319344200e+01 +1.319344200e+01 +1.7204e+00 -2.2136e+00 +2.4368e-01 -3.3478e+00 +1.3970e+00
5589 +7.809278736e-02 +7.809278736e-02 +1.313809279e+01 +1.313809279e+01 +1.8150e+00 -2.1640e+00 +2.4445e-01 -3.3316e+00 +1.3873e+00
8465 +5.665103517e-02 +5.665103517e-02 +1.311665104e+01 +1.311665104e+01 +1.8247e+00 -2.1606e+00 +3.1396e-01 -3.2790e+00 +1.3174e+00
11261 +3.092887228e-02 +3.092887228e-02 +1.309092887e+01 +1.309092887e+01 +1.8544e+00 -2.1813e+00 +2.7926e-01 -3.2671e+00 +1.3489e+00
% function evaluation | noise-free fitness - Fopt (2.655000000000e+01) | best noise-free fitness - Fopt | measured fitness | best measured fitness | x1 | x2...
1 +1.895089331e+04 +1.895089331e+04 +1.897744331e+04 +1.897744331e+04 -1.5641e+00 -3.0118e+00 +2.9127e+00 -3.8533e+00 -7.5973e-01
3 +4.305051942e+03 +4.305051942e+03 +4.331601942e+03 +4.331601942e+03 -2.1036e+00 -8.1281e-02 +1.8948e+00 +2.8329e-01 -2.7948e+00
14 +2.168272320e+02 +2.168272320e+02 +2.433772320e+02 +2.433772320e+02 -3.6312e+00 +2.4232e+00 +2.4439e+00 -4.5088e+00 -3.8476e+00
35 +1.394669714e+02 +1.394669714e+02 +1.660169714e+02 +1.660169714e+02 -3.9614e+00 -1.8978e+00 +1.7042e+00 -4.6336e+00 -2.6696e+00
49 +7.456114709e+01 +7.456114709e+01 +1.011111471e+02 +1.011111471e+02 +2.1969e+00 -1.9311e+00 -4.1802e-01 -4.1673e+00 -1.1507e+00
356 +6.271541563e+01 +6.271541563e+01 +8.926541563e+01 +8.926541563e+01 +2.4310e+00 -2.3726e+00 -5.4518e-01 -3.8612e+00 -9.5797e-01
1106 +3.880075013e+01 +3.880075013e+01 +6.535075013e+01 +6.535075013e+01 +2.4167e+00 -2.4578e+00 +1.7825e-01 -3.2960e+00 -7.1373e-01
1504 +2.431274699e+01 +2.431274699e+01 +5.086274699e+01 +5.086274699e+01 +2.4712e+00 -2.1699e+00 +3.8802e-01 -2.7311e+00 -5.1395e-01
2021 +1.582334288e+01 +1.582334288e+01 +4.237334288e+01 +4.237334288e+01 +2.4679e+00 -2.0580e+00 +6.9405e-01 -2.2929e+00 -3.9862e-01
2501 +7.891172843e+00 +7.891172843e+00 +3.444117284e+01 +3.444117284e+01 +2.2964e+00 -1.9915e+00 +9.3268e-01 -1.7509e+00 -1.3455e-01
2654 +6.130881822e+00 +6.130881822e+00 +3.268088182e+01 +3.268088182e+01 +2.1666e+00 -2.0593e+00 +8.9731e-01 -1.4211e+00 -1.2473e-01
2971 +3.819370666e+00 +3.819370666e+00 +3.036937067e+01 +3.036937067e+01 +2.3581e+00 -2.2324e+00 +1.0159e+00 -1.3086e+00 -9.8004e-02
3370 +2.417626423e+00 +2.417626423e+00 +2.896762642e+01 +2.896762642e+01 +2.5359e+00 -2.0302e+00 +7.8752e-01 -8.4391e-01 -2.1908e-01
3560 +8.937356043e-01 +8.937356043e-01 +2.744373560e+01 +2.744373560e+01 +2.5853e+00 -1.6869e+00 +1.0946e+00 -6.5898e-01 +7.6889e-02
3743 +4.445696506e-01 +4.445696506e-01 +2.699456965e+01 +2.699456965e+01 +2.4612e+00 -1.8442e+00 +1.2012e+00 -5.8689e-01 +1.4897e-01
3972 +3.431352184e-01 +3.431352184e-01 +2.689313522e+01 +2.689313522e+01 +2.5574e+00 -1.8727e+00 +1.0391e+00 -5.5107e-01 +1.5854e-01
4408 +2.267897058e-01 +2.267897058e-01 +2.677678971e+01 +2.677678971e+01 +2.5432e+00 -1.7914e+00 +9.2381e-01 -3.6348e-01 +9.5763e-02
4628 +1.398831493e-01 +1.398831493e-01 +2.668988315e+01 +2.668988315e+01 +2.5869e+00 -1.8502e+00 +8.3995e-01 -2.9139e-01 +7.4487e-02
5535 +8.556747752e-02 +8.556747752e-02 +2.663556748e+01 +2.663556748e+01 +2.5778e+00 -1.8693e+00 +9.2546e-01 -3.2639e-01 +1.2998e-01
5928 +4.090321910e-02 +4.090321910e-02 +2.659090322e+01 +2.659090322e+01 +2.5804e+00 -1.8321e+00 +7.6617e-01 -1.9880e-01 +1.8768e-01
6750 +3.832057281e-02 +3.832057281e-02 +2.658832057e+01 +2.658832057e+01 +2.5598e+00 -1.8615e+00 +8.2311e-01 -2.4326e-01 +1.6298e-01
16347 +1.821865666e-02 +1.821865666e-02 +2.656821866e+01 +2.656821866e+01 +2.5841e+00 -1.8799e+00 +7.6298e-01 -2.0919e-01 +1.6666e-01
