% function evaluation | noise-free fitness - Fopt (2.997000000000e+01) | best noise-free fitness - Fopt | measured fitness | best measured fitness | x1 | x2...
1 +1.784799996e+03 +1.784799996e+03 +1.814769996e+03 +1.814769996e+03 -8.3099e-01 -2.0255e+00 +3.3445e+00 -4.1320e+00 +7.6385e-01
4 +1.179890413e+03 +1.179890413e+03 +1.209860413e+03 +1.209860413e+03 +1.2804e+00 -1.5685e+00 -3.5554e+00 +1.0071e+00 -3.3529e+00
5 +8.941315362e+02 +8.941315362e+02 +9.241015362e+02 +9.241015362e+02 -2.8089e+00 +2.7834e+00 -1.8985e-01 -1.6058e+00 -7.2421e-01
41 +6.135890107e+02 +6.135890107e+02 +6.435590107e+02 +6.435590107e+02 -1.5875e+00 -4.4073e+00 -4.5356e+00 -1.5552e+00 +3.1726e+00
78 +3.710609456e+02 +3.710609456e+02 +4.010309456e+02 +4.010309456e+02 -1.1544e+00 +2.7378e+00 -1.9359e+00 -1.0613e+00 +2.9039e+00
221 +2.114402361e+02 +2.114402361e+02 +2.414102361e+02 +2.414102361e+02 -6.4986e-01 +3.0410e+00 -2.2422e+00 -1.0094e+00 +4.5733e+00
464 +1.552538093e+02 +1.552538093e+02 +1.852238093e+02 +1.852238093e+02 -9.3967e-01 +3.4040e+00 -2.3323e+00 -1.3283e+00 +4.5821e+00
625 +9.840380168e+01 +9.840380168e+01 +1.283738017e+02 +1.283738017e+02 -9.2294e-01 +2.9509e+00 -2.4247e+00 -1.5522e+00 +4.6384e+00
1830 +6.207196277e+01 +6.207196277e+01 +9.204196277e+01 +9.204196277e+01 -7.1601e-01 +2.4987e+00 -2.5884e+00 -1.5654e+00 +4.6868e+00
% function evaluation | noise-free fitness - Fopt (-5.171000000000e+01) | best noise-free fitness - Fopt | measured fitness | best measured fitness | x1 | x2...
1 +2.454769897e+03 +2.454769897e+03 +2.403059897e+03 +2.403059897e+03 -1.9827e+00 -1.1096e+00 +3.0222e+00 +4.1705e+00 -3.2523e+00
5 +1.071434554e+03 +1.071434554e+03 +1.019724554e+03 +1.019724554e+03 +8.6188e-01 +4.9922e+00 -4.4778e+00 +3.8664e+00 +1.7127e+00
12 +8.624893630e+02 +8.624893630e+02 +8.107793630e+02 +8.107793630e+02 -4.9218e-01 +3.7037e+00 -4.7542e+00 -4.3546e+00 -1.2852e+00
28 +6.235515050e+02 +6.235515050e+02 +5.718415050e+02 +5.718415050e+02 +1.0742e+00 +4.8941e+00 -1.2257e+00 -1.8887e+00 -2.8396e-01
128 +3.894628118e+02 +3.894628118e+02 +3.377528118e+02 +3.377528118e+02 +2.8999e+00 +5.0000e+00 -1.4876e+00 -2.9902e+00 +5.9045e-01
203 +1.930265930e+02 +1.930265930e+02 +1.413165930e+02 +1.413165930e+02 +3.7004e+00 +5.0000e+00 -3.0296e+00 -3.1448e+00 -1.4909e-01
343 +1.429942159e+02 +1.429942159e+02 +9.128421588e+01 +9.128421588e+01 +3.3889e+00 +5.0000e+00 -2.7516e+00 -2.9137e+00 -1.2858e-01
467 +9.901808501e+01 +9.901808501e+01 +4.730808501e+01 +4.730808501e+01 +3.1540e+00 +4.9273e+00 -2.6512e+00 -3.2415e+00 -3.8181e-01
665 +6.290175448e+01 +6.290175448e+01 +1.119175448e+01 +1.119175448e+01 +3.2531e+00 +4.8621e+00 -2.4746e+00 -3.4404e+00 -4.4527e-01
785 +3.821406015e+01 +3.821406015e+01 -1.349593985e+01 -1.349593985e+01 +3.2916e+00 +4.6227e+00 -2.5471e+00 -3.5921e+00 -3.1950e-01
1522 +2.463028118e+01 +2.463028118e+01 -2.707971882e+01 -2.707971882e+01 +3.2598e+00 +4.5869e+00 -2.5074e+00 -3.6542e+00 -3.5354e-01
% function evaluation | noise-free fitness - Fopt (-2.799500000000e+02) | best noise-free fitness - Fopt | measured fitness | best measured fitness | x1 | x2...
1 +3.397339190e+03 +3.397339190e+03 +3.117389190e+03 +3.117389190e+03 +1.7638e+00 +4.2343e+00 +2.4606e+00 -2.2673e+00 +2.9259e+00
2 +2.511250584e+03 +2.511250584e+03 +2.231300584e+03 +2.231300584e+03 +2.4647e+00 -8.5880e-01 -3.5352e+00 +2.4683e-01 +1.7930e+00
5 +1.347097271e+03 +1.347097271e+03 +1.067147271e+03 +1.067147271e+03 +2.1930e+00 -4.5116e+00 -2.9868e-01 -2.1588e+00 -3.6192e+00
36 +9.114325211e+02 +9.114325211e+02 +6.314825211e+02 +6.314825211e+02 -3.8767e+00 -4.5773e+00 +2.3598e+00 +4.4482e+00 +1.0824e+00
47 +3.931452291e+02 +3.931452291e+02 +1.131952291e+02 +1.131952291e+02 -4.1627e+00 -2.4486e+00 +3.9435e+00 +1.2429e-02 -2.2598e+00
341 +2.358447391e+02 +2.358447391e+02 -4.410526093e+01 -4.410526093e+01 -4.9820e+00 -2.5516e+00 +3.8389e+00 -2.3932e+00 -2.9685e+00
401 +1.465335660e+02 +1.465335660e+02 -1.334164340e+02 -1.334164340e+02 -4.1787e+00 -3.3062e+00 +3.4356e+00 -1.7983e+00 -3.1580e+00
525 +9.890650229e+01 +9.890650229e+01 -1.810434977e+02 -1.810434977e+02 -4.2743e+00 -3.3738e+00 +3.5036e+00 -1.7498e+00 -3.4484e+00
672 +6.252283240e+01 +6.252283240e+01 -2.174271676e+02 -2.174271676e+02 -4.3457e+00 -3.3909e+00 +3.7103e+00 -1.4349e+00 -3.3701e+00
855 +2.593909446e+01 +2.593909446e+01 -2.540109055e+02 -2.540109055e+02 -4.1621e+00 -3.3014e+00 +4.0346e+00 -1.5089e+00 -3.6962e+00
890 +2.479694350e+01 +2.479694350e+01 -2.551530565e+02 -2.551530565e+02 -4.1718e+00 -3.3007e+00 +4.0349e+00 -1.5183e+00 -3.7009e+00
1021 +1.562289303e+01 +1.562289303e+01 -2.643271070e+02 -2.643271070e+02 -4.2078e+00 -3.3152e+00 +4.0395e+00 -1.5010e+00 -3.6879e+00
1258 +9.583793994e+00 +9.583793994e+00 -2.703662060e+02 -2.703662060e+02 -4.2377e+00 -3.3025e+00 +4.0673e+00 -1.5080e+00 -3.7249e+00
2060 +5.880565782e+00 +5.880565782e+00 -2.740694342e+02 -2.740694342e+02 -4.2347e+00 -3.2982e+00 +4.0736e+00 -1.4991e+00 -3.7513e+00
% function evaluation | noise-free fitness - Fopt (9.319900000000e+02) | best noise-free fitness - Fopt | measured fitness | best measured fitness | x1 | x2...
1 +2.350439315e+03 +2.350439315e+03 +3.282429315e+03 +3.282429315e+03 -4.0456e+00 -3.6154e+00 -4.0466e+00 +4.9390e+00 -4.9671e+00
3 +1.373506286e+03 +1.373506286e+03 +2.305496286e+03 +2.305496286e+03 -4.5019e+00 +4.3936e+00 +9.1591e-01 +1.3424e+00 -4.3040e+00
4 +9.579811078e+02 +9.579811078e+02 +1.889971108e+03 +1.889971108e+03 -2.9498e+00 +2.5552e+00 -1.2837e-01 -2.7778e-01 -9.5635e-01
52 +4.750148978e+02 +4.750148978e+02 +1.407004898e+03 +1.407004898e+03 +1.6694e+00 -1.7933e-01 -7.7644e-01 -4.8630e+00 +3.4268e+00
70 +3.482765922e+02 +3.482765922e+02 +1.280266592e+03 +1.280266592e+03 +1.1075e+00 +3.1572e+00 +3.4621e+00 +5.4433e-01 +8.9294e-01
263 +2.509564209e+02 +2.509564209e+02 +1.182946421e+03 +1.182946421e+03 +1.9189e+00 +3.0532e+00 +4.9819e+00 +1.0665e-01 +1.4333e+00
515 +1.518674801e+02 +1.518674801e+02 +1.083857480e+03 +1.083857480e+03 +2.2996e+00 +2.1603e+00 +4.3027e+00 +1.2342e+00 +1.8957e+00
684 +9.335194000e+01 +9.335194000e+01 +1.025341940e+03 +1.025341940e+03 +2.4407e+00 +2.1515e+00 +4.6300e+00 +1.0416e+00 +1.7183e+00
890 +6.282334768e+01 +6.282334768e+01 +9.948133477e+02 +9.948133477e+02 +2.1936e+00 +2.1057e+00 +4.6254e+00 +9.6273e-01 +1.6502e+00
1099 +3.742933359e+01 +3.742933359e+01 +9.694193336e+02 +9.694193336e+02 +1.9184e+00 +1.9901e+00 +4.6254e+00 +1.0365e+00 +1.5490e+00
1654 +2.489512859e+01 +2.489512859e+01 +9.568851286e+02 +9.568851286e+02 +1.9189e+00 +1.9426e+00 +4.6099e+00 +1.0588e+00 +1.5011e+00
% function evaluation | noise-free fitness - Fopt (1.133100000000e+02) | best noise-free fitness - Fopt | measured fitness | best measured fitness | x1 | x2...
1 +1.068149529e+03 +1.068149529e+03 +1.181459529e+03 +1.181459529e+03 -2.0752e+00 +1.0347e+00 -1.9341e+00 -3.8276e+00 -3.9641e-01
5 +7.562568322e+02 +7.562568322e+02 +8.695668322e+02 +8.695668322e+02 +3.0520e+00 +4.3221e+00 -1.2942e+00 +4.6506e+00 -1.6771e+00
18 +4.972747366e+02 +4.972747366e+02 +6.105847366e+02 +6.105847366e+02 +6.5426e-01 +2.7700e+00 +1.6244e+00 -1.9558e+00 +2.6852e+00
283 +3.337842029e+02 +3.337842029e+02 +4.470942029e+02 +4.470942029e+02 +2.4321e+00 +2.0120e+00 -2.1653e+00 +9.9083e-01 +2.5244e+00
425 +1.720908421e+02 +1.720908421e+02 +2.854008421e+02 +2.854008421e+02 +3.5588e+00 +1.6774e+00 -1.6045e+00 +1.3849e+00 +1.4647e+00
515 +1.251354162e+02 +1.251354162e+02 +2.384454162e+02 +2.384454162e+02 +1.9831e+00 +3.1681e+00 +2.3271e-01 -7.6662e-02 +8.8321e-01
562 +9.945867816e+01 +9.945867816e+01 +2.127686782e+02 +2.127686782e+02 +2.4959e+00 +1.3020e+00 -1.1593e+00 +1.9178e-01 +1.4384e+00
870 +6.187575564e+01 +6.187575564e+01 +1.751857556e+02 +1.751857556e+02 +2.6159e+00 +1.4844e+00 -1.1480e+00 +5.0372e-01 +1.3149e+00
1139 +3.974923452e+01 +3.974923452e+01 +1.530592345e+02 +1.530592345e+02 +2.6306e+00 +1.3625e+00 -1.2675e+00 +8.3418e-01 +1.1421e+00
1625 +2.484464997e+01 +2.484464997e+01 +1.381546500e+02 +1.381546500e+02 +2.6394e+00 +1.3833e+00 -1.2632e+00 +8.2821e-01 +1.2249e+00
% function evaluation | noise-free fitness - Fopt (-9.519000000000e+01) | best noise-free fitness - Fopt | measured fitness | best measured fitness | x1 | x2...
1 +2.849061253e+03 +2.849061253e+03 +2.753871253e+03 +2.753871253e+03 -4.6169e+00 -2.0961e+00 +4.5531e+00 +3.3834e+00 -1.4738e+00
2 +1.468562657e+03 +1.468562657e+03 +1.373372657e+03 +1.373372657e+03 +1.7332e-01 -2.8879e+00 -6.0016e-01 +4.0030e+00 +2.2998e+00
7 +5.041560819e+02 +5.041560819e+02 +4.089660819e+02 +4.089660819e+02 +1.8314e+00 -3.2185e+00 -2.2881e+00 -1.4788e+00 -7.5234e-01
57 +3.109323936e+02 +3.109323936e+02 +2.157423936e+02 +2.157423936e+02 +1.1925e+00 -4.1943e+00 -8.2891e-01 -3.3093e+00 -3.7257e+00
234 +2.176200686e+02 +2.176200686e+02 +1.224300686e+02 +1.224300686e+02 +1.5299e+00 -4.1212e+00 -3.2615e-01 -3.5792e+00 -2.6521e+00
380 +1.509038240e+02 +1.509038240e+02 +5.571382398e+01 +5.571382398e+01 +1.3648e+00 -3.6794e+00 -9.9850e-02 -3.7949e+00 -2.6975e+00
623 +9.503952796e+01 +9.503952796e+01 -1.504720423e-01 -1.504720423e-01 +1.0955e+00 -2.8386e+00 -4.2626e-01 -3.5737e+00 -3.0135e+00
834 +5.574835489e+01 +5.574835489e+01 -3.944164511e+01 -3.944164511e+01 +1.1583e+00 -2.8481e+00 -4.1014e-01 -3.8295e+00 -3.1434e+00
1025 +3.767258584e+01 +3.767258584e+01 -5.751741416e+01 -5.751741416e+01 +1.0620e+00 -2.5410e+00 -6.1680e-01 -3.8814e+00 -3.2706e+00
1342 +2.480309761e+01 +2.480309761e+01 -7.038690239e+01 -7.038690239e+01 +1.1077e+00 -2.5247e+00 -6.3342e-01 -3.9043e+00 -3.3133e+00
1892 +1.480594298e+01 +1.480594298e+01 -8.038405702e+01 -8.038405702e+01 +1.1316e+00 -2.4730e+00 -6.5240e-01 -3.9074e+00 -3.3858e+00
% function evaluation | noise-free fitness - Fopt (-7.663000000000e+01) | best noise-free fitness - Fopt | measured fitness | best measured fitness | x1 | x2...
1 +1.427214228e+03 +1.427214228e+03 +1.350584228e+03 +1.350584228e+03 +1.2188e+00 +1.8326e+00 -2.4998e+00 -4.3516e+00 +3.8369e-01
10 +7.569428942e+02 +7.569428942e+02 +6.803128942e+02 +6.803128942e+02 -8.0912e-01 +1.3679e-01 +2.0902e+00 +2.8269e+00 +1.7384e-01
22 +5.397923309e+02 +5.397923309e+02 +4.631623309e+02 +4.631623309e+02 +3.6552e+00 -2.7201e+00 +2.4648e+00 +3.7082e-01 +2.1718e+00
84 +3.595024955e+02 +3.595024955e+02 +2.828724955e+02 +2.828724955e+02 +4.4618e+00 -1.7043e+00 -2.4628e-01 +1.3968e+00 +3.3232e+00
218 +2.279927750e+02 +2.279927750e+02 +1.513627750e+02 +1.513627750e+02 -1.2430e+00 -2.7817e+00 +2.6214e+00 -1.8187e+00 +2.4078e+00
425 +1.404712825e+02 +1.404712825e+02 +6.384128254e+01 +6.384128254e+01 -9.5418e-01 -2.1537e+00 +3.3438e+00 -2.8579e+00 +2.0920e+00
465 +9.508826835e+01 +9.508826835e+01 +1.845826835e+01 +1.845826835e+01 -1.6054e+00 -2.5083e+00 +3.6853e+00 -2.8467e+00 +2.4581e+00
635 +6.298431781e+01 +6.298431781e+01 -1.364568219e+01 -1.364568219e+01 -1.6928e+00 -2.6845e+00 +3.7878e+00 -2.8903e+00 +2.3268e+00
878 +3.899752166e+01 +3.899752166e+01 -3.763247834e+01 -3.763247834e+01 -1.4673e+00 -2.8624e+00 +3.8935e+00 -2.8380e+00 +2.1676e+00
1046 +2.465661129e+01 +2.465661129e+01 -5.197338871e+01 -5.197338871e+01 -1.5543e+00 -2.8030e+00 +3.7505e+00 -2.9023e+00 +2.0921e+00
1106 +1.446302334e+01 +1.446302334e+01 -6.216697666e+01 -6.216697666e+01 -1.6104e+00 -2.7467e+00 +3.7578e+00 -2.8367e+00 +2.0950e+00
1299 +9.439870938e+00 +9.439870938e+00 -6.719012906e+01 -6.719012906e+01 -1.6018e+00 -2.7397e+00 +3.7968e+00 -2.8212e+00 +2.0881e+00
1482 +6.307470880e+00 +6.307470880e+00 -7.032252912e+01 -7.032252912e+01 -1.7131e+00 -2.6932e+00 +3.8360e+00 -2.8896e+00 +2.0297e+00
1591 +3.604210608e+00 +3.604210608e+00 -7.302578939e+01 -7.302578939e+01 -1.6972e+00 -2.7025e+00 +3.8140e+00 -2.8663e+00 +2.0151e+00
1830 +2.326053362e+00 +2.326053362e+00 -7.430394664e+01 -7.430394664e+01 -1.6966e+00 -2.7128e+00 +3.8245e+00 -2.8601e+00 +2.0129e+00
1989 +1.177919975e+00 +1.177919975e+00 -7.545208003e+01 -7.545208003e+01 -1.7091e+00 -2.7045e+00 +3.8324e+00 -2.8564e+00 +2.0119e+00
2666 +9.863558061e-01 +9.863558061e-01 -7.564364419e+01 -7.564364419e+01 -1.7093e+00 -2.7046e+00 +3.8317e+00 -2.8572e+00 +2.0121e+00
3967 +6.272824427e-01 +6.272824427e-01 -7.600271756e+01 -7.600271756e+01 -1.7090e+00 -2.7049e+00 +3.8300e+00 -2.8586e+00 +2.0122e+00
% function evaluation | noise-free fitness - Fopt (1.152600000000e+02) | best noise-free fitness - Fopt | measured fitness | best measured fitness | x1 | x2...
1 +1.315682073e+03 +1.315682073e+03 +1.430942073e+03 +1.430942073e+03 -6.6069e-01 -2.9652e+00 -3.6497e+00 -2.9494e+00 +2.5710e+00
5 +8.530961257e+02 +8.530961257e+02 +9.683561257e+02 +9.683561257e+02 -1.3522e+00 -1.1297e+00 -3.3621e+00 +3.2734e+00 +2.4682e+00
6 +4.791187515e+02 +4.791187515e+02 +5.943787515e+02 +5.943787515e+02 -4.4379e-02 -5.5018e-01 +3.2332e+00 +2.6164e+00 +6.5243e-01
120 +3.449136497e+02 +3.449136497e+02 +4.601736497e+02 +4.601736497e+02 -4.7682e-01 -3.0354e+00 +4.8247e-01 +3.8223e+00 +2.5782e+00
179 +2.128059459e+02 +2.128059459e+02 +3.280659459e+02 +3.280659459e+02 -4.6133e-01 -3.3208e+00 -1.3754e+00 +3.1143e+00 +2.7227e+00
467 +1.304119637e+02 +1.304119637e+02 +2.456719637e+02 +2.456719637e+02 +7.0030e-01 -3.6759e+00 -1.4009e+00 +3.1679e+00 +2.8988e+00
679 +9.214361486e+01 +9.214361486e+01 +2.074036149e+02 +2.074036149e+02 +5.7672e-01 -3.6366e+00 -1.1663e+00 +3.1145e+00 +2.9263e+00
749 +4.491194152e+01 +4.491194152e+01 +1.601719415e+02 +1.601719415e+02 +1.5359e+00 -4.1580e+00 -1.0738e+00 +3.7906e+00 +3.0952e+00
821 +2.621339984e+01 +2.621339984e+01 +1.414733998e+02 +1.414733998e+02 +1.4957e+00 -4.1122e+00 -1.1813e+00 +3.6686e+00 +3.1763e+00
867 +2.308414127e+01 +2.308414127e+01 +1.383441413e+02 +1.383441413e+02 +1.4783e+00 -4.1278e+00 -1.2042e+00 +3.6877e+00 +3.1652e+00
1103 +1.401960684e+01 +1.401960684e+01 +1.292796068e+02 +1.292796068e+02 +1.4185e+00 -4.0526e+00 -1.1682e+00 +3.6978e+00 +3.0568e+00
1304 +9.604487095e+00 +9.604487095e+00 +1.248644871e+02 +1.248644871e+02 +1.4392e+00 -4.0513e+00 -1.1914e+00 +3.7191e+00 +3.0743e+00
1584 +5.390158761e+00 +5.390158761e+00 +1.206501588e+02 +1.206501588e+02 +1.4584e+00 -4.0072e+00 -1.1678e+00 +3.6829e+00 +3.0955e+00
1765 +3.237972909e+00 +3.237972909e+00 +1.184979729e+02 +1.184979729e+02 +1.4536e+00 -4.0220e+00 -1.1788e+00 +3.6785e+00 +3.0880e+00
1988 +2.219242695e+00 +2.219242695e+00 +1.174792427e+02 +1.174792427e+02 +1.4722e+00 -4.0091e+00 -1.1658e+00 +3.6677e+00 +3.0807e+00
2144 +1.532648264e+00 +1.532648264e+00 +1.167926483e+02 +1.167926483e+02 +1.4698e+00 -4.0123e+00 -1.1606e+00 +3.6726e+00 +3.0793e+00
3616 +9.983254156e-01 +9.983254156e-01 +1.162583254e+02 +1.162583254e+02 +1.4686e+00 -4.0107e+00 -1.1626e+00 +3.6733e+00 +3.0796e+00
6005 +6.309205635e-01 +6.309205635e-01 +1.158909206e+02 +1.158909206e+02 +1.4668e+00 -4.0103e+00 -1.1641e+00 +3.6745e+00 +3.0798e+00
% function evaluation | noise-free fitness - Fopt (-1.000000000000e-01) | best noise-free fitness - Fopt | measured fitness | best measured fitness | x1 | x2...
1 +2.169037108e+03 +2.169037108e+03 +2.168937108e+03 +2.168937108e+03 -3.7270e+00 -8.7062e-01 -4.4410e+00 +2.6528e+00 -3.5223e+00
2 +1.039419192e+03 +1.039419192e+03 +1.039319192e+03 +1.039319192e+03 +3.4616e+00 +4.4604e+00 -4.7543e+00 +4.3676e+00 +3.6696e+00
3 +9.131549947e+02 +9.131549947e+02 +9.130549947e+02 +9.130549947e+02 +1.2852e+00 -4.3975e+00 +1.5378e+00 +3.8748e+00 +1.2417e+00
11 +6.071903442e+02 +6.071903442e+02 +6.070903442e+02 +6.070903442e+02 +4.2641e+00 -1.3656e+00 +4.7728e+00 -1.0240e+00 +2.5965e+00
236 +3.860980286e+02 +3.860980286e+02 +3.859980286e+02 +3.859980286e+02 +3.0728e+00 +9.6968e-02 +7.0666e-01 +1.0613e+00 +6.2530e-01
342 +1.873040492e+02 +1.873040492e+02 +1.872040492e+02 +1.872040492e+02 +4.1955e+00 -4.0553e-01 -4.2312e-01 +1.5707e+00 +1.1652e+00
438 +1.504457552e+02 +1.504457552e+02 +1.503457552e+02 +1.503457552e+02 +4.3611e+00 -4.3356e-01 -5.8269e-01 +1.4231e+00 +1.1683e+00
715 +9.063136782e+01 +9.063136782e+01 +9.053136782e+01 +9.053136782e+01 +4.4730e+00 -2.6988e-01 -6.4606e-01 +9.9835e-01 +1.0812e+00
918 +6.022301623e+01 +6.022301623e+01 +6.012301623e+01 +6.012301623e+01 +4.6063e+00 -2.5050e-01 -6.1480e-01 +8.6141e-01 +1.1792e+00
1561 +3.940311988e+01 +3.940311988e+01 +3.930311988e+01 +3.930311988e+01 +4.6338e+00 -1.3795e-01 -5.5503e-01 +8.2284e-01 +1.3152e+00
% function evaluation | noise-free fitness - Fopt (-1.502400000000e+02) | best noise-free fitness - Fopt | measured fitness | best measured fitness | x1 | x2...
1 +1.424853853e+03 +1.424853853e+03 +1.274613853e+03 +1.274613853e+03 +3.6391e+00 -1.1581e+00 +1.2051e+00 -3.1032e+00 -1.5242e+00
7 +3.287520649e+02 +3.287520649e+02 +1.785120649e+02 +1.785120649e+02 +1.6944e+00 -4.4593e+00 -3.4248e+00 +1.3028e+00 -3.5643e-01
127 +2.042009155e+02 +2.042009155e+02 +5.396091552e+01 +5.396091552e+01 +2.0895e+00 -5.0000e+00 -2.6313e+00 +1.0116e+00 -9.6935e-01
210 +9.056238555e+01 +9.056238555e+01 -5.967761445e+01 -5.967761445e+01 +1.4264e+00 -4.4299e+00 -2.7440e+00 +1.3067e+00 -1.7114e+00
391 +5.827011860e+01 +5.827011860e+01 -9.196988140e+01 -9.196988140e+01 +1.4947e+00 -4.0823e+00 -2.6457e+00 +1.6200e+00 -1.1938e+00
563 +1.708387886e+01 +1.708387886e+01 -1.331561211e+02 -1.331561211e+02 +1.3027e+00 -4.0671e+00 -2.5725e+00 +1.5358e+00 -1.4865e+00
714 +1.421412094e+01 +1.421412094e+01 -1.360258791e+02 -1.360258791e+02 +1.2962e+00 -4.0745e+00 -2.5711e+00 +1.5456e+00 -1.4923e+00
756 +6.936831373e+00 +6.936831373e+00 -1.433031686e+02 -1.433031686e+02 +1.2159e+00 -4.0801e+00 -2.5329e+00 +1.5797e+00 -1.5015e+00
780 +4.743483635e+00 +4.743483635e+00 -1.454965164e+02 -1.454965164e+02 +1.2302e+00 -4.0721e+00 -2.5544e+00 +1.5903e+00 -1.5035e+00
1000 +3.351614275e+00 +3.351614275e+00 -1.468883857e+02 -1.468883857e+02 +1.2375e+00 -4.0866e+00 -2.5538e+00 +1.5884e+00 -1.5153e+00
1124 +1.947450346e+00 +1.947450346e+00 -1.482925497e+02 -1.482925497e+02 +1.2384e+00 -4.0819e+00 -2.5737e+00 +1.5964e+00 -1.5194e+00
2148 +1.578691482e+00 +1.578691482e+00 -1.486613085e+02 -1.486613085e+02 +1.2401e+00 -4.0820e+00 -2.5727e+00 +1.5958e+00 -1.5191e+00
2283 +9.922320653e-01 +9.922320653e-01 -1.492477679e+02 -1.492477679e+02 +1.2435e+00 -4.0824e+00 -2.5707e+00 +1.5932e+00 -1.5189e+00
3626 +6.268384287e-01 +6.268384287e-01 -1.496131616e+02 -1.496131616e+02 +1.2446e+00 -4.0825e+00 -2.5723e+00 +1.5925e+00 -1.5185e+00
% function evaluation | noise-free fitness - Fopt (7.470000000000e+01) | best noise-free fitness - Fopt | measured fitness | best measured fitness | x1 | x2...
1 +1.788312685e+03 +1.788312685e+03 +1.863012685e+03 +1.863012685e+03 -5.4905e-01 -2.9554e+00 -3.0129e+00 -4.9490e+00 -3.4520e+00
4 +9.662651091e+02 +9.662651091e+02 +1.040965109e+03 +1.040965109e+03 +4.4754e+00 -6.9675e-01 +7.5554e-01 -1.8109e+00 -2.2080e+00
17 +3.965501667e+02 +3.965501667e+02 +4.712501667e+02 +4.712501667e+02 +3.4968e+00 +3.4463e+00 +1.3141e+00 +5.1640e-03 -1.7055e+00
348 +2.290003465e+02 +2.290003465e+02 +3.037003465e+02 +3.037003465e+02 +3.2792e+00 +2.7436e+00 +3.7105e+00 -6.9678e-01 -1.4970e+00
415 +1.450808553e+02 +1.450808553e+02 +2.197808553e+02 +2.197808553e+02 +2.7574e+00 +3.7595e+00 +3.1650e+00 -1.0301e+00 -3.5693e-01
646 +5.888860094e+01 +5.888860094e+01 +1.335886009e+02 +1.335886009e+02 +3.0310e+00 +3.5256e+00 +3.4325e+00 -1.1933e+00 -3.2449e-01
758 +3.521609522e+01 +3.521609522e+01 +1.099160952e+02 +1.099160952e+02 +3.0751e+00 +3.5930e+00 +3.4276e+00 -1.3863e+00 -3.0852e-01
902 +2.277470624e+01 +2.277470624e+01 +9.747470624e+01 +9.747470624e+01 +3.2552e+00 +3.5490e+00 +3.4226e+00 -1.3751e+00 -4.0545e-01
1087 +1.548820499e+01 +1.548820499e+01 +9.018820499e+01 +9.018820499e+01 +3.2307e+00 +3.6632e+00 +3.2724e+00 -1.5245e+00 -3.7528e-01
1335 +9.852950195e+00 +9.852950195e+00 +8.455295019e+01 +8.455295019e+01 +3.2464e+00 +3.6376e+00 +3.3192e+00 -1.5020e+00 -3.4255e-01
1521 +5.033882073e+00 +5.033882073e+00 +7.973388207e+01 +7.973388207e+01 +3.2516e+00 +3.6014e+00 +3.3138e+00 -1.5035e+00 -3.6958e-01
1569 +3.913131736e+00 +3.913131736e+00 +7.861313174e+01 +7.861313174e+01 +3.2427e+00 +3.5863e+00 +3.3128e+00 -1.4893e+00 -3.5248e-01
1738 +2.331574868e+00 +2.331574868e+00 +7.703157487e+01 +7.703157487e+01 +3.2435e+00 +3.5996e+00 +3.3168e+00 -1.4762e+00 -3.4177e-01
2837 +1.562138642e+00 +1.562138642e+00 +7.626213864e+01 +7.626213864e+01 +3.2452e+00 +3.6050e+00 +3.3209e+00 -1.4619e+00 -3.4138e-01
4651 +9.917609119e-01 +9.917609119e-01 +7.569176091e+01 +7.569176091e+01 +3.2415e+00 +3.6047e+00 +3.3255e+00 -1.4614e+00 -3.3695e-01
% function evaluation | noise-free fitness - Fopt (-8.478000000000e+01) | best noise-free fitness - Fopt | measured fitness | best measured fitness | x1 | x2...
1 +1.356997573e+03 +1.356997573e+03 +1.272217573e+03 +1.272217573e+03 -5.8027e-01 -3.9495e+00 +1.7265e+00 -8.1327e-01 -3.4631e+00
4 +9.751750672e+02 +9.751750672e+02 +8.903950672e+02 +8.903950672e+02 +4.3102e+00 -7.5205e-01 -4.2837e+00 +8.0264e-01 +3.2148e+00
33 +4.440628480e+02 +4.440628480e+02 +3.592828480e+02 +3.592828480e+02 +3.6060e+00 +4.0541e+00 +9.3284e-01 -1.0002e+00 +4.9350e+00
34 +3.538619753e+02 +3.538619753e+02 +2.690819753e+02 +2.690819753e+02 +4.2627e+00 -4.7866e-01 +1.1815e+00 +3.7205e+00 +1.7391e+00
222 +2.061363770e+02 +2.061363770e+02 +1.213563770e+02 +1.213563770e+02 +3.6785e+00 +3.7600e+00 +1.3450e+00 -2.2118e+00 +3.0697e+00
442 +1.485137715e+02 +1.485137715e+02 +6.373377147e+01 +6.373377147e+01 +3.0826e+00 +2.3840e+00 +1.5013e+00 -1.3933e+00 +2.2588e+00
649 +9.998610832e+01 +9.998610832e+01 +1.520610832e+01 +1.520610832e+01 +3.3437e+00 +2.4019e+00 +1.3440e+00 -1.1903e+00 +2.1736e+00
797 +5.861066943e+01 +5.861066943e+01 -2.616933057e+01 -2.616933057e+01 +3.5297e+00 +2.5542e+00 +1.3628e+00 -1.3088e+00 +2.0165e+00
902 +3.502434249e+01 +3.502434249e+01 -4.975565751e+01 -4.975565751e+01 +3.6646e+00 +2.6177e+00 +1.4191e+00 -1.2889e+00 +1.8440e+00
933 +2.049798147e+01 +2.049798147e+01 -6.428201853e+01 -6.428201853e+01 +3.6339e+00 +2.5715e+00 +1.4138e+00 -1.3581e+00 +1.6537e+00
1151 +1.410780193e+01 +1.410780193e+01 -7.067219807e+01 -7.067219807e+01 +3.6823e+00 +2.5730e+00 +1.2681e+00 -1.3362e+00 +1.5151e+00
1219 +9.427134382e+00 +9.427134382e+00 -7.535286562e+01 -7.535286562e+01 +3.6807e+00 +2.5577e+00 +1.2791e+00 -1.3528e+00 +1.5059e+00
1320 +4.889056772e+00 +4.889056772e+00 -7.989094323e+01 -7.989094323e+01 +3.6267e+00 +2.6099e+00 +1.3388e+00 -1.4771e+00 +1.5244e+00
1387 +3.306372591e+00 +3.306372591e+00 -8.147362741e+01 -8.147362741e+01 +3.6280e+00 +2.6167e+00 +1.3265e+00 -1.4810e+00 +1.5345e+00
1500 +1.780600384e+00 +1.780600384e+00 -8.299939962e+01 -8.299939962e+01 +3.6343e+00 +2.6075e+00 +1.3159e+00 -1.4729e+00 +1.5332e+00
1549 +1.362810595e+00 +1.362810595e+00 -8.341718941e+01 -8.341718941e+01 +3.6418e+00 +2.6102e+00 +1.3177e+00 -1.4767e+00 +1.5327e+00
1929 +9.482715218e-01 +9.482715218e-01 -8.383172848e+01 -8.383172848e+01 +3.6344e+00 +2.6075e+00 +1.3219e+00 -1.4831e+00 +1.5332e+00
3026 +6.233507136e-01 +6.233507136e-01 -8.415664929e+01 -8.415664929e+01 +3.6352e+00 +2.6090e+00 +1.3216e+00 -1.4830e+00 +1.5328e+00
3771 +3.675485773e-01 +3.675485773e-01 -8.441245142e+01 -8.441245142e+01 +3.6359e+00 +2.6099e+00 +1.3210e+00 -1.4825e+00 +1.5327e+00
% function evaluation | noise-free fitness - Fopt (1.620500000000e+02) | best noise-free fitness - Fopt | measured fitness | best measured fitness | x1 | x2...
1 +2.458597700e+03 +2.458597700e+03 +2.620647700e+03 +2.620647700e+03 +3.4705e+00 +2.3286e+00 -8.1947e-01 -5.7769e-01 -8.1566e-01
3 +1.559146657e+03 +1.559146657e+03 +1.721196657e+03 +1.721196657e+03 +3.1346e+00 -3.1049e+00 -1.5157e-01 +3.2800e+00 -2.0584e+00
23 +5.582016281e+02 +5.582016281e+02 +7.202516281e+02 +7.202516281e+02 -4.6347e-01 -2.7679e+00 +1.7498e+00 +1.5400e+00 +4.1829e+00
103 +3.866972239e+02 +3.866972239e+02 +5.487472239e+02 +5.487472239e+02 +3.6368e-01 -2.4153e+00 +1.9959e+00 +2.5754e+00 +5.0000e+00
380 +2.505550057e+02 +2.505550057e+02 +4.126050057e+02 +4.126050057e+02 +1.7437e+00 -5.0000e+00 +2.1759e+00 +1.8579e+00 +4.6418e+00
589 +1.560607042e+02 +1.560607042e+02 +3.181107042e+02 +3.181107042e+02 +2.6997e+00 -4.0902e+00 +1.6721e+00 +2.1794e+00 +5.0000e+00
1030 +9.948290829e+01 +9.948290829e+01 +2.615329083e+02 +2.615329083e+02 +2.7497e+00 -3.5660e+00 +1.7224e+00 +2.2409e+00 +4.9062e+00
1303 +6.003616645e+01 +6.003616645e+01 +2.220861664e+02 +2.220861664e+02 +2.8641e+00 -3.3363e+00 +1.7511e+00 +2.6390e+00 +4.8973e+00
1628 +3.830510857e+01 +3.830510857e+01 +2.003551086e+02 +2.003551086e+02 +2.6736e+00 -3.1720e+00 +1.8092e+00 +2.6435e+00 +4.8914e+00
2029 +2.046201713e+01 +2.046201713e+01 +1.825120171e+02 +1.825120171e+02 +2.7531e+00 -3.0524e+00 +1.8779e+00 +2.8966e+00 +4.7573e+00
2308 +1.509702921e+01 +1.509702921e+01 +1.771470292e+02 +1.771470292e+02 +2.7683e+00 -3.0484e+00 +1.9082e+00 +2.8779e+00 +4.7666e+00
3087 +9.604562497e+00 +9.604562497e+00 +1.716545625e+02 +1.716545625e+02 +2.7808e+00 -3.0942e+00 +1.9450e+00 +2.8679e+00 +4.7450e+00
% function evaluation | noise-free fitness - Fopt (-3.549000000000e+01) | best noise-free fitness - Fopt | measured fitness | best measured fitness | x1 | x2...
1 +7.195151290e+02 +7.195151290e+02 +6.840251290e+02 +6.840251290e+02 +7.5411e-01 -4.5632e+00 -1.2366e+00 +1.6925e-01 -1.7724e+00
19 +3.995468912e+02 +3.995468912e+02 +3.640568912e+02 +3.640568912e+02 -2.6760e+00 -2.5225e+00 +5.1658e-01 +2.8656e+00 -1.9036e+00
23 +3.611557496e+02 +3.611557496e+02 +3.256657496e+02 +3.256657496e+02 -5.8527e-01 -2.5889e+00 -3.7387e-01 +1.6334e+00 -2.3233e+00
401 +2.354783607e+02 +2.354783607e+02 +1.999883607e+02 +1.999883607e+02 -1.4948e+00 -2.6258e+00 -6.1523e-01 +2.5836e+00 -4.5746e-02
581 +1.501776763e+02 +1.501776763e+02 +1.146876763e+02 +1.146876763e+02 -1.7027e+00 -2.6241e+00 -5.4186e-01 +2.3041e+00 +6.1420e-02
755 +9.630262223e+01 +9.630262223e+01 +6.081262223e+01 +6.081262223e+01 -2.4863e+00 -2.9715e+00 -7.9523e-01 +2.0659e+00 -9.0874e-01
778 +5.430262400e+01 +5.430262400e+01 +1.881262400e+01 +1.881262400e+01 -2.5250e+00 -2.9440e+00 -5.9579e-01 +2.0556e+00 -9.0654e-01
4998 +3.965934425e+01 +3.965934425e+01 +4.169344246e+00 +4.169344246e+00 -2.4403e+00 -2.9239e+00 -6.1501e-01 +2.0801e+00 -7.3011e-01
% function evaluation | noise-free fitness - Fopt (1.762000000000e+02) | best noise-free fitness - Fopt | measured fitness | best measured fitness | x1 | x2...
1 +7.993287037e+02 +7.993287037e+02 +9.755287037e+02 +9.755287037e+02 -2.1392e+00 +8.0147e-01 +4.6564e+00 +7.3333e-01 +1.5184e+00
2 +6.072809393e+02 +6.072809393e+02 +7.834809393e+02 +7.834809393e+02 +6.3944e-01 +1.0922e+00 +3.6543e+00 -3.4960e+00 -1.7876e+00
232 +2.574958838e+02 +2.574958838e+02 +4.336958838e+02 +4.336958838e+02 -2.8374e+00 +1.3580e+00 +5.0000e+00 -2.9576e+00 +1.4284e+00
266 +1.949050133e+02 +1.949050133e+02 +3.711050133e+02 +3.711050133e+02 -4.1734e+00 +1.4218e+00 +3.6298e+00 -3.7626e+00 +1.4980e+00
408 +1.567397223e+02 +1.567397223e+02 +3.329397223e+02 +3.329397223e+02 -4.6419e+00 +2.0629e+00 +5.0000e+00 -3.7012e+00 +1.6676e+00
471 +9.595746877e+01 +9.595746877e+01 +2.721574688e+02 +2.721574688e+02 -5.0000e+00 +1.6360e+00 +5.0000e+00 -4.0016e+00 +1.5963e+00
731 +5.423261504e+01 +5.423261504e+01 +2.304326150e+02 +2.304326150e+02 -4.9314e+00 +1.4705e+00 +5.0000e+00 -4.4327e+00 +1.3722e+00
903 +2.845559559e+01 +2.845559559e+01 +2.046555956e+02 +2.046555956e+02 -4.8825e+00 +1.4018e+00 +4.9146e+00 -4.3021e+00 +1.1908e+00
945 +2.417958659e+01 +2.417958659e+01 +2.003795866e+02 +2.003795866e+02 -4.8757e+00 +1.3874e+00 +4.9201e+00 -4.2855e+00 +1.2036e+00
1142 +1.552377128e+01 +1.552377128e+01 +1.917237713e+02 +1.917237713e+02 -4.9958e+00 +1.3343e+00 +4.9832e+00 -4.3539e+00 +1.2410e+00
2791 +9.971858552e+00 +9.971858552e+00 +1.861718586e+02 +1.861718586e+02 -5.0000e+00 +1.3071e+00 +4.9837e+00 -4.3441e+00 +1.2368e+00
