% function evaluation | noise-free fitness - Fopt (7.627000000000e+01) | best noise-free fitness - Fopt | measured fitness | best measured fitness | x1 | x2...
1 +9.313821975e+06 +9.313821975e+06 +9.313898245e+06 +9.313898245e+06 -1.6172e+00 +1.7768e+00 +1.3618e+00 +6.8062e-01 -3.7099e+00
2 +1.166547324e+06 +1.166547324e+06 +1.166623594e+06 +1.166623594e+06 -4.8427e+00 +1.8043e+00 +6.5827e-01 -4.3109e+00 -8.7858e-01
5 +6.585968394e+05 +6.585968394e+05 +6.586731094e+05 +6.586731094e+05 -2.8862e+00 -3.4756e+00 -4.9786e+00 +1.1704e+00 -2.7007e+00
7 +6.281313666e+04 +6.281313666e+04 +6.288940666e+04 +6.288940666e+04 -2.1848e-01 -4.4055e+00 +3.1053e+00 +4.4438e+00 +3.3624e+00
9 +1.198553329e+04 +1.198553329e+04 +1.206180329e+04 +1.206180329e+04 +4.3227e+00 -3.5666e+00 -4.3137e+00 -2.7035e+00 +3.0635e+00
33 +8.690243019e+03 +8.690243019e+03 +8.766513019e+03 +8.766513019e+03 +1.5597e+00 -2.2576e+00 +8.7774e-01 -6.7781e-01 -4.9586e-01
55 +2.498766942e+03 +2.498766942e+03 +2.575036942e+03 +2.575036942e+03 +3.4983e+00 +5.4092e-01 +2.3703e+00 -4.7014e+00 -4.0998e+00
108 +5.402903853e+02 +5.402903853e+02 +6.165603853e+02 +6.165603853e+02 +3.2913e+00 +5.3993e-01 +2.5158e+00 -4.4939e+00 -4.0596e+00
150 +5.324116041e+01 +5.324116041e+01 +1.295111604e+02 +1.295111604e+02 +2.4648e+00 -2.1672e+00 -4.6467e+00 -4.1121e+00 -4.5613e+00
7197 +3.939871461e+01 +3.939871461e+01 +1.156687146e+02 +1.156687146e+02 +2.2503e+00 -2.2740e+00 -3.8945e+00 -3.3192e+00 -4.5727e+00
15214 +2.499079266e+01 +2.499079266e+01 +1.012607927e+02 +1.012607927e+02 +2.0061e+00 -2.7017e+00 -3.4738e+00 -2.2916e+00 -3.6941e+00
29826 +1.418845459e+01 +1.418845459e+01 +9.045845459e+01 +9.045845459e+01 +1.2657e+00 -3.0233e+00 -2.8752e+00 -1.1734e+00 -3.0843e+00
34169 +8.890511717e+00 +8.890511717e+00 +8.516051172e+01 +8.516051172e+01 +1.0164e+00 -2.8835e+00 -2.2051e+00 -9.3693e-01 -2.8602e+00
36604 +5.483045005e+00 +5.483045005e+00 +8.175304500e+01 +8.175304500e+01 +6.7781e-01 -2.9994e+00 -2.0612e+00 -5.4338e-01 -2.7683e+00
46762 +3.874718534e+00 +3.874718534e+00 +8.014471853e+01 +8.014471853e+01 +3.4017e-01 -2.8810e+00 -1.6113e+00 -3.8318e-01 -2.6648e+00
50870 +1.836407596e+00 +1.836407596e+00 +7.810640760e+01 +7.810640760e+01 +3.7801e-02 -2.9060e+00 -1.3431e+00 -1.0036e-01 -2.4809e+00
54230 +1.569685582e+00 +1.569685582e+00 +7.783968558e+01 +7.783968558e+01 +6.3234e-02 -2.9813e+00 -1.4827e+00 -9.0905e-02 -2.3111e+00
58130 +9.978822324e-01 +9.978822324e-01 +7.726788223e+01 +7.726788223e+01 -5.6461e-02 -3.0731e+00 -1.3088e+00 +2.1010e-01 -2.1457e+00
62104 +6.176350078e-01 +6.176350078e-01 +7.688763501e+01 +7.688763501e+01 -4.4971e-01 -3.1544e+00 -1.5698e+00 +2.5114e-01 -1.9931e+00
71228 +2.712280807e-01 +2.712280807e-01 +7.654122808e+01 +7.654122808e+01 -5.5038e-01 -3.2231e+00 -1.4997e+00 +4.2173e-01 -1.7903e+00
76048 +2.007066769e-01 +2.007066769e-01 +7.647070668e+01 +7.647070668e+01 -6.9712e-01 -3.1333e+00 -1.4389e+00 +3.2557e-01 -1.7537e+00
78957 +1.581610739e-01 +1.581610739e-01 +7.642816107e+01 +7.642816107e+01 -6.9433e-01 -3.1126e+00 -1.3749e+00 +3.5905e-01 -1.9267e+00
% function evaluation | noise-free fitness - Fopt (-2.255000000000e+01) | best noise-free fitness - Fopt | measured fitness | best measured fitness | x1 | x2...
1 +7.386816793e+05 +7.386816793e+05 +7.386591293e+05 +7.386591293e+05 +7.2680e-01 -7.1432e-01 +3.2036e+00 -1.0058e+00 -1.1828e+00
5 +6.020334043e+04 +6.020334043e+04 +6.018079043e+04 +6.018079043e+04 -3.8351e+00 +1.2259e+00 +4.9610e+00 +4.1604e+00 -1.5389e+00
15 +2.759878651e+03 +2.759878651e+03 +2.737328651e+03 +2.737328651e+03 +4.4106e+00 -2.9293e+00 -3.9631e+00 -5.1456e-01 -6.2945e-01
116 +2.168370968e+03 +2.168370968e+03 +2.145820968e+03 +2.145820968e+03 +4.4434e+00 -2.9482e+00 -4.0774e+00 -4.9820e-01 -6.6663e-01
118 +8.850147888e+01 +8.850147888e+01 +6.595147888e+01 +6.595147888e+01 -7.5130e-01 -9.3452e-01 +8.0525e-01 -2.5216e-02 -2.8853e+00
270 +5.155500098e+01 +5.155500098e+01 +2.900500098e+01 +2.900500098e+01 -7.3131e-01 -7.6300e-01 +9.6529e-01 +6.8284e-02 -2.6833e+00
8115 +3.938633079e+01 +3.938633079e+01 +1.683633079e+01 +1.683633079e+01 -1.5660e-01 -5.1890e-01 +1.2353e+00 -8.8016e-01 -2.0635e+00
13132 +2.463640384e+01 +2.463640384e+01 +2.086403838e+00 +2.086403838e+00 +5.8781e-01 +2.2744e-01 +9.9813e-01 -8.7063e-01 -1.2733e+00
20414 +1.518404670e+01 +1.518404670e+01 -7.365953296e+00 -7.365953296e+00 +1.0743e+00 +7.0847e-01 +1.1964e+00 -1.7428e+00 -7.6880e-01
27982 +8.771122858e+00 +8.771122858e+00 -1.377887714e+01 -1.377887714e+01 +1.3265e+00 +1.1617e+00 +1.8448e+00 -2.1411e+00 -5.9205e-02
31453 +6.091089733e+00 +6.091089733e+00 -1.645891027e+01 -1.645891027e+01 +1.5252e+00 +1.5533e+00 +1.9887e+00 -2.1080e+00 +3.3374e-01
36208 +3.924241703e+00 +3.924241703e+00 -1.862575830e+01 -1.862575830e+01 +1.9059e+00 +1.7234e+00 +1.8310e+00 -2.1457e+00 +6.7891e-01
42495 +2.487036042e+00 +2.487036042e+00 -2.006296396e+01 -2.006296396e+01 +2.2181e+00 +1.8208e+00 +1.6883e+00 -2.3803e+00 +8.8405e-01
46187 +1.480024386e+00 +1.480024386e+00 -2.106997561e+01 -2.106997561e+01 +2.1689e+00 +2.0283e+00 +1.9607e+00 -2.5601e+00 +9.9123e-01
51523 +8.853139370e-01 +8.853139370e-01 -2.166468606e+01 -2.166468606e+01 +2.3586e+00 +2.0674e+00 +2.0077e+00 -2.6828e+00 +1.2212e+00
58868 +5.987463829e-01 +5.987463829e-01 -2.195125362e+01 -2.195125362e+01 +2.2494e+00 +2.0614e+00 +2.3855e+00 -2.7261e+00 +1.3612e+00
62610 +2.812552096e-01 +2.812552096e-01 -2.226874479e+01 -2.226874479e+01 +2.4409e+00 +2.5667e+00 +2.1882e+00 -2.6753e+00 +1.5009e+00
% function evaluation | noise-free fitness - Fopt (1.366000000000e+01) | best noise-free fitness - Fopt | measured fitness | best measured fitness | x1 | x2...
1 +4.318246518e+07 +4.318246518e+07 +4.318247884e+07 +4.318247884e+07 +1.4378e+00 -4.0801e+00 -3.9300e+00 +2.7029e+00 +3.3254e+00
2 +2.926496082e+06 +2.926496082e+06 +2.926509742e+06 +2.926509742e+06 +2.4244e+00 +3.1387e+00 +3.0294e+00 -2.2834e+00 +1.0432e+00
4 +3.115801827e+05 +3.115801827e+05 +3.115938427e+05 +3.115938427e+05 +1.8914e-01 +4.4895e+00 -2.3816e+00 -4.6322e+00 -5.2527e-01
14 +1.580864786e+05 +1.580864786e+05 +1.581001386e+05 +1.581001386e+05 -7.4836e-01 +1.4500e+00 -4.7765e+00 -2.8073e-01 -3.7201e+00
33 +3.021159697e+03 +3.021159697e+03 +3.034819697e+03 +3.034819697e+03 -3.8295e+00 +1.3956e+00 +1.2132e+00 -3.4881e+00 -4.4443e+00
128 +4.955173979e+01 +4.955173979e+01 +6.321173979e+01 +6.321173979e+01 -3.7563e+00 +1.4189e+00 +1.1205e+00 -3.5973e+00 -4.4001e+00
420 +3.726016331e+01 +3.726016331e+01 +5.092016331e+01 +5.092016331e+01 -3.6776e+00 +1.2738e+00 +1.1675e+00 -3.0285e+00 -4.2079e+00
12973 +2.401516219e+01 +2.401516219e+01 +3.767516219e+01 +3.767516219e+01 -2.7679e+00 +1.9168e+00 +1.5221e+00 -2.6540e+00 -3.1692e+00
18419 +1.508692693e+01 +1.508692693e+01 +2.874692693e+01 +2.874692693e+01 -2.4067e+00 +1.9693e+00 +1.7418e+00 -1.9343e+00 -2.6205e+00
25942 +9.985891907e+00 +9.985891907e+00 +2.364589191e+01 +2.364589191e+01 -1.7854e+00 +1.8896e+00 +1.5981e+00 -1.4646e+00 -2.6314e+00
35738 +6.039097858e+00 +6.039097858e+00 +1.969909786e+01 +1.969909786e+01 -7.6750e-01 +1.7857e+00 +1.7237e+00 -7.0497e-01 -2.6098e+00
40981 +3.808992561e+00 +3.808992561e+00 +1.746899256e+01 +1.746899256e+01 -7.4651e-01 +1.9924e+00 +2.1069e+00 -6.4809e-01 -2.2075e+00
42959 +1.824222763e+00 +1.824222763e+00 +1.548422276e+01 +1.548422276e+01 -4.9937e-01 +2.0126e+00 +2.4361e+00 -3.7278e-01 -2.0445e+00
45533 +1.457580964e+00 +1.457580964e+00 +1.511758096e+01 +1.511758096e+01 -4.4693e-01 +2.0084e+00 +2.4498e+00 -2.0606e-01 -1.9318e+00
51159 +7.178893367e-01 +7.178893367e-01 +1.437788934e+01 +1.437788934e+01 +6.4080e-02 +2.2094e+00 +2.4940e+00 -2.8571e-01 -1.8754e+00
55471 +6.194806162e-01 +6.194806162e-01 +1.427948062e+01 +1.427948062e+01 -1.4399e-01 +2.1141e+00 +2.4654e+00 -1.0845e-01 -1.7990e+00
65708 +3.370925928e-01 +3.370925928e-01 +1.399709259e+01 +1.399709259e+01 +1.3646e-01 +2.1771e+00 +2.5007e+00 -3.3853e-02 -1.7488e+00
% function evaluation | noise-free fitness - Fopt (9.378400000000e+02) | best noise-free fitness - Fopt | measured fitness | best measured fitness | x1 | x2...
1 +3.310288909e+06 +3.310288909e+06 +3.311226749e+06 +3.311226749e+06 -1.8382e-01 +2.8301e+00 -7.1762e-02 +1.4942e+00 -4.4690e+00
4 +1.886139039e+06 +1.886139039e+06 +1.887076879e+06 +1.887076879e+06 +1.9789e+00 +3.5215e+00 -8.6138e-01 +3.1928e+00 +2.5113e+00
7 +4.607171151e+05 +4.607171151e+05 +4.616549551e+05 +4.616549551e+05 -3.5684e+00 +5.6414e-01 +1.3714e+00 -2.4826e+00 +3.6064e+00
14 +3.782314565e+05 +3.782314565e+05 +3.791692965e+05 +3.791692965e+05 +1.2265e-01 +2.2901e+00 +6.1956e-01 +2.4989e+00 +1.0072e+00
29 +1.568894227e+05 +1.568894227e+05 +1.578272627e+05 +1.578272627e+05 +9.7922e-01 -4.5526e+00 +1.0398e+00 +2.6936e+00 +3.8564e+00
54 +9.097286479e+03 +9.097286479e+03 +1.003512648e+04 +1.003512648e+04 +1.4224e+00 +3.5792e+00 +2.3685e+00 +4.8850e+00 +3.9969e+00
102 +4.614994245e+03 +4.614994245e+03 +5.552834245e+03 +5.552834245e+03 +1.5618e+00 +3.6606e+00 +2.4428e+00 +5.0000e+00 +3.8939e+00
114 +2.660622495e+02 +2.660622495e+02 +1.203902250e+03 +1.203902250e+03 +1.4778e+00 +3.4273e+00 +2.3932e+00 +4.7805e+00 +4.0523e+00
115 +1.983308161e+02 +1.983308161e+02 +1.136170816e+03 +1.136170816e+03 +1.5183e+00 +3.8274e+00 +2.3470e+00 +4.9005e+00 +3.9230e+00
127 +6.722105566e+01 +6.722105566e+01 +1.005061056e+03 +1.005061056e+03 +1.5138e+00 +3.5937e+00 +2.2541e+00 +4.8377e+00 +3.9379e+00
1228 +5.872889197e+01 +5.872889197e+01 +9.965688920e+02 +9.965688920e+02 +1.4750e+00 +3.6214e+00 +2.6156e+00 +4.5149e+00 +3.6383e+00
8963 +3.978578537e+01 +3.978578537e+01 +9.776257854e+02 +9.776257854e+02 +1.2983e+00 +3.5184e+00 +2.5702e+00 +3.5627e+00 +2.4257e+00
31177 +2.462359709e+01 +2.462359709e+01 +9.624635971e+02 +9.624635971e+02 +9.4463e-01 +3.4519e+00 +3.1751e+00 +2.3651e+00 +1.6146e+00
38785 +1.517263491e+01 +1.517263491e+01 +9.530126349e+02 +9.530126349e+02 +7.7495e-01 +3.0427e+00 +3.3980e+00 +1.5753e+00 +9.9167e-01
48066 +9.678402502e+00 +9.678402502e+00 +9.475184025e+02 +9.475184025e+02 +7.7685e-01 +2.8332e+00 +3.9621e+00 +9.3715e-01 +2.3162e-01
65901 +6.123978718e+00 +6.123978718e+00 +9.439639787e+02 +9.439639787e+02 +4.0095e-01 +3.3915e+00 +3.6521e+00 +4.2531e-01 -9.4464e-02
74530 +3.278610776e+00 +3.278610776e+00 +9.411186108e+02 +9.411186108e+02 +2.4521e-01 +3.3888e+00 +3.9414e+00 -8.8749e-02 -4.2945e-01
75620 +2.414081213e+00 +2.414081213e+00 +9.402540812e+02 +9.402540812e+02 +1.9947e-01 +3.5027e+00 +3.7004e+00 -1.6794e-01 -6.3509e-01
80522 +1.374313670e+00 +1.374313670e+00 +9.392143137e+02 +9.392143137e+02 +7.7594e-02 +3.2447e+00 +4.1021e+00 -5.2434e-01 -5.7837e-01
% function evaluation | noise-free fitness - Fopt (-7.872000000000e+01) | best noise-free fitness - Fopt | measured fitness | best measured fitness | x1 | x2...
1 +2.196012302e+06 +2.196012302e+06 +2.195933582e+06 +2.195933582e+06 -4.7117e+00 -4.8651e-01 -1.3855e-01 -1.9272e+00 +1.9895e+00
5 +5.731208975e+03 +5.731208975e+03 +5.652488975e+03 +5.652488975e+03 -3.3283e+00 -8.4348e-01 -2.5880e+00 +1.0646e-01 -1.6638e+00
34 +5.315891600e+01 +5.315891600e+01 -2.556108400e+01 -2.556108400e+01 -2.2556e-01 -3.5862e-01 -8.5099e-01 -4.6864e-01 +1.9353e+00
304 +2.943859226e+01 +2.943859226e+01 -4.928140774e+01 -4.928140774e+01 -2.8472e-01 -1.2852e-01 -6.7514e-01 -4.0580e-01 +1.7908e+00
2960 +2.465992027e+01 +2.465992027e+01 -5.406007973e+01 -5.406007973e+01 -2.6830e-01 -1.5919e-01 -1.4198e+00 -5.2282e-01 +1.3967e+00
8930 +1.537597027e+01 +1.537597027e+01 -6.334402973e+01 -6.334402973e+01 +5.4516e-01 -4.6622e-01 -1.6775e+00 -3.4476e-01 +6.4776e-01
21391 +8.637996876e+00 +8.637996876e+00 -7.008200312e+01 -7.008200312e+01 +1.2544e+00 -3.4473e-01 -1.7662e+00 -2.2287e-01 +5.5238e-02
30746 +5.541422075e+00 +5.541422075e+00 -7.317857792e+01 -7.317857792e+01 +1.6037e+00 -1.0375e+00 -1.5749e+00 -7.1809e-04 -1.3430e-01
34536 +3.784950580e+00 +3.784950580e+00 -7.493504942e+01 -7.493504942e+01 +2.2507e+00 -1.2673e+00 -1.5308e+00 -6.0414e-03 +6.5319e-03
40932 +2.106754655e+00 +2.106754655e+00 -7.661324535e+01 -7.661324535e+01 +2.2924e+00 -1.1710e+00 -1.6577e+00 +1.4032e-01 -6.5504e-01
46711 +1.499981662e+00 +1.499981662e+00 -7.722001834e+01 -7.722001834e+01 +2.4525e+00 -1.5360e+00 -1.6739e+00 +2.2185e-01 -7.6247e-01
% function evaluation | noise-free fitness - Fopt (6.997000000000e+01) | best noise-free fitness - Fopt | measured fitness | best measured fitness | x1 | x2...
1 +4.257408366e+07 +4.257408366e+07 +4.257415363e+07 +4.257415363e+07 +3.7674e+00 +2.5478e+00 +2.8424e+00 -4.4632e+00 -3.1280e+00
3 +1.454619542e+07 +1.454619542e+07 +1.454626539e+07 +1.454626539e+07 +3.5281e-01 +4.0935e+00 +3.7697e+00 +3.9845e+00 +1.5866e+00
6 +1.853882963e+06 +1.853882963e+06 +1.853952933e+06 +1.853952933e+06 +2.6996e+00 -1.1596e+00 +4.1233e+00 -5.5783e-01 +1.5086e+00
63 +2.717175853e+05 +2.717175853e+05 +2.717875553e+05 +2.717875553e+05 +4.4645e-01 -3.8742e+00 +2.6616e+00 -1.7026e+00 +3.2920e+00
119 +2.291867575e+05 +2.291867575e+05 +2.292567275e+05 +2.292567275e+05 +3.2828e-01 -3.8307e+00 +2.6842e+00 -1.4997e+00 +3.4024e+00
136 +1.506982615e+05 +1.506982615e+05 +1.507682315e+05 +1.507682315e+05 +4.0811e-01 -3.9700e+00 +2.7674e+00 -1.5195e+00 +3.3392e+00
178 +4.859623983e+04 +4.859623983e+04 +4.866620983e+04 +4.866620983e+04 +5.1992e-01 -4.1856e+00 +2.9226e+00 -1.6276e+00 +3.2432e+00
250 +2.554759627e+04 +2.554759627e+04 +2.561756627e+04 +2.561756627e+04 +5.7095e-01 -4.0307e+00 +2.8523e+00 -1.3869e+00 +3.4836e+00
251 +1.413989481e+04 +1.413989481e+04 +1.420986481e+04 +1.420986481e+04 +4.5974e-01 -4.1084e+00 +2.9721e+00 -1.3331e+00 +3.3721e+00
257 +3.600331862e+03 +3.600331862e+03 +3.670301862e+03 +3.670301862e+03 +6.7122e-01 -4.0272e+00 +3.0863e+00 -1.4249e+00 +3.5846e+00
305 +1.006866918e+03 +1.006866918e+03 +1.076836918e+03 +1.076836918e+03 +5.5853e-01 -4.1575e+00 +2.9953e+00 -1.5046e+00 +3.4782e+00
309 +7.465749982e+02 +7.465749982e+02 +8.165449982e+02 +8.165449982e+02 +7.3590e-01 -4.3648e+00 +2.8016e+00 -1.4181e+00 +3.3856e+00
314 +2.452322099e+02 +2.452322099e+02 +3.152022099e+02 +3.152022099e+02 +8.5896e-01 -4.2435e+00 +2.7396e+00 -1.0658e+00 +3.4063e+00
351 +1.077040795e+02 +1.077040795e+02 +1.776740795e+02 +1.776740795e+02 +6.3480e-01 -3.9634e+00 +2.9732e+00 -1.4822e+00 +3.7164e+00
367 +5.424709039e+01 +5.424709039e+01 +1.242170904e+02 +1.242170904e+02 +7.3131e-01 -4.0535e+00 +3.1254e+00 -1.5226e+00 +3.4281e+00
434 +2.913100717e+01 +2.913100717e+01 +9.910100717e+01 +9.910100717e+01 +7.3443e-01 -4.3496e+00 +2.6998e+00 -1.2113e+00 +3.4883e+00
5075 +2.317218440e+01 +2.317218440e+01 +9.314218440e+01 +9.314218440e+01 +1.0328e+00 -4.1655e+00 +2.7222e+00 -9.0976e-01 +3.3904e+00
13906 +1.580475583e+01 +1.580475583e+01 +8.577475583e+01 +8.577475583e+01 +1.1574e+00 -3.4900e+00 +2.4744e+00 -3.1468e-02 +3.9252e+00
22731 +9.742053662e+00 +9.742053662e+00 +7.971205366e+01 +7.971205366e+01 +1.4799e+00 -2.8892e+00 +2.6745e+00 +8.9113e-01 +3.7972e+00
37198 +6.245418547e+00 +6.245418547e+00 +7.621541855e+01 +7.621541855e+01 +1.6140e+00 -2.9074e+00 +2.0868e+00 +1.6634e+00 +4.0754e+00
43799 +3.763641502e+00 +3.763641502e+00 +7.373364150e+01 +7.373364150e+01 +2.0999e+00 -3.1982e+00 +1.7171e+00 +1.8942e+00 +3.8947e+00
53249 +2.370888251e+00 +2.370888251e+00 +7.234088825e+01 +7.234088825e+01 +2.7843e+00 -2.9765e+00 +1.5827e+00 +1.8801e+00 +3.9445e+00
59893 +1.176717039e+00 +1.176717039e+00 +7.114671704e+01 +7.114671704e+01 +2.7977e+00 -3.1222e+00 +1.4012e+00 +2.1370e+00 +3.9038e+00
60781 +9.871669841e-01 +9.871669841e-01 +7.095716698e+01 +7.095716698e+01 +3.1378e+00 -2.8062e+00 +1.4774e+00 +2.2459e+00 +3.9273e+00
70930 +6.155887184e-01 +6.155887184e-01 +7.058558872e+01 +7.058558872e+01 +3.2251e+00 -3.0660e+00 +1.2503e+00 +2.3158e+00 +3.8609e+00
81000 +3.045297883e-01 +3.045297883e-01 +7.027452979e+01 +7.027452979e+01 +3.3569e+00 -3.3231e+00 +1.0994e+00 +2.4368e+00 +3.6769e+00
84447 +2.469787913e-01 +2.469787913e-01 +7.021697879e+01 +7.021697879e+01 +3.1359e+00 -3.4440e+00 +9.8657e-01 +2.4759e+00 +3.7700e+00
90648 +6.196915506e-02 +6.196915506e-02 +7.003196916e+01 +7.003196916e+01 +3.4509e+00 -3.2762e+00 +1.0123e+00 +2.6450e+00 +3.6969e+00
% function evaluation | noise-free fitness - Fopt (9.791400000000e+02) | best noise-free fitness - Fopt | measured fitness | best measured fitness | x1 | x2...
1 +8.030354800e+06 +8.030354800e+06 +8.031333940e+06 +8.031333940e+06 +4.8660e+00 +4.1763e+00 -2.4349e+00 -6.1201e-01 -4.8427e+00
2 +1.052719277e+06 +1.052719277e+06 +1.053698417e+06 +1.053698417e+06 -1.3540e+00 -3.2101e+00 -6.9508e-01 -2.7926e+00 -2.2070e+00
3 +3.767354425e+05 +3.767354425e+05 +3.777145825e+05 +3.777145825e+05 +2.3140e-01 +2.7454e+00 +4.5988e+00 +7.4954e-01 -2.1102e+00
5 +1.019443660e+05 +1.019443660e+05 +1.029235060e+05 +1.029235060e+05 +3.8880e+00 +4.7211e+00 -2.4772e+00 +1.9737e-01 +2.1930e+00
17 +5.409701624e+04 +5.409701624e+04 +5.507615624e+04 +5.507615624e+04 +3.5182e-01 +1.9788e-01 +1.1447e+00 -3.8100e+00 -1.6986e+00
31 +4.064765500e+02 +4.064765500e+02 +1.385616550e+03 +1.385616550e+03 +2.8081e+00 +3.3077e+00 -4.6346e+00 +3.1584e+00 -4.0349e+00
156 +1.658205749e+01 +1.658205749e+01 +9.957220575e+02 +9.957220575e+02 -3.6684e-02 -5.4133e-02 +1.2387e+00 -3.8126e+00 -1.7538e+00
2493 +1.474796566e+01 +1.474796566e+01 +9.938879657e+02 +9.938879657e+02 +1.4929e-01 -2.8995e-01 +9.0097e-01 -3.3707e+00 -1.5092e+00
14443 +9.973076352e+00 +9.973076352e+00 +9.891130764e+02 +9.891130764e+02 +4.0774e-01 +3.8910e-01 +1.0388e+00 -2.8950e+00 -1.2019e+00
29481 +6.068073936e+00 +6.068073936e+00 +9.852080739e+02 +9.852080739e+02 +6.2268e-01 +2.3823e-01 +1.0346e+00 -2.0192e+00 -6.4884e-01
34286 +3.504987046e+00 +3.504987046e+00 +9.826449870e+02 +9.826449870e+02 +7.2173e-01 +7.6380e-01 +1.2573e+00 -1.4317e+00 -6.1745e-01
42447 +2.390548313e+00 +2.390548313e+00 +9.815305483e+02 +9.815305483e+02 +6.5058e-01 +8.0841e-01 +1.4459e+00 -1.0817e+00 -7.1910e-01
46711 +1.421945644e+00 +1.421945644e+00 +9.805619456e+02 +9.805619456e+02 +3.3639e-01 +1.0064e+00 +1.9977e+00 -1.2238e+00 -1.1296e+00
54743 +9.456470631e-01 +9.456470631e-01 +9.800856471e+02 +9.800856471e+02 +5.9007e-01 +8.6885e-01 +1.6885e+00 -7.3828e-01 -7.3516e-01
55862 +5.322810576e-01 +5.322810576e-01 +9.796722811e+02 +9.796722811e+02 +5.1126e-01 +1.0163e+00 +1.8847e+00 -6.8805e-01 -8.6459e-01
61997 +2.924136545e-01 +2.924136545e-01 +9.794324137e+02 +9.794324137e+02 +5.2068e-01 +1.1314e+00 +1.9787e+00 -3.0301e-01 -8.9336e-01
62938 +2.329916850e-01 +2.329916850e-01 +9.793729917e+02 +9.793729917e+02 +5.8659e-01 +1.1102e+00 +1.9705e+00 -2.4699e-01 -7.0853e-01
% function evaluation | noise-free fitness - Fopt (-8.900000000000e-01) | best noise-free fitness - Fopt | measured fitness | best measured fitness | x1 | x2...
1 +6.898316796e+07 +6.898316796e+07 +6.898316707e+07 +6.898316707e+07 +4.0886e+00 -3.0551e+00 -2.9793e+00 +3.0990e+00 -4.2389e+00
2 +1.977940192e+05 +1.977940192e+05 +1.977931292e+05 +1.977931292e+05 -4.3864e-01 -3.0363e+00 +4.3629e+00 -2.0282e+00 -7.0713e-01
19 +3.456868798e+04 +3.456868798e+04 +3.456779798e+04 +3.456779798e+04 +1.0914e+00 +4.1624e+00 +4.3669e+00 +2.3949e+00 -3.0355e+00
34 +1.698256082e+04 +1.698256082e+04 +1.698167082e+04 +1.698167082e+04 -2.8746e+00 +2.3340e+00 +3.9112e+00 +4.2806e+00 -4.9813e+00
71 +1.408320777e+02 +1.408320777e+02 +1.399420777e+02 +1.399420777e+02 +1.0002e+00 +1.0152e-01 +1.2075e+00 -3.4816e+00 -4.6933e+00
125 +5.559657150e+01 +5.559657150e+01 +5.470657150e+01 +5.470657150e+01 +1.2587e+00 +4.1712e+00 +4.3126e+00 +2.5509e+00 -2.9806e+00
3947 +3.863785326e+01 +3.863785326e+01 +3.774785326e+01 +3.774785326e+01 +1.9735e+00 +4.1411e+00 +4.4089e+00 +1.9059e+00 -2.2868e+00
14101 +2.253245764e+01 +2.253245764e+01 +2.164245764e+01 +2.164245764e+01 +2.2661e+00 +3.5970e+00 +4.1095e+00 +7.0906e-01 -1.8035e+00
22846 +1.582831170e+01 +1.582831170e+01 +1.493831170e+01 +1.493831170e+01 +2.1562e+00 +2.8939e+00 +3.9193e+00 -1.8694e-01 -1.4201e+00
31067 +9.775172281e+00 +9.775172281e+00 +8.885172281e+00 +8.885172281e+00 +2.8328e+00 +2.6636e+00 +3.7439e+00 -9.0107e-01 -1.5699e+00
35729 +6.259872615e+00 +6.259872615e+00 +5.369872615e+00 +5.369872615e+00 +2.8206e+00 +2.8058e+00 +3.5427e+00 -1.2008e+00 -1.2506e+00
46457 +3.785514580e+00 +3.785514580e+00 +2.895514580e+00 +2.895514580e+00 +2.7615e+00 +2.6173e+00 +3.4154e+00 -1.7923e+00 -5.8741e-01
49995 +1.808484986e+00 +1.808484986e+00 +9.184849864e-01 +9.184849864e-01 +2.7605e+00 +2.6373e+00 +3.3430e+00 -2.0528e+00 -2.1065e-01
52003 +1.446165099e+00 +1.446165099e+00 +5.561650989e-01 +5.561650989e-01 +2.7952e+00 +2.4382e+00 +3.2780e+00 -2.2574e+00 -3.1173e-01
58255 +8.601720483e-01 +8.601720483e-01 -2.982795166e-02 -2.982795166e-02 +2.8802e+00 +2.5601e+00 +3.0824e+00 -2.5405e+00 -1.5505e-01
62819 +6.099210449e-01 +6.099210449e-01 -2.800789551e-01 -2.800789551e-01 +3.2606e+00 +2.0797e+00 +3.3846e+00 -2.6791e+00 -2.7055e-01
67250 +2.671802932e-01 +2.671802932e-01 -6.228197068e-01 -6.228197068e-01 +3.1489e+00 +2.3800e+00 +3.1006e+00 -2.9099e+00 +5.3845e-02
67900 +8.693826808e-02 +8.693826808e-02 -8.030617319e-01 -8.030617319e-01 +3.0563e+00 +2.2219e+00 +3.1429e+00 -3.0523e+00 +3.2472e-01
% function evaluation | noise-free fitness - Fopt (-2.206000000000e+01) | best noise-free fitness - Fopt | measured fitness | best measured fitness | x1 | x2...
1 +1.695726295e+07 +1.695726295e+07 +1.695724089e+07 +1.695724089e+07 +4.3347e+00 -3.9204e+00 -3.9278e+00 +4.6536e-01 +4.0876e+00
4 +4.016338036e+06 +4.016338036e+06 +4.016315976e+06 +4.016315976e+06 +9.7929e-01 -1.9254e+00 -4.5173e-01 -2.2540e+00 -2.4247e+00
5 +1.203080170e+05 +1.203080170e+05 +1.202859570e+05 +1.202859570e+05 +4.1367e+00 -1.9290e+00 +2.6019e+00 -3.5532e+00 +4.4083e+00
11 +2.026797465e+04 +2.026797465e+04 +2.024591465e+04 +2.024591465e+04 +2.7898e+00 -9.6382e-01 -4.5488e+00 -3.0035e+00 -3.3137e+00
35 +3.699615280e+03 +3.699615280e+03 +3.677555280e+03 +3.677555280e+03 +3.5074e+00 -3.9478e+00 +8.8492e-01 -2.2046e+00 -1.8761e-01
49 +1.211822846e+03 +1.211822846e+03 +1.189762846e+03 +1.189762846e+03 +2.7058e+00 -1.0553e+00 -4.7865e+00 -4.0174e+00 -4.7868e+00
117 +1.260424654e+02 +1.260424654e+02 +1.039824654e+02 +1.039824654e+02 +2.6133e+00 -1.1082e+00 -4.8530e+00 -3.9177e+00 -4.7474e+00
121 +9.227016300e+01 +9.227016300e+01 +7.021016300e+01 +7.021016300e+01 +2.6071e+00 -1.1732e+00 -4.7558e+00 -4.0960e+00 -4.7893e+00
163 +3.659007838e+01 +3.659007838e+01 +1.453007838e+01 +1.453007838e+01 -1.4301e+00 -3.6999e+00 -3.7964e+00 +7.3000e-01 -2.3989e+00
8511 +2.482522640e+01 +2.482522640e+01 +2.765226399e+00 +2.765226399e+00 -1.4132e+00 -3.2390e+00 -3.8364e+00 +1.6058e-01 -1.9232e+00
15329 +1.584347462e+01 +1.584347462e+01 -6.216525385e+00 -6.216525385e+00 -1.0917e+00 -2.5206e+00 -3.7704e+00 -1.9714e-01 -9.3996e-01
23752 +9.874703099e+00 +9.874703099e+00 -1.218529690e+01 -1.218529690e+01 -1.1227e+00 -2.4397e+00 -3.3481e+00 -6.1345e-01 -2.5710e-01
32318 +5.479425835e+00 +5.479425835e+00 -1.658057416e+01 -1.658057416e+01 -1.3214e+00 -2.1137e+00 -3.4261e+00 -1.3373e+00 -9.5062e-03
35778 +3.568793968e+00 +3.568793968e+00 -1.849120603e+01 -1.849120603e+01 -1.4435e+00 -2.4889e+00 -2.8138e+00 -1.6444e+00 +2.9424e-01
43147 +2.193072552e+00 +2.193072552e+00 -1.986692745e+01 -1.986692745e+01 -1.1083e+00 -2.0484e+00 -2.7623e+00 -1.7586e+00 +8.6501e-01
49234 +1.237920146e+00 +1.237920146e+00 -2.082207985e+01 -2.082207985e+01 -1.3992e+00 -1.7772e+00 -2.9619e+00 -2.0709e+00 +1.0770e+00
52866 +8.533005149e-01 +8.533005149e-01 -2.120669949e+01 -2.120669949e+01 -1.4802e+00 -1.8856e+00 -2.7675e+00 -2.5020e+00 +1.0621e+00
56868 +6.129809850e-01 +6.129809850e-01 -2.144701902e+01 -2.144701902e+01 -1.1645e+00 -1.8112e+00 -2.8158e+00 -2.4889e+00 +8.8826e-01
% function evaluation | noise-free fitness - Fopt (1.632800000000e+02) | best noise-free fitness - Fopt | measured fitness | best measured fitness | x1 | x2...
1 +8.809704232e+06 +8.809704232e+06 +8.809867512e+06 +8.809867512e+06 -8.3971e-01 +2.8374e+00 -4.3136e+00 +3.4392e+00 +4.2695e+00
2 +4.947718732e+05 +4.947718732e+05 +4.949351532e+05 +4.949351532e+05 -4.3973e+00 -6.3919e-01 -8.5368e-01 -1.8328e+00 -4.0609e+00
4 +9.957068629e+04 +9.957068629e+04 +9.973396629e+04 +9.973396629e+04 +5.6778e-01 +5.0461e-01 -3.0962e+00 -3.8473e+00 +1.6968e+00
11 +3.939863074e+04 +3.939863074e+04 +3.956191074e+04 +3.956191074e+04 +3.6121e+00 -3.6593e+00 -3.9379e+00 -1.6632e+00 +3.7389e+00
37 +5.854531630e+02 +5.854531630e+02 +7.487331630e+02 +7.487331630e+02 -4.6908e+00 +1.2364e+00 +2.0522e+00 +4.8705e+00 +2.9150e+00
96 +4.693189896e+01 +4.693189896e+01 +2.102118990e+02 +2.102118990e+02 -4.3062e+00 -3.8571e+00 +2.1648e+00 +4.0810e-01 -4.9159e+00
1264 +3.955233945e+01 +3.955233945e+01 +2.028323394e+02 +2.028323394e+02 -4.0717e+00 -3.8265e+00 +2.0928e+00 +3.1794e-01 -4.7066e+00
8761 +2.403072233e+01 +2.403072233e+01 +1.873107223e+02 +1.873107223e+02 -4.0654e+00 -2.8333e+00 +2.5319e+00 -3.9771e-01 -4.7596e+00
16126 +1.544842854e+01 +1.544842854e+01 +1.787284285e+02 +1.787284285e+02 -3.4899e+00 -2.2123e+00 +2.8663e+00 -1.0367e+00 -4.4590e+00
24831 +9.680160146e+00 +9.680160146e+00 +1.729601601e+02 +1.729601601e+02 -2.9736e+00 -1.8656e+00 +3.2135e+00 -1.7509e+00 -4.5156e+00
33325 +5.967582379e+00 +5.967582379e+00 +1.692475824e+02 +1.692475824e+02 -2.6597e+00 -1.4253e+00 +3.3635e+00 -2.0275e+00 -4.1848e+00
36172 +3.325670972e+00 +3.325670972e+00 +1.666056710e+02 +1.666056710e+02 -2.4424e+00 -1.1489e+00 +3.5077e+00 -2.4825e+00 -4.2392e+00
41954 +2.451715686e+00 +2.451715686e+00 +1.657317157e+02 +1.657317157e+02 -2.5749e+00 -7.6035e-01 +3.3672e+00 -2.7181e+00 -4.1780e+00
47837 +1.492321005e+00 +1.492321005e+00 +1.647723210e+02 +1.647723210e+02 -2.6242e+00 -3.2736e-01 +3.5289e+00 -2.4812e+00 -3.7442e+00
51029 +8.384242693e-01 +8.384242693e-01 +1.641184243e+02 +1.641184243e+02 -2.6574e+00 +1.0844e-01 +3.7259e+00 -2.5171e+00 -3.5543e+00
52347 +5.372989096e-01 +5.372989096e-01 +1.638172989e+02 +1.638172989e+02 -2.2846e+00 +5.1900e-03 +4.0400e+00 -2.8408e+00 -3.7471e+00
% function evaluation | noise-free fitness - Fopt (3.349000000000e+01) | best noise-free fitness - Fopt | measured fitness | best measured fitness | x1 | x2...
1 +7.411287224e+06 +7.411287224e+06 +7.411320714e+06 +7.411320714e+06 -2.6036e+00 -1.9118e+00 -4.7009e-01 -3.4430e+00 -1.8322e+00
2 +2.681365026e+06 +2.681365026e+06 +2.681398516e+06 +2.681398516e+06 -4.5750e+00 -2.8135e+00 -6.3069e-01 -3.7968e+00 -3.0395e+00
13 +2.255739649e+05 +2.255739649e+05 +2.256074549e+05 +2.256074549e+05 +4.3772e+00 -4.5805e+00 +4.1562e-01 +1.3012e+00 -2.8603e+00
71 +1.859700632e+04 +1.859700632e+04 +1.863049632e+04 +1.863049632e+04 +6.8862e-01 -8.5411e-01 +4.5804e-01 +1.6805e+00 -4.7796e+00
102 +2.672580962e+02 +2.672580962e+02 +3.007480962e+02 +3.007480962e+02 +8.7892e-01 -8.1626e-01 +4.9654e-01 +1.5855e+00 -4.6204e+00
138 +2.417069437e+02 +2.417069437e+02 +2.751969437e+02 +2.751969437e+02 +8.8186e-01 -7.6939e-01 +4.1158e-01 +1.6392e+00 -4.6706e+00
184 +2.721258613e+01 +2.721258613e+01 +6.070258613e+01 +6.070258613e+01 +7.8670e-01 -8.6135e-01 +2.8237e-01 +1.6545e+00 -4.6012e+00
711 +2.478655888e+01 +2.478655888e+01 +5.827655888e+01 +5.827655888e+01 +1.0875e+00 -6.2101e-01 +6.1198e-01 +1.5192e+00 -4.7460e+00
10770 +1.404623512e+01 +1.404623512e+01 +4.753623512e+01 +4.753623512e+01 +1.3424e+00 -1.6510e+00 +9.7577e-01 +1.2193e+00 -4.2043e+00
14884 +9.759205902e+00 +9.759205902e+00 +4.324920590e+01 +4.324920590e+01 +1.5612e+00 -2.1043e+00 +1.2095e+00 +1.5613e+00 -3.8804e+00
29436 +5.683886400e+00 +5.683886400e+00 +3.917388640e+01 +3.917388640e+01 +2.2512e+00 -2.5210e+00 +1.3128e+00 +1.3266e+00 -3.6352e+00
41356 +3.929392199e+00 +3.929392199e+00 +3.741939220e+01 +3.741939220e+01 +2.1833e+00 -2.8078e+00 +1.9404e+00 +9.5891e-01 -3.5545e+00
58217 +1.967898126e+00 +1.967898126e+00 +3.545789813e+01 +3.545789813e+01 +2.4171e+00 -3.4112e+00 +2.2365e+00 +1.1924e+00 -3.1630e+00
60436 +1.435664652e+00 +1.435664652e+00 +3.492566465e+01 +3.492566465e+01 +2.7488e+00 -3.2979e+00 +2.3040e+00 +1.3126e+00 -3.1847e+00
62071 +8.540771448e-01 +8.540771448e-01 +3.434407714e+01 +3.434407714e+01 +2.9150e+00 -3.3608e+00 +2.1865e+00 +1.2295e+00 -3.1478e+00
71394 +5.282422038e-01 +5.282422038e-01 +3.401824220e+01 +3.401824220e+01 +2.8798e+00 -3.5886e+00 +2.2494e+00 +1.0034e+00 -3.0612e+00
% function evaluation | noise-free fitness - Fopt (-3.700000000000e+00) | best noise-free fitness - Fopt | measured fitness | best measured fitness | x1 | x2...
1 +5.366606407e+06 +5.366606407e+06 +5.366602707e+06 +5.366602707e+06 -1.5501e+00 +2.3623e+00 -2.3532e+00 -6.6106e-01 -4.3488e+00
2 +3.222661900e+06 +3.222661900e+06 +3.222658200e+06 +3.222658200e+06 +1.3823e-01 +4.3793e+00 +8.7290e-01 -4.1398e+00 -3.5563e+00
3 +4.479796832e+05 +4.479796832e+05 +4.479759832e+05 +4.479759832e+05 -3.2961e-02 +3.4476e+00 -2.5277e+00 +2.9666e+00 -2.3902e+00
10 +2.451240283e+05 +2.451240283e+05 +2.451203283e+05 +2.451203283e+05 +4.6630e+00 -2.0356e+00 -1.5825e+00 +3.7611e+00 +2.3222e-01
27 +4.870017056e+04 +4.870017056e+04 +4.869647056e+04 +4.869647056e+04 +1.7941e+00 +1.5904e+00 +6.9733e-01 +4.9370e+00 -4.4757e+00
36 +7.730278752e+02 +7.730278752e+02 +7.693278752e+02 +7.693278752e+02 -2.0660e+00 -3.0214e-02 +7.7449e-02 -5.8344e-01 +4.0585e+00
55 +2.651950701e+02 +2.651950701e+02 +2.614950701e+02 +2.614950701e+02 +1.3194e+00 +3.0839e+00 -9.3039e-01 +1.2381e+00 -4.7855e+00
179 +9.489358330e+01 +9.489358330e+01 +9.119358330e+01 +9.119358330e+01 +1.4730e+00 +3.1288e+00 -1.2299e+00 +1.1989e+00 -4.7178e+00
181 +4.985292550e+01 +4.985292550e+01 +4.615292550e+01 +4.615292550e+01 +1.3613e+00 +3.0709e+00 -9.3149e-01 +1.2457e+00 -4.8006e+00
215 +3.543627459e+01 +3.543627459e+01 +3.173627459e+01 +3.173627459e+01 +2.5577e+00 +5.5549e-01 -4.2265e+00 +2.1550e-01 +4.5286e-01
3278 +2.413154902e+01 +2.413154902e+01 +2.043154902e+01 +2.043154902e+01 +2.6275e+00 +3.3800e-01 -3.9405e+00 +2.8596e-02 +2.3628e-01
13397 +1.572232493e+01 +1.572232493e+01 +1.202232493e+01 +1.202232493e+01 +2.7367e+00 +3.6765e-02 -3.3238e+00 -1.1867e-01 -3.0154e-01
20879 +9.920390279e+00 +9.920390279e+00 +6.220390279e+00 +6.220390279e+00 +2.5069e+00 -1.0394e-01 -2.5326e+00 -3.6884e-01 -7.3310e-01
% function evaluation | noise-free fitness - Fopt (-9.967700000000e+02) | best noise-free fitness - Fopt | measured fitness | best measured fitness | x1 | x2...
1 +1.116786571e+07 +1.116786571e+07 +1.116686894e+07 +1.116686894e+07 -2.3953e+00 -3.2212e+00 -2.9440e+00 -5.9745e-01 +1.1239e+00
3 +7.293571143e+06 +7.293571143e+06 +7.292574373e+06 +7.292574373e+06 -5.5723e-01 +2.3311e+00 +1.9341e+00 +8.2400e-01 -1.0799e+00
4 +1.942929389e+06 +1.942929389e+06 +1.941932619e+06 +1.941932619e+06 -3.8215e+00 +3.9363e-01 +6.3158e-01 -4.0920e+00 -4.7833e+00
6 +2.289577059e+05 +2.289577059e+05 +2.279609359e+05 +2.279609359e+05 +3.2635e+00 -1.8133e+00 +1.1638e+00 -1.3498e+00 -9.5521e-01
12 +2.991025475e+03 +2.991025475e+03 +1.994255475e+03 +1.994255475e+03 -6.9106e-01 -7.8004e-02 -3.5934e+00 +2.2981e+00 +1.1695e+00
102 +1.640432085e+03 +1.640432085e+03 +6.436620851e+02 +6.436620851e+02 +4.0363e-01 -7.8717e-01 +4.5637e-01 +9.7894e-01 -6.4763e-01
140 +1.489452559e+03 +1.489452559e+03 +4.926825590e+02 +4.926825590e+02 +1.7403e-01 -6.3333e-01 +6.2336e-01 +8.5439e-01 -6.7533e-01
141 +3.163692401e+02 +3.163692401e+02 -6.804007599e+02 -6.804007599e+02 +3.4053e+00 -2.4538e+00 -3.1958e+00 +3.8922e+00 -1.7047e+00
152 +1.329912269e+02 +1.329912269e+02 -8.637787731e+02 -8.637787731e+02 +3.2429e+00 -2.3985e+00 -3.0713e+00 +3.9651e+00 -1.6147e+00
166 +4.632610228e+01 +4.632610228e+01 -9.504438977e+02 -9.504438977e+02 +2.5993e-01 -6.7308e-01 +4.6690e-01 +8.7276e-01 -5.9978e-01
249 +3.977775374e+01 +3.977775374e+01 -9.569922463e+02 -9.569922463e+02 +3.8689e-01 -7.0812e-01 +3.8287e-01 +9.2266e-01 -5.8264e-01
325 +1.749478577e+01 +1.749478577e+01 -9.792752142e+02 -9.792752142e+02 +3.6887e-01 -7.5799e-01 +6.0265e-01 +8.8978e-01 -7.4175e-01
1403 +1.530910447e+01 +1.530910447e+01 -9.814608955e+02 -9.814608955e+02 +6.7748e-01 -5.5623e-01 +7.3155e-01 +7.7350e-01 -1.6671e-01
10852 +9.484342890e+00 +9.484342890e+00 -9.872856571e+02 -9.872856571e+02 -7.6953e-02 -3.3601e-01 +1.3384e+00 +9.2268e-01 -1.4072e-01
16352 +5.804329312e+00 +5.804329312e+00 -9.909656707e+02 -9.909656707e+02 -5.3154e-01 -5.9228e-02 +2.0558e+00 +8.4134e-01 +1.0177e-01
21191 +3.556356650e+00 +3.556356650e+00 -9.932136433e+02 -9.932136433e+02 -5.0707e-01 +1.3656e-01 +1.9767e+00 +5.8459e-01 +5.1995e-01
37207 +1.985465432e+00 +1.985465432e+00 -9.947845346e+02 -9.947845346e+02 -4.7859e-01 +4.0442e-01 +2.4835e+00 +2.6518e-01 +9.9075e-01
37845 +1.523756146e+00 +1.523756146e+00 -9.952462439e+02 -9.952462439e+02 -4.9821e-01 +4.2459e-01 +2.4937e+00 +4.0108e-01 +1.0514e+00
40524 +9.549241366e-01 +9.549241366e-01 -9.958150759e+02 -9.958150759e+02 -3.1295e-01 +4.6255e-01 +2.4470e+00 +3.4210e-01 +1.2337e+00
45515 +3.954988039e-01 +3.954988039e-01 -9.963745012e+02 -9.963745012e+02 -1.9856e-01 +6.0876e-01 +2.5898e+00 +9.8795e-02 +1.5515e+00
48848 +2.205991365e-01 +2.205991365e-01 -9.965494009e+02 -9.965494009e+02 -1.3190e-01 +7.0766e-01 +2.6657e+00 +2.1301e-01 +1.8242e+00
51588 +1.207303954e-01 +1.207303954e-01 -9.966492696e+02 -9.966492696e+02 -1.5278e-01 +7.5443e-01 +2.7412e+00 +1.7952e-01 +1.8982e+00
% function evaluation | noise-free fitness - Fopt (4.500000000000e+01) | best noise-free fitness - Fopt | measured fitness | best measured fitness | x1 | x2...
1 +7.001283271e+06 +7.001283271e+06 +7.001328271e+06 +7.001328271e+06 +3.8028e+00 -2.2792e+00 +1.9216e+00 +1.1252e+00 -4.0119e+00
3 +2.631899075e+06 +2.631899075e+06 +2.631944075e+06 +2.631944075e+06 +4.9309e-01 -2.5460e+00 +4.8406e+00 -1.9245e+00 -4.7391e-01
7 +9.929648195e+05 +9.929648195e+05 +9.930098195e+05 +9.930098195e+05 +1.1650e+00 +1.5349e+00 -6.4988e-01 +4.1117e+00 +4.2036e+00
15 +4.931461639e+05 +4.931461639e+05 +4.931911639e+05 +4.931911639e+05 -6.5361e-01 +2.5303e+00 +2.4288e+00 -4.0969e+00 +3.2151e+00
35 +1.230213822e+05 +1.230213822e+05 +1.230663822e+05 +1.230663822e+05 +3.8742e+00 +4.6199e+00 +4.9259e+00 -2.9697e+00 -1.7827e-02
42 +7.058178042e+01 +7.058178042e+01 +1.155817804e+02 +1.155817804e+02 +3.4697e+00 -4.2139e+00 +1.2462e+00 +1.7236e+00 -6.7372e-01
172 +1.498011013e+01 +1.498011013e+01 +5.998011013e+01 +5.998011013e+01 +2.3951e+00 +1.1750e+00 -3.3617e+00 +5.0000e+00 +1.9511e+00
3537 +7.271189195e+00 +7.271189195e+00 +5.227118919e+01 +5.227118919e+01 +2.7899e+00 +1.6509e+00 -2.6944e+00 +4.4578e+00 +1.6339e+00
6855 +5.808800720e+00 +5.808800720e+00 +5.080880072e+01 +5.080880072e+01 +2.8653e+00 +1.8692e+00 -2.6266e+00 +4.2918e+00 +1.6050e+00
29923 +3.866807379e+00 +3.866807379e+00 +4.886680738e+01 +4.886680738e+01 +2.9062e+00 +1.4889e+00 -2.0863e+00 +3.6562e+00 +1.4208e+00
38882 +2.377700436e+00 +2.377700436e+00 +4.737770044e+01 +4.737770044e+01 +2.7122e+00 +1.6370e+00 -1.5944e+00 +3.3699e+00 +1.5729e+00
41852 +1.503554086e+00 +1.503554086e+00 +4.650355409e+01 +4.650355409e+01 +2.5686e+00 +1.8784e+00 -1.4041e+00 +3.6149e+00 +1.7432e+00
46012 +9.245673507e-01 +9.245673507e-01 +4.592456735e+01 +4.592456735e+01 +2.5948e+00 +1.8989e+00 -9.6139e-01 +3.7275e+00 +1.6916e+00
53003 +5.722452348e-01 +5.722452348e-01 +4.557224523e+01 +4.557224523e+01 +2.4740e+00 +1.9449e+00 -8.9087e-01 +3.5879e+00 +1.7975e+00
58614 +2.704674014e-01 +2.704674014e-01 +4.527046740e+01 +4.527046740e+01 +2.6055e+00 +2.2212e+00 -6.2036e-01 +3.5768e+00 +1.7197e+00
% function evaluation | noise-free fitness - Fopt (2.131000000000e+02) | best noise-free fitness - Fopt | measured fitness | best measured fitness | x1 | x2...
1 +8.041367822e+06 +8.041367822e+06 +8.041580922e+06 +8.041580922e+06 +3.0082e+00 -4.5794e-01 +4.2586e+00 +1.7042e+00 +4.5231e+00
2 +3.455228479e+05 +3.455228479e+05 +3.457359479e+05 +3.457359479e+05 +8.2634e-01 -2.1625e+00 -3.8850e+00 -3.3230e+00 -2.0581e+00
10 +1.169782724e+04 +1.169782724e+04 +1.191092724e+04 +1.191092724e+04 +3.4148e+00 -2.7850e+00 +7.2639e-01 +2.9944e+00 -1.2703e+00
32 +2.152107653e+03 +2.152107653e+03 +2.365207653e+03 +2.365207653e+03 -1.3733e+00 -3.1578e-01 -2.6728e+00 -2.0182e+00 -3.8682e+00
167 +9.963198291e+02 +9.963198291e+02 +1.209419829e+03 +1.209419829e+03 +2.6517e+00 -6.0794e-01 +1.5157e+00 +2.8447e+00 -3.7614e+00
172 +2.228280753e+02 +2.228280753e+02 +4.359280753e+02 +4.359280753e+02 -3.8639e+00 -6.6765e-01 -1.4090e+00 -1.3251e+00 -6.8383e-01
176 +8.711903779e+01 +8.711903779e+01 +3.002190378e+02 +3.002190378e+02 -3.9788e+00 -7.3357e-01 -1.4390e+00 -1.5130e+00 -5.4200e-01
196 +2.531356628e+01 +2.531356628e+01 +2.384135663e+02 +2.384135663e+02 -3.8796e+00 -6.7944e-01 -1.5232e+00 -1.4362e+00 -7.6600e-01
258 +1.967496874e+01 +1.967496874e+01 +2.327749687e+02 +2.327749687e+02 -4.0310e+00 -6.7964e-01 -1.3753e+00 -1.6749e+00 -4.9105e-01
1542 +1.558467303e+01 +1.558467303e+01 +2.286846730e+02 +2.286846730e+02 -3.4336e+00 -1.0833e+00 -1.5979e+00 -1.5988e+00 -4.8265e-01
10531 +8.783458180e+00 +8.783458180e+00 +2.218834582e+02 +2.218834582e+02 -2.7690e+00 -5.6490e-01 -2.1557e-01 -1.8923e+00 -5.8733e-01
18394 +6.184069573e+00 +6.184069573e+00 +2.192840696e+02 +2.192840696e+02 -2.8212e+00 -3.1660e-01 +2.7661e-01 -2.2041e+00 -4.8608e-01
21763 +3.631976332e+00 +3.631976332e+00 +2.167319763e+02 +2.167319763e+02 -2.2910e+00 -3.9258e-01 +6.4045e-01 -2.3873e+00 -4.1658e-01
28454 +2.365703973e+00 +2.365703973e+00 +2.154657040e+02 +2.154657040e+02 -2.4023e+00 -3.4925e-01 +8.2883e-01 -2.7022e+00 -2.0247e-01
32864 +1.539776880e+00 +1.539776880e+00 +2.146397769e+02 +2.146397769e+02 -2.2303e+00 -5.9809e-01 +1.1157e+00 -2.6461e+00 +2.8999e-01
34894 +9.735192268e-01 +9.735192268e-01 +2.140735192e+02 +2.140735192e+02 -2.5086e+00 -4.5817e-01 +1.1433e+00 -3.0794e+00 +3.6034e-01
46608 +2.557909469e-01 +2.557909469e-01 +2.133557909e+02 +2.133557909e+02 -2.2706e+00 -7.8358e-01 +1.0606e+00 -3.4594e+00 +6.9084e-01
51612 +2.173047460e-01 +2.173047460e-01 +2.133173047e+02 +2.133173047e+02 -2.2337e+00 -8.7411e-01 +1.0264e+00 -3.6741e+00 +8.1182e-01
58759 +1.558479906e-01 +1.558479906e-01 +2.132558480e+02 +2.132558480e+02 -2.2587e+00 -6.8834e-01 +1.2264e+00 -3.5302e+00 +6.8070e-01
61957 +8.993079157e-02 +8.993079157e-02 +2.131899308e+02 +2.131899308e+02 -2.1865e+00 -6.8437e-01 +1.2709e+00 -3.6527e+00 +6.7828e-01
63676 +3.497378614e-02 +3.497378614e-02 +2.131349738e+02 +2.131349738e+02 -2.0951e+00 -7.3136e-01 +1.3416e+00 -3.6476e+00 +7.4396e-01
65988 +2.135220643e-02 +2.135220643e-02 +2.131213522e+02 +2.131213522e+02 -2.0559e+00 -7.6252e-01 +1.3848e+00 -3.5424e+00 +7.8392e-01
