% function evaluation | noise-free fitness - Fopt (-1.000000000000e+03) | best noise-free fitness - Fopt | measured fitness | best measured fitness | x1 | x2...
1 +8.457763540e+01 +8.457763540e+01 -9.154223646e+02 -9.154223646e+02 +4.5381e+00 -3.4191e+00 +8.4998e-01 +3.8696e+00 -3.4635e+00
10 +5.997475800e+01 +5.997475800e+01 -9.400252420e+02 -9.400252420e+02 +3.6757e+00 -4.1842e+00 +2.2557e+00 +1.8644e+00 -2.1163e-01
65 +2.054327388e+01 +2.054327388e+01 -9.794567261e+02 -9.794567261e+02 +2.5797e+00 -1.7042e-01 -8.9763e-01 +2.9886e+00 +1.3088e+00
119 +7.912445382e+00 +7.912445382e+00 -9.920875546e+02 -9.920875546e+02 +5.1174e-01 +4.4806e-01 +4.7326e+00 -4.6891e+00 -4.9718e+00
613 +5.461486899e+00 +5.461486899e+00 -9.945385131e+02 -9.945385131e+02 +4.7793e-01 +2.2373e+00 +4.2023e+00 +1.0174e+00 -2.2921e+00
717 +2.281588461e+00 +2.281588461e+00 -9.977184115e+02 -9.977184115e+02 -2.7955e+00 +5.0000e+00 -1.7544e-01 -2.6476e+00 -1.2706e+00
2843 +8.823228198e-01 +8.823228198e-01 -9.991176772e+02 -9.991176772e+02 +2.1561e+00 +1.6623e+00 +2.6698e+00 +9.0998e-01 -1.1246e+00
5811 +5.174719331e-01 +5.174719331e-01 -9.994825281e+02 -9.994825281e+02 +7.6747e-01 +1.6287e+00 +3.5565e+00 +1.3796e+00 -1.7267e+00
15205 +2.893278228e-01 +2.893278228e-01 -9.997106722e+02 -9.997106722e+02 +1.7739e+00 +9.6374e-01 +2.8797e+00 +6.5787e-01 -1.2015e+00
21611 +4.122507493e-02 +4.122507493e-02 -9.999587749e+02 -9.999587749e+02 +1.5695e+00 +1.0408e+00 +2.4547e+00 +1.2706e+00 -8.6177e-01
30118 +3.366963741e-02 +3.366963741e-02 -9.999663304e+02 -9.999663304e+02 +9.4774e-01 +8.5483e-01 +3.2093e+00 -1.9768e-01 -2.0162e+00
37199 +2.382261175e-02 +2.382261175e-02 -9.999761774e+02 -9.999761774e+02 +1.7052e+00 +1.1040e+00 +2.7683e+00 +4.4472e-01 -1.4478e+00
% function evaluation | noise-free fitness - Fopt (1.000000000000e+03) | best noise-free fitness - Fopt | measured fitness | best measured fitness | x1 | x2...
1 +1.754916574e+01 +1.754916574e+01 +1.017549166e+03 +1.017549166e+03 +2.4914e+00 +3.5900e+00 +3.4058e+00 -6.7623e-01 +3.8242e+00
134 +1.124550853e+01 +1.124550853e+01 +1.011245509e+03 +1.011245509e+03 -3.2777e+00 +7.9873e-01 -6.2786e-01 -1.0861e+00 -2.7963e+00
221 +7.004659188e+00 +7.004659188e+00 +1.007004659e+03 +1.007004659e+03 -3.6267e+00 +2.1334e+00 -2.7511e-01 -3.2352e+00 -2.9288e+00
628 +2.925157322e+00 +2.925157322e+00 +1.002925157e+03 +1.002925157e+03 -3.0803e+00 +1.1454e+00 +8.3445e-01 -4.6010e+00 -2.2714e+00
885 +9.228020775e-02 +9.228020775e-02 +1.000092280e+03 +1.000092280e+03 -4.8746e-01 -1.5376e+00 -2.0560e+00 +2.4852e+00 -2.4931e+00
9720 +5.371952104e-02 +5.371952104e-02 +1.000053720e+03 +1.000053720e+03 -5.3123e-01 -1.0119e+00 -2.1645e+00 +3.2408e+00 -7.5618e-01
% function evaluation | noise-free fitness - Fopt (-4.913000000000e+01) | best noise-free fitness - Fopt | measured fitness | best measured fitness | x1 | x2...
1 +8.316603466e+01 +8.316603466e+01 +3.403603466e+01 +3.403603466e+01 +4.2832e+00 +2.6828e+00 -4.3642e+00 +7.0164e-01 -3.8358e+00
8 +2.935186738e+01 +2.935186738e+01 -1.977813262e+01 -1.977813262e+01 -2.9404e+00 +6.6207e-01 +4.3628e+00 -1.9919e-01 +3.4077e+00
15 +8.212396233e+00 +8.212396233e+00 -4.091760377e+01 -4.091760377e+01 -3.9770e-01 +1.9244e+00 -3.7129e+00 +2.1438e+00 +2.9822e+00
652 +6.065863134e+00 +6.065863134e+00 -4.306413687e+01 -4.306413687e+01 +4.3554e+00 -5.0000e+00 +3.9001e+00 -5.0000e+00 +1.7824e+00
679 +3.417672563e+00 +3.417672563e+00 -4.571232744e+01 -4.571232744e+01 +3.5927e+00 -4.8004e+00 +4.5480e+00 -3.8507e+00 +4.9280e-01
936 +1.737609260e+00 +1.737609260e+00 -4.739239074e+01 -4.739239074e+01 +3.3781e+00 -5.0000e+00 +4.5364e+00 -5.0000e+00 +8.7394e-01
1049 +1.332101111e+00 +1.332101111e+00 -4.779789889e+01 -4.779789889e+01 +3.5684e+00 -4.8045e+00 +5.0000e+00 -4.9947e+00 +1.0149e+00
1630 +3.140005633e-01 +3.140005633e-01 -4.881599944e+01 -4.881599944e+01 +3.2558e+00 +2.2237e+00 +3.3957e+00 +5.9427e-01 +5.9615e-01
12861 +1.358322862e-01 +1.358322862e-01 -4.899416771e+01 -4.899416771e+01 +3.3863e+00 +1.6209e+00 +3.0647e+00 -1.1406e-01 +1.0275e+00
% function evaluation | noise-free fitness - Fopt (2.977300000000e+02) | best noise-free fitness - Fopt | measured fitness | best measured fitness | x1 | x2...
1 +7.904363342e+01 +7.904363342e+01 +3.767736334e+02 +3.767736334e+02 -2.3528e+00 -3.8255e-01 +2.3745e+00 -4.5334e+00 +2.3177e+00
6 +1.882463068e+01 +1.882463068e+01 +3.165546307e+02 +3.165546307e+02 -2.8014e+00 -8.7445e-01 +3.5700e-01 +1.1373e+00 -2.9555e+00
120 +8.828068991e+00 +8.828068991e+00 +3.065580690e+02 +3.065580690e+02 +1.3981e+00 +2.5702e+00 +4.0232e+00 -2.5652e+00 -8.1719e-01
1194 +6.272858805e+00 +6.272858805e+00 +3.040028588e+02 +3.040028588e+02 -4.2063e+00 -2.3725e-01 +1.3230e+00 +2.3055e+00 -3.5525e+00
1301 +2.620549685e+00 +2.620549685e+00 +3.003505497e+02 +3.003505497e+02 +1.8620e+00 +3.3125e+00 +3.4856e+00 -3.5463e+00 +9.4112e-01
1658 +1.996236274e+00 +1.996236274e+00 +2.997262363e+02 +2.997262363e+02 +1.8096e+00 +3.7901e+00 +3.6217e+00 -3.2929e+00 +6.2605e-01
3701 +1.409799297e+00 +1.409799297e+00 +2.991397993e+02 +2.991397993e+02 +1.0879e+00 +3.3096e+00 +3.3148e+00 -3.0559e+00 +4.7328e-01
6069 +5.190272388e-01 +5.190272388e-01 +2.982490272e+02 +2.982490272e+02 -1.5751e+00 +5.3153e-01 +3.1733e+00 +2.8031e+00 +9.5771e-01
21303 +1.755837621e-01 +1.755837621e-01 +2.979055838e+02 +2.979055838e+02 -6.1864e-01 +6.7978e-01 +3.0599e+00 +2.5461e+00 +8.9738e-01
28153 +9.976071276e-02 +9.976071276e-02 +2.978297607e+02 +2.978297607e+02 -4.6651e+00 +4.1593e-01 +4.2278e+00 +2.2123e+00 +1.4575e+00
37346 +2.415691871e-02 +2.415691871e-02 +2.977541569e+02 +2.977541569e+02 -3.3890e+00 +9.6761e-01 +4.0318e+00 +2.1022e+00 +8.6005e-01
46516 +1.403280962e-02 +1.403280962e-02 +2.977440328e+02 +2.977440328e+02 -4.3000e+00 +4.0117e-01 +3.7836e+00 +2.4407e+00 +1.4771e+00
% function evaluation | noise-free fitness - Fopt (5.157000000000e+01) | best noise-free fitness - Fopt | measured fitness | best measured fitness | x1 | x2...
1 +7.547837450e+01 +7.547837450e+01 +1.270483745e+02 +1.270483745e+02 +3.5376e+00 +7.8014e-01 +6.9674e-01 -2.7372e+00 +4.6686e+00
7 +6.005070274e+01 +6.005070274e+01 +1.116207027e+02 +1.116207027e+02 +1.6163e+00 +9.1344e-01 -4.4732e+00 -3.7703e+00 +3.5063e+00
19 +1.942119225e+01 +1.942119225e+01 +7.099119225e+01 +7.099119225e+01 +3.5733e+00 -9.4275e-01 -2.3148e+00 -1.7908e+00 +3.9324e+00
181 +9.321510962e+00 +9.321510962e+00 +6.089151096e+01 +6.089151096e+01 -1.7568e+00 -3.6703e+00 -1.5011e-02 -3.2595e+00 +1.5395e+00
612 +6.129644018e+00 +6.129644018e+00 +5.769964402e+01 +5.769964402e+01 -2.6069e+00 -3.1324e+00 +4.2345e-01 -3.1698e+00 +8.8670e-01
765 +2.330804386e+00 +2.330804386e+00 +5.390080439e+01 +5.390080439e+01 -2.1047e+00 -2.1488e+00 -3.4505e-01 -2.9686e+00 +9.1378e-01
2956 +1.141447390e+00 +1.141447390e+00 +5.271144739e+01 +5.271144739e+01 +3.3264e+00 -1.4907e+00 -2.1347e+00 -2.2757e+00 +1.8484e+00
5548 +1.404091706e-01 +1.404091706e-01 +5.171040917e+01 +5.171040917e+01 +2.8466e+00 -1.0578e-01 -2.4654e+00 -1.9820e+00 +1.7034e+00
% function evaluation | noise-free fitness - Fopt (1.495000000000e+01) | best noise-free fitness - Fopt | measured fitness | best measured fitness | x1 | x2...
1 +7.325703779e+01 +7.325703779e+01 +8.820703779e+01 +8.820703779e+01 -9.7937e-01 -2.8074e+00 +2.0617e+00 +4.6849e+00 +1.8141e+00
3 +5.928636397e+01 +5.928636397e+01 +7.423636397e+01 +7.423636397e+01 +1.7375e+00 -3.0332e+00 -2.2259e+00 +1.4596e+00 +4.3043e+00
4 +2.015595641e+01 +2.015595641e+01 +3.510595641e+01 +3.510595641e+01 +4.0412e+00 -4.6554e+00 -1.9022e+00 -1.1758e+00 +3.1811e+00
25 +1.403070771e+01 +1.403070771e+01 +2.898070771e+01 +2.898070771e+01 -8.8670e-01 -3.6108e+00 +2.6612e+00 +7.1084e-02 -3.0139e+00
359 +5.456703843e+00 +5.456703843e+00 +2.040670384e+01 +2.040670384e+01 -2.5978e+00 +7.0689e-01 +8.8690e-01 +2.2764e+00 +2.8036e+00
1169 +3.816011265e+00 +3.816011265e+00 +1.876601127e+01 +1.876601127e+01 +4.2934e+00 +4.2495e+00 +1.8133e+00 +3.4906e+00 -2.7021e+00
1524 +2.188569082e+00 +2.188569082e+00 +1.713856908e+01 +1.713856908e+01 +4.4521e+00 +3.9030e+00 +5.9269e-01 +4.7217e+00 -2.8603e+00
1942 +1.216333856e+00 +1.216333856e+00 +1.616633386e+01 +1.616633386e+01 +3.9854e+00 +3.8959e+00 +1.4950e+00 +4.1647e+00 -2.7059e+00
4252 +7.909483622e-01 +7.909483622e-01 +1.574094836e+01 +1.574094836e+01 +4.0585e+00 +3.7298e+00 +1.2558e+00 +4.2192e+00 -3.0993e+00
% function evaluation | noise-free fitness - Fopt (6.938000000000e+01) | best noise-free fitness - Fopt | measured fitness | best measured fitness | x1 | x2...
1 +7.359392260e+01 +7.359392260e+01 +1.429739226e+02 +1.429739226e+02 +3.6242e+00 +2.3340e-01 -2.9989e+00 +1.1174e+00 +4.8061e+00
10 +3.288651264e+01 +3.288651264e+01 +1.022665126e+02 +1.022665126e+02 -4.3710e+00 +3.6783e+00 -4.4288e-01 -2.3228e-01 -2.3501e+00
30 +9.354709614e+00 +9.354709614e+00 +7.873470961e+01 +7.873470961e+01 +3.6323e+00 -1.9843e-01 -3.4519e+00 +2.8591e+00 -1.6550e+00
698 +2.138430557e+00 +2.138430557e+00 +7.151843056e+01 +7.151843056e+01 +1.9182e+00 +1.9756e+00 -4.0527e-01 -3.1191e+00 -4.0130e+00
5256 +1.514314104e+00 +1.514314104e+00 +7.089431410e+01 +7.089431410e+01 +1.9539e+00 +1.3478e+00 +6.4648e-01 -3.2267e+00 -3.7751e+00
13506 +9.040317809e-01 +9.040317809e-01 +7.028403178e+01 +7.028403178e+01 +8.7956e-01 +1.3125e+00 -4.7374e+00 -4.8877e+00 +4.3340e+00
% function evaluation | noise-free fitness - Fopt (7.255000000000e+01) | best noise-free fitness - Fopt | measured fitness | best measured fitness | x1 | x2...
1 +8.595937825e+01 +8.595937825e+01 +1.585093783e+02 +1.585093783e+02 -4.3460e+00 -3.7703e+00 +2.1313e+00 +2.5173e+00 -3.1311e+00
5 +5.752549137e+01 +5.752549137e+01 +1.300754914e+02 +1.300754914e+02 +2.0941e+00 -1.1753e+00 -4.6406e-02 -2.0911e+00 -2.1629e+00
47 +2.701616801e+01 +2.701616801e+01 +9.956616801e+01 +9.956616801e+01 +4.9067e+00 -5.6292e-01 +5.7240e-02 -2.1491e+00 -6.6277e-01
94 +1.636592339e+01 +1.636592339e+01 +8.891592339e+01 +8.891592339e+01 -2.9022e+00 +4.6888e+00 +2.6852e+00 +3.9403e+00 -4.1296e+00
296 +8.703829174e+00 +8.703829174e+00 +8.125382917e+01 +8.125382917e+01 -1.7720e+00 +4.2439e+00 -2.4258e+00 -4.5157e-01 -3.0131e+00
811 +5.929132643e+00 +5.929132643e+00 +7.847913264e+01 +7.847913264e+01 +3.4648e+00 +2.5963e+00 +3.8322e+00 -1.4623e+00 +3.7693e+00
1842 +2.392703634e+00 +2.392703634e+00 +7.494270363e+01 +7.494270363e+01 +5.0000e+00 +5.0000e+00 +1.3961e+00 -1.8387e+00 +4.9649e+00
16075 +1.523369691e+00 +1.523369691e+00 +7.407336969e+01 +7.407336969e+01 +3.9745e+00 +3.8321e+00 +1.8301e+00 -1.2807e+00 +4.3670e+00
34389 +9.019318494e-01 +9.019318494e-01 +7.345193185e+01 +7.345193185e+01 +3.6048e+00 +2.8497e+00 +1.7781e+00 -8.8690e-01 +3.5933e+00
% function evaluation | noise-free fitness - Fopt (-5.473100000000e+02) | best noise-free fitness - Fopt | measured fitness | best measured fitness | x1 | x2...
1 +7.215454115e+01 +7.215454115e+01 -4.751554588e+02 -4.751554588e+02 -6.1003e-01 -2.2187e+00 -8.6485e-01 -3.2242e+00 -4.4025e+00
4 +6.084867876e+01 +6.084867876e+01 -4.864613212e+02 -4.864613212e+02 +1.1907e+00 -2.1574e+00 +1.2457e+00 -3.3345e+00 -3.6975e+00
8 +3.920813282e+01 +3.920813282e+01 -5.081018672e+02 -5.081018672e+02 -4.2339e+00 -4.9426e+00 +3.1651e+00 -2.8245e-02 +3.2570e+00
13 +2.417355772e+01 +2.417355772e+01 -5.231364423e+02 -5.231364423e+02 -4.9168e+00 -3.0307e+00 +4.6604e+00 +3.8924e+00 +3.1276e+00
41 +1.080415013e+01 +1.080415013e+01 -5.365058499e+02 -5.365058499e+02 -1.1538e+00 +2.8126e+00 +9.6592e-01 -2.6119e+00 +3.2712e-01
255 +8.663461117e+00 +8.663461117e+00 -5.386465389e+02 -5.386465389e+02 +2.1065e+00 +2.3240e+00 +3.3286e+00 -3.3220e+00 +2.4358e-02
1141 +3.280882201e+00 +3.280882201e+00 -5.440291178e+02 -5.440291178e+02 +1.4552e+00 +4.7688e-01 +4.9562e+00 -1.7829e+00 -4.8877e-01
2652 +1.230936998e+00 +1.230936998e+00 -5.460790630e+02 -5.460790630e+02 -3.9370e+00 -3.9515e+00 +3.2244e+00 +2.2529e+00 +3.8559e+00
3762 +1.526210757e-01 +1.526210757e-01 -5.471573789e+02 -5.471573789e+02 -1.3944e+00 +3.4688e+00 +1.1933e+00 -3.5784e+00 +1.2497e-01
% function evaluation | noise-free fitness - Fopt (1.000000000000e+03) | best noise-free fitness - Fopt | measured fitness | best measured fitness | x1 | x2...
1 +7.617780052e+01 +7.617780052e+01 +1.076177801e+03 +1.076177801e+03 +2.2703e+00 +3.6136e-01 +1.7929e+00 -4.2826e+00 +2.4946e+00
6 +3.869657635e+01 +3.869657635e+01 +1.038696576e+03 +1.038696576e+03 -2.9119e+00 +3.8717e+00 -1.7454e+00 +1.4469e+00 +1.2015e-01
48 +8.138538211e+00 +8.138538211e+00 +1.008138538e+03 +1.008138538e+03 +2.5962e+00 +3.1452e+00 -3.6757e+00 -2.7273e+00 -3.4259e-01
220 +6.206611807e+00 +6.206611807e+00 +1.006206612e+03 +1.006206612e+03 +3.7266e+00 +2.5372e+00 -4.1818e+00 -5.4112e-01 +1.0560e+00
882 +1.935975623e+00 +1.935975623e+00 +1.001935976e+03 +1.001935976e+03 -1.5366e+00 +3.1613e+00 -7.3378e-01 +1.6267e+00 +1.7073e+00
1495 +8.095791331e-01 +8.095791331e-01 +1.000809579e+03 +1.000809579e+03 +6.0050e-01 -2.3140e+00 +1.9298e+00 -1.2952e+00 +1.6631e+00
3264 +1.247010139e-01 +1.247010139e-01 +1.000124701e+03 +1.000124701e+03 -3.1008e-01 -2.1712e-01 +5.0000e+00 -1.5023e+00 +3.9482e+00
% function evaluation | noise-free fitness - Fopt (2.935800000000e+02) | best noise-free fitness - Fopt | measured fitness | best measured fitness | x1 | x2...
1 +6.938826691e+01 +6.938826691e+01 +3.629682669e+02 +3.629682669e+02 -7.6576e-01 +2.6496e+00 -1.3234e+00 +2.0554e+00 -3.3824e+00
2 +5.018911762e+01 +5.018911762e+01 +3.437691176e+02 +3.437691176e+02 +3.2987e+00 -1.7115e+00 -4.8634e+00 +4.4529e+00 -3.0341e+00
59 +1.172127136e+01 +1.172127136e+01 +3.053012714e+02 +3.053012714e+02 +5.5990e-01 +1.0401e-01 -4.7810e+00 +3.6814e-02 +4.8908e+00
514 +1.540177299e+00 +1.540177299e+00 +2.951201773e+02 +2.951201773e+02 +1.1995e+00 -1.0945e-01 -4.1544e+00 +4.0625e-01 +5.0000e+00
10067 +8.289225283e-01 +8.289225283e-01 +2.944089225e+02 +2.944089225e+02 +2.4801e+00 +3.4945e-01 -2.4964e+00 -3.9070e-01 +5.0000e+00
10441 +1.137729870e-01 +1.137729870e-01 +2.936937730e+02 +2.936937730e+02 +2.8483e+00 -3.8599e-01 -2.6905e+00 +5.4950e-01 +3.1540e+00
17319 +6.941862713e-02 +6.941862713e-02 +2.936494186e+02 +2.936494186e+02 +3.6457e+00 -1.1003e+00 -3.0678e+00 +1.2563e+00 +2.7624e-01
23691 +4.831989085e-02 +4.831989085e-02 +2.936283199e+02 +2.936283199e+02 +3.0641e+00 -9.0757e-01 -3.7725e+00 +1.3337e+00 +7.1733e-01
30114 +3.635870019e-02 +3.635870019e-02 +2.936163587e+02 +2.936163587e+02 +3.7098e+00 -6.8692e-01 -3.0901e+00 +1.2154e+00 +5.7449e-01
34640 +2.186592352e-02 +2.186592352e-02 +2.936018659e+02 +2.936018659e+02 +3.5704e+00 -1.0280e+00 -2.9205e+00 +1.2652e+00 +5.7760e-01
% function evaluation | noise-free fitness - Fopt (3.712600000000e+02) | best noise-free fitness - Fopt | measured fitness | best measured fitness | x1 | x2...
1 +7.480044063e+01 +7.480044063e+01 +4.460604406e+02 +4.460604406e+02 -3.2078e+00 +1.6250e+00 -7.3349e-01 +2.9505e+00 +3.4720e-02
11 +1.939042683e+01 +1.939042683e+01 +3.906504268e+02 +3.906504268e+02 -6.3563e-02 +3.5393e+00 +5.5785e-01 +3.1299e+00 +4.1384e+00
270 +6.278111831e+00 +6.278111831e+00 +3.775381118e+02 +3.775381118e+02 -1.2172e+00 +4.2611e+00 +2.0851e+00 -2.2488e+00 +2.5935e-01
694 +2.062763161e+00 +2.062763161e+00 +3.733227632e+02 +3.733227632e+02 -2.4488e+00 +4.3632e+00 +2.7187e+00 -1.8698e+00 -1.0834e+00
1529 +1.254261451e+00 +1.254261451e+00 +3.725142615e+02 +3.725142615e+02 +7.8108e-01 +4.4905e+00 +4.3903e-01 +4.4401e+00 +5.0000e+00
2981 +8.801109220e-01 +8.801109220e-01 +3.721401109e+02 +3.721401109e+02 +8.3451e-01 +4.3886e+00 +4.7133e-01 +4.6102e+00 +4.8500e+00
% function evaluation | noise-free fitness - Fopt (5.226000000000e+01) | best noise-free fitness - Fopt | measured fitness | best measured fitness | x1 | x2...
1 +8.582033792e+01 +8.582033792e+01 +1.380803379e+02 +1.380803379e+02 -2.7945e+00 +2.6194e+00 +4.1260e+00 -3.4936e+00 +4.0000e+00
4 +6.262262336e+01 +6.262262336e+01 +1.148826234e+02 +1.148826234e+02 +1.9977e+00 +4.4468e+00 +1.1023e+00 -3.6192e+00 -8.3706e-01
10 +3.884188333e+01 +3.884188333e+01 +9.110188333e+01 +9.110188333e+01 -3.3369e-01 -3.5325e+00 +3.8759e-01 -2.3844e+00 +2.5958e+00
90 +1.413445496e+01 +1.413445496e+01 +6.639445496e+01 +6.639445496e+01 +3.4104e+00 +3.8756e+00 -6.6408e-01 -1.8477e+00 -8.0436e-01
313 +6.733321734e+00 +6.733321734e+00 +5.899332173e+01 +5.899332173e+01 +3.3564e+00 +4.4845e+00 +1.5103e-01 -2.7384e+00 -1.0806e+00
1256 +5.005056686e+00 +5.005056686e+00 +5.726505669e+01 +5.726505669e+01 +4.1360e+00 +4.5538e+00 +1.4301e-01 -2.8211e+00 -1.3099e+00
1331 +1.772984382e+00 +1.772984382e+00 +5.403298438e+01 +5.403298438e+01 -1.5844e+00 -9.1662e-01 +2.5113e+00 +4.0489e+00 -3.9456e-01
1645 +1.212376306e+00 +1.212376306e+00 +5.347237631e+01 +5.347237631e+01 -1.3596e-01 -1.2081e+00 -3.5968e+00 -6.3874e-01 -5.8079e-02
2230 +2.523250668e-01 +2.523250668e-01 +5.251232507e+01 +5.251232507e+01 -4.2782e-01 -1.0603e+00 -1.1326e+00 +1.1797e+00 -3.5332e-01
4628 +1.185711408e-01 +1.185711408e-01 +5.237857114e+01 +5.237857114e+01 +7.9655e-02 -7.7393e-01 -1.9220e+00 +5.3271e-01 -1.4360e-01
7213 +6.086093786e-02 +6.086093786e-02 +5.232086094e+01 +5.232086094e+01 +8.7896e-02 -6.0384e-01 -1.0599e-01 +1.5518e+00 -2.8157e-01
10136 +1.716670698e-02 +1.716670698e-02 +5.227716671e+01 +5.227716671e+01 +9.5299e-02 -7.2594e-01 -1.1376e+00 +7.9105e-01 -2.5297e-01
% function evaluation | noise-free fitness - Fopt (5.034000000000e+01) | best noise-free fitness - Fopt | measured fitness | best measured fitness | x1 | x2...
1 +8.509131382e+01 +8.509131382e+01 +1.354313138e+02 +1.354313138e+02 -3.5129e+00 -4.1525e+00 +1.0060e+00 +4.8282e+00 +4.2500e+00
11 +4.325718573e+01 +4.325718573e+01 +9.359718573e+01 +9.359718573e+01 -7.1713e-01 +2.8339e+00 -1.2736e+00 +1.6712e+00 -4.7439e+00
45 +2.519897380e+01 +2.519897380e+01 +7.553897380e+01 +7.553897380e+01 -3.4978e+00 +1.9276e+00 -1.6950e+00 -3.5533e+00 +1.7877e+00
174 +2.425987211e+01 +2.425987211e+01 +7.459987211e+01 +7.459987211e+01 -2.5212e+00 -9.3980e-01 -1.7907e+00 +1.8842e+00 +1.4575e+00
207 +8.123523147e+00 +8.123523147e+00 +5.846352315e+01 +5.846352315e+01 -1.7864e+00 -2.3638e+00 +4.2417e+00 -3.4743e+00 +3.0693e+00
797 +5.831061848e+00 +5.831061848e+00 +5.617106185e+01 +5.617106185e+01 -9.7357e-01 -1.8171e+00 +2.4663e+00 -4.2458e+00 +2.9440e+00
802 +1.900449091e+00 +1.900449091e+00 +5.224044909e+01 +5.224044909e+01 +2.3662e-01 -2.8431e+00 +2.9008e+00 -5.0000e+00 +4.9167e+00
887 +1.333707375e+00 +1.333707375e+00 +5.167370737e+01 +5.167370737e+01 -8.6224e-01 -2.2009e+00 +2.2036e+00 -4.3430e+00 +4.3027e+00
2535 +1.194592738e-01 +1.194592738e-01 +5.045945927e+01 +5.045945927e+01 -3.3422e+00 -1.3293e+00 +1.5982e+00 -3.0049e+00 +1.9493e+00
3377 +4.940939692e-02 +4.940939692e-02 +5.038940940e+01 +5.038940940e+01 -3.2617e+00 -1.1816e+00 +1.6157e+00 -3.0432e+00 +2.0606e+00
14033 +1.729400374e-02 +1.729400374e-02 +5.035729400e+01 +5.035729400e+01 -1.4910e+00 -1.8985e+00 +2.9716e+00 -3.7799e+00 +3.2987e+00
% function evaluation | noise-free fitness - Fopt (-2.314000000000e+01) | best noise-free fitness - Fopt | measured fitness | best measured fitness | x1 | x2...
1 +3.730801489e+01 +3.730801489e+01 +1.416801489e+01 +1.416801489e+01 -3.0649e+00 +1.0732e+00 -3.3533e+00 -1.5643e+00 -2.6299e+00
3 +1.968292477e+01 +1.968292477e+01 -3.457075229e+00 -3.457075229e+00 +4.3702e+00 -8.3472e-01 -2.1816e+00 +1.8205e+00 -1.5099e+00
5 +1.026663457e+01 +1.026663457e+01 -1.287336543e+01 -1.287336543e+01 +2.8022e+00 +1.1782e+00 +3.0757e+00 +1.8965e+00 +2.1137e+00
507 +7.740851737e+00 +7.740851737e+00 -1.539914826e+01 -1.539914826e+01 -4.3170e-01 +1.7427e+00 +2.8324e+00 -1.9024e+00 -4.9571e-01
721 +1.972276282e+00 +1.972276282e+00 -2.116772372e+01 -2.116772372e+01 -2.1416e+00 +1.8338e+00 +1.2507e+00 -5.1377e-01 +1.6965e+00
834 +5.067906756e-01 +5.067906756e-01 -2.263320932e+01 -2.263320932e+01 +1.4301e+00 +2.3084e+00 +2.0798e+00 +1.3862e+00 -4.4081e-01
3288 +1.392257852e-01 +1.392257852e-01 -2.300077421e+01 -2.300077421e+01 +2.9746e+00 +2.0864e+00 +1.7637e+00 +2.9897e+00 +2.5284e-01
16683 +9.419680136e-02 +9.419680136e-02 -2.304580320e+01 -2.304580320e+01 +4.0531e+00 +2.4594e+00 +1.4799e+00 +4.1222e+00 +1.3552e-01
19201 +5.954595812e-02 +5.954595812e-02 -2.308045404e+01 -2.308045404e+01 +2.8375e+00 +2.2959e+00 +1.9178e+00 +2.9730e+00 -1.5138e-01
23719 +3.776812559e-02 +3.776812559e-02 -2.310223187e+01 -2.310223187e+01 +3.0738e+00 +2.4257e+00 +1.9552e+00 +1.8738e+00 +2.8731e-01
33251 +1.610678916e-02 +1.610678916e-02 -2.312389321e+01 -2.312389321e+01 +2.8312e+00 +2.7559e+00 +2.0650e+00 +2.1608e+00 -1.3338e-01
43939 +1.388365034e-02 +1.388365034e-02 -2.312611635e+01 -2.312611635e+01 +2.1076e+00 +2.5285e+00 +2.2821e+00 +8.7261e-01 -7.3832e-02
44519 +5.546119677e-03 +5.546119677e-03 -2.313445388e+01 -2.313445388e+01 +3.4202e+00 +2.6832e+00 +1.7945e+00 +2.7486e+00 -1.4114e-02
53941 +2.561171391e-03 +2.561171391e-03 -2.313743883e+01 -2.313743883e+01 +3.3522e+00 +2.7378e+00 +1.8401e+00 +2.4083e+00 +2.6484e-02
