% function evaluation | noise-free fitness - Fopt (-1.000000000000e+03) | best noise-free fitness - Fopt | measured fitness | best measured fitness | x1 | x2...
1 +8.265512021e+01 +8.265512021e+01 -9.173448798e+02 -9.173448798e+02 +1.0883e+00 +1.6526e+00 -4.4826e+00 +7.0530e-01 -2.5952e+00 -3.6575e+00 -2.2274e+00 -3.2939e+00 +1.7055e+00 +4.0387e+00
18 +4.375201158e+01 +4.375201158e+01 -9.562479884e+02 -9.562479884e+02 +4.3596e-01 -1.5109e-01 -2.3768e+00 -1.0465e+00 -5.6115e-01 +3.6380e+00 +9.2151e-01 +9.8580e-01 +2.2084e+00 +4.1203e+00
251 +3.891149897e+01 +3.891149897e+01 -9.610885010e+02 -9.610885010e+02 +5.6261e-01 -1.8309e-01 -2.4522e+00 -9.8654e-01 -4.4620e-01 +3.9039e+00 +1.0510e+00 +8.7152e-01 +2.2648e+00 +4.1358e+00
597 +2.479859680e+01 +2.479859680e+01 -9.752014032e+02 -9.752014032e+02 +1.5176e+00 -2.7182e-01 -2.9167e+00 -1.3982e+00 -7.8559e-01 +3.9222e+00 +1.7714e+00 +4.4235e-01 +2.3501e+00 +4.9063e+00
2013 +1.583153385e+01 +1.583153385e+01 -9.841684662e+02 -9.841684662e+02 +2.2312e+00 -1.1280e+00 -3.8128e+00 -2.5562e+00 -2.0116e-01 +4.8050e+00 +2.7365e+00 +6.6854e-01 +1.8486e+00 +4.5147e+00
% function evaluation | noise-free fitness - Fopt (1.000000000000e+03) | best noise-free fitness - Fopt | measured fitness | best measured fitness | x1 | x2...
1 +8.100727872e+01 +8.100727872e+01 +1.081007279e+03 +1.081007279e+03 -3.1383e+00 -4.0494e+00 +4.9457e+00 +1.6169e+00 -1.1793e+00 -4.3608e+00 -3.0338e+00 +8.4837e-01 +4.8664e+00 +1.1022e-01
58 +4.177337003e+01 +4.177337003e+01 +1.041773370e+03 +1.041773370e+03 -1.3324e+00 +2.7116e+00 -3.6260e+00 -2.2356e+00 +2.4582e+00 +2.7410e+00 +2.5844e+00 -4.1163e-01 -1.2762e+00 -9.9960e-01
122 +2.882730461e+01 +2.882730461e+01 +1.028827305e+03 +1.028827305e+03 -2.4707e+00 +2.8769e+00 -3.4594e+00 -2.0405e+00 +2.1721e+00 +3.1805e+00 +2.7144e+00 -5.7804e-01 -2.9440e+00 -3.0021e+00
308 +2.219016226e+01 +2.219016226e+01 +1.022190162e+03 +1.022190162e+03 -2.9447e+00 +2.6641e+00 -4.9046e+00 -2.8674e+00 +1.9458e+00 +3.0674e+00 +2.9250e+00 +9.0204e-02 -2.6239e+00 -3.3202e+00
331 +8.007259082e+00 +8.007259082e+00 +1.008007259e+03 +1.008007259e+03 -2.8099e+00 +2.7877e+00 -5.0000e+00 -2.3131e+00 +4.8678e-02 +2.4198e+00 +2.5797e+00 -4.8527e-01 -2.8898e+00 -2.3354e+00
1012 +5.608241071e+00 +5.608241071e+00 +1.005608241e+03 +1.005608241e+03 -2.6243e+00 +2.4182e+00 -4.9431e+00 -2.0032e+00 -6.5427e-03 +1.6842e+00 +2.1167e+00 -2.4993e-01 -2.7749e+00 -2.3530e+00
1436 +3.848854368e+00 +3.848854368e+00 +1.003848854e+03 +1.003848854e+03 -2.8238e+00 +2.6604e+00 -4.7372e+00 -2.0825e+00 -4.1712e-01 +1.3466e+00 +2.1299e+00 -2.8773e-02 -2.8761e+00 -2.5668e+00
1807 +2.400286481e+00 +2.400286481e+00 +1.002400286e+03 +1.002400286e+03 -2.5137e+00 +2.9331e+00 -4.7122e+00 -1.9574e+00 -5.2317e-01 +1.0715e+00 +1.9417e+00 +1.5209e-02 -2.9793e+00 -2.4923e+00
% function evaluation | noise-free fitness - Fopt (-4.913000000000e+01) | best noise-free fitness - Fopt | measured fitness | best measured fitness | x1 | x2...
1 +8.192483488e+01 +8.192483488e+01 +3.279483488e+01 +3.279483488e+01 -3.1863e+00 -5.7905e-01 -1.0011e-01 +2.9212e+00 +2.7196e+00 +7.7584e-01 -3.1774e+00 -8.6842e-02 -1.6785e-01 +4.6955e+00
93 +6.085698921e+01 +6.085698921e+01 +1.172698921e+01 +1.172698921e+01 -3.6795e+00 +3.3040e+00 +1.0890e+00 -2.2843e+00 +5.2558e-01 -3.5349e-02 +1.0471e+00 +2.1846e+00 +2.6196e+00 +3.8132e+00
603 +3.968304075e+01 +3.968304075e+01 -9.446959251e+00 -9.446959251e+00 -4.9507e+00 +3.1420e+00 +1.4739e+00 -1.6890e+00 +1.7708e+00 -1.4804e+00 +2.0103e+00 +4.4751e+00 +3.6382e+00 +1.7008e+00
1227 +2.455954883e+01 +2.455954883e+01 -2.457045117e+01 -2.457045117e+01 -4.4614e+00 +3.1204e+00 +1.8917e+00 -1.9471e+00 +1.6859e+00 -1.7327e+00 +1.8403e+00 +3.8908e+00 +3.8575e+00 +1.3744e+00
4104 +1.577967428e+01 +1.577967428e+01 -3.335032572e+01 -3.335032572e+01 -3.1030e+00 +3.9266e+00 +2.3157e+00 -2.2534e+00 +2.0282e+00 -1.2530e+00 +4.8486e-01 +3.8768e+00 +3.8823e+00 +7.0259e-01
% function evaluation | noise-free fitness - Fopt (2.977300000000e+02) | best noise-free fitness - Fopt | measured fitness | best measured fitness | x1 | x2...
1 +8.425849263e+01 +8.425849263e+01 +3.819884926e+02 +3.819884926e+02 +2.9034e+00 -1.6958e+00 +4.5379e+00 +8.8857e-01 -6.8001e-01 +2.0715e+00 -4.6297e+00 -3.2069e+00 +2.5681e+00 -3.8640e+00
237 +5.951445545e+01 +5.951445545e+01 +3.572444555e+02 +3.572444555e+02 +1.8087e+00 +2.0423e+00 -2.4896e+00 +5.0000e+00 -2.0068e+00 -5.0000e+00 +2.5997e+00 +3.3616e-01 -3.6881e-01 +3.2414e+00
400 +3.722826359e+01 +3.722826359e+01 +3.349582636e+02 +3.349582636e+02 +7.9786e-01 +1.6478e+00 -3.7038e+00 +3.2013e+00 -2.2373e-01 -5.0000e+00 +3.1649e-01 +1.7366e+00 -1.8305e+00 +2.4325e+00
550 +2.320285896e+01 +2.320285896e+01 +3.209328590e+02 +3.209328590e+02 +3.4025e+00 +9.2108e-01 -2.2628e+00 +2.0809e+00 -1.2355e+00 -5.0000e+00 +3.6963e-01 +2.8356e+00 -1.4588e+00 +5.8480e-01
731 +1.169038525e+01 +1.169038525e+01 +3.094203853e+02 +3.094203853e+02 +2.1224e+00 -9.2523e-02 -2.0825e+00 +2.8537e+00 -6.3805e-03 -4.3199e+00 +1.5516e+00 +2.8496e+00 -6.2822e-01 +1.2127e+00
1033 +9.631660270e+00 +9.631660270e+00 +3.073616603e+02 +3.073616603e+02 +2.2967e+00 -4.5153e-01 -2.9141e+00 +2.7676e+00 -1.3445e+00 -4.4559e+00 +1.5354e+00 +3.6442e+00 -2.9755e-01 +1.4485e+00
1841 +6.232764243e+00 +6.232764243e+00 +3.039627642e+02 +3.039627642e+02 +2.0093e+00 -2.1557e-01 -2.1907e+00 +3.1193e+00 -9.4744e-01 -4.4000e+00 +9.5919e-01 +3.7081e+00 -7.8628e-01 +1.4244e+00
% function evaluation | noise-free fitness - Fopt (5.157000000000e+01) | best noise-free fitness - Fopt | measured fitness | best measured fitness | x1 | x2...
1 +7.373098257e+01 +7.373098257e+01 +1.253009826e+02 +1.253009826e+02 -2.5382e+00 +2.2231e+00 +1.2348e+00 +1.9049e+00 -3.0062e+00 -2.8463e+00 +1.5709e+00 +3.0677e+00 -4.0914e+00 -1.3874e+00
179 +5.347809646e+01 +5.347809646e+01 +1.050480965e+02 +1.050480965e+02 -2.7447e+00 -2.9626e+00 -3.9635e+00 -5.2110e-01 -2.5253e+00 -2.1621e+00 +5.0000e+00 +1.4746e+00 -3.8990e+00 -3.9554e-01
320 +3.016230350e+01 +3.016230350e+01 +8.173230350e+01 +8.173230350e+01 -9.4097e-01 -3.0536e+00 -4.0465e+00 -4.5314e-01 -1.4437e+00 -2.0974e+00 +3.0595e+00 +3.7872e-01 -3.4077e+00 -1.4127e+00
510 +2.479060824e+01 +2.479060824e+01 +7.636060824e+01 +7.636060824e+01 -6.2486e-01 -2.1908e+00 -5.0000e+00 -1.0492e+00 -1.2154e+00 -1.3021e+00 +3.5313e+00 -7.1126e-01 -2.7292e+00 -8.5073e-01
712 +1.500173254e+01 +1.500173254e+01 +6.657173254e+01 +6.657173254e+01 -1.9708e+00 -7.6960e-01 -4.2898e+00 -1.0800e+00 -3.0256e+00 -1.9718e+00 +4.9623e+00 +1.2511e+00 -3.0223e+00 -1.5093e+00
970 +9.804304303e+00 +9.804304303e+00 +6.137430430e+01 +6.137430430e+01 -2.0718e+00 +5.2761e-01 -4.6452e+00 -8.8881e-01 -2.8050e+00 -2.2463e+00 +4.8870e+00 +7.6081e-01 -1.7242e+00 -1.4473e+00
1263 +6.225159188e+00 +6.225159188e+00 +5.779515919e+01 +5.779515919e+01 -1.8662e+00 +1.7133e-01 -4.2115e+00 -8.4769e-01 -2.1104e+00 -2.2078e+00 +3.5012e+00 +3.2210e-01 -2.8010e+00 -1.8866e+00
% function evaluation | noise-free fitness - Fopt (3.943000000000e+01) | best noise-free fitness - Fopt | measured fitness | best measured fitness | x1 | x2...
1 +8.629793133e+01 +8.629793133e+01 +1.257279313e+02 +1.257279313e+02 +3.4681e-01 -4.2038e+00 +2.7794e+00 +2.6630e+00 -1.4593e+00 -2.0513e+00 +2.4500e+00 +3.8623e+00 -3.8585e+00 -4.1155e+00
343 +6.264913196e+01 +6.264913196e+01 +1.020791320e+02 +1.020791320e+02 -1.1895e+00 +2.5728e+00 -3.8200e+00 +2.9402e+00 -4.8134e+00 -5.2426e-01 +1.5374e+00 -1.8576e+00 -1.1118e+00 -2.7613e+00
707 +3.945083248e+01 +3.945083248e+01 +7.888083248e+01 +7.888083248e+01 -1.7484e+00 +2.4944e+00 -2.1878e+00 +4.8353e+00 -5.0000e+00 -2.1129e+00 +1.3955e-01 -1.1323e+00 -9.2377e-01 -1.6876e+00
1700 +2.385444439e+01 +2.385444439e+01 +6.328444439e+01 +6.328444439e+01 -1.9109e+00 +2.4915e+00 -1.1671e+00 +4.6381e+00 -4.6224e+00 +1.8337e-01 -4.2538e-01 -2.0533e-01 -1.5087e+00 -2.6723e+00
4313 +1.538788047e+01 +1.538788047e+01 +5.481788047e+01 +5.481788047e+01 -1.3825e+00 +3.4510e+00 -6.6267e-01 +4.6691e+00 -2.9887e+00 +5.0998e-01 -1.9827e-01 +6.3307e-01 -1.1071e+00 -3.2563e+00
% function evaluation | noise-free fitness - Fopt (1.322900000000e+02) | best noise-free fitness - Fopt | measured fitness | best measured fitness | x1 | x2...
1 +8.608492205e+01 +8.608492205e+01 +2.183749220e+02 +2.183749220e+02 -1.0424e+00 +4.5586e+00 +1.6933e-01 -4.3474e+00 -3.0690e+00 -2.1891e+00 +2.3095e+00 -3.0789e+00 -4.4318e+00 -7.9509e-01
247 +6.120047654e+01 +6.120047654e+01 +1.934904765e+02 +1.934904765e+02 -3.7545e-01 -3.0784e+00 +2.3545e+00 -1.9661e+00 +3.9590e+00 +3.4087e-01 +2.3536e+00 -1.3031e+00 -3.8118e+00 -1.0571e+00
362 +3.536392177e+01 +3.536392177e+01 +1.676539218e+02 +1.676539218e+02 -7.2612e-01 -3.3629e+00 +2.3844e+00 -2.1954e+00 +4.3679e+00 +2.4949e+00 +3.2251e+00 -1.8003e+00 -3.5740e+00 -6.0096e-01
531 +2.001935365e+01 +2.001935365e+01 +1.523093536e+02 +1.523093536e+02 -6.4097e-01 -3.7538e+00 +4.3062e+00 -3.0934e+00 +3.4484e+00 +3.0231e+00 +4.6649e+00 -7.1382e-01 -4.3733e+00 -1.1875e+00
1157 +1.580938566e+01 +1.580938566e+01 +1.480993857e+02 +1.480993857e+02 -9.0886e-01 -3.8427e+00 +3.9857e+00 -3.4637e+00 +3.4961e+00 +2.9479e+00 +4.4121e+00 -5.9258e-01 -3.9638e+00 -9.6824e-01
2127 +9.794950260e+00 +9.794950260e+00 +1.420849503e+02 +1.420849503e+02 -8.5732e-01 -3.9396e+00 +3.8107e+00 -3.8207e+00 +3.3729e+00 +3.4360e+00 +3.9779e+00 -8.5479e-01 -2.9228e+00 -1.3007e+00
4464 +6.290069714e+00 +6.290069714e+00 +1.385800697e+02 +1.385800697e+02 -1.4487e+00 -3.1194e+00 +3.3501e+00 -4.4212e+00 +3.2846e+00 +3.0611e+00 +3.6365e+00 -6.3789e-01 -1.9765e+00 -8.0469e-01
6338 +3.980586382e+00 +3.980586382e+00 +1.362705864e+02 +1.362705864e+02 -1.8023e+00 -2.5165e+00 +3.1240e+00 -4.5384e+00 +3.7578e+00 +3.0334e+00 +3.4286e+00 -2.8383e-01 -1.4097e+00 -3.0801e-01
7772 +2.450324146e+00 +2.450324146e+00 +1.347403241e+02 +1.347403241e+02 -2.2880e+00 -1.9005e+00 +3.1788e+00 -4.5078e+00 +3.7053e+00 +3.1300e+00 +3.4005e+00 +6.6548e-02 -1.1639e+00 +5.9435e-01
% function evaluation | noise-free fitness - Fopt (-4.871000000000e+01) | best noise-free fitness - Fopt | measured fitness | best measured fitness | x1 | x2...
1 +8.396082806e+01 +8.396082806e+01 +3.525082806e+01 +3.525082806e+01 -4.4421e+00 -1.9962e+00 +9.3722e-01 +1.8446e+00 -2.7647e+00 -2.9668e+00 -1.5493e+00 +1.9636e+00 -2.4386e+00 +1.9380e+00
3 +4.161573693e+01 +4.161573693e+01 -7.094263073e+00 -7.094263073e+00 -8.2971e-01 -2.0707e+00 -2.1191e+00 +1.5672e+00 +4.5232e+00 -6.4644e-01 -1.6553e+00 +4.8428e+00 -8.2626e-01 +8.3125e-01
280 +3.887142389e+01 +3.887142389e+01 -9.838576110e+00 -9.838576110e+00 -8.4335e-01 -2.0751e+00 -2.2893e+00 +1.3717e+00 +4.5221e+00 -1.0564e+00 -1.6319e+00 +4.9013e+00 -8.0137e-01 +7.8630e-01
639 +1.375126212e+01 +1.375126212e+01 -3.495873788e+01 -3.495873788e+01 -1.4603e+00 -2.6169e+00 -1.0677e+00 +3.8431e-01 +5.0000e+00 -2.4070e+00 -3.5872e+00 +2.6111e+00 -3.0993e-01 +2.0463e+00
743 +8.875408170e+00 +8.875408170e+00 -3.983459183e+01 -3.983459183e+01 -1.2462e+00 -2.4218e+00 -6.3045e-01 +7.0749e-01 +3.7686e+00 -2.8348e+00 -3.6380e+00 +1.8514e+00 +5.5329e-01 +8.8886e-01
912 +4.069679037e+00 +4.069679037e+00 -4.464032096e+01 -4.464032096e+01 -1.3847e+00 -1.7281e+00 -1.6869e-01 +8.3737e-01 +3.9366e+00 -3.3863e+00 -4.1113e+00 +2.6743e+00 +5.2750e-02 +2.0963e+00
935 +3.793021666e+00 +3.793021666e+00 -4.491697833e+01 -4.491697833e+01 -1.4737e+00 -1.7059e+00 -5.2082e-02 +8.6408e-01 +4.1240e+00 -3.3099e+00 -4.0717e+00 +2.7119e+00 +4.6612e-02 +2.1590e+00
1475 +2.458078161e+00 +2.458078161e+00 -4.625192184e+01 -4.625192184e+01 -1.6101e+00 -1.6223e+00 -5.0456e-02 +9.3289e-01 +4.2390e+00 -3.3844e+00 -3.7469e+00 +2.1720e+00 +3.3469e-01 +1.6857e+00
% function evaluation | noise-free fitness - Fopt (-2.833000000000e+01) | best noise-free fitness - Fopt | measured fitness | best measured fitness | x1 | x2...
1 +8.523548290e+01 +8.523548290e+01 +5.690548290e+01 +5.690548290e+01 +4.8212e-01 +2.5794e+00 -2.0931e+00 +1.3096e+00 -4.0585e+00 -2.1198e+00 -4.4670e-01 +3.8017e+00 +3.4048e+00 -1.7979e+00
47 +3.907126186e+01 +3.907126186e+01 +1.074126186e+01 +1.074126186e+01 -1.7008e+00 +5.4916e-01 -2.8471e+00 -2.5418e+00 -2.7079e+00 +8.0200e-01 +2.1675e+00 +3.8251e+00 -4.1095e-01 +1.2069e+00
571 +2.477321240e+01 +2.477321240e+01 -3.556787598e+00 -3.556787598e+00 -2.9823e+00 +3.7313e-01 -3.0225e+00 -3.1002e+00 -2.6008e+00 +4.2137e-01 +3.4333e+00 +4.3846e+00 +8.7254e-02 +7.7147e-01
1245 +1.582414354e+01 +1.582414354e+01 -1.250585646e+01 -1.250585646e+01 -3.3808e+00 -1.2155e-01 -3.6052e+00 -3.5663e+00 -2.8518e+00 +8.0920e-01 +2.9943e+00 +3.6624e+00 -2.2860e-01 +8.9223e-01
1923 +9.755310192e+00 +9.755310192e+00 -1.857468981e+01 -1.857468981e+01 -4.0866e+00 -1.9218e-01 -3.2767e+00 -4.0667e+00 -3.2300e+00 +3.5973e-01 +3.4831e+00 +3.4359e+00 -6.3694e-01 +1.1992e+00
% function evaluation | noise-free fitness - Fopt (-1.516100000000e+02) | best noise-free fitness - Fopt | measured fitness | best measured fitness | x1 | x2...
1 +8.627237307e+01 +8.627237307e+01 -6.533762693e+01 -6.533762693e+01 +3.6324e-01 +2.2078e+00 +3.7544e+00 -6.3974e-01 +4.4604e+00 -4.1263e+00 +1.8427e+00 +4.6672e+00 +4.6140e-01 +1.0057e+00
209 +5.592880473e+01 +5.592880473e+01 -9.568119527e+01 -9.568119527e+01 -2.6473e+00 -5.4600e-01 -1.6932e+00 +3.2138e+00 -4.2683e+00 -4.3894e+00 +1.4044e+00 +3.8293e+00 +2.9539e+00 -3.6117e+00
1456 +3.448013219e+01 +3.448013219e+01 -1.171298678e+02 -1.171298678e+02 -1.9314e+00 +5.1726e-01 -1.4631e+00 +1.3568e+00 -2.2085e+00 -3.2825e+00 -1.7034e-01 +3.0006e+00 +3.7492e+00 -3.3018e+00
1703 +2.110134780e+01 +2.110134780e+01 -1.305086522e+02 -1.305086522e+02 -1.6261e+00 +6.6537e-01 -1.3224e+00 +1.1757e+00 -2.1010e+00 -3.1571e+00 -2.7884e-01 +3.2105e+00 +3.6548e+00 -3.3097e+00
1809 +1.359222573e+01 +1.359222573e+01 -1.380177743e+02 -1.380177743e+02 -1.4097e+00 +1.1177e+00 -5.5907e-01 +1.0260e+00 -3.0916e+00 -2.4190e+00 -1.1915e+00 +4.2417e+00 +3.6808e+00 -3.5039e+00
1985 +9.447142296e+00 +9.447142296e+00 -1.421628577e+02 -1.421628577e+02 -1.5179e+00 +1.0240e+00 -3.4966e-01 +8.8096e-01 -3.2136e+00 -2.2953e+00 -1.1378e+00 +4.2227e+00 +3.6945e+00 -3.3617e+00
2598 +6.246166711e+00 +6.246166711e+00 -1.453638333e+02 -1.453638333e+02 -1.5245e+00 +1.1033e+00 -4.2963e-02 +1.0410e+00 -3.1036e+00 -2.6328e+00 -1.1776e+00 +4.2364e+00 +3.6626e+00 -3.0288e+00
2869 +3.652534943e+00 +3.652534943e+00 -1.479574651e+02 -1.479574651e+02 -1.5864e+00 +9.5239e-01 +2.7334e-01 +1.2365e+00 -3.0383e+00 -2.6300e+00 -1.1447e+00 +4.1477e+00 +3.4409e+00 -3.0992e+00
3235 +2.348359845e+00 +2.348359845e+00 -1.492616402e+02 -1.492616402e+02 -1.6453e+00 +9.3815e-01 +4.3910e-01 +1.4311e+00 -2.8326e+00 -2.9102e+00 -1.1025e+00 +4.1380e+00 +3.1762e+00 -3.0917e+00
4223 +1.516129166e+00 +1.516129166e+00 -1.500938708e+02 -1.500938708e+02 -1.8458e+00 +9.3750e-01 +1.0046e+00 +1.5299e+00 -2.3403e+00 -2.9001e+00 -1.3213e+00 +3.8076e+00 +2.7663e+00 -3.0309e+00
4854 +9.679090275e-01 +9.679090275e-01 -1.506420910e+02 -1.506420910e+02 -1.8765e+00 +9.7744e-01 +1.3174e+00 +1.4614e+00 -2.4114e+00 -2.8431e+00 -1.4313e+00 +3.7664e+00 +2.7843e+00 -2.9451e+00
6216 +6.237737781e-01 +6.237737781e-01 -1.509862262e+02 -1.509862262e+02 -2.0797e+00 +9.2244e-01 +1.3916e+00 +1.4076e+00 -2.3321e+00 -2.6938e+00 -1.5307e+00 +3.7243e+00 +2.6867e+00 -3.1158e+00
7365 +3.223022037e-01 +3.223022037e-01 -1.512876978e+02 -1.512876978e+02 -2.4689e+00 +9.2636e-01 +2.0864e+00 +1.3641e+00 -1.7394e+00 -2.3729e+00 -1.7995e+00 +3.6883e+00 +2.2434e+00 -3.2424e+00
7733 +2.507076596e-01 +2.507076596e-01 -1.513592923e+02 -1.513592923e+02 -2.5598e+00 +8.9871e-01 +2.2006e+00 +1.4230e+00 -1.7610e+00 -2.4176e+00 -1.7271e+00 +3.6938e+00 +2.2248e+00 -3.2212e+00
8378 +1.544818713e-01 +1.544818713e-01 -1.514555181e+02 -1.514555181e+02 -2.6355e+00 +9.5734e-01 +2.2105e+00 +1.3581e+00 -1.7131e+00 -2.3723e+00 -1.8793e+00 +3.4675e+00 +2.1456e+00 -3.3159e+00
10292 +9.997860943e-02 +9.997860943e-02 -1.515100214e+02 -1.515100214e+02 -2.6625e+00 +1.1273e+00 +2.4854e+00 +1.4159e+00 -1.5734e+00 -2.3721e+00 -1.8730e+00 +3.4657e+00 +1.9086e+00 -3.3457e+00
11302 +6.204422958e-02 +6.204422958e-02 -1.515479558e+02 -1.515479558e+02 -2.7787e+00 +1.2551e+00 +2.7778e+00 +1.2942e+00 -1.6535e+00 -2.3360e+00 -2.1296e+00 +3.2740e+00 +1.6944e+00 -3.4713e+00
11841 +3.965871918e-02 +3.965871918e-02 -1.515703413e+02 -1.515703413e+02 -2.7835e+00 +1.4527e+00 +2.9023e+00 +1.3435e+00 -1.6206e+00 -2.3751e+00 -2.1752e+00 +3.1402e+00 +1.6327e+00 -3.4559e+00
13266 +2.475969353e-02 +2.475969353e-02 -1.515852403e+02 -1.515852403e+02 -2.8387e+00 +1.3623e+00 +2.9715e+00 +1.3012e+00 -1.4361e+00 -2.3170e+00 -2.1587e+00 +3.1671e+00 +1.6250e+00 -3.4930e+00
15195 +1.496314262e-02 +1.496314262e-02 -1.515950369e+02 -1.515950369e+02 -2.9159e+00 +1.4807e+00 +3.0642e+00 +1.1591e+00 -1.4795e+00 -2.2728e+00 -2.4031e+00 +3.0206e+00 +1.4916e+00 -3.6186e+00
16196 +9.876569600e-03 +9.876569600e-03 -1.516001234e+02 -1.516001234e+02 -2.9902e+00 +1.5122e+00 +3.1219e+00 +1.1127e+00 -1.4115e+00 -2.1584e+00 -2.4843e+00 +2.9206e+00 +1.4617e+00 -3.6060e+00
17119 +5.875694653e-03 +5.875694653e-03 -1.516041243e+02 -1.516041243e+02 -3.0159e+00 +1.4951e+00 +3.1869e+00 +1.1164e+00 -1.3897e+00 -2.1336e+00 -2.5176e+00 +2.8738e+00 +1.4555e+00 -3.6000e+00
18075 +3.878668926e-03 +3.878668926e-03 -1.516061213e+02 -1.516061213e+02 -3.0538e+00 +1.4647e+00 +3.2485e+00 +1.1197e+00 -1.3345e+00 -2.1319e+00 -2.5218e+00 +2.8445e+00 +1.4310e+00 -3.6311e+00
20705 +2.439978551e-03 +2.439978551e-03 -1.516075600e+02 -1.516075600e+02 -3.1063e+00 +1.4799e+00 +3.4059e+00 +1.0792e+00 -1.2193e+00 -2.0892e+00 -2.5735e+00 +2.7448e+00 +1.3792e+00 -3.6771e+00
21446 +1.573946167e-03 +1.573946167e-03 -1.516084261e+02 -1.516084261e+02 -3.1324e+00 +1.5017e+00 +3.4012e+00 +1.0426e+00 -1.2302e+00 -2.0709e+00 -2.6252e+00 +2.7047e+00 +1.3739e+00 -3.7002e+00
23109 +9.712298532e-04 +9.712298532e-04 -1.516090288e+02 -1.516090288e+02 -3.1229e+00 +1.5160e+00 +3.4848e+00 +1.0011e+00 -1.1951e+00 -2.0654e+00 -2.6674e+00 +2.6333e+00 +1.3878e+00 -3.7207e+00
25259 +6.251123095e-04 +6.251123095e-04 -1.516093749e+02 -1.516093749e+02 -3.1875e+00 +1.5111e+00 +3.5713e+00 +9.7967e-01 -1.1539e+00 -1.9986e+00 -2.7272e+00 +2.5739e+00 +1.3422e+00 -3.7616e+00
27004 +3.964358594e-04 +3.964358594e-04 -1.516096036e+02 -1.516096036e+02 -3.2194e+00 +1.5207e+00 +3.5547e+00 +9.5428e-01 -1.1404e+00 -1.9958e+00 -2.7523e+00 +2.5487e+00 +1.3163e+00 -3.7687e+00
28819 +2.435645158e-04 +2.435645158e-04 -1.516097564e+02 -1.516097564e+02 -3.2456e+00 +1.5275e+00 +3.6093e+00 +9.3560e-01 -1.0974e+00 -1.9445e+00 -2.7822e+00 +2.5040e+00 +1.3057e+00 -3.7629e+00
30244 +1.537667513e-04 +1.537667513e-04 -1.516098462e+02 -1.516098462e+02 -3.2652e+00 +1.5082e+00 +3.6046e+00 +8.7858e-01 -1.0599e+00 -1.9119e+00 -2.8068e+00 +2.4439e+00 +1.3502e+00 -3.7797e+00
32313 +9.514482250e-05 +9.514482250e-05 -1.516099049e+02 -1.516099049e+02 -3.2708e+00 +1.4957e+00 +3.6341e+00 +8.5707e-01 -1.0598e+00 -1.9064e+00 -2.8499e+00 +2.3939e+00 +1.3362e+00 -3.8089e+00
33682 +6.305946044e-05 +6.305946044e-05 -1.516099369e+02 -1.516099369e+02 -3.2823e+00 +1.5228e+00 +3.6685e+00 +8.1831e-01 -1.0748e+00 -1.9013e+00 -2.9021e+00 +2.3569e+00 +1.3376e+00 -3.8425e+00
33980 +3.886489807e-05 +3.886489807e-05 -1.516099611e+02 -1.516099611e+02 -3.2884e+00 +1.5245e+00 +3.6664e+00 +8.1523e-01 -1.0733e+00 -1.8827e+00 -2.9043e+00 +2.3393e+00 +1.3428e+00 -3.8331e+00
36809 +2.256914627e-05 +2.256914627e-05 -1.516099774e+02 -1.516099774e+02 -3.3159e+00 +1.5351e+00 +3.7311e+00 +7.9959e-01 -1.0801e+00 -1.8542e+00 -2.9466e+00 +2.3379e+00 +1.3103e+00 -3.8553e+00
37647 +1.467282615e-05 +1.467282615e-05 -1.516099853e+02 -1.516099853e+02 -3.3221e+00 +1.5320e+00 +3.7492e+00 +8.0147e-01 -1.0629e+00 -1.8608e+00 -2.9517e+00 +2.3063e+00 +1.3034e+00 -3.8613e+00
38463 +9.996093411e-06 +9.996093411e-06 -1.516099900e+02 -1.516099900e+02 -3.3230e+00 +1.5297e+00 +3.7433e+00 +7.9221e-01 -1.0666e+00 -1.8566e+00 -2.9600e+00 +2.3031e+00 +1.3084e+00 -3.8649e+00
40917 +6.197082200e-06 +6.197082200e-06 -1.516099938e+02 -1.516099938e+02 -3.3555e+00 +1.5301e+00 +3.7564e+00 +7.7152e-01 -1.0695e+00 -1.8261e+00 -3.0057e+00 +2.2725e+00 +1.2882e+00 -3.8736e+00
42006 +3.802881309e-06 +3.802881309e-06 -1.516099962e+02 -1.516099962e+02 -3.3510e+00 +1.5160e+00 +3.7684e+00 +7.5770e-01 -1.0717e+00 -1.8185e+00 -3.0152e+00 +2.2574e+00 +1.3085e+00 -3.8837e+00
42473 +1.790084298e-06 +1.790084298e-06 -1.516099982e+02 -1.516099982e+02 -3.3605e+00 +1.5117e+00 +3.7821e+00 +7.4419e-01 -1.0497e+00 -1.7997e+00 -3.0238e+00 +2.2455e+00 +1.3133e+00 -3.8910e+00
43496 +1.520416930e-06 +1.520416930e-06 -1.516099985e+02 -1.516099985e+02 -3.3674e+00 +1.5125e+00 +3.7907e+00 +7.3670e-01 -1.0604e+00 -1.7932e+00 -3.0290e+00 +2.2440e+00 +1.3209e+00 -3.8959e+00
51755 +9.985310498e-07 +9.985310498e-07 -1.516099990e+02 -1.516099990e+02 -3.3663e+00 +1.5106e+00 +3.7836e+00 +7.3125e-01 -1.0425e+00 -1.7917e+00 -3.0246e+00 +2.2345e+00 +1.3253e+00 -3.8974e+00
62788 +6.297752861e-07 +6.297752861e-07 -1.516099994e+02 -1.516099994e+02 -3.3702e+00 +1.5108e+00 +3.7888e+00 +7.2652e-01 -1.0368e+00 -1.7853e+00 -3.0287e+00 +2.2277e+00 +1.3256e+00 -3.9001e+00
77466 +3.970137357e-07 +3.970137357e-07 -1.516099996e+02 -1.516099996e+02 -3.3757e+00 +1.5102e+00 +3.7949e+00 +7.1971e-01 -1.0275e+00 -1.7781e+00 -3.0347e+00 +2.2175e+00 +1.3257e+00 -3.9031e+00
88679 +2.502222003e-07 +2.502222003e-07 -1.516099997e+02 -1.516099997e+02 -3.3793e+00 +1.5103e+00 +3.7999e+00 +7.1372e-01 -1.0209e+00 -1.7726e+00 -3.0394e+00 +2.2095e+00 +1.3267e+00 -3.9055e+00
95984 +1.582572793e-07 +1.582572793e-07 -1.516099998e+02 -1.516099998e+02 -3.3921e+00 +1.5040e+00 +3.7933e+00 +7.0106e-01 -1.0038e+00 -1.7548e+00 -3.0467e+00 +2.1939e+00 +1.3286e+00 -3.9070e+00
97195 +9.546170077e-08 +9.546170077e-08 -1.516099999e+02 -1.516099999e+02 -3.3942e+00 +1.5152e+00 +3.8067e+00 +6.9315e-01 -9.9254e-01 -1.7506e+00 -3.0494e+00 +2.1844e+00 +1.3275e+00 -3.9116e+00
98449 +6.235714523e-08 +6.235714523e-08 -1.516099999e+02 -1.516099999e+02 -3.3933e+00 +1.5142e+00 +3.8071e+00 +6.9369e-01 -9.9200e-01 -1.7497e+00 -3.0500e+00 +2.1843e+00 +1.3276e+00 -3.9115e+00
106076 +3.967718953e-08 +3.967718953e-08 -1.516100000e+02 -1.516100000e+02 -3.3940e+00 +1.5088e+00 +3.8119e+00 +6.9333e-01 -9.8917e-01 -1.7484e+00 -3.0521e+00 +2.1816e+00 +1.3307e+00 -3.9106e+00
110139 +2.489440476e-08 +2.489440476e-08 -1.516100000e+02 -1.516100000e+02 -3.3959e+00 +1.5063e+00 +3.8152e+00 +6.9233e-01 -9.8785e-01 -1.7461e+00 -3.0532e+00 +2.1805e+00 +1.3316e+00 -3.9118e+00
114179 +1.578652586e-08 +1.578652586e-08 -1.516100000e+02 -1.516100000e+02 -3.3968e+00 +1.5055e+00 +3.8174e+00 +6.9094e-01 -9.8628e-01 -1.7436e+00 -3.0539e+00 +2.1795e+00 +1.3332e+00 -3.9133e+00
126698 +9.964850278e-09 +9.964850278e-09 -1.516100000e+02 -1.516100000e+02 -3.4004e+00 +1.5022e+00 +3.8201e+00 +6.8600e-01 -9.8044e-01 -1.7372e+00 -3.0567e+00 +2.1742e+00 +1.3364e+00 -3.9153e+00
% function evaluation | noise-free fitness - Fopt (-1.069900000000e+02) | best noise-free fitness - Fopt | measured fitness | best measured fitness | x1 | x2...
1 +8.554224817e+01 +8.554224817e+01 -2.144775183e+01 -2.144775183e+01 +2.0229e-01 +3.5639e-01 -1.2663e+00 -3.6925e+00 +7.2318e-01 +1.5107e+00 +4.3876e+00 -2.8725e+00 +1.2103e+00 +4.2365e+00
37 +4.059018128e+01 +4.059018128e+01 -6.639981872e+01 -6.639981872e+01 +1.2738e+00 -3.3670e+00 +6.7529e-01 +2.4971e-01 +1.2306e+00 +1.0150e+00 -2.5287e+00 +2.5894e+00 +4.6597e+00 -2.4005e+00
126 +3.486937191e+01 +3.486937191e+01 -7.212062809e+01 -7.212062809e+01 +1.5054e+00 -3.3637e+00 +7.1545e-01 +2.8370e-01 +1.3063e+00 +9.5916e-01 -2.5960e+00 +2.6191e+00 +4.5170e+00 -2.4569e+00
283 +2.499346802e+01 +2.499346802e+01 -8.199653198e+01 -8.199653198e+01 +1.3871e+00 -5.0000e+00 +1.1800e+00 +8.0644e-01 +1.2427e+00 +1.2449e+00 -2.8376e+00 +4.1129e+00 +4.7043e+00 -1.8207e+00
410 +1.006167554e+01 +1.006167554e+01 -9.692832446e+01 -9.692832446e+01 +1.8466e+00 -4.1314e+00 +7.8899e-01 -1.4819e-01 +2.9664e-01 +6.0790e-01 -3.6982e+00 +4.0311e+00 +3.7052e+00 -2.1305e+00
477 +9.906259122e+00 +9.906259122e+00 -9.708374088e+01 -9.708374088e+01 +1.8706e+00 -4.1463e+00 +7.8358e-01 -1.6081e-01 +2.9369e-01 +6.0023e-01 -3.7076e+00 +4.0363e+00 +3.7010e+00 -2.1233e+00
879 +6.220873783e+00 +6.220873783e+00 -1.007691262e+02 -1.007691262e+02 +2.5930e+00 -4.2604e+00 +3.2066e-01 -1.0793e+00 +1.5405e+00 +3.4942e-01 -3.4077e+00 +3.9283e+00 +2.4710e+00 -7.7162e-01
1039 +3.250926086e+00 +3.250926086e+00 -1.037390739e+02 -1.037390739e+02 +2.8120e+00 -4.3888e+00 +1.1597e+00 -4.7775e-01 +1.5419e+00 +2.9334e-01 -3.2828e+00 +4.2690e+00 +3.3572e+00 -6.6545e-01
1240 +2.460133688e+00 +2.460133688e+00 -1.045298663e+02 -1.045298663e+02 +2.6820e+00 -4.4835e+00 +1.1688e+00 -3.2592e-01 +1.5092e+00 +1.5503e-01 -3.5147e+00 +4.1831e+00 +3.2890e+00 -9.1644e-01
% function evaluation | noise-free fitness - Fopt (1.000300000000e+02) | best noise-free fitness - Fopt | measured fitness | best measured fitness | x1 | x2...
1 +8.448020732e+01 +8.448020732e+01 +1.845102073e+02 +1.845102073e+02 +3.5908e+00 +1.6342e+00 +3.5276e+00 -2.1428e+00 -2.1501e+00 -1.5134e+00 +2.4316e-01 +3.8898e+00 -7.0573e-01 -9.4721e-01
74 +6.039245979e+01 +6.039245979e+01 +1.604224598e+02 +1.604224598e+02 -1.0094e+00 +1.5862e-01 +3.8243e+00 +4.2968e+00 +4.4046e+00 +1.0449e+00 +4.2982e+00 +1.2454e+00 +2.2666e+00 +2.2851e+00
347 +2.304100505e+01 +2.304100505e+01 +1.230710050e+02 +1.230710050e+02 -2.4559e+00 +6.6045e-01 +4.1649e+00 +4.0217e+00 +3.5088e+00 +7.6947e-01 +3.9161e+00 +1.8870e+00 +1.4349e+00 +3.8225e+00
420 +1.358681946e+01 +1.358681946e+01 +1.136168195e+02 +1.136168195e+02 -3.9340e+00 -7.9883e-01 +3.2572e+00 +3.7611e+00 +2.7546e+00 +1.0368e-01 +3.7715e+00 +3.0766e+00 +1.4776e+00 +2.4810e+00
653 +8.723340442e+00 +8.723340442e+00 +1.087533404e+02 +1.087533404e+02 -3.3242e+00 -4.0597e-01 +2.7063e+00 +4.5957e+00 +4.3465e+00 -2.8888e-01 +2.0756e+00 +2.7278e+00 +1.7637e+00 +2.9522e+00
910 +5.861502508e+00 +5.861502508e+00 +1.058915025e+02 +1.058915025e+02 -4.0305e+00 -9.6571e-01 +3.3615e+00 +4.2013e+00 +3.8721e+00 +9.3083e-01 +3.2669e+00 +3.0916e+00 +1.3328e+00 +3.1095e+00
931 +3.175442361e+00 +3.175442361e+00 +1.032054424e+02 +1.032054424e+02 -3.7773e+00 -6.8218e-01 +3.2404e+00 +4.3181e+00 +3.8756e+00 +9.8955e-01 +3.0033e+00 +3.0245e+00 +1.1085e+00 +2.9528e+00
1230 +2.378082730e+00 +2.378082730e+00 +1.024080827e+02 +1.024080827e+02 -3.7349e+00 -5.3433e-01 +3.3378e+00 +4.2662e+00 +3.8452e+00 +1.1096e+00 +2.6455e+00 +3.1883e+00 +1.2504e+00 +2.8577e+00
1844 +1.560684112e+00 +1.560684112e+00 +1.015906841e+02 +1.015906841e+02 -4.1669e+00 -8.5721e-01 +3.5034e+00 +4.5620e+00 +3.7667e+00 +8.5289e-01 +2.1555e+00 +2.5992e+00 +9.8645e-01 +3.4495e+00
2279 +8.742152557e-01 +8.742152557e-01 +1.009042153e+02 +1.009042153e+02 -4.0591e+00 -4.7694e-01 +3.4313e+00 +4.6332e+00 +3.4274e+00 +9.7087e-01 +2.1519e+00 +2.6325e+00 +8.3008e-01 +3.1241e+00
% function evaluation | noise-free fitness - Fopt (-2.788900000000e+02) | best noise-free fitness - Fopt | measured fitness | best measured fitness | x1 | x2...
1 +8.559887428e+01 +8.559887428e+01 -1.932911257e+02 -1.932911257e+02 +4.6497e+00 +3.4647e+00 +1.6629e+00 +2.7030e+00 -3.6065e+00 +4.7957e+00 +4.9787e+00 +9.9445e-01 +3.5789e+00 -2.9169e+00
408 +6.139747515e+01 +6.139747515e+01 -2.174925249e+02 -2.174925249e+02 -3.1868e+00 -1.5216e+00 +3.7286e+00 -3.8511e+00 +2.9090e+00 +1.9782e+00 -1.1205e+00 -4.9282e+00 +1.0916e+00 -2.8904e+00
897 +3.078792802e+01 +3.078792802e+01 -2.481020720e+02 -2.481020720e+02 -3.5505e+00 -5.5469e-01 +5.0000e+00 -2.7628e+00 +1.4455e+00 +1.9083e-01 +1.1475e+00 -5.0000e+00 +1.7758e+00 -2.9375e+00
1110 +2.075605474e+01 +2.075605474e+01 -2.581339453e+02 -2.581339453e+02 -3.3509e+00 -2.0845e+00 +5.0000e+00 -2.7071e+00 +3.0304e-01 -4.3016e-01 +4.2813e-02 -5.0000e+00 +1.8651e+00 -5.0000e+00
3049 +1.577837014e+01 +1.577837014e+01 -2.631116299e+02 -2.631116299e+02 -3.0414e+00 -1.5154e+00 +4.7421e+00 -2.1507e+00 -2.6113e-01 -1.2797e-01 +1.0560e+00 -4.7424e+00 +2.1661e+00 -4.5654e+00
% function evaluation | noise-free fitness - Fopt (5.142200000000e+02) | best noise-free fitness - Fopt | measured fitness | best measured fitness | x1 | x2...
1 +8.652308734e+01 +8.652308734e+01 +6.007430873e+02 +6.007430873e+02 +3.0210e+00 +4.8506e+00 +2.8634e+00 +3.5709e+00 -4.8452e-01 +3.5254e+00 +3.8283e+00 +2.2376e+00 -4.9410e+00 -1.9432e+00
232 +3.970854532e+01 +3.970854532e+01 +5.539285453e+02 +5.539285453e+02 -4.6625e-02 -8.3835e-01 -3.1240e+00 -3.5682e+00 +1.2338e+00 -3.2431e+00 -1.4753e+00 -9.3442e-01 +5.0000e+00 -2.0412e+00
484 +1.035345006e+01 +1.035345006e+01 +5.245734501e+02 +5.245734501e+02 +4.2303e-01 -1.9367e+00 -1.6377e+00 -4.9762e+00 -1.0488e-02 -4.5022e+00 -7.6791e-01 +3.1376e-01 +4.9576e+00 -8.8426e-01
676 +9.970054602e+00 +9.970054602e+00 +5.241900546e+02 +5.241900546e+02 +4.3661e-01 -1.9461e+00 -1.6487e+00 -4.9697e+00 -1.3577e-04 -4.4984e+00 -7.5567e-01 +2.7905e-01 +4.9641e+00 -9.0684e-01
788 +5.981900446e+00 +5.981900446e+00 +5.202019004e+02 +5.202019004e+02 +3.3658e-01 -1.9784e+00 -1.9278e+00 -4.9035e+00 +1.0006e-01 -4.5233e+00 -7.7701e-01 +2.3693e-01 +4.9443e+00 -1.0478e+00
876 +3.905918054e+00 +3.905918054e+00 +5.181259181e+02 +5.181259181e+02 +2.3507e-01 -1.9660e+00 -1.9082e+00 -4.9045e+00 +1.4124e-01 -4.5064e+00 -6.7135e-01 +2.6812e-01 +5.0000e+00 -1.1347e+00
960 +2.181782976e+00 +2.181782976e+00 +5.164017830e+02 +5.164017830e+02 +1.4957e-01 -2.0809e+00 -1.9449e+00 -4.7689e+00 +5.3891e-02 -4.5137e+00 -5.7594e-01 +7.6612e-02 +5.0000e+00 -1.1733e+00
2392 +1.580937337e+00 +1.580937337e+00 +5.158009373e+02 +5.158009373e+02 +2.8440e-01 -2.2527e+00 -1.9933e+00 -4.6412e+00 -1.4819e-01 -4.1719e+00 -4.5178e-01 +1.7688e-01 +4.6939e+00 -9.0630e-01
3368 +8.731742190e-01 +8.731742190e-01 +5.150931742e+02 +5.150931742e+02 +5.0513e-01 -2.4532e+00 -2.0573e+00 -4.6555e+00 -1.4741e-01 -3.9590e+00 -4.9394e-01 -2.6270e-01 +4.2214e+00 -1.1304e+00
3576 +6.129149180e-01 +6.129149180e-01 +5.148329149e+02 +5.148329149e+02 +5.8099e-01 -2.6197e+00 -2.0889e+00 -4.5901e+00 -3.4549e-01 -3.8934e+00 -4.1902e-01 -2.8231e-01 +4.1456e+00 -1.0842e+00
5655 +3.839966749e-01 +3.839966749e-01 +5.146039967e+02 +5.146039967e+02 +6.6118e-01 -2.6947e+00 -2.2951e+00 -4.5034e+00 -6.3971e-01 -3.4656e+00 -7.6352e-01 -6.7867e-01 +3.3573e+00 -1.2591e+00
7277 +2.250779343e-01 +2.250779343e-01 +5.144450779e+02 +5.144450779e+02 +7.2479e-01 -2.6594e+00 -2.3937e+00 -4.5716e+00 -9.2122e-01 -3.3323e+00 -9.2008e-01 -6.5957e-01 +3.3177e+00 -1.2300e+00
8130 +1.377022034e-01 +1.377022034e-01 +5.143577022e+02 +5.143577022e+02 +7.2551e-01 -2.6931e+00 -2.3763e+00 -4.4955e+00 -1.1960e+00 -3.1540e+00 -1.0212e+00 -5.3174e-01 +3.0286e+00 -1.2512e+00
11809 +9.966081902e-02 +9.966081902e-02 +5.143196608e+02 +5.143196608e+02 +7.5509e-01 -2.6782e+00 -2.5093e+00 -4.4824e+00 -1.4117e+00 -2.9627e+00 -1.2766e+00 -5.4710e-01 +2.8115e+00 -1.2326e+00
14259 +6.258698531e-02 +6.258698531e-02 +5.142825870e+02 +5.142825870e+02 +7.1221e-01 -2.7290e+00 -2.4962e+00 -4.4343e+00 -1.6564e+00 -2.9786e+00 -1.3818e+00 -5.2551e-01 +2.5420e+00 -1.3339e+00
17371 +3.950585105e-02 +3.950585105e-02 +5.142595059e+02 +5.142595059e+02 +7.9079e-01 -2.7456e+00 -2.5737e+00 -4.4062e+00 -1.8471e+00 -2.7809e+00 -1.5268e+00 -5.3868e-01 +2.3320e+00 -1.3423e+00
20053 +2.479723328e-02 +2.479723328e-02 +5.142447972e+02 +5.142447972e+02 +7.8754e-01 -2.6833e+00 -2.6042e+00 -4.2965e+00 -1.9438e+00 -2.6455e+00 -1.6884e+00 -4.5517e-01 +2.1903e+00 -1.3189e+00
22855 +1.500974345e-02 +1.500974345e-02 +5.142350097e+02 +5.142350097e+02 +7.9534e-01 -2.6482e+00 -2.6422e+00 -4.1794e+00 -2.2218e+00 -2.4950e+00 -1.9165e+00 -3.6141e-01 +1.9653e+00 -1.3584e+00
25526 +9.857799139e-03 +9.857799139e-03 +5.142298578e+02 +5.142298578e+02 +7.9540e-01 -2.6082e+00 -2.6035e+00 -4.0801e+00 -2.2403e+00 -2.4179e+00 -2.0120e+00 -1.8787e-01 +1.8697e+00 -1.2946e+00
27497 +6.120977887e-03 +6.120977887e-03 +5.142261210e+02 +5.142261210e+02 +8.2438e-01 -2.6050e+00 -2.6196e+00 -4.0556e+00 -2.3131e+00 -2.3437e+00 -2.0858e+00 -1.3407e-01 +1.7869e+00 -1.2829e+00
30916 +3.960576505e-03 +3.960576505e-03 +5.142239606e+02 +5.142239606e+02 +8.6395e-01 -2.5721e+00 -2.5741e+00 -4.0282e+00 -2.4216e+00 -2.2251e+00 -2.1583e+00 -4.7058e-02 +1.7789e+00 -1.2118e+00
34274 +2.353620662e-03 +2.353620662e-03 +5.142223536e+02 +5.142223536e+02 +7.5755e-01 -2.4742e+00 -2.5815e+00 -3.9126e+00 -2.5812e+00 -2.1564e+00 -2.3820e+00 +1.5158e-01 +1.6145e+00 -1.2268e+00
36313 +1.551243843e-03 +1.551243843e-03 +5.142215512e+02 +5.142215512e+02 +7.7045e-01 -2.4509e+00 -2.5799e+00 -3.8606e+00 -2.5713e+00 -2.1035e+00 -2.4153e+00 +1.6420e-01 +1.5942e+00 -1.1997e+00
37923 +9.917296244e-04 +9.917296244e-04 +5.142209917e+02 +5.142209917e+02 +7.8015e-01 -2.4278e+00 -2.5900e+00 -3.7920e+00 -2.5927e+00 -2.0827e+00 -2.4758e+00 +2.4333e-01 +1.5381e+00 -1.1968e+00
43543 +6.095130620e-04 +6.095130620e-04 +5.142206095e+02 +5.142206095e+02 +8.2257e-01 -2.4104e+00 -2.5480e+00 -3.7251e+00 -2.6850e+00 -1.9478e+00 -2.5651e+00 +3.2911e-01 +1.4441e+00 -1.1697e+00
46441 +3.880394514e-04 +3.880394514e-04 +5.142203880e+02 +5.142203880e+02 +8.2897e-01 -2.4173e+00 -2.5587e+00 -3.7164e+00 -2.7583e+00 -1.9295e+00 -2.6049e+00 +3.7489e-01 +1.3881e+00 -1.1596e+00
48846 +2.452928558e-04 +2.452928558e-04 +5.142202453e+02 +5.142202453e+02 +8.5694e-01 -2.3959e+00 -2.5616e+00 -3.6507e+00 -2.7748e+00 -1.8418e+00 -2.6748e+00 +3.9768e-01 +1.3285e+00 -1.1538e+00
53775 +1.584706293e-04 +1.584706293e-04 +5.142201585e+02 +5.142201585e+02 +8.4780e-01 -2.3603e+00 -2.5391e+00 -3.6477e+00 -2.8499e+00 -1.8043e+00 -2.7211e+00 +4.9019e-01 +1.3531e+00 -1.1097e+00
56098 +9.371621275e-05 +9.371621275e-05 +5.142200937e+02 +5.142200937e+02 +8.6527e-01 -2.3424e+00 -2.5461e+00 -3.5915e+00 -2.8786e+00 -1.7438e+00 -2.7789e+00 +5.2104e-01 +1.2891e+00 -1.0919e+00
57709 +6.161470264e-05 +6.161470264e-05 +5.142200616e+02 +5.142200616e+02 +8.5059e-01 -2.3262e+00 -2.5235e+00 -3.5420e+00 -2.8755e+00 -1.7489e+00 -2.8083e+00 +5.8413e-01 +1.2729e+00 -1.0995e+00
64165 +3.978526013e-05 +3.978526013e-05 +5.142200398e+02 +5.142200398e+02 +8.5029e-01 -2.2999e+00 -2.5175e+00 -3.5302e+00 -2.8763e+00 -1.7195e+00 -2.8316e+00 +6.0581e-01 +1.2904e+00 -1.0785e+00
75948 +2.497085416e-05 +2.497085416e-05 +5.142200250e+02 +5.142200250e+02 +8.5952e-01 -2.2865e+00 -2.5070e+00 -3.5042e+00 -2.9179e+00 -1.6793e+00 -2.8671e+00 +6.7010e-01 +1.2633e+00 -1.0507e+00
79226 +1.583172138e-05 +1.583172138e-05 +5.142200158e+02 +5.142200158e+02 +8.8164e-01 -2.2765e+00 -2.5017e+00 -3.4822e+00 -2.9419e+00 -1.6472e+00 -2.8994e+00 +6.9787e-01 +1.2456e+00 -1.0487e+00
81706 +9.934322065e-06 +9.934322065e-06 +5.142200099e+02 +5.142200099e+02 +8.7489e-01 -2.2725e+00 -2.4883e+00 -3.4794e+00 -2.9521e+00 -1.6407e+00 -2.9031e+00 +7.1282e-01 +1.2494e+00 -1.0337e+00
109277 +6.302529187e-06 +6.302529187e-06 +5.142200063e+02 +5.142200063e+02 +9.0699e-01 -2.2673e+00 -2.4824e+00 -3.4564e+00 -2.9757e+00 -1.5904e+00 -2.9286e+00 +7.4599e-01 +1.2389e+00 -1.0110e+00
111147 +3.606653991e-06 +3.606653991e-06 +5.142200036e+02 +5.142200036e+02 +9.1473e-01 -2.2566e+00 -2.4709e+00 -3.4406e+00 -2.9878e+00 -1.5684e+00 -2.9418e+00 +7.7132e-01 +1.2407e+00 -9.9899e-01
118849 +2.510268814e-06 +2.510268814e-06 +5.142200025e+02 +5.142200025e+02 +9.1451e-01 -2.2565e+00 -2.4675e+00 -3.4360e+00 -2.9901e+00 -1.5676e+00 -2.9455e+00 +7.7470e-01 +1.2421e+00 -9.9596e-01
% function evaluation | noise-free fitness - Fopt (6.098800000000e+02) | best noise-free fitness - Fopt | measured fitness | best measured fitness | x1 | x2...
1 +8.325934662e+01 +8.325934662e+01 +6.931393466e+02 +6.931393466e+02 +2.2057e+00 -3.8962e+00 +3.3396e-01 +2.8907e+00 +2.5421e+00 -1.0620e+00 -1.3377e+00 -3.5663e+00 +1.4433e-01 -2.1719e+00
127 +6.175536352e+01 +6.175536352e+01 +6.716353635e+02 +6.716353635e+02 -2.0369e+00 +4.3812e+00 +1.8163e+00 -3.7535e+00 -1.3033e+00 -2.4588e+00 +3.1638e+00 +2.5808e+00 -3.0858e+00 -4.3232e+00
402 +3.824400166e+01 +3.824400166e+01 +6.481240017e+02 +6.481240017e+02 -7.3007e-01 +3.1015e+00 +2.2400e+00 -3.2888e+00 +7.3411e-01 -1.6476e+00 +3.5716e+00 +3.1153e+00 -7.9685e-01 -4.0668e+00
591 +2.447634721e+01 +2.447634721e+01 +6.343563472e+02 +6.343563472e+02 -8.0534e-02 +2.1961e+00 +2.8183e+00 -5.0000e+00 +8.3425e-01 -2.3831e+00 +5.0000e+00 +5.0000e+00 -6.0641e-01 -3.3934e+00
830 +1.310394874e+01 +1.310394874e+01 +6.229839487e+02 +6.229839487e+02 -1.3253e+00 +2.5749e+00 +2.5245e+00 -3.8327e+00 +2.7772e-01 -9.3850e-01 +4.9985e+00 +4.8484e+00 -1.8228e+00 -2.9056e+00
1082 +9.720384312e+00 +9.720384312e+00 +6.196003843e+02 +6.196003843e+02 -1.1827e+00 +2.2940e+00 +2.2845e+00 -3.7607e+00 +1.9143e-01 -6.2488e-01 +5.0000e+00 +4.8508e+00 -1.8332e+00 -3.0350e+00
1685 +5.949155401e+00 +5.949155401e+00 +6.158291554e+02 +6.158291554e+02 -8.0822e-01 +1.6748e+00 +2.2556e+00 -3.5399e+00 -1.6935e-02 -4.8435e-01 +4.7831e+00 +4.8839e+00 -1.3815e+00 -3.0391e+00
2189 +3.953789392e+00 +3.953789392e+00 +6.138337894e+02 +6.138337894e+02 -3.2917e-01 +1.7912e+00 +2.1005e+00 -3.3917e+00 +1.2496e-02 -4.5316e-01 +4.8485e+00 +4.9693e+00 -1.1435e+00 -3.3060e+00
