% function evaluation | noise-free fitness - Fopt (-4.620900000000e+02) | best noise-free fitness - Fopt | measured fitness | best measured fitness | x1 | x2...
1 +4.126547198e+01 +4.126547198e+01 -4.208245280e+02 -4.208245280e+02 +3.5291e+00 +2.9407e+00
6 +2.260642602e+01 +2.260642602e+01 -4.394835740e+02 -4.394835740e+02 -2.6388e+00 +3.2811e+00
36 +1.476849809e+01 +1.476849809e+01 -4.473215019e+02 -4.473215019e+02 -4.3648e+00 +2.3899e+00
46 +4.880027166e+00 +4.880027166e+00 -4.572099728e+02 -4.572099728e+02 -2.4944e+00 +2.3050e+00
128 +3.945888250e+00 +3.945888250e+00 -4.581441117e+02 -4.581441117e+02 -1.3734e+00 +2.6190e+00
210 +2.064795652e+00 +2.064795652e+00 -4.600252043e+02 -4.600252043e+02 -1.3381e+00 +2.6512e+00
263 +1.289660148e+00 +1.289660148e+00 -4.608003399e+02 -4.608003399e+02 -2.4034e+00 +2.2827e+00
302 +9.538637314e-01 +9.538637314e-01 -4.611361363e+02 -4.611361363e+02 -2.3807e+00 +2.2829e+00
356 +4.731951295e-01 +4.731951295e-01 -4.616168049e+02 -4.616168049e+02 -2.3872e+00 +2.2984e+00
437 +3.171835414e-01 +3.171835414e-01 -4.617728165e+02 -4.617728165e+02 -2.3766e+00 +2.2963e+00
480 +1.167265604e-01 +1.167265604e-01 -4.619732734e+02 -4.619732734e+02 -2.3652e+00 +2.3000e+00
566 +8.556336432e-02 +8.556336432e-02 -4.620044366e+02 -4.620044366e+02 -2.3609e+00 +2.2983e+00
578 +1.103914361e-02 +1.103914361e-02 -4.620789609e+02 -4.620789609e+02 -2.3434e+00 +2.3021e+00
655 +5.869317755e-03 +5.869317755e-03 -4.620841307e+02 -4.620841307e+02 -2.3351e+00 +2.2999e+00
808 +2.457680012e-03 +2.457680012e-03 -4.620875423e+02 -4.620875423e+02 -2.3441e+00 +2.2997e+00
854 +8.654981598e-04 +8.654981598e-04 -4.620891345e+02 -4.620891345e+02 -2.3389e+00 +2.3003e+00
987 +5.359866258e-04 +5.359866258e-04 -4.620894640e+02 -4.620894640e+02 -2.3392e+00 +2.3003e+00
1013 +6.509161818e-05 +6.509161818e-05 -4.620899349e+02 -4.620899349e+02 -2.3411e+00 +2.2998e+00
1171 +4.029272560e-05 +4.029272560e-05 -4.620899597e+02 -4.620899597e+02 -2.3412e+00 +2.2999e+00
1196 +3.978712942e-05 +3.978712942e-05 -4.620899602e+02 -4.620899602e+02 -2.3412e+00 +2.2999e+00
1243 +1.268502905e-05 +1.268502905e-05 -4.620899873e+02 -4.620899873e+02 -2.3410e+00 +2.3000e+00
1299 +7.613195351e-06 +7.613195351e-06 -4.620899924e+02 -4.620899924e+02 -2.3410e+00 +2.3000e+00
1377 +4.150056270e-06 +4.150056270e-06 -4.620899958e+02 -4.620899958e+02 -2.3409e+00 +2.3000e+00
1442 +4.813160785e-07 +4.813160785e-07 -4.620899995e+02 -4.620899995e+02 -2.3408e+00 +2.3000e+00
1502 +3.763595942e-07 +3.763595942e-07 -4.620899996e+02 -4.620899996e+02 -2.3408e+00 +2.3000e+00
1580 +2.064731461e-07 +2.064731461e-07 -4.620899998e+02 -4.620899998e+02 -2.3408e+00 +2.3000e+00
1742 +1.342166911e-07 +1.342166911e-07 -4.620899999e+02 -4.620899999e+02 -2.3408e+00 +2.3000e+00
1828 +7.556019455e-08 +7.556019455e-08 -4.620899999e+02 -4.620899999e+02 -2.3408e+00 +2.3000e+00
1867 +2.067292826e-08 +2.067292826e-08 -4.620900000e+02 -4.620900000e+02 -2.3408e+00 +2.3000e+00
1984 +1.417993190e-08 +1.417993190e-08 -4.620900000e+02 -4.620900000e+02 -2.3408e+00 +2.3000e+00
2005 +8.598590284e-09 +8.598590284e-09 -4.620900000e+02 -4.620900000e+02 -2.3408e+00 +2.3000e+00
% function evaluation | noise-free fitness - Fopt (7.766000000000e+01) | best noise-free fitness - Fopt | measured fitness | best measured fitness | x1 | x2...
1 +2.838655427e+01 +2.838655427e+01 +1.060465543e+02 +1.060465543e+02 +4.1589e+00 -5.8012e-01
14 +2.473536876e+01 +2.473536876e+01 +1.023953688e+02 +1.023953688e+02 +3.6846e+00 -1.5106e+00
70 +1.071111159e+01 +1.071111159e+01 +8.837111159e+01 +8.837111159e+01 +1.3706e+00 -1.8259e+00
159 +7.178731589e+00 +7.178731589e+00 +8.483873159e+01 +8.483873159e+01 +1.3718e+00 -1.5777e+00
194 +6.133446948e+00 +6.133446948e+00 +8.379344695e+01 +8.379344695e+01 +1.3899e+00 -7.9259e-01
205 +1.286269001e+00 +1.286269001e+00 +7.894626900e+01 +7.894626900e+01 +1.4275e+00 -8.5175e-01
329 +9.978037935e-01 +9.978037935e-01 +7.865780379e+01 +7.865780379e+01 +1.4030e+00 -8.5713e-01
3017 +1.312638364e-02 +1.312638364e-02 +7.767312638e+01 +7.767312638e+01 +2.4039e+00 -8.5803e-01
3118 +1.131588227e-03 +1.131588227e-03 +7.766113159e+01 +7.766113159e+01 +2.3986e+00 -8.5519e-01
3210 +7.615686560e-04 +7.615686560e-04 +7.766076157e+01 +7.766076157e+01 +2.3985e+00 -8.5536e-01
3227 +3.833626404e-04 +3.833626404e-04 +7.766038336e+01 +7.766038336e+01 +2.3985e+00 -8.5554e-01
3280 +2.285430016e-04 +2.285430016e-04 +7.766022854e+01 +7.766022854e+01 +2.3983e+00 -8.5566e-01
3351 +9.487396480e-05 +9.487396480e-05 +7.766009487e+01 +7.766009487e+01 +2.3982e+00 -8.5580e-01
3388 +4.180595842e-05 +4.180595842e-05 +7.766004181e+01 +7.766004181e+01 +2.3981e+00 -8.5587e-01
3404 +2.485180575e-05 +2.485180575e-05 +7.766002485e+01 +7.766002485e+01 +2.3981e+00 -8.5604e-01
3445 +6.193916988e-06 +6.193916988e-06 +7.766000619e+01 +7.766000619e+01 +2.3983e+00 -8.5603e-01
3502 +3.389244796e-08 +3.389244796e-08 +7.766000003e+01 +7.766000003e+01 +2.3984e+00 -8.5600e-01
3658 +2.028025392e-08 +2.028025392e-08 +7.766000002e+01 +7.766000002e+01 +2.3984e+00 -8.5600e-01
3732 +1.251177650e-08 +1.251177650e-08 +7.766000001e+01 +7.766000001e+01 +2.3984e+00 -8.5600e-01
3858 +9.956465874e-09 +9.956465874e-09 +7.766000001e+01 +7.766000001e+01 +2.3984e+00 -8.5600e-01
% function evaluation | noise-free fitness - Fopt (1.156800000000e+02) | best noise-free fitness - Fopt | measured fitness | best measured fitness | x1 | x2...
1 +1.743898607e+02 +1.743898607e+02 +2.900698607e+02 +2.900698607e+02 -4.4896e+00 -4.8437e+00
3 +1.231132856e+02 +1.231132856e+02 +2.387932856e+02 +2.387932856e+02 -4.6196e+00 -3.9998e+00
4 +8.248178809e+01 +8.248178809e+01 +1.981617881e+02 +1.981617881e+02 +3.6535e+00 -2.6945e+00
15 +4.527745824e+01 +4.527745824e+01 +1.609574582e+02 +1.609574582e+02 -2.4040e+00 -2.7649e+00
21 +2.350226327e+01 +2.350226327e+01 +1.391822633e+02 +1.391822633e+02 -3.3935e+00 -7.0502e-01
36 +9.311035732e+00 +9.311035732e+00 +1.249910357e+02 +1.249910357e+02 -1.9682e+00 -1.2769e+00
148 +3.463281357e+00 +3.463281357e+00 +1.191432814e+02 +1.191432814e+02 -2.1255e+00 -1.2659e+00
205 +2.092987134e+00 +2.092987134e+00 +1.177729871e+02 +1.177729871e+02 -2.1326e+00 -1.2774e+00
221 +1.431884953e+00 +1.431884953e+00 +1.171118850e+02 +1.171118850e+02 -2.1609e+00 -1.3051e+00
545 +9.989187604e-01 +9.989187604e-01 +1.166789188e+02 +1.166789188e+02 -2.1744e+00 -1.2927e+00
% function evaluation | noise-free fitness - Fopt (-3.710000000000e+00) | best noise-free fitness - Fopt | measured fitness | best measured fitness | x1 | x2...
1 +1.281145020e+02 +1.281145020e+02 +1.244045020e+02 +1.244045020e+02 -4.8605e+00 -4.6107e+00
3 +4.704238102e+01 +4.704238102e+01 +4.333238102e+01 +4.333238102e+01 +4.9312e+00 -3.3930e+00
11 +3.433212526e+01 +3.433212526e+01 +3.062212526e+01 +3.062212526e+01 +9.0917e-01 -1.2761e+00
32 +2.192897068e+01 +2.192897068e+01 +1.821897068e+01 +1.821897068e+01 +3.5870e+00 -2.5832e+00
97 +1.551693051e+01 +1.551693051e+01 +1.180693051e+01 +1.180693051e+01 +4.0131e+00 -1.5199e+00
140 +1.869027001e+00 +1.869027001e+00 -1.840972999e+00 -1.840972999e+00 +3.0838e+00 -2.2598e+00
185 +1.404515923e+00 +1.404515923e+00 -2.305484077e+00 -2.305484077e+00 +3.0797e+00 -2.6090e+00
563 +9.963981286e-01 +9.963981286e-01 -2.713601871e+00 -2.713601871e+00 +3.1229e+00 -2.6051e+00
3766 +5.096648962e-01 +5.096648962e-01 -3.200335104e+00 -3.200335104e+00 +3.1039e+00 -2.3101e+00
3791 +1.475951455e-01 +1.475951455e-01 -3.562404855e+00 -3.562404855e+00 +3.1073e+00 -2.3035e+00
3811 +5.409148793e-02 +5.409148793e-02 -3.655908512e+00 -3.655908512e+00 +3.1053e+00 -2.2975e+00
3917 +3.422538556e-02 +3.422538556e-02 -3.675774614e+00 -3.675774614e+00 +3.1074e+00 -2.2964e+00
3965 +1.436241992e-02 +1.436241992e-02 -3.695637580e+00 -3.695637580e+00 +3.1118e+00 -2.2938e+00
3976 +4.851920361e-03 +4.851920361e-03 -3.705148080e+00 -3.705148080e+00 +3.1240e+00 -2.2960e+00
4080 +3.821774750e-03 +3.821774750e-03 -3.706178225e+00 -3.706178225e+00 +3.1238e+00 -2.2957e+00
4360 +2.369643743e-03 +2.369643743e-03 -3.707630356e+00 -3.707630356e+00 +3.1235e+00 -2.2955e+00
4560 +1.521308268e-03 +1.521308268e-03 -3.708478692e+00 -3.708478692e+00 +3.1230e+00 -2.2952e+00
4763 +7.146823343e-04 +7.146823343e-04 -3.709285318e+00 -3.709285318e+00 +3.1219e+00 -2.2952e+00
4836 +5.625478432e-04 +5.625478432e-04 -3.709437452e+00 -3.709437452e+00 +3.1217e+00 -2.2951e+00
4918 +3.665006845e-04 +3.665006845e-04 -3.709633499e+00 -3.709633499e+00 +3.1215e+00 -2.2952e+00
5089 +1.847855787e-04 +1.847855787e-04 -3.709815214e+00 -3.709815214e+00 +3.1209e+00 -2.2951e+00
5179 +1.321978363e-04 +1.321978363e-04 -3.709867802e+00 -3.709867802e+00 +3.1208e+00 -2.2952e+00
5237 +8.140229196e-05 +8.140229196e-05 -3.709918598e+00 -3.709918598e+00 +3.1206e+00 -2.2952e+00
5253 +4.858689008e-05 +4.858689008e-05 -3.709951413e+00 -3.709951413e+00 +3.1205e+00 -2.2952e+00
5369 +3.610115932e-05 +3.610115932e-05 -3.709963899e+00 -3.709963899e+00 +3.1203e+00 -2.2951e+00
5397 +1.751791120e-05 +1.751791120e-05 -3.709982482e+00 -3.709982482e+00 +3.1201e+00 -2.2951e+00
5402 +1.264677177e-05 +1.264677177e-05 -3.709987353e+00 -3.709987353e+00 +3.1202e+00 -2.2952e+00
5435 +9.289346998e-06 +9.289346998e-06 -3.709990711e+00 -3.709990711e+00 +3.1201e+00 -2.2951e+00
5449 +2.369847243e-06 +2.369847243e-06 -3.709997630e+00 -3.709997630e+00 +3.1201e+00 -2.2952e+00
5596 +6.986110535e-07 +6.986110535e-07 -3.709999301e+00 -3.709999301e+00 +3.1200e+00 -2.2952e+00
5633 +1.120742703e-07 +1.120742703e-07 -3.709999888e+00 -3.709999888e+00 +3.1200e+00 -2.2952e+00
5637 +8.302719845e-09 +8.302719845e-09 -3.709999992e+00 -3.709999992e+00 +3.1200e+00 -2.2952e+00
% function evaluation | noise-free fitness - Fopt (1.321800000000e+02) | best noise-free fitness - Fopt | measured fitness | best measured fitness | x1 | x2...
1 +1.855253570e+02 +1.855253570e+02 +3.177053570e+02 +3.177053570e+02 +4.7160e+00 -1.5348e+00
4 +5.626758686e+01 +5.626758686e+01 +1.884475869e+02 +1.884475869e+02 +2.9803e+00 +1.1222e+00
9 +5.590910110e+00 +5.590910110e+00 +1.377709101e+02 +1.377709101e+02 -2.8605e+00 +1.4766e+00
117 +2.307565100e+00 +2.307565100e+00 +1.344875651e+02 +1.344875651e+02 -2.7308e+00 +1.4682e+00
187 +1.381939850e+00 +1.381939850e+00 +1.335619398e+02 +1.335619398e+02 -2.7440e+00 +1.4861e+00
484 +9.983495749e-01 +9.983495749e-01 +1.331783496e+02 +1.331783496e+02 -2.7676e+00 +1.4836e+00
% function evaluation | noise-free fitness - Fopt (-5.847300000000e+02) | best noise-free fitness - Fopt | measured fitness | best measured fitness | x1 | x2...
1 +3.586073242e+01 +3.586073242e+01 -5.488692676e+02 -5.488692676e+02 +1.6035e+00 -3.2847e+00
24 +2.405195272e+01 +2.405195272e+01 -5.606780473e+02 -5.606780473e+02 -3.3372e+00 -3.7604e+00
68 +8.512678875e+00 +8.512678875e+00 -5.762173211e+02 -5.762173211e+02 -2.8300e+00 -3.3186e+00
147 +6.032201265e+00 +6.032201265e+00 -5.786977987e+02 -5.786977987e+02 -2.7046e+00 -3.2952e+00
184 +1.347024432e+00 +1.347024432e+00 -5.833829756e+02 -5.833829756e+02 -2.6265e+00 -2.6461e+00
374 +9.999330748e-01 +9.999330748e-01 -5.837300669e+02 -5.837300669e+02 -2.6501e+00 -3.3397e+00
% function evaluation | noise-free fitness - Fopt (-3.654000000000e+01) | best noise-free fitness - Fopt | measured fitness | best measured fitness | x1 | x2...
1 +1.175157847e+03 +1.175157847e+03 +1.138617847e+03 +1.138617847e+03 -3.5454e+00 +2.9502e+00
2 +2.066639881e+01 +2.066639881e+01 -1.587360119e+01 -1.587360119e+01 -3.0459e+00 -1.9279e+00
5 +9.958891442e+00 +9.958891442e+00 -2.658110856e+01 -2.658110856e+01 -1.1127e+00 -1.9447e+00
191 +2.180851116e+00 +2.180851116e+00 -3.435914888e+01 -3.435914888e+01 -1.1833e+00 -1.8588e+00
2846 +1.413787474e+00 +1.413787474e+00 -3.512621253e+01 -3.512621253e+01 -1.5766e-01 -2.5410e+00
3377 +9.964907537e-01 +9.964907537e-01 -3.554350925e+01 -3.554350925e+01 -2.0108e-01 -2.5442e+00
7797 +2.714309985e-01 +2.714309985e-01 -3.626856900e+01 -3.626856900e+01 -1.6381e-01 -2.2296e+00
7812 +1.491732187e-01 +1.491732187e-01 -3.639082678e+01 -3.639082678e+01 -1.7928e-01 -2.2287e+00
7878 +5.652150938e-02 +5.652150938e-02 -3.648347849e+01 -3.648347849e+01 -1.8406e-01 -2.2330e+00
7885 +1.729336152e-02 +1.729336152e-02 -3.652270664e+01 -3.652270664e+01 -1.9247e-01 -2.2334e+00
7986 +1.165312125e-02 +1.165312125e-02 -3.652834688e+01 -3.652834688e+01 -2.0190e-01 -2.2310e+00
8011 +1.938892798e-04 +1.938892798e-04 -3.653980611e+01 -3.653980611e+01 -2.0247e-01 -2.2338e+00
8082 +1.328403084e-04 +1.328403084e-04 -3.653986716e+01 -3.653986716e+01 -2.0236e-01 -2.2337e+00
8116 +8.417959269e-05 +8.417959269e-05 -3.653991582e+01 -3.653991582e+01 -2.0218e-01 -2.2335e+00
8361 +6.262222625e-05 +6.262222625e-05 -3.653993738e+01 -3.653993738e+01 -2.0210e-01 -2.2336e+00
8363 +3.095151971e-05 +3.095151971e-05 -3.653996905e+01 -3.653996905e+01 -2.0193e-01 -2.2335e+00
8453 +9.929400996e-06 +9.929400996e-06 -3.653999007e+01 -3.653999007e+01 -2.0182e-01 -2.2336e+00
8536 +9.751539807e-07 +9.751539807e-07 -3.653999902e+01 -3.653999902e+01 -2.0153e-01 -2.2336e+00
8580 +1.560121987e-07 +1.560121987e-07 -3.653999984e+01 -3.653999984e+01 -2.0159e-01 -2.2336e+00
8664 +6.474099479e-08 +6.474099479e-08 -3.653999994e+01 -3.653999994e+01 -2.0159e-01 -2.2336e+00
8744 +4.743062476e-08 +4.743062476e-08 -3.653999995e+01 -3.653999995e+01 -2.0159e-01 -2.2336e+00
8848 +3.792160896e-08 +3.792160896e-08 -3.653999996e+01 -3.653999996e+01 -2.0159e-01 -2.2336e+00
8888 +2.420470224e-08 +2.420470224e-08 -3.653999998e+01 -3.653999998e+01 -2.0159e-01 -2.2336e+00
8949 +1.490547419e-08 +1.490547419e-08 -3.653999999e+01 -3.653999999e+01 -2.0159e-01 -2.2336e+00
9001 +8.029047649e-09 +8.029047649e-09 -3.653999999e+01 -3.653999999e+01 -2.0159e-01 -2.2336e+00
% function evaluation | noise-free fitness - Fopt (1.000000000000e+03) | best noise-free fitness - Fopt | measured fitness | best measured fitness | x1 | x2...
1 +4.231004081e+01 +4.231004081e+01 +1.042310041e+03 +1.042310041e+03 -1.4459e+00 +3.7912e-01
10 +3.534768306e+01 +3.534768306e+01 +1.035347683e+03 +1.035347683e+03 -4.7775e+00 +2.6778e-01
11 +1.864377272e+01 +1.864377272e+01 +1.018643773e+03 +1.018643773e+03 -1.3060e+00 -8.0556e-02
44 +1.520019512e+01 +1.520019512e+01 +1.015200195e+03 +1.015200195e+03 +2.9751e-01 -1.5069e+00
130 +8.680489829e+00 +8.680489829e+00 +1.008680490e+03 +1.008680490e+03 +3.9781e-01 -1.5206e+00
1328 +1.856849225e+00 +1.856849225e+00 +1.001856849e+03 +1.001856849e+03 -5.6120e-01 -8.3987e-01
1403 +1.238695557e+00 +1.238695557e+00 +1.001238696e+03 +1.001238696e+03 -5.7174e-01 -8.3199e-01
1666 +9.970092004e-01 +9.970092004e-01 +1.000997009e+03 +1.000997009e+03 -5.7721e-01 -8.2077e-01
5432 +8.449990790e-02 +8.449990790e-02 +1.000084500e+03 +1.000084500e+03 -1.5732e+00 -8.2767e-01
5501 +5.680313761e-02 +5.680313761e-02 +1.000056803e+03 +1.000056803e+03 -1.5706e+00 -8.1472e-01
5579 +2.883056175e-02 +2.883056175e-02 +1.000028831e+03 +1.000028831e+03 -1.5848e+00 -8.2145e-01
5591 +2.416403475e-02 +2.416403475e-02 +1.000024164e+03 +1.000024164e+03 -1.5793e+00 -8.1751e-01
5602 +1.270194491e-02 +1.270194491e-02 +1.000012702e+03 +1.000012702e+03 -1.5803e+00 -8.2204e-01
5675 +2.684089973e-03 +2.684089973e-03 +1.000002684e+03 +1.000002684e+03 -1.5751e+00 -8.2177e-01
5730 +2.387484250e-03 +2.387484250e-03 +1.000002387e+03 +1.000002387e+03 -1.5752e+00 -8.2167e-01
5799 +1.493524678e-03 +1.493524678e-03 +1.000001494e+03 +1.000001494e+03 -1.5747e+00 -8.2141e-01
5817 +6.998813207e-04 +6.998813207e-04 +1.000000700e+03 +1.000000700e+03 -1.5713e+00 -8.2038e-01
5892 +6.029537981e-04 +6.029537981e-04 +1.000000603e+03 +1.000000603e+03 -1.5715e+00 -8.2043e-01
5988 +3.940654642e-04 +3.940654642e-04 +1.000000394e+03 +1.000000394e+03 -1.5715e+00 -8.2063e-01
6220 +2.125110668e-04 +2.125110668e-04 +1.000000213e+03 +1.000000213e+03 -1.5718e+00 -8.2080e-01
6330 +1.226209828e-04 +1.226209828e-04 +1.000000123e+03 +1.000000123e+03 -1.5720e+00 -8.2076e-01
6448 +8.114139030e-05 +8.114139030e-05 +1.000000081e+03 +1.000000081e+03 -1.5722e+00 -8.2076e-01
6494 +5.597833399e-05 +5.597833399e-05 +1.000000056e+03 +1.000000056e+03 -1.5723e+00 -8.2083e-01
6538 +3.898467799e-05 +3.898467799e-05 +1.000000039e+03 +1.000000039e+03 -1.5724e+00 -8.2081e-01
6609 +2.086803079e-05 +2.086803079e-05 +1.000000021e+03 +1.000000021e+03 -1.5725e+00 -8.2075e-01
6681 +8.027606100e-06 +8.027606100e-06 +1.000000008e+03 +1.000000008e+03 -1.5727e+00 -8.2076e-01
6770 +5.488400234e-06 +5.488400234e-06 +1.000000005e+03 +1.000000005e+03 -1.5728e+00 -8.2075e-01
6779 +2.370334187e-07 +2.370334187e-07 +1.000000000e+03 +1.000000000e+03 -1.5728e+00 -8.2079e-01
6801 +3.413913419e-08 +3.413913419e-08 +1.000000000e+03 +1.000000000e+03 -1.5728e+00 -8.2080e-01
6969 +1.632588464e-08 +1.632588464e-08 +1.000000000e+03 +1.000000000e+03 -1.5728e+00 -8.2080e-01
7027 +1.482226253e-08 +1.482226253e-08 +1.000000000e+03 +1.000000000e+03 -1.5728e+00 -8.2080e-01
7061 +9.920995581e-09 +9.920995581e-09 +1.000000000e+03 +1.000000000e+03 -1.5728e+00 -8.2080e-01
% function evaluation | noise-free fitness - Fopt (4.661000000000e+01) | best noise-free fitness - Fopt | measured fitness | best measured fitness | x1 | x2...
1 +3.862571467e+02 +3.862571467e+02 +4.328671467e+02 +4.328671467e+02 -4.3083e+00 -2.2607e+00
2 +1.109930968e+02 +1.109930968e+02 +1.576030968e+02 +1.576030968e+02 +1.6776e+00 +7.5250e-01
22 +3.881136390e+01 +3.881136390e+01 +8.542136390e+01 +8.542136390e+01 +3.8630e+00 +2.5320e+00
27 +1.826176101e+01 +1.826176101e+01 +6.487176101e+01 +6.487176101e+01 -2.3431e-01 +3.1470e+00
75 +1.021178328e+01 +1.021178328e+01 +5.682178328e+01 +5.682178328e+01 +3.8949e+00 +4.3023e+00
124 +6.562885382e+00 +6.562885382e+00 +5.317288538e+01 +5.317288538e+01 +6.5308e-01 +3.9093e+00
134 +3.175115724e+00 +3.175115724e+00 +4.978511572e+01 +4.978511572e+01 -1.1204e-01 +3.6210e+00
252 +2.479760868e+00 +2.479760868e+00 +4.908976087e+01 +4.908976087e+01 -1.3502e-01 +3.6018e+00
720 +7.608103956e-01 +7.608103956e-01 +4.737081040e+01 +4.737081040e+01 +7.9413e-01 +3.9072e+00
727 +2.366076304e-01 +2.366076304e-01 +4.684660763e+01 +4.684660763e+01 +8.0852e-01 +3.9134e+00
818 +1.293234430e-01 +1.293234430e-01 +4.673932344e+01 +4.673932344e+01 +8.1667e-01 +3.9156e+00
872 +7.745807424e-02 +7.745807424e-02 +4.668745807e+01 +4.668745807e+01 +8.1550e-01 +3.9214e+00
890 +5.275554136e-02 +5.275554136e-02 +4.666275554e+01 +4.666275554e+01 +8.2125e-01 +3.9238e+00
925 +2.288460409e-02 +2.288460409e-02 +4.663288460e+01 +4.663288460e+01 +8.3994e-01 +3.9242e+00
981 +3.765862215e-03 +3.765862215e-03 +4.661376586e+01 +4.661376586e+01 +8.3399e-01 +3.9195e+00
1048 +2.266187345e-03 +2.266187345e-03 +4.661226619e+01 +4.661226619e+01 +8.3430e-01 +3.9197e+00
1153 +1.358382327e-03 +1.358382327e-03 +4.661135838e+01 +4.661135838e+01 +8.3649e-01 +3.9201e+00
1282 +9.004463872e-04 +9.004463872e-04 +4.661090045e+01 +4.661090045e+01 +8.3642e-01 +3.9203e+00
1363 +5.028214000e-04 +5.028214000e-04 +4.661050282e+01 +4.661050282e+01 +8.3645e-01 +3.9205e+00
1412 +3.472458555e-04 +3.472458555e-04 +4.661034725e+01 +4.661034725e+01 +8.3632e-01 +3.9206e+00
1458 +2.004031703e-04 +2.004031703e-04 +4.661020040e+01 +4.661020040e+01 +8.3605e-01 +3.9206e+00
1608 +9.949132824e-05 +9.949132824e-05 +4.661009949e+01 +4.661009949e+01 +8.3587e-01 +3.9207e+00
1730 +5.503020969e-05 +5.503020969e-05 +4.661005503e+01 +4.661005503e+01 +8.3570e-01 +3.9209e+00
1755 +3.011184891e-05 +3.011184891e-05 +4.661003011e+01 +4.661003011e+01 +8.3557e-01 +3.9208e+00
1791 +1.717246119e-05 +1.717246119e-05 +4.661001717e+01 +4.661001717e+01 +8.3549e-01 +3.9208e+00
1857 +9.438479800e-06 +9.438479800e-06 +4.661000944e+01 +4.661000944e+01 +8.3534e-01 +3.9207e+00
1913 +4.412620854e-06 +4.412620854e-06 +4.661000441e+01 +4.661000441e+01 +8.3530e-01 +3.9208e+00
1963 +3.906238931e-06 +3.906238931e-06 +4.661000391e+01 +4.661000391e+01 +8.3534e-01 +3.9208e+00
1966 +9.678460628e-07 +9.678460628e-07 +4.661000097e+01 +4.661000097e+01 +8.3527e-01 +3.9208e+00
2252 +5.209983982e-07 +5.209983982e-07 +4.661000052e+01 +4.661000052e+01 +8.3522e-01 +3.9208e+00
2323 +3.712257310e-07 +3.712257310e-07 +4.661000037e+01 +4.661000037e+01 +8.3522e-01 +3.9208e+00
2386 +9.008508783e-08 +9.008508783e-08 +4.661000009e+01 +4.661000009e+01 +8.3521e-01 +3.9208e+00
2586 +4.770891593e-08 +4.770891593e-08 +4.661000005e+01 +4.661000005e+01 +8.3521e-01 +3.9208e+00
2666 +3.424849382e-08 +3.424849382e-08 +4.661000003e+01 +4.661000003e+01 +8.3521e-01 +3.9208e+00
2747 +2.208165029e-08 +2.208165029e-08 +4.661000002e+01 +4.661000002e+01 +8.3521e-01 +3.9208e+00
2776 +1.140357853e-08 +1.140357853e-08 +4.661000001e+01 +4.661000001e+01 +8.3520e-01 +3.9208e+00
2840 +8.242629690e-09 +8.242629690e-09 +4.661000001e+01 +4.661000001e+01 +8.3521e-01 +3.9208e+00
% function evaluation | noise-free fitness - Fopt (-2.643100000000e+02) | best noise-free fitness - Fopt | measured fitness | best measured fitness | x1 | x2...
1 +2.324075271e+02 +2.324075271e+02 -3.190247295e+01 -3.190247295e+01 -2.2799e+00 +1.7181e+00
4 +8.467223089e+01 +8.467223089e+01 -1.796377691e+02 -1.796377691e+02 +9.2210e-01 -3.8053e+00
5 +4.282147191e+01 +4.282147191e+01 -2.214885281e+02 -2.214885281e+02 -2.6130e+00 +1.1996e-01
15 +1.105502151e+01 +1.105502151e+01 -2.532549785e+02 -2.532549785e+02 -4.9540e+00 -1.1180e+00
70 +8.727594618e+00 +8.727594618e+00 -2.555824054e+02 -2.555824054e+02 -1.1533e+00 -1.4632e+00
133 +4.427390837e+00 +4.427390837e+00 -2.598826092e+02 -2.598826092e+02 -4.1578e+00 -1.4380e+00
154 +1.199516933e+00 +1.199516933e+00 -2.631104831e+02 -2.631104831e+02 -4.2316e+00 -1.4654e+00
493 +9.956565284e-01 +9.956565284e-01 -2.633143435e+02 -2.633143435e+02 -4.2490e+00 -1.4575e+00
% function evaluation | noise-free fitness - Fopt (7.273000000000e+01) | best noise-free fitness - Fopt | measured fitness | best measured fitness | x1 | x2...
1 +3.844343188e+03 +3.844343188e+03 +3.917073188e+03 +3.917073188e+03 -1.9608e+00 +4.4438e+00
2 +6.849984153e+02 +6.849984153e+02 +7.577284153e+02 +7.577284153e+02 -3.0929e+00 +2.0692e+00
3 +3.714449449e+01 +3.714449449e+01 +1.098744945e+02 +1.098744945e+02 -3.2101e+00 -2.8207e+00
29 +1.130269902e+01 +1.130269902e+01 +8.403269902e+01 +8.403269902e+01 -3.6964e+00 -2.2115e+00
107 +9.781996214e+00 +9.781996214e+00 +8.251199621e+01 +8.251199621e+01 -2.7333e+00 -2.2120e+00
180 +3.644114599e+00 +3.644114599e+00 +7.637411460e+01 +7.637411460e+01 -2.6309e+00 -2.3142e+00
216 +1.690729162e+00 +1.690729162e+00 +7.442072916e+01 +7.442072916e+01 -2.6447e+00 -2.2990e+00
217 +1.436494980e+00 +1.436494980e+00 +7.416649498e+01 +7.416649498e+01 -2.5959e+00 -2.2443e+00
257 +6.841249906e-01 +6.841249906e-01 +7.341412499e+01 +7.341412499e+01 -2.5275e+00 -2.2757e+00
297 +1.759910470e-01 +1.759910470e-01 +7.290599105e+01 +7.290599105e+01 -2.6006e+00 -2.2841e+00
310 +4.460355621e-02 +4.460355621e-02 +7.277460356e+01 +7.277460356e+01 -2.5917e+00 -2.2796e+00
403 +3.944353559e-03 +3.944353559e-03 +7.273394435e+01 +7.273394435e+01 -2.5865e+00 -2.2759e+00
579 +1.393288355e-03 +1.393288355e-03 +7.273139329e+01 +7.273139329e+01 -2.5809e+00 -2.2752e+00
719 +8.926296263e-04 +8.926296263e-04 +7.273089263e+01 +7.273089263e+01 -2.5808e+00 -2.2755e+00
863 +5.905586194e-04 +5.905586194e-04 +7.273059056e+01 +7.273059056e+01 -2.5807e+00 -2.2757e+00
923 +3.861773341e-04 +3.861773341e-04 +7.273038618e+01 +7.273038618e+01 -2.5809e+00 -2.2759e+00
930 +7.138634726e-05 +7.138634726e-05 +7.273007139e+01 +7.273007139e+01 -2.5823e+00 -2.2762e+00
976 +4.972205330e-05 +4.972205330e-05 +7.273004972e+01 +7.273004972e+01 -2.5823e+00 -2.2762e+00
986 +3.096233293e-05 +3.096233293e-05 +7.273003096e+01 +7.273003096e+01 -2.5823e+00 -2.2761e+00
1015 +1.491128781e-05 +1.491128781e-05 +7.273001491e+01 +7.273001491e+01 -2.5822e+00 -2.2761e+00
1017 +3.949458929e-06 +3.949458929e-06 +7.273000395e+01 +7.273000395e+01 -2.5823e+00 -2.2760e+00
1051 +8.422744457e-07 +8.422744457e-07 +7.273000084e+01 +7.273000084e+01 -2.5823e+00 -2.2760e+00
1222 +6.169348126e-07 +6.169348126e-07 +7.273000062e+01 +7.273000062e+01 -2.5823e+00 -2.2760e+00
1255 +3.718824786e-07 +3.718824786e-07 +7.273000037e+01 +7.273000037e+01 -2.5824e+00 -2.2760e+00
1352 +8.487221237e-08 +8.487221237e-08 +7.273000008e+01 +7.273000008e+01 -2.5824e+00 -2.2760e+00
1514 +4.234041739e-08 +4.234041739e-08 +7.273000004e+01 +7.273000004e+01 -2.5824e+00 -2.2760e+00
1540 +1.416715634e-08 +1.416715634e-08 +7.273000001e+01 +7.273000001e+01 -2.5824e+00 -2.2760e+00
1681 +2.790656595e-09 +2.790656595e-09 +7.273000000e+01 +7.273000000e+01 -2.5824e+00 -2.2760e+00
% function evaluation | noise-free fitness - Fopt (1.368700000000e+02) | best noise-free fitness - Fopt | measured fitness | best measured fitness | x1 | x2...
1 +3.055426411e+02 +3.055426411e+02 +4.424126411e+02 +4.424126411e+02 +2.4004e+00 -2.0614e+00
3 +2.224493245e+01 +2.224493245e+01 +1.591149324e+02 +1.591149324e+02 +2.6535e+00 +3.7398e+00
6 +1.517690098e+01 +1.517690098e+01 +1.520469010e+02 +1.520469010e+02 +1.5511e+00 +2.6771e+00
163 +8.043662774e+00 +8.043662774e+00 +1.449136628e+02 +1.449136628e+02 +1.5312e+00 +2.9243e+00
646 +5.710272424e+00 +5.710272424e+00 +1.425802724e+02 +1.425802724e+02 +1.4990e+00 +3.6417e+00
1037 +3.980648553e+00 +3.980648553e+00 +1.408506486e+02 +1.408506486e+02 +1.5602e+00 +3.6127e+00
2019 +2.308496883e+00 +2.308496883e+00 +1.391784969e+02 +1.391784969e+02 +2.4915e+00 +3.9746e+00
6065 +4.320676839e-01 +4.320676839e-01 +1.373020677e+02 +1.373020677e+02 +3.5047e+00 +3.6285e+00
6080 +2.390888553e-02 +2.390888553e-02 +1.368939089e+02 +1.368939089e+02 +3.5055e+00 +3.6136e+00
6090 +7.499972273e-03 +7.499972273e-03 +1.368775000e+02 +1.368775000e+02 +3.5103e+00 +3.6114e+00
6189 +2.545812280e-03 +2.545812280e-03 +1.368725458e+02 +1.368725458e+02 +3.5193e+00 +3.6115e+00
6208 +2.343802375e-03 +2.343802375e-03 +1.368723438e+02 +1.368723438e+02 +3.5193e+00 +3.6115e+00
6355 +2.387785542e-04 +2.387785542e-04 +1.368702388e+02 +1.368702388e+02 +3.5157e+00 +3.6117e+00
6498 +1.415459046e-04 +1.415459046e-04 +1.368701415e+02 +1.368701415e+02 +3.5157e+00 +3.6117e+00
6511 +8.426589451e-05 +8.426589451e-05 +1.368700843e+02 +1.368700843e+02 +3.5158e+00 +3.6118e+00
6556 +2.694681538e-05 +2.694681538e-05 +1.368700269e+02 +1.368700269e+02 +3.5157e+00 +3.6120e+00
6596 +1.978416358e-05 +1.978416358e-05 +1.368700198e+02 +1.368700198e+02 +3.5157e+00 +3.6120e+00
6599 +1.056350192e-05 +1.056350192e-05 +1.368700106e+02 +1.368700106e+02 +3.5158e+00 +3.6120e+00
6611 +8.923627689e-06 +8.923627689e-06 +1.368700089e+02 +1.368700089e+02 +3.5159e+00 +3.6119e+00
6656 +3.131562664e-06 +3.131562664e-06 +1.368700031e+02 +1.368700031e+02 +3.5159e+00 +3.6120e+00
6781 +1.757998206e-06 +1.757998206e-06 +1.368700018e+02 +1.368700018e+02 +3.5159e+00 +3.6120e+00
6782 +1.002481440e-06 +1.002481440e-06 +1.368700010e+02 +1.368700010e+02 +3.5160e+00 +3.6120e+00
6834 +9.350569030e-07 +9.350569030e-07 +1.368700009e+02 +1.368700009e+02 +3.5160e+00 +3.6120e+00
7065 +6.171233338e-07 +6.171233338e-07 +1.368700006e+02 +1.368700006e+02 +3.5159e+00 +3.6120e+00
7432 +3.770465469e-07 +3.770465469e-07 +1.368700004e+02 +1.368700004e+02 +3.5160e+00 +3.6120e+00
7628 +1.880101763e-07 +1.880101763e-07 +1.368700002e+02 +1.368700002e+02 +3.5160e+00 +3.6120e+00
7786 +1.473426323e-07 +1.473426323e-07 +1.368700001e+02 +1.368700001e+02 +3.5160e+00 +3.6120e+00
7988 +9.574313253e-08 +9.574313253e-08 +1.368700001e+02 +1.368700001e+02 +3.5160e+00 +3.6120e+00
8274 +5.622385402e-08 +5.622385402e-08 +1.368700001e+02 +1.368700001e+02 +3.5160e+00 +3.6120e+00
8344 +3.367543400e-08 +3.367543400e-08 +1.368700000e+02 +1.368700000e+02 +3.5160e+00 +3.6120e+00
8485 +2.324065917e-08 +2.324065917e-08 +1.368700000e+02 +1.368700000e+02 +3.5160e+00 +3.6120e+00
8545 +1.541388883e-08 +1.541388883e-08 +1.368700000e+02 +1.368700000e+02 +3.5160e+00 +3.6120e+00
8604 +9.712437077e-09 +9.712437077e-09 +1.368700000e+02 +1.368700000e+02 +3.5160e+00 +3.6120e+00
% function evaluation | noise-free fitness - Fopt (2.196000000000e+01) | best noise-free fitness - Fopt | measured fitness | best measured fitness | x1 | x2...
1 +1.387745394e+02 +1.387745394e+02 +1.607345394e+02 +1.607345394e+02 +3.7139e+00 -4.1049e+00
2 +4.017010260e+01 +4.017010260e+01 +6.213010260e+01 +6.213010260e+01 +2.1497e+00 +4.2204e-01
8 +2.664565417e+01 +2.664565417e+01 +4.860565417e+01 +4.860565417e+01 +3.2235e+00 -1.4699e+00
37 +2.503883694e+01 +2.503883694e+01 +4.699883694e+01 +4.699883694e+01 +5.1928e-01 -1.3290e+00
105 +9.726049124e+00 +9.726049124e+00 +3.168604912e+01 +3.168604912e+01 +2.3935e+00 +3.9403e-02
202 +1.450543891e+00 +1.450543891e+00 +2.341054389e+01 +2.341054389e+01 +3.2900e+00 -3.0129e-01
362 +9.979752172e-01 +9.979752172e-01 +2.295797522e+01 +2.295797522e+01 +3.2919e+00 -2.7713e-01
4791 +4.000119160e-01 +4.000119160e-01 +2.236001192e+01 +2.236001192e+01 +3.2808e+00 -6.2074e-01
4795 +2.458037526e-01 +2.458037526e-01 +2.220580375e+01 +2.220580375e+01 +3.2628e+00 -6.4036e-01
4838 +9.003049231e-02 +9.003049231e-02 +2.205003049e+01 +2.205003049e+01 +3.2852e+00 -6.4247e-01
4866 +5.634568763e-02 +5.634568763e-02 +2.201634569e+01 +2.201634569e+01 +3.2834e+00 -6.3167e-01
4883 +2.514378647e-02 +2.514378647e-02 +2.198514379e+01 +2.198514379e+01 +3.2867e+00 -6.3268e-01
4906 +2.347106270e-02 +2.347106270e-02 +2.198347106e+01 +2.198347106e+01 +3.2867e+00 -6.3281e-01
4964 +5.070934451e-03 +5.070934451e-03 +2.196507093e+01 +2.196507093e+01 +3.2911e+00 -6.3740e-01
5031 +3.656690666e-03 +3.656690666e-03 +2.196365669e+01 +2.196365669e+01 +3.2914e+00 -6.3481e-01
5189 +1.357724555e-03 +1.357724555e-03 +2.196135772e+01 +2.196135772e+01 +3.2945e+00 -6.3517e-01
5256 +9.657249994e-04 +9.657249994e-04 +2.196096572e+01 +2.196096572e+01 +3.2943e+00 -6.3530e-01
5394 +3.993230968e-04 +3.993230968e-04 +2.196039932e+01 +2.196039932e+01 +3.2944e+00 -6.3563e-01
5401 +2.054417471e-04 +2.054417471e-04 +2.196020544e+01 +2.196020544e+01 +3.2944e+00 -6.3579e-01
5459 +1.426071552e-04 +1.426071552e-04 +2.196014261e+01 +2.196014261e+01 +3.2944e+00 -6.3591e-01
5569 +9.147017789e-05 +9.147017789e-05 +2.196009147e+01 +2.196009147e+01 +3.2943e+00 -6.3604e-01
5593 +5.880562916e-05 +5.880562916e-05 +2.196005881e+01 +2.196005881e+01 +3.2941e+00 -6.3595e-01
5641 +3.783428273e-05 +3.783428273e-05 +2.196003783e+01 +2.196003783e+01 +3.2940e+00 -6.3600e-01
5779 +2.502162457e-05 +2.502162457e-05 +2.196002502e+01 +2.196002502e+01 +3.2939e+00 -6.3604e-01
5790 +1.339178178e-05 +1.339178178e-05 +2.196001339e+01 +2.196001339e+01 +3.2939e+00 -6.3602e-01
5901 +8.270759160e-06 +8.270759160e-06 +2.196000827e+01 +2.196000827e+01 +3.2938e+00 -6.3598e-01
6007 +4.199974839e-06 +4.199974839e-06 +2.196000420e+01 +2.196000420e+01 +3.2937e+00 -6.3603e-01
6021 +3.348436834e-06 +3.348436834e-06 +2.196000335e+01 +2.196000335e+01 +3.2937e+00 -6.3603e-01
6157 +1.866908157e-07 +1.866908157e-07 +2.196000019e+01 +2.196000019e+01 +3.2936e+00 -6.3601e-01
6268 +1.573798194e-07 +1.573798194e-07 +2.196000016e+01 +2.196000016e+01 +3.2936e+00 -6.3601e-01
6381 +8.854021516e-08 +8.854021516e-08 +2.196000009e+01 +2.196000009e+01 +3.2936e+00 -6.3600e-01
6588 +6.261079122e-08 +6.261079122e-08 +2.196000006e+01 +2.196000006e+01 +3.2936e+00 -6.3600e-01
6795 +3.803027582e-08 +3.803027582e-08 +2.196000004e+01 +2.196000004e+01 +3.2936e+00 -6.3600e-01
6957 +2.107366015e-08 +2.107366015e-08 +2.196000002e+01 +2.196000002e+01 +3.2936e+00 -6.3600e-01
7095 +1.560988139e-08 +1.560988139e-08 +2.196000002e+01 +2.196000002e+01 +3.2936e+00 -6.3600e-01
7165 +9.687610714e-09 +9.687610714e-09 +2.196000001e+01 +2.196000001e+01 +3.2936e+00 -6.3600e-01
% function evaluation | noise-free fitness - Fopt (-2.139000000000e+01) | best noise-free fitness - Fopt | measured fitness | best measured fitness | x1 | x2...
1 +4.994647810e+01 +4.994647810e+01 +2.855647810e+01 +2.855647810e+01 -2.3936e+00 +2.7555e+00
16 +3.173123408e+01 +3.173123408e+01 +1.034123408e+01 +1.034123408e+01 +2.6892e-01 +3.6492e+00
41 +2.232779317e+01 +2.232779317e+01 +9.377931730e-01 +9.377931730e-01 +1.4006e+00 +2.3970e+00
113 +1.038346105e+01 +1.038346105e+01 -1.100653895e+01 -1.100653895e+01 +3.2415e+00 +3.7650e+00
132 +9.642069098e+00 +9.642069098e+00 -1.174793090e+01 -1.174793090e+01 +3.2575e+00 +3.7754e+00
219 +5.236324355e+00 +5.236324355e+00 -1.615367564e+01 -1.615367564e+01 +3.2483e+00 +3.4581e+00
728 +1.975264371e+00 +1.975264371e+00 -1.941473563e+01 -1.941473563e+01 +3.2736e+00 +3.1817e+00
815 +1.436696766e+00 +1.436696766e+00 -1.995330323e+01 -1.995330323e+01 +3.2472e+00 +3.1742e+00
1010 +9.986071548e-01 +9.986071548e-01 -2.039139285e+01 -2.039139285e+01 +3.2015e+00 +3.1655e+00
% function evaluation | noise-free fitness - Fopt (5.176600000000e+02) | best noise-free fitness - Fopt | measured fitness | best measured fitness | x1 | x2...
1 +6.157847797e+02 +6.157847797e+02 +1.133444780e+03 +1.133444780e+03 +4.9160e+00 -4.3016e+00
2 +2.930842762e+02 +2.930842762e+02 +8.107442762e+02 +8.107442762e+02 +2.0815e+00 -1.9477e+00
3 +9.131995595e+01 +9.131995595e+01 +6.089799560e+02 +6.089799560e+02 +4.2817e+00 +2.6237e+00
4 +4.511985670e+01 +4.511985670e+01 +5.627798567e+02 +5.627798567e+02 -4.9936e+00 +1.8757e+00
6 +2.998393883e+01 +2.998393883e+01 +5.476439388e+02 +5.476439388e+02 -3.5998e+00 +3.0568e+00
29 +1.197204722e+01 +1.197204722e+01 +5.296320472e+02 +5.296320472e+02 -3.0140e+00 +3.7800e+00
107 +7.114441816e+00 +7.114441816e+00 +5.247744418e+02 +5.247744418e+02 -2.9467e+00 +3.8099e+00
200 +5.559533983e+00 +5.559533983e+00 +5.232195340e+02 +5.232195340e+02 -2.8705e+00 +3.8122e+00
603 +2.682919911e+00 +2.682919911e+00 +5.203429199e+02 +5.203429199e+02 -2.9232e+00 +3.5341e+00
659 +2.181492264e+00 +2.181492264e+00 +5.198414923e+02 +5.198414923e+02 -2.9074e+00 +3.5356e+00
1285 +6.296604046e-01 +6.296604046e-01 +5.182896604e+02 +5.182896604e+02 -3.8694e+00 +3.1561e+00
1321 +7.674934965e-02 +7.674934965e-02 +5.177367493e+02 +5.177367493e+02 -3.9060e+00 +3.1753e+00
1332 +5.739974148e-02 +5.739974148e-02 +5.177173997e+02 +5.177173997e+02 -3.8727e+00 +3.1755e+00
1453 +6.608204096e-03 +6.608204096e-03 +5.176666082e+02 +5.176666082e+02 -3.8923e+00 +3.1738e+00
1553 +6.286559409e-03 +6.286559409e-03 +5.176662866e+02 +5.176662866e+02 -3.8923e+00 +3.1738e+00
1568 +2.149476753e-03 +2.149476753e-03 +5.176621495e+02 +5.176621495e+02 -3.8875e+00 +3.1717e+00
1577 +1.394986733e-03 +1.394986733e-03 +5.176613950e+02 +5.176613950e+02 -3.8875e+00 +3.1719e+00
1713 +8.418251294e-04 +8.418251294e-04 +5.176608418e+02 +5.176608418e+02 -3.8874e+00 +3.1722e+00
1728 +6.122076288e-04 +6.122076288e-04 +5.176606122e+02 +5.176606122e+02 -3.8874e+00 +3.1723e+00
1846 +2.832779290e-04 +2.832779290e-04 +5.176602833e+02 +5.176602833e+02 -3.8888e+00 +3.1725e+00
1857 +1.742647355e-04 +1.742647355e-04 +5.176601743e+02 +5.176601743e+02 -3.8888e+00 +3.1726e+00
1913 +1.583439005e-04 +1.583439005e-04 +5.176601583e+02 +5.176601583e+02 -3.8887e+00 +3.1726e+00
2002 +8.157604543e-05 +8.157604543e-05 +5.176600816e+02 +5.176600816e+02 -3.8886e+00 +3.1727e+00
2013 +6.011135724e-05 +6.011135724e-05 +5.176600601e+02 +5.176600601e+02 -3.8885e+00 +3.1729e+00
2059 +8.965304005e-06 +8.965304005e-06 +5.176600090e+02 +5.176600090e+02 -3.8882e+00 +3.1728e+00
2164 +4.585929560e-06 +4.585929560e-06 +5.176600046e+02 +5.176600046e+02 -3.8881e+00 +3.1728e+00
2256 +3.767867156e-06 +3.767867156e-06 +5.176600038e+02 +5.176600038e+02 -3.8881e+00 +3.1728e+00
2284 +1.142294195e-06 +1.142294195e-06 +5.176600011e+02 +5.176600011e+02 -3.8881e+00 +3.1728e+00
2351 +7.009907677e-08 +7.009907677e-08 +5.176600001e+02 +5.176600001e+02 -3.8880e+00 +3.1728e+00
2459 +6.249854323e-08 +6.249854323e-08 +5.176600001e+02 +5.176600001e+02 -3.8880e+00 +3.1728e+00
2556 +3.746890798e-08 +3.746890798e-08 +5.176600000e+02 +5.176600000e+02 -3.8880e+00 +3.1728e+00
2591 +2.106389729e-08 +2.106389729e-08 +5.176600000e+02 +5.176600000e+02 -3.8880e+00 +3.1728e+00
2727 +1.543457984e-08 +1.543457984e-08 +5.176600000e+02 +5.176600000e+02 -3.8880e+00 +3.1728e+00
2981 +6.568370736e-09 +6.568370736e-09 +5.176600000e+02 +5.176600000e+02 -3.8880e+00 +3.1728e+00
