% function evaluation | noise-free fitness - Fopt (-1.000000000000e+03) | best noise-free fitness - Fopt | measured fitness | best measured fitness | x1 | x2...
1 +2.423700676e+01 +2.423700676e+01 -9.757629932e+02 -9.757629932e+02 +2.9676e+00 -3.2908e+00 +1.8562e+00 -2.3572e+00 +1.8208e+00
12 +9.496012894e+00 +9.496012894e+00 -9.905039871e+02 -9.905039871e+02 +2.0726e+00 +5.6660e-01 +1.2608e+00 -6.0659e-01 -1.0054e+00
274 +6.085488817e+00 +6.085488817e+00 -9.939145112e+02 -9.939145112e+02 +2.1055e+00 +5.5354e-01 +1.2900e+00 -5.5545e-01 -1.0604e+00
416 +3.482034554e+00 +3.482034554e+00 -9.965179654e+02 -9.965179654e+02 +2.1172e+00 +5.2886e-01 +1.2970e+00 -5.3832e-01 -1.0914e+00
569 +2.427464321e+00 +2.427464321e+00 -9.975725357e+02 -9.975725357e+02 +2.1202e+00 +5.0015e-01 +1.2885e+00 -5.3308e-01 -1.1150e+00
875 +1.544671035e+00 +1.544671035e+00 -9.984553290e+02 -9.984553290e+02 +2.1471e+00 +4.0779e-01 +1.3048e+00 -4.7598e-01 -1.1432e+00
1025 +9.345215500e-01 +9.345215500e-01 -9.990654785e+02 -9.990654785e+02 +2.1704e+00 +3.7236e-01 +1.3271e+00 -4.7397e-01 -1.1017e+00
1176 +6.041333101e-01 +6.041333101e-01 -9.993958667e+02 -9.993958667e+02 +2.1880e+00 +3.5582e-01 +1.3726e+00 -4.7394e-01 -1.1001e+00
1532 +3.922773727e-01 +3.922773727e-01 -9.996077226e+02 -9.996077226e+02 +2.1431e+00 +2.8514e-01 +1.4655e+00 -4.2196e-01 -1.0570e+00
1683 +2.473966802e-01 +2.473966802e-01 -9.997526033e+02 -9.997526033e+02 +2.0987e+00 +2.4456e-01 +1.5000e+00 -4.1001e-01 -1.0810e+00
1953 +1.569506143e-01 +1.569506143e-01 -9.998430494e+02 -9.998430494e+02 +2.0864e+00 +2.3479e-01 +1.5629e+00 -3.5237e-01 -1.0450e+00
2608 +9.973802863e-02 +9.973802863e-02 -9.999002620e+02 -9.999002620e+02 +1.9484e+00 +2.2806e-01 +1.6946e+00 -3.0924e-01 -1.0954e+00
3116 +6.211680989e-02 +6.211680989e-02 -9.999378832e+02 -9.999378832e+02 +1.8547e+00 +2.4868e-01 +1.7665e+00 -2.7353e-01 -1.1374e+00
3474 +3.935804616e-02 +3.935804616e-02 -9.999606420e+02 -9.999606420e+02 +1.7876e+00 +2.9558e-01 +1.8442e+00 -2.0591e-01 -1.1695e+00
3801 +2.496029238e-02 +2.496029238e-02 -9.999750397e+02 -9.999750397e+02 +1.7446e+00 +3.3171e-01 +1.9071e+00 -1.4495e-01 -1.1895e+00
4149 +1.556986743e-02 +1.556986743e-02 -9.999844301e+02 -9.999844301e+02 +1.7231e+00 +3.9500e-01 +1.9722e+00 -9.7400e-02 -1.2158e+00
4641 +9.997078771e-03 +9.997078771e-03 -9.999900029e+02 -9.999900029e+02 +1.6662e+00 +4.3793e-01 +2.0635e+00 -5.5576e-02 -1.2571e+00
4868 +5.856855976e-03 +5.856855976e-03 -9.999941431e+02 -9.999941431e+02 +1.6522e+00 +4.6985e-01 +2.1020e+00 -2.3976e-02 -1.2668e+00
5068 +3.880518268e-03 +3.880518268e-03 -9.999961195e+02 -9.999961195e+02 +1.6439e+00 +5.2080e-01 +2.1289e+00 -3.8790e-03 -1.2898e+00
5566 +2.429785087e-03 +2.429785087e-03 -9.999975702e+02 -9.999975702e+02 +1.5886e+00 +5.4549e-01 +2.2181e+00 -1.9244e-02 -1.3503e+00
5767 +1.511988417e-03 +1.511988417e-03 -9.999984880e+02 -9.999984880e+02 +1.6049e+00 +5.7744e-01 +2.2453e+00 +2.4391e-02 -1.3374e+00
5946 +9.400741195e-04 +9.400741195e-04 -9.999990599e+02 -9.999990599e+02 +1.5616e+00 +5.9564e-01 +2.2751e+00 +5.9237e-03 -1.3874e+00
6233 +5.114467915e-04 +5.114467915e-04 -9.999994886e+02 -9.999994886e+02 +1.5338e+00 +6.2012e-01 +2.3403e+00 +2.2159e-02 -1.4172e+00
6391 +3.757691991e-04 +3.757691991e-04 -9.999996242e+02 -9.999996242e+02 +1.5085e+00 +6.2428e-01 +2.3548e+00 +2.6345e-02 -1.4322e+00
6527 +2.319564607e-04 +2.319564607e-04 -9.999997680e+02 -9.999997680e+02 +1.5247e+00 +6.5565e-01 +2.3890e+00 +1.9614e-02 -1.4399e+00
6755 +1.462020607e-04 +1.462020607e-04 -9.999998538e+02 -9.999998538e+02 +1.5167e+00 +6.8036e-01 +2.4151e+00 +3.5585e-02 -1.4548e+00
7016 +9.787755528e-05 +9.787755528e-05 -9.999999021e+02 -9.999999021e+02 +1.4946e+00 +6.7559e-01 +2.4402e+00 +3.2684e-02 -1.4664e+00
7161 +5.021695881e-05 +5.021695881e-05 -9.999999498e+02 -9.999999498e+02 +1.4732e+00 +6.8872e-01 +2.4762e+00 +3.6628e-02 -1.4881e+00
7201 +3.445572656e-05 +3.445572656e-05 -9.999999655e+02 -9.999999655e+02 +1.4669e+00 +6.9766e-01 +2.4884e+00 +4.0383e-02 -1.4937e+00
7452 +2.451817511e-05 +2.451817511e-05 -9.999999755e+02 -9.999999755e+02 +1.4609e+00 +7.4066e-01 +2.5156e+00 +4.5409e-02 -1.5206e+00
7547 +1.383878759e-05 +1.383878759e-05 -9.999999862e+02 -9.999999862e+02 +1.4544e+00 +7.2712e-01 +2.5292e+00 +4.6256e-02 -1.5196e+00
7649 +8.315682749e-06 +8.315682749e-06 -9.999999917e+02 -9.999999917e+02 +1.4440e+00 +7.4140e-01 +2.5415e+00 +6.4306e-02 -1.5261e+00
7856 +5.908791195e-06 +5.908791195e-06 -9.999999941e+02 -9.999999941e+02 +1.4256e+00 +7.4924e-01 +2.5680e+00 +4.3932e-02 -1.5499e+00
8090 +3.468300179e-06 +3.468300179e-06 -9.999999965e+02 -9.999999965e+02 +1.4234e+00 +7.4545e-01 +2.5724e+00 +1.8253e-02 -1.5694e+00
8166 +1.899431936e-06 +1.899431936e-06 -9.999999981e+02 -9.999999981e+02 +1.4060e+00 +7.6232e-01 +2.6049e+00 -2.7746e-03 -1.5974e+00
8223 +1.546811404e-06 +1.546811404e-06 -9.999999985e+02 -9.999999985e+02 +1.4002e+00 +7.5940e-01 +2.6161e+00 -1.2906e-02 -1.6064e+00
8522 +8.686100728e-07 +8.686100728e-07 -9.999999991e+02 -9.999999991e+02 +1.3773e+00 +7.2501e-01 +2.6031e+00 -4.7203e-02 -1.6225e+00
8750 +4.884374221e-07 +4.884374221e-07 -9.999999995e+02 -9.999999995e+02 +1.3753e+00 +7.5487e-01 +2.6273e+00 -3.6573e-02 -1.6337e+00
8922 +3.323776809e-07 +3.323776809e-07 -9.999999997e+02 -9.999999997e+02 +1.3778e+00 +7.4946e-01 +2.6267e+00 -4.4062e-02 -1.6329e+00
9284 +1.802047791e-07 +1.802047791e-07 -9.999999998e+02 -9.999999998e+02 +1.3729e+00 +7.3835e-01 +2.6174e+00 -5.5601e-02 -1.6352e+00
9431 +1.567376557e-07 +1.567376557e-07 -9.999999998e+02 -9.999999998e+02 +1.3830e+00 +7.3550e-01 +2.6151e+00 -6.6989e-02 -1.6351e+00
9646 +8.122572126e-08 +8.122572126e-08 -9.999999999e+02 -9.999999999e+02 +1.3686e+00 +7.3451e-01 +2.6215e+00 -8.1131e-02 -1.6529e+00
9935 +4.567402812e-08 +4.567402812e-08 -1.000000000e+03 -1.000000000e+03 +1.3664e+00 +7.3165e-01 +2.6199e+00 -8.7804e-02 -1.6543e+00
10080 +2.699277957e-08 +2.699277957e-08 -1.000000000e+03 -1.000000000e+03 +1.3696e+00 +7.1674e-01 +2.6119e+00 -1.1199e-01 -1.6578e+00
10181 +1.841681296e-08 +1.841681296e-08 -1.000000000e+03 -1.000000000e+03 +1.3632e+00 +7.1368e-01 +2.6130e+00 -1.1955e-01 -1.6621e+00
10795 +1.456123755e-08 +1.456123755e-08 -1.000000000e+03 -1.000000000e+03 +1.3670e+00 +7.2171e-01 +2.6154e+00 -1.1047e-01 -1.6595e+00
11999 +3.470063348e-09 +3.470063348e-09 -1.000000000e+03 -1.000000000e+03 +1.3600e+00 +7.2476e-01 +2.6257e+00 -1.1056e-01 -1.6675e+00
% function evaluation | noise-free fitness - Fopt (1.000000000000e+03) | best noise-free fitness - Fopt | measured fitness | best measured fitness | x1 | x2...
1 +3.232723417e+01 +3.232723417e+01 +1.032327234e+03 +1.032327234e+03 +2.7582e-02 +3.4105e+00 -2.6347e+00 +3.5345e+00 +7.7415e-01
18 +2.156462916e+01 +2.156462916e+01 +1.021564629e+03 +1.021564629e+03 +4.7567e+00 +2.7417e+00 -2.1552e+00 +2.5835e+00 +2.9513e+00
42 +1.502561373e+01 +1.502561373e+01 +1.015025614e+03 +1.015025614e+03 -3.6765e+00 +2.8027e+00 +1.6066e+00 -4.8094e+00 -2.3166e+00
56 +8.957772472e+00 +8.957772472e+00 +1.008957772e+03 +1.008957772e+03 +2.3598e+00 +4.2178e+00 +3.0777e+00 -3.5409e+00 +4.1499e+00
2824 +6.299785998e+00 +6.299785998e+00 +1.006299786e+03 +1.006299786e+03 +2.0707e+00 +3.9340e+00 +3.0219e+00 -3.2276e+00 +3.6006e+00
6072 +3.980388371e+00 +3.980388371e+00 +1.003980388e+03 +1.003980388e+03 +2.0093e+00 +3.3846e+00 +2.6531e+00 -2.9893e+00 +2.8912e+00
% function evaluation | noise-free fitness - Fopt (-4.913000000000e+01) | best noise-free fitness - Fopt | measured fitness | best measured fitness | x1 | x2...
1 +7.522526277e+01 +7.522526277e+01 +2.609526277e+01 +2.609526277e+01 +2.8318e+00 -3.2124e+00 -6.8634e-01 +4.1954e+00 +9.4054e-01
5 +5.506363834e+01 +5.506363834e+01 +5.933638338e+00 +5.933638338e+00 -1.0082e+00 -1.9756e+00 +1.8104e+00 -3.4679e+00 +7.5882e-01
24 +3.075729462e+01 +3.075729462e+01 -1.837270538e+01 -1.837270538e+01 -6.2571e-01 -3.4092e+00 +7.5325e-01 +1.6985e+00 +6.1636e-02
77 +1.263090937e+01 +1.263090937e+01 -3.649909063e+01 -3.649909063e+01 -1.2876e+00 +8.7187e-01 -5.0754e-01 +3.2724e+00 +1.3454e+00
233 +9.971458897e+00 +9.971458897e+00 -3.915854110e+01 -3.915854110e+01 -1.2562e+00 +9.0966e-01 -5.3641e-01 +3.2686e+00 +1.3125e+00
919 +6.231404612e+00 +6.231404612e+00 -4.289859539e+01 -4.289859539e+01 -1.1752e+00 +1.0524e+00 -5.8073e-01 +3.2360e+00 +1.1600e+00
1529 +3.889139022e+00 +3.889139022e+00 -4.524086098e+01 -4.524086098e+01 -1.1591e+00 +1.2294e+00 -6.0982e-01 +3.1579e+00 +1.0967e+00
2632 +2.502728312e+00 +2.502728312e+00 -4.662727169e+01 -4.662727169e+01 -1.3040e+00 +1.4882e+00 -7.5245e-01 +3.1352e+00 +1.0651e+00
% function evaluation | noise-free fitness - Fopt (2.977300000000e+02) | best noise-free fitness - Fopt | measured fitness | best measured fitness | x1 | x2...
1 +8.433043753e+01 +8.433043753e+01 +3.820604375e+02 +3.820604375e+02 +2.1102e+00 -4.6350e+00 +4.7829e+00 -2.9180e+00 -3.7286e+00
21 +6.116987356e+01 +6.116987356e+01 +3.588998736e+02 +3.588998736e+02 -1.0266e+00 -3.1660e+00 -6.0947e-01 -8.7362e-01 -1.2980e+00
25 +2.662361455e+01 +2.662361455e+01 +3.243536145e+02 +3.243536145e+02 -3.9629e+00 +5.8560e-01 -5.3944e-01 +1.6762e+00 -1.6506e+00
57 +1.043504125e+01 +1.043504125e+01 +3.081650413e+02 +3.081650413e+02 +4.1519e+00 -3.7708e+00 +1.1078e+00 -4.9696e+00 -6.1948e-01
214 +9.874460022e+00 +9.874460022e+00 +3.076044600e+02 +3.076044600e+02 +4.1633e+00 -3.7572e+00 +1.1252e+00 -4.9451e+00 -6.2239e-01
1297 +6.280509032e+00 +6.280509032e+00 +3.040105090e+02 +3.040105090e+02 +4.1393e+00 -3.7818e+00 +1.3221e+00 -4.6890e+00 -6.7606e-01
1785 +3.942126471e+00 +3.942126471e+00 +3.016721265e+02 +3.016721265e+02 +4.0810e+00 -3.7364e+00 +1.4418e+00 -4.5661e+00 -7.0305e-01
2296 +2.506569746e+00 +2.506569746e+00 +3.002365697e+02 +3.002365697e+02 +4.0959e+00 -3.7617e+00 +1.5428e+00 -4.4082e+00 -7.1918e-01
% function evaluation | noise-free fitness - Fopt (5.157000000000e+01) | best noise-free fitness - Fopt | measured fitness | best measured fitness | x1 | x2...
1 +8.653904617e+01 +8.653904617e+01 +1.381090462e+02 +1.381090462e+02 +4.9893e+00 +3.9541e+00 +3.5312e+00 +2.8427e+00 +1.8503e+00
4 +5.407130837e+01 +5.407130837e+01 +1.056413084e+02 +1.056413084e+02 -3.5047e+00 +3.9444e+00 +1.2960e-01 +6.1304e-01 +2.0455e+00
14 +3.150398013e+01 +3.150398013e+01 +8.307398013e+01 +8.307398013e+01 -2.8067e+00 -3.9912e+00 -9.5815e-01 -4.4117e+00 +2.4687e+00
70 +2.201826687e+01 +2.201826687e+01 +7.358826687e+01 +7.358826687e+01 +3.3459e+00 -2.2639e+00 -2.7889e+00 -2.9088e+00 +2.5920e+00
306 +1.578968989e+01 +1.578968989e+01 +6.735968989e+01 +6.735968989e+01 +3.3904e+00 -2.2056e+00 -2.7729e+00 -2.9362e+00 +2.5672e+00
521 +9.902062627e+00 +9.902062627e+00 +6.147206263e+01 +6.147206263e+01 +3.4463e+00 -2.2419e+00 -2.7120e+00 -2.9732e+00 +2.5443e+00
945 +6.072912469e+00 +6.072912469e+00 +5.764291247e+01 +5.764291247e+01 +3.5465e+00 -2.2514e+00 -2.6817e+00 -2.9812e+00 +2.4332e+00
1174 +3.525116562e+00 +3.525116562e+00 +5.509511656e+01 +5.509511656e+01 +3.5547e+00 -2.2684e+00 -2.6422e+00 -2.9722e+00 +2.3448e+00
1448 +2.481071361e+00 +2.481071361e+00 +5.405107136e+01 +5.405107136e+01 +3.4897e+00 -2.2440e+00 -2.5874e+00 -2.9614e+00 +2.3002e+00
2471 +1.575237238e+00 +1.575237238e+00 +5.314523724e+01 +5.314523724e+01 +3.3759e+00 -2.2904e+00 -2.3624e+00 -2.8649e+00 +2.1121e+00
3012 +9.862447945e-01 +9.862447945e-01 +5.255624479e+01 +5.255624479e+01 +3.3035e+00 -2.2285e+00 -2.2279e+00 -2.8251e+00 +2.1162e+00
3684 +6.300582415e-01 +6.300582415e-01 +5.220005824e+01 +5.220005824e+01 +3.2111e+00 -2.1468e+00 -2.1055e+00 -2.8241e+00 +2.1496e+00
5619 +3.929746134e-01 +3.929746134e-01 +5.196297461e+01 +5.196297461e+01 +2.9007e+00 -1.8236e+00 -1.8226e+00 -2.7982e+00 +2.1350e+00
6382 +2.499669294e-01 +2.499669294e-01 +5.181996693e+01 +5.181996693e+01 +2.7741e+00 -1.6752e+00 -1.8095e+00 -2.8653e+00 +2.1063e+00
7037 +1.583322582e-01 +1.583322582e-01 +5.172833226e+01 +5.172833226e+01 +2.6345e+00 -1.5676e+00 -1.7039e+00 -2.8850e+00 +2.1027e+00
8378 +9.880043444e-02 +9.880043444e-02 +5.166880043e+01 +5.166880043e+01 +2.4599e+00 -1.2095e+00 -1.7180e+00 -2.8566e+00 +2.0190e+00
9250 +6.114812746e-02 +6.114812746e-02 +5.163114813e+01 +5.163114813e+01 +2.3702e+00 -9.9399e-01 -1.6981e+00 -2.7841e+00 +1.9718e+00
10356 +3.862332836e-02 +3.862332836e-02 +5.160862333e+01 +5.160862333e+01 +2.2948e+00 -7.5422e-01 -1.7052e+00 -2.7298e+00 +1.9193e+00
11029 +2.496543957e-02 +2.496543957e-02 +5.159496544e+01 +5.159496544e+01 +2.2140e+00 -5.8214e-01 -1.7401e+00 -2.7221e+00 +1.8724e+00
11874 +1.570268523e-02 +1.570268523e-02 +5.158570269e+01 +5.158570269e+01 +2.1771e+00 -3.7074e-01 -1.7624e+00 -2.6459e+00 +1.8230e+00
12852 +9.855570827e-03 +9.855570827e-03 +5.157985557e+01 +5.157985557e+01 +2.1164e+00 -1.3607e-01 -1.7908e+00 -2.5475e+00 +1.7470e+00
13397 +6.051456228e-03 +6.051456228e-03 +5.157605146e+01 +5.157605146e+01 +2.1336e+00 -4.4977e-02 -1.8286e+00 -2.4757e+00 +1.7276e+00
13877 +3.964053635e-03 +3.964053635e-03 +5.157396405e+01 +5.157396405e+01 +2.0945e+00 +7.6138e-02 -1.8418e+00 -2.4457e+00 +1.7052e+00
14939 +2.466739157e-03 +2.466739157e-03 +5.157246674e+01 +5.157246674e+01 +2.0578e+00 +2.9973e-01 -1.8843e+00 -2.3559e+00 +1.6314e+00
15232 +1.532836103e-03 +1.532836103e-03 +5.157153284e+01 +5.157153284e+01 +2.0550e+00 +3.6498e-01 -1.9023e+00 -2.3242e+00 +1.6219e+00
15721 +9.633077960e-04 +9.633077960e-04 +5.157096331e+01 +5.157096331e+01 +2.0689e+00 +4.4389e-01 -1.9416e+00 -2.2717e+00 +1.5948e+00
16719 +6.201115893e-04 +6.201115893e-04 +5.157062011e+01 +5.157062011e+01 +2.0737e+00 +5.9011e-01 -1.9849e+00 -2.1932e+00 +1.5527e+00
17002 +3.905681682e-04 +3.905681682e-04 +5.157039057e+01 +5.157039057e+01 +2.0596e+00 +6.3936e-01 -1.9976e+00 -2.1720e+00 +1.5278e+00
17550 +2.378712821e-04 +2.378712821e-04 +5.157023787e+01 +5.157023787e+01 +2.0424e+00 +7.2586e-01 -2.0039e+00 -2.1309e+00 +1.5089e+00
18077 +1.496000699e-04 +1.496000699e-04 +5.157014960e+01 +5.157014960e+01 +2.0631e+00 +8.0588e-01 -2.0269e+00 -2.0685e+00 +1.4907e+00
18412 +9.846431700e-05 +9.846431700e-05 +5.157009846e+01 +5.157009846e+01 +2.0627e+00 +8.3510e-01 -2.0654e+00 -2.0570e+00 +1.4730e+00
18922 +6.096983221e-05 +6.096983221e-05 +5.157006097e+01 +5.157006097e+01 +2.0754e+00 +8.8687e-01 -2.0881e+00 -2.0195e+00 +1.4470e+00
19029 +3.971210430e-05 +3.971210430e-05 +5.157003971e+01 +5.157003971e+01 +2.0628e+00 +9.1895e-01 -2.0899e+00 -2.0169e+00 +1.4445e+00
19524 +2.471844331e-05 +2.471844331e-05 +5.157002472e+01 +5.157002472e+01 +2.0739e+00 +9.8083e-01 -2.1178e+00 -1.9738e+00 +1.4213e+00
19770 +1.326621796e-05 +1.326621796e-05 +5.157001327e+01 +5.157001327e+01 +2.0888e+00 +1.0050e+00 -2.1327e+00 -1.9464e+00 +1.4167e+00
19876 +9.107782915e-06 +9.107782915e-06 +5.157000911e+01 +5.157000911e+01 +2.0886e+00 +1.0221e+00 -2.1330e+00 -1.9296e+00 +1.4084e+00
20432 +5.622694019e-06 +5.622694019e-06 +5.157000562e+01 +5.157000562e+01 +2.0718e+00 +1.0722e+00 -2.1407e+00 -1.9150e+00 +1.3988e+00
20795 +3.646482142e-06 +3.646482142e-06 +5.157000365e+01 +5.157000365e+01 +2.0604e+00 +1.1021e+00 -2.1475e+00 -1.9199e+00 +1.3963e+00
21070 +1.933143110e-06 +1.933143110e-06 +5.157000193e+01 +5.157000193e+01 +2.0729e+00 +1.1025e+00 -2.1527e+00 -1.9037e+00 +1.3908e+00
21792 +1.396450770e-06 +1.396450770e-06 +5.157000140e+01 +5.157000140e+01 +2.0687e+00 +1.1406e+00 -2.1680e+00 -1.8915e+00 +1.3818e+00
22040 +9.749470919e-07 +9.749470919e-07 +5.157000097e+01 +5.157000097e+01 +2.0748e+00 +1.1654e+00 -2.1828e+00 -1.8746e+00 +1.3654e+00
22436 +5.190573233e-07 +5.190573233e-07 +5.157000052e+01 +5.157000052e+01 +2.0505e+00 +1.1959e+00 -2.1709e+00 -1.8684e+00 +1.3611e+00
22665 +3.128940378e-07 +3.128940378e-07 +5.157000031e+01 +5.157000031e+01 +2.0585e+00 +1.1925e+00 -2.1687e+00 -1.8655e+00 +1.3667e+00
22890 +1.531842173e-07 +1.531842173e-07 +5.157000015e+01 +5.157000015e+01 +2.0795e+00 +1.1924e+00 -2.1856e+00 -1.8480e+00 +1.3609e+00
23345 +6.990165247e-08 +6.990165247e-08 +5.157000007e+01 +5.157000007e+01 +2.0795e+00 +1.2098e+00 -2.1983e+00 -1.8415e+00 +1.3529e+00
23362 +4.569850631e-08 +4.569850631e-08 +5.157000005e+01 +5.157000005e+01 +2.0766e+00 +1.2154e+00 -2.1909e+00 -1.8376e+00 +1.3555e+00
23944 +1.183577325e-08 +1.183577325e-08 +5.157000001e+01 +5.157000001e+01 +2.0730e+00 +1.2346e+00 -2.1978e+00 -1.8314e+00 +1.3483e+00
24285 +9.858780459e-09 +9.858780459e-09 +5.157000001e+01 +5.157000001e+01 +2.0648e+00 +1.2567e+00 -2.1961e+00 -1.8252e+00 +1.3443e+00
% function evaluation | noise-free fitness - Fopt (1.495000000000e+01) | best noise-free fitness - Fopt | measured fitness | best measured fitness | x1 | x2...
1 +7.546417177e+01 +7.546417177e+01 +9.041417177e+01 +9.041417177e+01 -3.1267e+00 -5.0501e-01 +4.7762e+00 +3.6615e+00 +4.8463e+00
11 +3.816665962e+01 +3.816665962e+01 +5.311665962e+01 +5.311665962e+01 -1.0549e+00 -1.5946e+00 +1.3260e+00 -1.3606e+00 -2.1765e+00
309 +2.509753904e+01 +2.509753904e+01 +4.004753904e+01 +4.004753904e+01 -1.1111e+00 -2.4889e+00 +1.5044e+00 +1.3746e+00 -4.4476e+00
1256 +1.583120460e+01 +1.583120460e+01 +3.078120460e+01 +3.078120460e+01 -1.1175e+00 -2.5887e+00 +1.7487e+00 +1.4266e+00 -4.2907e+00
2020 +9.980212474e+00 +9.980212474e+00 +2.493021247e+01 +2.493021247e+01 -1.2329e+00 -2.7263e+00 +1.9734e+00 +1.4793e+00 -4.2356e+00
4078 +5.692034309e+00 +5.692034309e+00 +2.064203431e+01 +2.064203431e+01 +4.3740e+00 +3.4372e+00 +1.4217e+00 +3.2274e+00 -3.2514e+00
4549 +3.923565005e+00 +3.923565005e+00 +1.887356500e+01 +1.887356500e+01 +4.2887e+00 +3.5122e+00 +1.4320e+00 +3.2943e+00 -3.1996e+00
5037 +2.482315773e+00 +2.482315773e+00 +1.743231577e+01 +1.743231577e+01 +4.2448e+00 +3.5601e+00 +1.4500e+00 +3.4300e+00 -3.1452e+00
6362 +1.565387010e+00 +1.565387010e+00 +1.651538701e+01 +1.651538701e+01 +4.0759e+00 +3.7474e+00 +1.4380e+00 +3.7960e+00 -3.1119e+00
6997 +9.825962654e-01 +9.825962654e-01 +1.593259627e+01 +1.593259627e+01 +4.0526e+00 +3.7579e+00 +1.4082e+00 +3.9915e+00 -3.0566e+00
% function evaluation | noise-free fitness - Fopt (6.938000000000e+01) | best noise-free fitness - Fopt | measured fitness | best measured fitness | x1 | x2...
1 +8.391751291e+01 +8.391751291e+01 +1.532975129e+02 +1.532975129e+02 -4.4498e+00 -3.1454e+00 -4.7021e+00 +1.2011e+00 +1.1519e+00
7 +4.158699050e+01 +4.158699050e+01 +1.109669905e+02 +1.109669905e+02 -4.7441e+00 +2.0825e+00 -4.0459e+00 -2.8788e+00 -1.9409e+00
42 +3.322441527e+01 +3.322441527e+01 +1.026044153e+02 +1.026044153e+02 -4.7689e+00 +3.5623e+00 -2.3952e+00 -4.3339e+00 -3.0579e+00
759 +2.510288949e+01 +2.510288949e+01 +9.448288949e+01 +9.448288949e+01 +7.2708e-01 +3.8614e-01 -2.0329e+00 +1.4739e+00 -1.0215e+00
2453 +1.579861578e+01 +1.579861578e+01 +8.517861578e+01 +8.517861578e+01 +1.1713e+00 +1.8921e-01 -2.0229e+00 +1.5938e+00 -1.3254e+00
3989 +9.964417856e+00 +9.964417856e+00 +7.934441786e+01 +7.934441786e+01 +1.7202e+00 +5.0916e-02 -1.9538e+00 +1.7459e+00 -1.3734e+00
6844 +6.309089672e+00 +6.309089672e+00 +7.568908967e+01 +7.568908967e+01 +2.5862e+00 +1.7599e-01 -2.2071e+00 +2.1085e+00 -1.2746e+00
8826 +3.926294269e+00 +3.926294269e+00 +7.330629427e+01 +7.330629427e+01 +3.0961e+00 +1.1855e-01 -2.4783e+00 +2.2865e+00 -1.1553e+00
% function evaluation | noise-free fitness - Fopt (7.255000000000e+01) | best noise-free fitness - Fopt | measured fitness | best measured fitness | x1 | x2...
1 +8.263921776e+01 +8.263921776e+01 +1.551892178e+02 +1.551892178e+02 +8.0622e-01 +2.5577e-01 -3.0624e+00 -1.5447e+00 -4.1562e+00
4 +4.439179674e+01 +4.439179674e+01 +1.169417967e+02 +1.169417967e+02 +2.3514e+00 -4.8733e+00 +2.1579e+00 -3.9901e-03 +6.3408e-01
8 +1.595702443e+01 +1.595702443e+01 +8.850702443e+01 +8.850702443e+01 +3.1096e+00 +3.9860e-01 +5.5380e-01 -2.8330e+00 +4.1499e-01
109 +1.572779917e+01 +1.572779917e+01 +8.827779917e+01 +8.827779917e+01 +3.1100e+00 +4.1022e-01 +5.4688e-01 -2.8489e+00 +4.1931e-01
930 +9.965486356e+00 +9.965486356e+00 +8.251548636e+01 +8.251548636e+01 +3.2798e+00 +4.6033e-01 +6.1439e-01 -3.0813e+00 +2.8654e-01
2232 +6.178619406e+00 +6.178619406e+00 +7.872861941e+01 +7.872861941e+01 +3.5484e+00 +4.8782e-01 +6.8977e-01 -3.3736e+00 +5.8803e-02
2806 +3.879507892e+00 +3.879507892e+00 +7.642950789e+01 +7.642950789e+01 +3.7002e+00 +4.6219e-01 +7.0836e-01 -3.5095e+00 -2.9715e-02
3521 +2.476626579e+00 +2.476626579e+00 +7.502662658e+01 +7.502662658e+01 +3.7630e+00 +4.1551e-01 +6.9588e-01 -3.7107e+00 -1.4187e-01
% function evaluation | noise-free fitness - Fopt (-5.473100000000e+02) | best noise-free fitness - Fopt | measured fitness | best measured fitness | x1 | x2...
1 +6.823157608e+01 +6.823157608e+01 -4.790784239e+02 -4.790784239e+02 +2.2138e+00 +1.1391e-01 +4.7345e+00 -7.7210e-01 +1.9645e+00
7 +4.121628338e+01 +4.121628338e+01 -5.060937166e+02 -5.060937166e+02 -3.8686e+00 +3.3619e+00 -3.0966e-01 -3.0154e+00 +1.2585e+00
11 +3.333799001e+01 +3.333799001e+01 -5.139720100e+02 -5.139720100e+02 -2.0427e+00 +1.1653e+00 -1.3810e+00 -1.5418e+00 +3.3312e+00
97 +4.126073054e+00 +4.126073054e+00 -5.431839269e+02 -5.431839269e+02 -4.4045e+00 +3.0232e+00 -3.0188e-02 -3.5896e+00 +1.0676e+00
116 +3.872234516e+00 +3.872234516e+00 -5.434377655e+02 -5.434377655e+02 -4.4119e+00 +3.0347e+00 -2.8837e-02 -3.5942e+00 +1.0630e+00
357 +2.378967042e+00 +2.378967042e+00 -5.449310330e+02 -5.449310330e+02 -4.3814e+00 +3.0563e+00 +7.0045e-02 -3.6214e+00 +1.0168e+00
1186 +1.583580299e+00 +1.583580299e+00 -5.457264197e+02 -5.457264197e+02 -4.3282e+00 +3.2415e+00 +1.5355e-01 -3.6162e+00 +8.4407e-01
1541 +9.924217915e-01 +9.924217915e-01 -5.463175782e+02 -5.463175782e+02 -4.2907e+00 +3.2857e+00 +1.5867e-01 -3.5950e+00 +7.5302e-01
1913 +6.126756606e-01 +6.126756606e-01 -5.466973243e+02 -5.466973243e+02 -4.2062e+00 +3.3265e+00 +1.9076e-01 -3.5317e+00 +6.7779e-01
3212 +3.959627150e-01 +3.959627150e-01 -5.469140373e+02 -5.469140373e+02 -3.9280e+00 +3.4729e+00 +2.1852e-01 -3.4734e+00 +5.2352e-01
3685 +2.482332621e-01 +2.482332621e-01 -5.470617667e+02 -5.470617667e+02 -3.8006e+00 +3.4828e+00 +2.3715e-01 -3.4450e+00 +4.7283e-01
4238 +1.576535705e-01 +1.576535705e-01 -5.471523464e+02 -5.471523464e+02 -3.6808e+00 +3.5508e+00 +2.2957e-01 -3.4843e+00 +4.4718e-01
5101 +9.940510134e-02 +9.940510134e-02 -5.472105949e+02 -5.472105949e+02 -3.4416e+00 +3.5997e+00 +2.3337e-01 -3.5145e+00 +4.2611e-01
5563 +6.134615139e-02 +6.134615139e-02 -5.472486538e+02 -5.472486538e+02 -3.2936e+00 +3.6089e+00 +2.5935e-01 -3.5305e+00 +4.0658e-01
6174 +3.887744205e-02 +3.887744205e-02 -5.472711226e+02 -5.472711226e+02 -3.1499e+00 +3.6076e+00 +2.8170e-01 -3.5915e+00 +4.3095e-01
6545 +2.431467788e-02 +2.431467788e-02 -5.472856853e+02 -5.472856853e+02 -3.0490e+00 +3.6415e+00 +2.8999e-01 -3.6055e+00 +4.1848e-01
7023 +1.565917143e-02 +1.565917143e-02 -5.472943408e+02 -5.472943408e+02 -2.9392e+00 +3.6866e+00 +2.7187e-01 -3.6294e+00 +4.0967e-01
7533 +9.704705267e-03 +9.704705267e-03 -5.473002953e+02 -5.473002953e+02 -2.7861e+00 +3.7276e+00 +2.7307e-01 -3.7016e+00 +4.2439e-01
7700 +5.402920790e-03 +5.402920790e-03 -5.473045971e+02 -5.473045971e+02 -2.7157e+00 +3.7195e+00 +2.7756e-01 -3.7039e+00 +4.2578e-01
8034 +3.949583434e-03 +3.949583434e-03 -5.473060504e+02 -5.473060504e+02 -2.6542e+00 +3.7108e+00 +3.0306e-01 -3.7049e+00 +4.2781e-01
8720 +2.362776283e-03 +2.362776283e-03 -5.473076372e+02 -5.473076372e+02 -2.5058e+00 +3.6881e+00 +3.7453e-01 -3.6877e+00 +3.8758e-01
8926 +1.525685821e-03 +1.525685821e-03 -5.473084743e+02 -5.473084743e+02 -2.4692e+00 +3.6665e+00 +4.0055e-01 -3.6966e+00 +4.0897e-01
9217 +9.892460826e-04 +9.892460826e-04 -5.473090108e+02 -5.473090108e+02 -2.4187e+00 +3.6388e+00 +4.4120e-01 -3.6957e+00 +4.0988e-01
9813 +6.167510214e-04 +6.167510214e-04 -5.473093832e+02 -5.473093832e+02 -2.3134e+00 +3.6110e+00 +4.9469e-01 -3.6935e+00 +3.9466e-01
10166 +3.934570470e-04 +3.934570470e-04 -5.473096065e+02 -5.473096065e+02 -2.2139e+00 +3.6160e+00 +4.9305e-01 -3.7012e+00 +3.9541e-01
10525 +2.421089811e-04 +2.421089811e-04 -5.473097579e+02 -5.473097579e+02 -2.2162e+00 +3.5638e+00 +5.6004e-01 -3.6667e+00 +3.8472e-01
11133 +1.497515781e-04 +1.497515781e-04 -5.473098502e+02 -5.473098502e+02 -2.1781e+00 +3.5214e+00 +6.1935e-01 -3.6562e+00 +3.8177e-01
11331 +9.889837384e-05 +9.889837384e-05 -5.473099011e+02 -5.473099011e+02 -2.1209e+00 +3.5064e+00 +6.5008e-01 -3.6450e+00 +3.7585e-01
11597 +5.720476133e-05 +5.720476133e-05 -5.473099428e+02 -5.473099428e+02 -2.0906e+00 +3.4407e+00 +7.1809e-01 -3.6216e+00 +3.6873e-01
11642 +3.937744600e-05 +3.937744600e-05 -5.473099606e+02 -5.473099606e+02 -2.0984e+00 +3.4401e+00 +7.2519e-01 -3.6097e+00 +3.7010e-01
12008 +2.403953260e-05 +2.403953260e-05 -5.473099760e+02 -5.473099760e+02 -2.0746e+00 +3.3912e+00 +7.7606e-01 -3.5975e+00 +3.6978e-01
12465 +1.583001790e-05 +1.583001790e-05 -5.473099842e+02 -5.473099842e+02 -2.0512e+00 +3.3811e+00 +7.8864e-01 -3.5889e+00 +3.6889e-01
12800 +9.946071259e-06 +9.946071259e-06 -5.473099901e+02 -5.473099901e+02 -2.0655e+00 +3.3584e+00 +8.1685e-01 -3.5655e+00 +3.6068e-01
13296 +6.140110713e-06 +6.140110713e-06 -5.473099939e+02 -5.473099939e+02 -2.0213e+00 +3.3336e+00 +8.5166e-01 -3.5719e+00 +3.6433e-01
13733 +2.838053888e-06 +2.838053888e-06 -5.473099972e+02 -5.473099972e+02 -2.0269e+00 +3.3034e+00 +8.7824e-01 -3.5493e+00 +3.5936e-01
13886 +1.950076353e-06 +1.950076353e-06 -5.473099980e+02 -5.473099980e+02 -2.0081e+00 +3.3078e+00 +8.7882e-01 -3.5506e+00 +3.6175e-01
14122 +1.544384759e-06 +1.544384759e-06 -5.473099985e+02 -5.473099985e+02 -1.9941e+00 +3.2959e+00 +8.9693e-01 -3.5411e+00 +3.5509e-01
14567 +6.648302815e-07 +6.648302815e-07 -5.473099993e+02 -5.473099993e+02 -1.9960e+00 +3.2591e+00 +9.2874e-01 -3.5254e+00 +3.5533e-01
14784 +5.468099289e-07 +5.468099289e-07 -5.473099995e+02 -5.473099995e+02 -1.9800e+00 +3.2562e+00 +9.3322e-01 -3.5356e+00 +3.6153e-01
14851 +3.859529443e-07 +3.859529443e-07 -5.473099996e+02 -5.473099996e+02 -1.9626e+00 +3.2495e+00 +9.5075e-01 -3.5335e+00 +3.5741e-01
14907 +2.492444082e-07 +2.492444082e-07 -5.473099998e+02 -5.473099998e+02 -1.9578e+00 +3.2529e+00 +9.4699e-01 -3.5262e+00 +3.5358e-01
15231 +1.077913794e-07 +1.077913794e-07 -5.473099999e+02 -5.473099999e+02 -1.9522e+00 +3.2357e+00 +9.6862e-01 -3.5188e+00 +3.5491e-01
15487 +8.357824299e-08 +8.357824299e-08 -5.473099999e+02 -5.473099999e+02 -1.9599e+00 +3.2368e+00 +9.6744e-01 -3.5166e+00 +3.5139e-01
15510 +5.454205620e-08 +5.454205620e-08 -5.473099999e+02 -5.473099999e+02 -1.9661e+00 +3.2291e+00 +9.7382e-01 -3.5092e+00 +3.4910e-01
16298 +1.967930530e-08 +1.967930530e-08 -5.473100000e+02 -5.473100000e+02 -1.9441e+00 +3.2142e+00 +9.9197e-01 -3.5075e+00 +3.5325e-01
16530 +1.239027370e-08 +1.239027370e-08 -5.473100000e+02 -5.473100000e+02 -1.9504e+00 +3.2041e+00 +1.0028e+00 -3.4997e+00 +3.5165e-01
17218 +6.993559509e-09 +6.993559509e-09 -5.473100000e+02 -5.473100000e+02 -1.9484e+00 +3.1923e+00 +1.0090e+00 -3.4948e+00 +3.5179e-01
% function evaluation | noise-free fitness - Fopt (1.000000000000e+03) | best noise-free fitness - Fopt | measured fitness | best measured fitness | x1 | x2...
1 +8.034593432e+01 +8.034593432e+01 +1.080345934e+03 +1.080345934e+03 +4.0648e+00 +5.1122e-01 +1.4644e+00 +3.2651e+00 -2.6748e+00
3 +4.453892690e+01 +4.453892690e+01 +1.044538927e+03 +1.044538927e+03 +4.3204e+00 -2.0860e+00 -2.9794e+00 +4.7006e+00 -2.7747e+00
22 +2.895237618e+01 +2.895237618e+01 +1.028952376e+03 +1.028952376e+03 +5.4693e-01 -4.4815e+00 +2.9182e+00 -1.4450e+00 +9.4494e-01
25 +1.794240569e+01 +1.794240569e+01 +1.017942406e+03 +1.017942406e+03 -2.5082e+00 +2.9921e+00 -1.1866e+00 +1.1175e+00 +7.4229e-01
378 +1.541423282e+01 +1.541423282e+01 +1.015414233e+03 +1.015414233e+03 -2.4651e+00 +2.9782e+00 -1.1909e+00 +1.1601e+00 +8.4651e-01
1259 +9.966967833e+00 +9.966967833e+00 +1.009966968e+03 +1.009966968e+03 -2.3199e+00 +3.0019e+00 -1.1080e+00 +1.2098e+00 +1.0509e+00
2396 +6.231990557e+00 +6.231990557e+00 +1.006231991e+03 +1.006231991e+03 -2.1720e+00 +3.0981e+00 -1.0176e+00 +1.2878e+00 +1.3791e+00
2958 +3.931025459e+00 +3.931025459e+00 +1.003931025e+03 +1.003931025e+03 -2.0735e+00 +3.1479e+00 -9.7695e-01 +1.3032e+00 +1.5105e+00
3419 +2.504052408e+00 +2.504052408e+00 +1.002504052e+03 +1.002504052e+03 -1.9802e+00 +3.2115e+00 -1.0035e+00 +1.3369e+00 +1.6208e+00
4723 +1.545564996e+00 +1.545564996e+00 +1.001545565e+03 +1.001545565e+03 -1.6861e+00 +3.3077e+00 -9.2443e-01 +1.4747e+00 +1.9134e+00
5349 +9.840730480e-01 +9.840730480e-01 +1.000984073e+03 +1.000984073e+03 -1.5404e+00 +3.3671e+00 -9.7782e-01 +1.4944e+00 +2.0412e+00
% function evaluation | noise-free fitness - Fopt (2.935800000000e+02) | best noise-free fitness - Fopt | measured fitness | best measured fitness | x1 | x2...
1 +8.017480921e+01 +8.017480921e+01 +3.737548092e+02 +3.737548092e+02 -2.4862e+00 +4.7207e+00 +2.9673e+00 +2.4538e+00 +1.1401e+00
2 +3.984479864e+01 +3.984479864e+01 +3.334247986e+02 +3.334247986e+02 +2.0602e+00 +2.1266e+00 +2.4140e+00 -3.8531e+00 +1.3756e+00
50 +2.849839362e+01 +2.849839362e+01 +3.220783936e+02 +3.220783936e+02 +1.2316e-01 +1.5002e+00 +3.6320e+00 +3.9401e+00 -2.4008e+00
275 +2.478231212e+01 +2.478231212e+01 +3.183623121e+02 +3.183623121e+02 +1.7159e-01 +1.4820e+00 +3.6842e+00 +3.9195e+00 -2.3588e+00
1376 +1.578013557e+01 +1.578013557e+01 +3.093601356e+02 +3.093601356e+02 +4.2415e-01 +1.5485e+00 +3.9198e+00 +3.8692e+00 -2.3447e+00
% function evaluation | noise-free fitness - Fopt (3.712600000000e+02) | best noise-free fitness - Fopt | measured fitness | best measured fitness | x1 | x2...
1 +1.349661356e+01 +1.349661356e+01 +3.847566136e+02 +3.847566136e+02 +3.3726e+00 +2.5648e+00 +3.4389e+00 -1.5660e+00 -2.6605e+00
56 +9.483827201e+00 +9.483827201e+00 +3.807438272e+02 +3.807438272e+02 -3.7489e+00 +4.5777e+00 +3.9046e+00 -1.1177e+00 +1.0665e+00
679 +6.175386886e+00 +6.175386886e+00 +3.774353869e+02 +3.774353869e+02 -3.5958e+00 +4.5271e+00 +3.9764e+00 -1.0629e+00 +1.0035e+00
925 +3.958289418e+00 +3.958289418e+00 +3.752182894e+02 +3.752182894e+02 -3.5588e+00 +4.4434e+00 +4.0271e+00 -1.0376e+00 +9.6123e-01
1275 +2.394896158e+00 +2.394896158e+00 +3.736548962e+02 +3.736548962e+02 -3.4971e+00 +4.4223e+00 +4.0755e+00 -1.0193e+00 +8.6379e-01
2618 +1.583137961e+00 +1.583137961e+00 +3.728431380e+02 +3.728431380e+02 -3.2174e+00 +4.2236e+00 +4.0467e+00 -1.0606e+00 +6.9751e-01
3085 +9.999095773e-01 +9.999095773e-01 +3.722599096e+02 +3.722599096e+02 -3.0966e+00 +4.1390e+00 +3.9891e+00 -1.1640e+00 +7.0334e-01
3673 +6.218728137e-01 +6.218728137e-01 +3.718818728e+02 +3.718818728e+02 -3.0038e+00 +4.0473e+00 +3.9175e+00 -1.2482e+00 +7.4607e-01
5306 +3.969058393e-01 +3.969058393e-01 +3.716569058e+02 +3.716569058e+02 -2.6770e+00 +3.8505e+00 +3.7721e+00 -1.4380e+00 +8.2891e-01
5806 +2.508191915e-01 +2.508191915e-01 +3.715108192e+02 +3.715108192e+02 -2.5512e+00 +3.7975e+00 +3.7130e+00 -1.4997e+00 +8.5882e-01
6300 +1.549426160e-01 +1.549426160e-01 +3.714149426e+02 +3.714149426e+02 -2.4528e+00 +3.7282e+00 +3.6616e+00 -1.5737e+00 +9.3501e-01
7272 +9.878684913e-02 +9.878684913e-02 +3.713587868e+02 +3.713587868e+02 -2.2469e+00 +3.6211e+00 +3.5868e+00 -1.6951e+00 +1.0261e+00
7802 +6.234421794e-02 +6.234421794e-02 +3.713223442e+02 +3.713223442e+02 -2.1334e+00 +3.5626e+00 +3.5117e+00 -1.7551e+00 +1.0847e+00
8506 +3.920725683e-02 +3.920725683e-02 +3.712992073e+02 +3.712992073e+02 -1.9913e+00 +3.5222e+00 +3.4649e+00 -1.8194e+00 +1.1391e+00
9048 +2.469011075e-02 +2.469011075e-02 +3.712846901e+02 +3.712846901e+02 -1.8707e+00 +3.5067e+00 +3.3829e+00 -1.8944e+00 +1.1577e+00
9758 +1.558283809e-02 +1.558283809e-02 +3.712755828e+02 +3.712755828e+02 -1.7304e+00 +3.4293e+00 +3.3395e+00 -1.9655e+00 +1.2102e+00
10670 +9.790455202e-03 +9.790455202e-03 +3.712697905e+02 +3.712697905e+02 -1.6147e+00 +3.3417e+00 +3.3468e+00 -2.0053e+00 +1.3922e+00
11244 +6.248682094e-03 +6.248682094e-03 +3.712662487e+02 +3.712662487e+02 -1.5600e+00 +3.3101e+00 +3.3585e+00 -2.0161e+00 +1.4624e+00
11907 +3.955889831e-03 +3.955889831e-03 +3.712639559e+02 +3.712639559e+02 -1.4810e+00 +3.2680e+00 +3.3759e+00 -2.0285e+00 +1.5498e+00
12964 +2.475897923e-03 +2.475897923e-03 +3.712624759e+02 +3.712624759e+02 -1.3623e+00 +3.1796e+00 +3.4203e+00 -2.0428e+00 +1.7555e+00
13234 +1.504627455e-03 +1.504627455e-03 +3.712615046e+02 +3.712615046e+02 -1.3591e+00 +3.1513e+00 +3.4662e+00 -2.0199e+00 +1.8151e+00
13598 +9.851901618e-04 +9.851901618e-04 +3.712609852e+02 +3.712609852e+02 -1.3071e+00 +3.1157e+00 +3.4755e+00 -2.0308e+00 +1.8861e+00
14615 +6.008375204e-04 +6.008375204e-04 +3.712606008e+02 +3.712606008e+02 -1.2576e+00 +3.0568e+00 +3.5423e+00 -2.0114e+00 +2.0413e+00
14955 +3.721557133e-04 +3.721557133e-04 +3.712603722e+02 +3.712603722e+02 -1.2689e+00 +3.0120e+00 +3.5860e+00 -1.9910e+00 +2.0820e+00
15453 +2.481963273e-04 +2.481963273e-04 +3.712602482e+02 +3.712602482e+02 -1.2425e+00 +2.9994e+00 +3.6207e+00 -1.9781e+00 +2.1486e+00
16117 +1.564209072e-04 +1.564209072e-04 +3.712601564e+02 +3.712601564e+02 -1.2207e+00 +2.9654e+00 +3.6404e+00 -1.9786e+00 +2.2186e+00
16468 +9.480480304e-05 +9.480480304e-05 +3.712600948e+02 +3.712600948e+02 -1.1995e+00 +2.9305e+00 +3.6722e+00 -1.9728e+00 +2.2741e+00
16901 +5.791424240e-05 +5.791424240e-05 +3.712600579e+02 +3.712600579e+02 -1.1813e+00 +2.9198e+00 +3.6993e+00 -1.9616e+00 +2.3338e+00
17101 +3.769217653e-05 +3.769217653e-05 +3.712600377e+02 +3.712600377e+02 -1.1805e+00 +2.8945e+00 +3.7187e+00 -1.9535e+00 +2.3588e+00
17979 +2.494196042e-05 +2.494196042e-05 +3.712600249e+02 +3.712600249e+02 -1.1704e+00 +2.8763e+00 +3.7425e+00 -1.9467e+00 +2.4164e+00
18386 +1.444837926e-05 +1.444837926e-05 +3.712600144e+02 +3.712600144e+02 -1.1283e+00 +2.8500e+00 +3.7495e+00 -1.9507e+00 +2.4568e+00
18534 +9.903000262e-06 +9.903000262e-06 +3.712600099e+02 +3.712600099e+02 -1.1532e+00 +2.8491e+00 +3.7714e+00 -1.9358e+00 +2.4697e+00
18908 +5.244040835e-06 +5.244040835e-06 +3.712600052e+02 +3.712600052e+02 -1.1209e+00 +2.8218e+00 +3.7866e+00 -1.9388e+00 +2.5195e+00
19032 +2.522467241e-06 +2.522467241e-06 +3.712600025e+02 +3.712600025e+02 -1.0914e+00 +2.8201e+00 +3.7760e+00 -1.9502e+00 +2.5479e+00
19149 +1.964658054e-06 +1.964658054e-06 +3.712600020e+02 +3.712600020e+02 -1.1023e+00 +2.8074e+00 +3.7865e+00 -1.9487e+00 +2.5525e+00
19599 +1.563491992e-06 +1.563491992e-06 +3.712600016e+02 +3.712600016e+02 -1.0876e+00 +2.8059e+00 +3.7967e+00 -1.9410e+00 +2.5708e+00
20231 +9.923709854e-07 +9.923709854e-07 +3.712600010e+02 +3.712600010e+02 -1.0835e+00 +2.7934e+00 +3.8085e+00 -1.9427e+00 +2.6090e+00
20411 +4.800561442e-07 +4.800561442e-07 +3.712600005e+02 +3.712600005e+02 -1.0837e+00 +2.7951e+00 +3.8153e+00 -1.9358e+00 +2.6044e+00
20520 +2.421691647e-07 +2.421691647e-07 +3.712600002e+02 +3.712600002e+02 -1.0780e+00 +2.7751e+00 +3.8239e+00 -1.9358e+00 +2.6276e+00
21274 +1.572294082e-07 +1.572294082e-07 +3.712600002e+02 +3.712600002e+02 -1.0761e+00 +2.7809e+00 +3.8276e+00 -1.9327e+00 +2.6353e+00
22128 +2.758162054e-08 +2.758162054e-08 +3.712600000e+02 +3.712600000e+02 -1.0675e+00 +2.7644e+00 +3.8441e+00 -1.9290e+00 +2.6667e+00
22605 +1.357506108e-08 +1.357506108e-08 +3.712600000e+02 +3.712600000e+02 -1.0716e+00 +2.7582e+00 +3.8531e+00 -1.9238e+00 +2.6763e+00
22821 +1.634020919e-09 +1.634020919e-09 +3.712600000e+02 +3.712600000e+02 -1.0569e+00 +2.7542e+00 +3.8601e+00 -1.9221e+00 +2.6990e+00
% function evaluation | noise-free fitness - Fopt (5.226000000000e+01) | best noise-free fitness - Fopt | measured fitness | best measured fitness | x1 | x2...
1 +6.009921681e+01 +6.009921681e+01 +1.123592168e+02 +1.123592168e+02 +1.6478e+00 -1.9867e-01 +2.5091e+00 +1.9856e+00 +1.4372e+00
61 +2.588837282e+01 +2.588837282e+01 +7.814837282e+01 +7.814837282e+01 -1.1209e+00 +1.5876e+00 -4.7912e+00 -2.0657e+00 +1.8399e+00
90 +1.596143513e+01 +1.596143513e+01 +6.822143513e+01 +6.822143513e+01 +3.3051e+00 +5.8328e-01 +1.8636e+00 -4.1013e+00 +9.8833e-01
112 +1.555890739e+01 +1.555890739e+01 +6.781890739e+01 +6.781890739e+01 +3.3074e+00 +5.9377e-01 +1.8544e+00 -4.0978e+00 +9.9599e-01
444 +9.903402033e+00 +9.903402033e+00 +6.216340203e+01 +6.216340203e+01 +3.3094e+00 +6.0174e-01 +1.7655e+00 -4.1492e+00 +1.0398e+00
2989 +6.305145109e+00 +6.305145109e+00 +5.856514511e+01 +5.856514511e+01 +3.8364e+00 +7.2920e-01 +1.4514e+00 -3.9993e+00 +8.7845e-01
7959 +3.971164929e+00 +3.971164929e+00 +5.623116493e+01 +5.623116493e+01 +4.2885e+00 +1.8506e+00 +1.0886e+00 -3.7060e+00 +3.1035e-01
% function evaluation | noise-free fitness - Fopt (5.034000000000e+01) | best noise-free fitness - Fopt | measured fitness | best measured fitness | x1 | x2...
1 +7.381294997e+01 +7.381294997e+01 +1.241529500e+02 +1.241529500e+02 -3.6023e+00 -3.0091e+00 +2.4224e-01 +4.5839e+00 -2.9556e+00
23 +5.918296018e+01 +5.918296018e+01 +1.095229602e+02 +1.095229602e+02 +2.5824e+00 -2.6338e+00 +4.4565e+00 -3.4053e+00 +3.8709e+00
48 +3.945480664e+01 +3.945480664e+01 +8.979480664e+01 +8.979480664e+01 +2.5796e-01 -1.6884e+00 +4.4513e+00 -2.2863e+00 +3.1239e+00
92 +9.529145713e+00 +9.529145713e+00 +5.986914571e+01 +5.986914571e+01 +7.9964e-01 -1.9461e+00 -2.0495e+00 -1.4927e+00 +2.8291e+00
821 +6.286984167e+00 +6.286984167e+00 +5.662698417e+01 +5.662698417e+01 +8.4398e-01 -1.8861e+00 -2.1897e+00 -1.5795e+00 +2.9384e+00
1541 +3.957387796e+00 +3.957387796e+00 +5.429738780e+01 +5.429738780e+01 +9.2780e-01 -1.8050e+00 -2.2436e+00 -1.5215e+00 +3.1991e+00
2553 +2.502593904e+00 +2.502593904e+00 +5.284259390e+01 +5.284259390e+01 +1.0786e+00 -1.8474e+00 -2.2249e+00 -1.5562e+00 +3.4685e+00
5848 +1.584378703e+00 +1.584378703e+00 +5.192437870e+01 +5.192437870e+01 +1.7435e+00 -2.1284e+00 -2.2289e+00 -1.7185e+00 +4.1551e+00
7718 +9.951947275e-01 +9.951947275e-01 +5.133519473e+01 +5.133519473e+01 +2.1105e+00 -2.3689e+00 -2.1849e+00 -1.9029e+00 +4.3796e+00
% function evaluation | noise-free fitness - Fopt (-2.314000000000e+01) | best noise-free fitness - Fopt | measured fitness | best measured fitness | x1 | x2...
1 +7.087014042e+01 +7.087014042e+01 +4.773014042e+01 +4.773014042e+01 +4.9455e+00 -2.0433e-02 -3.5213e+00 -4.9135e-01 +2.4387e+00
4 +6.182124759e+01 +6.182124759e+01 +3.868124759e+01 +3.868124759e+01 -3.9791e+00 +4.6844e+00 -2.4935e+00 +1.5753e+00 -1.5237e+00
15 +2.955683515e+01 +2.955683515e+01 +6.416835153e+00 +6.416835153e+00 -4.7532e+00 +2.3844e+00 -3.2644e+00 +7.8172e-01 -1.2972e+00
33 +1.672619136e+01 +1.672619136e+01 -6.413808643e+00 -6.413808643e+00 -2.4009e+00 +8.9039e-01 +2.7372e+00 -3.9414e-01 +3.1103e+00
34 +8.277286302e+00 +8.277286302e+00 -1.486271370e+01 -1.486271370e+01 +4.7572e+00 +4.3280e+00 -5.1195e-01 -3.9485e-01 -1.8249e+00
317 +6.301226024e+00 +6.301226024e+00 -1.683877398e+01 -1.683877398e+01 +1.1371e+00 +2.4048e+00 +2.4326e+00 +2.7211e+00 -1.2134e+00
509 +3.914313240e+00 +3.914313240e+00 -1.922568676e+01 -1.922568676e+01 +1.1015e+00 +2.3958e+00 +2.4177e+00 +2.7559e+00 -1.1627e+00
663 +2.474214148e+00 +2.474214148e+00 -2.066578585e+01 -2.066578585e+01 +1.1087e+00 +2.4135e+00 +2.3839e+00 +2.7154e+00 -1.1098e+00
1484 +1.582544529e+00 +1.582544529e+00 -2.155745547e+01 -2.155745547e+01 +1.1649e+00 +2.3393e+00 +2.3441e+00 +2.5457e+00 -9.2301e-01
1792 +9.726226696e-01 +9.726226696e-01 -2.216737733e+01 -2.216737733e+01 +1.2378e+00 +2.3042e+00 +2.3224e+00 +2.5293e+00 -8.5724e-01
2039 +6.078401907e-01 +6.078401907e-01 -2.253215981e+01 -2.253215981e+01 +1.2986e+00 +2.3068e+00 +2.3094e+00 +2.4960e+00 -7.8634e-01
2714 +3.861522099e-01 +3.861522099e-01 -2.275384779e+01 -2.275384779e+01 +1.3911e+00 +2.2344e+00 +2.3275e+00 +2.3867e+00 -6.2839e-01
3012 +2.402059807e-01 +2.402059807e-01 -2.289979402e+01 -2.289979402e+01 +1.4011e+00 +2.1953e+00 +2.3213e+00 +2.3228e+00 -5.9710e-01
3259 +1.532293021e-01 +1.532293021e-01 -2.298677070e+01 -2.298677070e+01 +1.4402e+00 +2.1653e+00 +2.3060e+00 +2.2822e+00 -5.5255e-01
3639 +9.679212851e-02 +9.679212851e-02 -2.304320787e+01 -2.304320787e+01 +1.5103e+00 +2.1647e+00 +2.2685e+00 +2.1948e+00 -4.8394e-01
3911 +6.242634717e-02 +6.242634717e-02 -2.307757365e+01 -2.307757365e+01 +1.5749e+00 +2.1651e+00 +2.2691e+00 +2.1753e+00 -4.2579e-01
4162 +3.863387887e-02 +3.863387887e-02 -2.310136612e+01 -2.310136612e+01 +1.6418e+00 +2.0797e+00 +2.2258e+00 +2.1903e+00 -3.5786e-01
4433 +2.426584088e-02 +2.426584088e-02 -2.311573416e+01 -2.311573416e+01 +1.6927e+00 +2.0978e+00 +2.2280e+00 +2.1469e+00 -3.1963e-01
4707 +1.553304499e-02 +1.553304499e-02 -2.312446696e+01 -2.312446696e+01 +1.7266e+00 +2.0705e+00 +2.2143e+00 +2.0928e+00 -2.6447e-01
5054 +9.696424614e-03 +9.696424614e-03 -2.313030358e+01 -2.313030358e+01 +1.7995e+00 +2.1300e+00 +2.1904e+00 +2.0037e+00 -2.4297e-01
5227 +5.641800728e-03 +5.641800728e-03 -2.313435820e+01 -2.313435820e+01 +1.8474e+00 +2.1525e+00 +2.1942e+00 +1.9881e+00 -2.3434e-01
5409 +3.877975887e-03 +3.877975887e-03 -2.313612202e+01 -2.313612202e+01 +1.8774e+00 +2.1721e+00 +2.1820e+00 +1.9454e+00 -2.1453e-01
5877 +2.259680754e-03 +2.259680754e-03 -2.313774032e+01 -2.313774032e+01 +1.9519e+00 +2.1935e+00 +2.1879e+00 +1.8586e+00 -1.7189e-01
5968 +1.494561561e-03 +1.494561561e-03 -2.313850544e+01 -2.313850544e+01 +1.9831e+00 +2.2061e+00 +2.1726e+00 +1.8598e+00 -1.6606e-01
6222 +9.708670897e-04 +9.708670897e-04 -2.313902913e+01 -2.313902913e+01 +2.0005e+00 +2.2682e+00 +2.1811e+00 +1.8298e+00 -1.8331e-01
6542 +6.050164118e-04 +6.050164118e-04 -2.313939498e+01 -2.313939498e+01 +2.0826e+00 +2.3034e+00 +2.1534e+00 +1.7955e+00 -1.5750e-01
6602 +3.625188661e-04 +3.625188661e-04 -2.313963748e+01 -2.313963748e+01 +2.1024e+00 +2.2959e+00 +2.1536e+00 +1.7823e+00 -1.4802e-01
6849 +2.447662296e-04 +2.447662296e-04 -2.313975523e+01 -2.313975523e+01 +2.1098e+00 +2.3359e+00 +2.1634e+00 +1.7388e+00 -1.5821e-01
7114 +1.487069550e-04 +1.487069550e-04 -2.313985129e+01 -2.313985129e+01 +2.1634e+00 +2.3496e+00 +2.1502e+00 +1.7252e+00 -1.3873e-01
7335 +9.757780366e-05 +9.757780366e-05 -2.313990242e+01 -2.313990242e+01 +2.1928e+00 +2.3783e+00 +2.1454e+00 +1.6928e+00 -1.3601e-01
7608 +6.015694265e-05 +6.015694265e-05 -2.313993984e+01 -2.313993984e+01 +2.2351e+00 +2.4183e+00 +2.1448e+00 +1.6626e+00 -1.3351e-01
8039 +3.978933240e-05 +3.978933240e-05 -2.313996021e+01 -2.313996021e+01 +2.2757e+00 +2.4172e+00 +2.1285e+00 +1.7212e+00 -1.1845e-01
8372 +2.360632478e-05 +2.360632478e-05 -2.313997639e+01 -2.313997639e+01 +2.3147e+00 +2.4299e+00 +2.1171e+00 +1.7508e+00 -1.2165e-01
8675 +1.563886515e-05 +1.563886515e-05 -2.313998436e+01 -2.313998436e+01 +2.3441e+00 +2.4439e+00 +2.1164e+00 +1.7529e+00 -1.1540e-01
9035 +7.956045994e-06 +7.956045994e-06 -2.313999204e+01 -2.313999204e+01 +2.3685e+00 +2.4479e+00 +2.1058e+00 +1.7646e+00 -1.1215e-01
9241 +6.020780582e-06 +6.020780582e-06 -2.313999398e+01 -2.313999398e+01 +2.3987e+00 +2.4464e+00 +2.0961e+00 +1.8053e+00 -1.0409e-01
9815 +3.870771295e-06 +3.870771295e-06 -2.313999613e+01 -2.313999613e+01 +2.4208e+00 +2.4393e+00 +2.0868e+00 +1.8197e+00 -9.1348e-02
10191 +2.413188312e-06 +2.413188312e-06 -2.313999759e+01 -2.313999759e+01 +2.4259e+00 +2.4538e+00 +2.0853e+00 +1.8214e+00 -9.9308e-02
10556 +1.540741906e-06 +1.540741906e-06 -2.313999846e+01 -2.313999846e+01 +2.4674e+00 +2.4646e+00 +2.0682e+00 +1.8514e+00 -9.8535e-02
10787 +5.586764544e-07 +5.586764544e-07 -2.313999944e+01 -2.313999944e+01 +2.4916e+00 +2.4717e+00 +2.0662e+00 +1.8516e+00 -8.7728e-02
10901 +3.599376974e-07 +3.599376974e-07 -2.313999964e+01 -2.313999964e+01 +2.4999e+00 +2.4670e+00 +2.0645e+00 +1.8702e+00 -8.4945e-02
10996 +2.370328005e-07 +2.370328005e-07 -2.313999976e+01 -2.313999976e+01 +2.5070e+00 +2.4692e+00 +2.0581e+00 +1.8851e+00 -8.6137e-02
11897 +1.176504831e-07 +1.176504831e-07 -2.313999988e+01 -2.313999988e+01 +2.5298e+00 +2.4709e+00 +2.0528e+00 +1.9026e+00 -7.7628e-02
11950 +4.556349964e-08 +4.556349964e-08 -2.313999995e+01 -2.313999995e+01 +2.5369e+00 +2.4694e+00 +2.0476e+00 +1.9171e+00 -8.0368e-02
12347 +2.494536844e-08 +2.494536844e-08 -2.313999998e+01 -2.313999998e+01 +2.5492e+00 +2.4737e+00 +2.0479e+00 +1.9116e+00 -7.4351e-02
12696 +1.187932952e-08 +1.187932952e-08 -2.313999999e+01 -2.313999999e+01 +2.5696e+00 +2.4778e+00 +2.0412e+00 +1.9236e+00 -7.1016e-02
13295 +3.455365771e-09 +3.455365771e-09 -2.314000000e+01 -2.314000000e+01 +2.5618e+00 +2.4754e+00 +2.0421e+00 +1.9308e+00 -7.4100e-02
