% function evaluation | noise-free fitness - Fopt (1.000000000000e+03) | best noise-free fitness - Fopt | measured fitness | best measured fitness | x1 | x2...
1 +2.083320902e+03 +2.083320902e+03 +3.083320902e+03 +3.083320902e+03 +2.9926e+00 -3.6859e+00 +4.8459e+00 +1.7238e+00 +3.6986e+00 +3.0424e+00 -3.2645e-01 -4.9537e+00 +4.7998e+00 +2.5733e+00
2 +7.949257442e+02 +7.949257442e+02 +1.794925744e+03 +1.794925744e+03 +1.2697e+00 -1.3271e+00 +2.8021e+00 +3.0999e+00 -1.5558e+00 +4.3316e+00 +3.6683e-01 -2.0629e+00 -3.6432e+00 +3.1677e+00
3 +6.111778113e+02 +6.111778113e+02 +1.611177811e+03 +1.611177811e+03 -1.9569e-01 +3.5444e+00 +1.0680e+00 +6.1327e-01 +4.0473e+00 +4.1569e+00 -4.2794e+00 -2.9284e+00 -8.0006e-01 -1.3642e+00
4 +3.456314362e+02 +3.456314362e+02 +1.345631436e+03 +1.345631436e+03 +3.0522e+00 +3.2068e+00 -2.4576e+00 +1.7983e+00 +9.1617e-01 -1.6102e+00 -4.4066e+00 -9.7784e-01 -3.6674e+00 +2.8498e+00
94 +1.881125151e+02 +1.881125151e+02 +1.188112515e+03 +1.188112515e+03 -4.6091e+00 +1.8295e+00 +4.4930e+00 +3.8750e+00 +2.5612e+00 -3.9198e+00 -1.3996e+00 +4.9446e+00 -5.1041e-01 -1.5458e+00
1105 +1.465045931e+02 +1.465045931e+02 +1.146504593e+03 +1.146504593e+03 -4.0769e+00 +1.7540e+00 +4.2809e+00 +4.7958e+00 +3.6700e+00 -2.7692e+00 -3.5015e+00 +3.8676e+00 -8.3269e-01 -2.7410e+00
2404 +9.614489716e+01 +9.614489716e+01 +1.096144897e+03 +1.096144897e+03 -1.4605e+00 +3.1488e+00 +2.5851e+00 +3.4563e+00 +2.5796e+00 -8.7247e-01 -1.0772e+00 -2.4220e-01 -3.1371e+00 -1.3633e+00
4275 +4.897683175e+01 +4.897683175e+01 +1.048976832e+03 +1.048976832e+03 -1.3918e+00 +3.0867e+00 +2.5409e+00 +3.7483e+00 +2.4455e+00 -8.8578e-01 -9.6614e-01 -6.7230e-02 -3.1310e+00 -1.2917e+00
8101 +3.970358441e+01 +3.970358441e+01 +1.039703584e+03 +1.039703584e+03 -1.3637e+00 +3.0702e+00 +2.5289e+00 +3.7177e+00 +2.4567e+00 -8.8518e-01 -9.2274e-01 -8.5320e-02 -3.0832e+00 -1.2331e+00
% function evaluation | noise-free fitness - Fopt (7.003000000000e+01) | best noise-free fitness - Fopt | measured fitness | best measured fitness | x1 | x2...
1 +1.965570376e+03 +1.965570376e+03 +2.035600376e+03 +2.035600376e+03 +4.3489e+00 -4.9900e+00 +1.9565e+00 -1.5173e+00 -3.3954e+00 +1.6028e+00 -3.9238e+00 +4.2765e+00 +3.0332e+00 +7.0466e-01
2 +5.478910625e+02 +5.478910625e+02 +6.179210625e+02 +6.179210625e+02 -2.8216e+00 -1.2789e+00 -1.5735e+00 +4.4692e+00 +1.9123e+00 +1.0018e+00 +7.7590e-01 -4.2779e+00 +2.1484e+00 +3.4152e+00
11 +3.754695730e+02 +3.754695730e+02 +4.454995730e+02 +4.454995730e+02 -8.1932e-01 -9.8479e-01 -2.8050e+00 -1.1201e+00 -1.3044e+00 +2.1362e+00 -2.4350e+00 +1.2931e-01 -2.1419e+00 +4.2143e+00
13 +1.625763846e+02 +1.625763846e+02 +2.326063846e+02 +2.326063846e+02 -1.8859e+00 -3.1961e+00 -4.2458e+00 -1.1484e+00 -4.0645e+00 -2.8335e+00 -7.5568e-01 -1.1649e+00 -3.1262e+00 +1.4374e+00
476 +1.404827807e+02 +1.404827807e+02 +2.105127807e+02 +2.105127807e+02 +1.7395e+00 -3.7356e+00 -3.7422e+00 -7.2225e-03 +2.7699e+00 -3.9781e+00 -1.8062e+00 +3.4448e+00 -3.2674e+00 +8.9363e-01
2285 +9.873349379e+01 +9.873349379e+01 +1.687634938e+02 +1.687634938e+02 -1.0815e+00 -3.1644e+00 -5.0000e+00 -1.2522e+00 -4.2210e+00 -4.5951e+00 -1.8528e-01 -9.2121e-01 -3.2734e+00 -3.5063e-01
85603 +5.685344318e+01 +5.685344318e+01 +1.268834432e+02 +1.268834432e+02 -1.4633e+00 -3.7647e+00 -5.0000e+00 -2.2091e+00 -3.2213e+00 -4.9331e+00 +1.1420e+00 +5.4149e-01 -4.1181e+00 -7.0921e-02
94797 +3.943760951e+01 +3.943760951e+01 +1.094676095e+02 +1.094676095e+02 -1.4995e+00 -3.7103e+00 -4.9911e+00 -2.2340e+00 -3.2519e+00 -4.9541e+00 +1.0529e+00 +6.5995e-01 -4.1602e+00 -2.1352e-01
% function evaluation | noise-free fitness - Fopt (-4.822000000000e+01) | best noise-free fitness - Fopt | measured fitness | best measured fitness | x1 | x2...
1 +3.172350541e+03 +3.172350541e+03 +3.124130541e+03 +3.124130541e+03 +4.8584e+00 +3.5008e+00 -3.4986e+00 +9.9556e-01 -8.7888e-01 -2.9936e-01 +2.7895e+00 +2.5613e+00 +2.6116e+00 -4.0177e+00
2 +8.329882800e+02 +8.329882800e+02 +7.847682800e+02 +7.847682800e+02 -2.7307e+00 -1.2524e+00 +2.1020e+00 -3.4248e+00 -2.0340e+00 -8.2405e-01 +3.5808e+00 +1.2876e+00 -4.2525e+00 -6.7060e-02
9 +4.956680120e+02 +4.956680120e+02 +4.474480120e+02 +4.474480120e+02 -1.4824e+00 -3.1475e+00 +1.9519e+00 +1.3117e+00 +2.4809e+00 -5.5165e-01 -2.7418e+00 +3.9680e+00 -4.0135e+00 +1.1782e+00
36 +3.474335089e+02 +3.474335089e+02 +2.992135089e+02 +2.992135089e+02 -1.3877e+00 -4.2549e+00 -3.2394e+00 +3.3295e+00 +4.1951e+00 +4.2587e+00 -3.5959e+00 +2.7778e+00 -4.8511e+00 +2.8535e+00
329 +1.261365592e+02 +1.261365592e+02 +7.791655919e+01 +7.791655919e+01 -2.2122e+00 -1.5926e+00 +5.0709e-01 +1.2470e-01 -3.9268e+00 +1.6187e+00 -2.0789e+00 +8.5775e-01 -8.6016e-01 +3.5449e+00
965 +8.507197049e+01 +8.507197049e+01 +3.685197049e+01 +3.685197049e+01 -2.0374e+00 -1.6634e+00 +4.3802e-01 +2.3536e-01 -3.9821e+00 +1.5208e+00 -2.2416e+00 +8.4548e-01 -8.5809e-01 +3.5164e+00
82601 +6.286733458e+01 +6.286733458e+01 +1.464733458e+01 +1.464733458e+01 -1.5539e+00 -2.0456e+00 -2.3283e+00 +8.8303e-01 -3.4885e+00 +3.0442e+00 -3.0287e+00 +9.0956e-01 -2.0975e+00 +3.9389e+00
84214 +3.189323634e+01 +3.189323634e+01 -1.632676366e+01 -1.632676366e+01 -1.5436e+00 -2.0613e+00 -2.3341e+00 +8.2478e-01 -3.2934e+00 +2.9973e+00 -2.9210e+00 +8.6834e-01 -2.1253e+00 +3.9568e+00
85724 +2.382367443e+01 +2.382367443e+01 -2.439632557e+01 -2.439632557e+01 -1.5264e+00 -2.0963e+00 -2.3686e+00 +7.8726e-01 -3.2566e+00 +2.9588e+00 -2.8123e+00 +8.4600e-01 -2.1529e+00 +4.0095e+00
% function evaluation | noise-free fitness - Fopt (2.547000000000e+01) | best noise-free fitness - Fopt | measured fitness | best measured fitness | x1 | x2...
1 +9.207748824e+02 +9.207748824e+02 +9.462448824e+02 +9.462448824e+02 +4.3692e+00 +1.0914e+00 -4.6930e+00 -2.5475e+00 +2.5033e+00 -2.0377e+00 +1.5004e+00 +3.5119e+00 -3.3067e+00 -1.7973e+00
8 +3.210069630e+02 +3.210069630e+02 +3.464769630e+02 +3.464769630e+02 -5.7090e-01 -1.5998e+00 -3.0438e+00 +8.7654e-01 +7.4256e-01 +2.5584e-01 +3.2316e+00 +5.8544e-02 +4.2008e-02 +3.1481e-01
85 +2.201474451e+02 +2.201474451e+02 +2.456174451e+02 +2.456174451e+02 -3.6006e+00 -8.3072e-01 -1.6033e+00 +2.8042e+00 -2.7308e+00 +2.4934e+00 +2.0778e+00 -1.5408e+00 +1.8755e+00 -9.2332e-01
665 +1.557749659e+02 +1.557749659e+02 +1.812449659e+02 +1.812449659e+02 -3.8350e+00 -2.1160e+00 +6.8974e-01 +1.1372e-01 +1.3404e+00 +2.6624e+00 -1.9860e+00 +1.3869e+00 +3.8788e+00 -1.1434e+00
3171 +9.746912296e+01 +9.746912296e+01 +1.229391230e+02 +1.229391230e+02 -3.5011e+00 +9.9233e-01 -5.8066e-01 -3.1137e-01 -4.8257e+00 -2.0057e+00 -1.6148e+00 -1.9612e+00 +3.8116e+00 -1.3974e+00
17455 +5.295447969e+01 +5.295447969e+01 +7.842447969e+01 +7.842447969e+01 -3.2565e+00 -1.1274e+00 -1.0216e+00 +5.3678e-01 -4.9589e+00 -6.6481e-01 -1.3502e+00 -9.4863e-01 +3.2554e+00 -1.1059e+00
23228 +3.978321504e+01 +3.978321504e+01 +6.525321504e+01 +6.525321504e+01 -3.2564e+00 -1.0879e+00 -1.0151e+00 +5.0901e-01 -4.8854e+00 -6.4128e-01 -1.3738e+00 -9.0479e-01 +3.2442e+00 -1.1823e+00
% function evaluation | noise-free fitness - Fopt (-1.008100000000e+02) | best noise-free fitness - Fopt | measured fitness | best measured fitness | x1 | x2...
1 +2.039608452e+03 +2.039608452e+03 +1.938798452e+03 +1.938798452e+03 +4.2875e+00 +2.5651e-01 -2.1558e+00 +3.9214e+00 +1.3209e+00 -3.5227e+00 +4.3878e+00 -1.6793e+00 -1.4781e+00 -4.9723e+00
2 +3.860265659e+02 +3.860265659e+02 +2.852165659e+02 +2.852165659e+02 -4.6289e+00 +3.0365e+00 +1.9227e+00 -6.7328e-01 +3.4685e+00 -2.0926e-01 +2.9139e+00 -1.8964e+00 -1.6806e+00 -8.5811e-01
9 +2.417523245e+02 +2.417523245e+02 +1.409423245e+02 +1.409423245e+02 +1.7656e+00 -1.2047e+00 +3.9217e+00 +3.0533e+00 +1.8700e+00 +2.3362e+00 -2.1566e-01 -1.4293e+00 -2.3239e+00 -1.2441e+00
690 +1.499293755e+02 +1.499293755e+02 +4.911937546e+01 +4.911937546e+01 +3.7164e-01 -6.2126e-01 +5.9944e-01 -1.5507e+00 -7.6752e-01 +5.1596e-01 -2.0407e+00 +7.0983e-01 -4.2606e+00 +3.0746e-01
1600 +9.994246691e+01 +9.994246691e+01 -8.675330877e-01 -8.675330877e-01 +1.7212e+00 -2.0733e-01 -1.1041e-01 -1.3592e+00 -3.8732e-01 +1.2654e+00 -5.7913e-01 +1.7853e+00 -3.3727e+00 +2.9753e-01
2853 +6.242575567e+01 +6.242575567e+01 -3.838424433e+01 -3.838424433e+01 +1.6309e+00 -3.2409e-01 -1.2538e-01 -1.3537e+00 -4.2607e-01 +1.3535e+00 -4.7581e-01 +1.8594e+00 -3.4196e+00 +2.8936e-01
4222 +3.905263033e+01 +3.905263033e+01 -6.175736967e+01 -6.175736967e+01 +1.6417e+00 -4.3667e-01 -1.1940e-01 -1.4981e+00 -3.8591e-01 +1.3399e+00 -3.8596e-01 +1.8759e+00 -3.3545e+00 +2.0554e-01
% function evaluation | noise-free fitness - Fopt (8.333000000000e+01) | best noise-free fitness - Fopt | measured fitness | best measured fitness | x1 | x2...
1 +1.533788721e+03 +1.533788721e+03 +1.617118721e+03 +1.617118721e+03 +2.7192e+00 +3.6115e+00 -3.1201e+00 +4.8051e-01 +1.0391e+00 -1.2929e+00 -3.7622e+00 -3.8436e+00 +1.0977e+00 -1.4703e+00
2 +6.460675508e+02 +6.460675508e+02 +7.293975508e+02 +7.293975508e+02 -2.8725e+00 +3.8537e-02 -2.6614e+00 -2.1412e-02 -4.5948e+00 -3.5923e+00 +2.9790e+00 -4.9472e+00 +3.7092e+00 +3.6578e+00
5 +5.790540880e+02 +5.790540880e+02 +6.623840880e+02 +6.623840880e+02 +2.4545e-01 +2.6295e+00 +3.6438e+00 +4.1710e-01 -1.5778e+00 -4.5270e+00 -9.5038e-01 +9.9587e-01 +1.7622e+00 -8.4285e-01
11 +3.283186212e+02 +3.283186212e+02 +4.116486212e+02 +4.116486212e+02 +1.9660e+00 -4.8112e+00 +3.1965e+00 +1.2926e+00 -9.3414e-01 +1.3961e-01 -5.7114e-01 +7.5231e-01 -3.8495e+00 -2.0502e+00
51 +2.483889682e+02 +2.483889682e+02 +3.317189682e+02 +3.317189682e+02 -3.2893e-01 -1.3097e-01 +4.9475e+00 +3.2182e+00 +9.0594e-01 +3.8422e+00 -3.2655e+00 +2.8713e+00 -2.3087e+00 +2.7403e+00
1285 +1.405772368e+02 +1.405772368e+02 +2.239072368e+02 +2.239072368e+02 +2.1287e+00 -4.1560e+00 -3.0283e-01 +3.2468e+00 -1.5986e+00 -1.5334e+00 -2.9107e+00 -1.5094e+00 +7.1869e-01 +3.1542e+00
1502 +9.245245521e+01 +9.245245521e+01 +1.757824552e+02 +1.757824552e+02 -7.2415e-01 -2.7313e+00 +2.7459e-01 +4.6484e+00 -2.5637e-01 +1.9470e+00 -1.1486e-01 -1.8454e+00 -1.1271e+00 +2.7994e+00
3179 +6.254600479e+01 +6.254600479e+01 +1.458760048e+02 +1.458760048e+02 -8.1371e-01 -2.8794e+00 +3.2578e-01 +4.7325e+00 -3.5244e-01 +1.9000e+00 -1.1341e-01 -1.9210e+00 -1.2206e+00 +2.6591e+00
6160 +3.931523943e+01 +3.931523943e+01 +1.226452394e+02 +1.226452394e+02 -9.0480e-01 -2.8364e+00 +4.6322e-01 +4.7247e+00 -3.1200e-01 +1.9692e+00 -2.2345e-02 -1.9061e+00 -1.3559e+00 +2.7218e+00
% function evaluation | noise-free fitness - Fopt (2.085600000000e+02) | best noise-free fitness - Fopt | measured fitness | best measured fitness | x1 | x2...
1 +2.501118261e+03 +2.501118261e+03 +2.709678261e+03 +2.709678261e+03 +1.8252e+00 +1.8080e+00 +4.8582e+00 -4.0482e+00 -1.1839e+00 +4.7749e+00 +3.0921e+00 -4.5405e+00 -3.8621e+00 +1.4271e+00
2 +2.189309266e+02 +2.189309266e+02 +4.274909266e+02 +4.274909266e+02 +2.2908e+00 +2.0995e+00 +3.6192e+00 +1.5653e+00 -2.8292e+00 -2.6142e+00 -1.0328e+00 +4.8070e+00 -3.9407e+00 -1.2863e+00
897 +1.321559515e+02 +1.321559515e+02 +3.407159515e+02 +3.407159515e+02 +2.7174e-01 +1.9929e+00 -2.8173e-01 -1.0709e-01 -1.1887e+00 -5.0000e+00 +5.1131e-01 +4.7271e+00 -2.3082e+00 -1.0229e+00
1636 +9.939435433e+01 +9.939435433e+01 +3.079543543e+02 +3.079543543e+02 +2.1781e+00 +2.5342e+00 +2.8732e+00 +3.1414e-01 -4.4468e+00 -2.5788e+00 -5.6727e-01 +4.5645e+00 -4.1165e+00 -3.0422e+00
3814 +6.186917236e+01 +6.186917236e+01 +2.704291724e+02 +2.704291724e+02 +1.7914e+00 +3.1164e+00 +1.7348e+00 +5.0810e-01 -3.3918e+00 -3.7908e+00 +1.6428e+00 +4.9555e+00 -5.0000e+00 -3.3347e+00
10390 +3.886381459e+01 +3.886381459e+01 +2.474238146e+02 +2.474238146e+02 +1.8469e+00 +3.2213e+00 +1.7593e+00 +4.2322e-01 -3.4285e+00 -3.8181e+00 +1.7294e+00 +4.9214e+00 -5.0000e+00 -3.3285e+00
% function evaluation | noise-free fitness - Fopt (-1.345800000000e+02) | best noise-free fitness - Fopt | measured fitness | best measured fitness | x1 | x2...
1 +8.033201475e+02 +8.033201475e+02 +6.687401475e+02 +6.687401475e+02 -4.7416e+00 -3.4159e+00 +4.2680e+00 -2.7250e+00 +1.0315e+00 +1.9710e+00 -1.9911e+00 -3.7498e-02 +1.7651e-01 +7.1409e-01
3 +6.182826148e+02 +6.182826148e+02 +4.837026148e+02 +4.837026148e+02 -4.3611e+00 +3.0970e+00 +3.9259e+00 -8.3725e-01 +1.4396e+00 +4.2085e+00 -1.0774e+00 +3.6002e+00 -2.6134e+00 +1.5247e+00
8 +3.779770987e+02 +3.779770987e+02 +2.433970987e+02 +2.433970987e+02 +1.0347e+00 +6.6332e-01 +1.1042e+00 -4.4672e+00 -2.7938e+00 -2.3324e-01 +4.9887e-01 -1.4303e+00 -3.2728e+00 -9.6222e-01
56 +2.394849011e+02 +2.394849011e+02 +1.049049011e+02 +1.049049011e+02 -3.8013e+00 -1.7693e+00 -6.2588e-02 -1.9202e+00 -5.6195e-02 +4.7677e-02 +2.7440e+00 -2.5450e+00 +1.3712e-01 +3.1032e+00
501 +1.386988071e+02 +1.386988071e+02 +4.118807126e+00 +4.118807126e+00 -3.3412e+00 +1.1440e+00 +2.2627e+00 -2.8925e+00 -1.3372e+00 +8.3434e-01 +2.6188e+00 +4.4218e-01 -1.7964e+00 +5.0000e+00
1681 +8.759761962e+01 +8.759761962e+01 -4.698238038e+01 -4.698238038e+01 -4.8252e+00 +4.9895e-01 +2.3842e+00 -1.3097e+00 -1.9031e+00 +1.5204e+00 +4.8172e+00 +6.5656e-01 -1.5679e+00 +5.0000e+00
2801 +6.306257711e+01 +6.306257711e+01 -7.151742289e+01 -7.151742289e+01 -3.2795e+00 +1.2237e+00 +2.3474e+00 -2.8580e+00 -1.0079e+00 +1.0598e+00 +2.5398e+00 +3.2586e-01 -1.7639e+00 +4.7192e+00
6298 +3.904891708e+01 +3.904891708e+01 -9.553108292e+01 -9.553108292e+01 -3.8301e+00 +1.1353e+00 +2.6518e+00 -1.7417e+00 -7.1254e-01 -6.6150e-02 +3.1492e+00 -2.0351e-01 -1.2605e+00 +4.0071e+00
13131 +2.510408994e+01 +2.510408994e+01 -1.094759101e+02 -1.094759101e+02 -3.8213e+00 +1.1211e+00 +2.5972e+00 -1.8533e+00 -7.6165e-01 -3.8284e-02 +3.1547e+00 -1.6183e-01 -1.2565e+00 +4.0206e+00
% function evaluation | noise-free fitness - Fopt (1.205900000000e+02) | best noise-free fitness - Fopt | measured fitness | best measured fitness | x1 | x2...
1 +1.119575591e+03 +1.119575591e+03 +1.240165591e+03 +1.240165591e+03 -2.1789e+00 -3.3367e+00 +2.8967e+00 +4.8048e+00 -3.0548e-01 -4.8976e+00 -2.5348e+00 +1.5927e+00 +2.6697e+00 -3.3139e-01
2 +5.732478950e+02 +5.732478950e+02 +6.938378950e+02 +6.938378950e+02 +1.6540e+00 -4.6239e+00 +8.6898e-01 +1.4787e+00 +4.5798e+00 +9.9357e-01 -6.0404e-01 -1.3471e+00 +2.6376e+00 +4.7887e+00
13 +3.496942928e+02 +3.496942928e+02 +4.702842928e+02 +4.702842928e+02 +3.0978e+00 -3.5155e-01 -4.6890e+00 +7.2989e-01 +1.7881e+00 -9.2156e-01 +4.5998e+00 -7.2073e-01 +1.9965e-01 -1.3439e+00
27 +1.986178385e+02 +1.986178385e+02 +3.192078385e+02 +3.192078385e+02 -1.1341e+00 +1.3015e+00 -4.9869e+00 +9.5962e-01 +4.3307e+00 -1.3095e+00 +2.1842e-01 -2.9978e+00 +2.9194e+00 +1.5906e+00
1143 +1.521425566e+02 +1.521425566e+02 +2.727325566e+02 +2.727325566e+02 -2.1486e+00 +1.8061e+00 -2.9958e+00 +1.8302e+00 +2.7062e+00 -2.5831e+00 +2.1867e+00 +6.0787e-01 -2.9654e+00 +3.5663e+00
2136 +7.000215179e+01 +7.000215179e+01 +1.905921518e+02 +1.905921518e+02 -8.7252e-01 +3.8499e-01 -1.1895e+00 +2.0808e+00 +3.4705e+00 -1.8284e+00 +4.3664e-02 -1.6378e+00 -2.6745e+00 +4.2773e+00
2875 +4.475420773e+01 +4.475420773e+01 +1.653442077e+02 +1.653442077e+02 -8.2289e-01 +3.7360e-01 -1.0545e+00 +2.0992e+00 +3.5973e+00 -1.8799e+00 +3.0883e-02 -1.5940e+00 -2.6001e+00 +4.2612e+00
4174 +3.353669633e+01 +3.353669633e+01 +1.541266963e+02 +1.541266963e+02 -9.3983e-01 +6.0928e-01 -1.3084e+00 +2.3023e+00 +3.7478e+00 -1.9002e+00 -8.0731e-02 -1.2578e+00 -2.7834e+00 +4.1775e+00
4680 +2.510628418e+01 +2.510628418e+01 +1.456962842e+02 +1.456962842e+02 -6.7857e-01 +3.9440e-01 -1.0622e+00 +2.1665e+00 +3.5397e+00 -1.9508e+00 +2.7470e-01 -1.4960e+00 -2.4524e+00 +4.2149e+00
6334 +1.559840807e+01 +1.559840807e+01 +1.361884081e+02 +1.361884081e+02 -6.8567e-01 +3.9446e-01 -1.0655e+00 +2.1363e+00 +3.5891e+00 -1.9524e+00 +2.3800e-01 -1.4987e+00 -2.4821e+00 +4.1872e+00
12072 +9.844829176e+00 +9.844829176e+00 +1.304348292e+02 +1.304348292e+02 -7.5397e-01 +3.4503e-01 -1.0149e+00 +2.1412e+00 +3.6413e+00 -1.9404e+00 +2.0754e-01 -1.4785e+00 -2.4627e+00 +4.1684e+00
% function evaluation | noise-free fitness - Fopt (1.000000000000e+03) | best noise-free fitness - Fopt | measured fitness | best measured fitness | x1 | x2...
1 +8.726865337e+02 +8.726865337e+02 +1.872686534e+03 +1.872686534e+03 -3.4938e+00 +9.4523e-02 +4.1014e+00 -1.3267e+00 -1.8324e+00 -8.9702e-01 +1.0549e+00 -2.9524e+00 +4.2670e+00 +2.6312e+00
5 +3.045381438e+02 +3.045381438e+02 +1.304538144e+03 +1.304538144e+03 -1.1338e-02 -1.4006e+00 -3.1412e+00 +2.4145e+00 -1.3900e+00 -2.3228e+00 +4.6195e+00 +2.7351e+00 +8.3212e-01 -3.7841e+00
70 +2.275632394e+02 +2.275632394e+02 +1.227563239e+03 +1.227563239e+03 -4.4475e+00 -1.0196e+00 -3.6867e+00 +1.3488e-01 +9.8098e-01 +4.3433e+00 +3.7470e+00 +1.8334e+00 -2.2565e-01 -1.8393e+00
918 +1.411034700e+02 +1.411034700e+02 +1.141103470e+03 +1.141103470e+03 -3.8910e+00 -2.1585e+00 -2.6034e+00 +1.6625e+00 -4.6794e-01 +3.6124e-02 +4.8025e+00 +2.3019e+00 +4.2670e+00 -1.8575e+00
1970 +9.960992282e+01 +9.960992282e+01 +1.099609923e+03 +1.099609923e+03 -4.3213e+00 -1.0794e-01 -7.6373e-01 +1.2048e+00 -2.0223e+00 -4.3255e-02 +2.4610e+00 +3.7623e+00 +2.6718e+00 -1.8848e+00
4040 +6.131574601e+01 +6.131574601e+01 +1.061315746e+03 +1.061315746e+03 -3.8834e+00 +4.0431e-01 -1.3045e+00 +1.3319e+00 -5.4596e-01 +1.6223e+00 +3.3133e+00 +3.6714e+00 +1.3168e+00 -3.9135e+00
8499 +3.947536558e+01 +3.947536558e+01 +1.039475366e+03 +1.039475366e+03 -3.7554e+00 +2.1432e-01 -1.2862e+00 +1.3592e+00 -5.0762e-01 +1.6353e+00 +3.3917e+00 +3.5165e+00 +1.2651e+00 -3.8506e+00
12700 +2.474327004e+01 +2.474327004e+01 +1.024743270e+03 +1.024743270e+03 -3.6928e+00 +1.6450e-01 -1.2423e+00 +1.2014e+00 -4.0048e-01 +1.5973e+00 +3.3797e+00 +3.4372e+00 +1.2632e+00 -3.9076e+00
% function evaluation | noise-free fitness - Fopt (-9.166000000000e+01) | best noise-free fitness - Fopt | measured fitness | best measured fitness | x1 | x2...
1 +1.092320795e+03 +1.092320795e+03 +1.000660795e+03 +1.000660795e+03 +1.3620e+00 -9.1453e-01 +1.0719e+00 -3.2362e+00 +1.6432e+00 +1.4149e+00 -2.1943e+00 -3.8422e+00 +2.8179e+00 -4.9677e+00
2 +6.731306255e+02 +6.731306255e+02 +5.814706255e+02 +5.814706255e+02 +7.5005e-01 -2.4601e+00 +3.7380e+00 -1.8170e+00 -4.9025e+00 -4.6228e+00 +3.0280e+00 -3.9433e+00 +8.3587e-01 +3.0308e+00
4 +5.790116155e+02 +5.790116155e+02 +4.873516155e+02 +4.873516155e+02 +1.1977e+00 +6.7822e-01 -1.4314e+00 -4.1936e+00 +3.2600e+00 +4.1215e+00 +4.4059e+00 -1.8515e+00 +1.8712e+00 +2.1637e+00
5 +2.838752944e+02 +2.838752944e+02 +1.922152944e+02 +1.922152944e+02 -2.0343e+00 -4.3325e+00 +1.8328e+00 +2.0113e+00 -1.4938e+00 -2.0004e+00 -1.1996e+00 +4.3471e-01 +1.0623e+00 +1.6835e+00
60 +2.137383528e+02 +2.137383528e+02 +1.220783528e+02 +1.220783528e+02 +3.4856e-01 -4.1953e+00 +9.2600e-02 +2.1266e+00 -1.9560e+00 +5.1847e-01 +2.5134e+00 +2.0866e+00 +4.1806e-01 +4.5325e+00
1680 +1.566282710e+02 +1.566282710e+02 +6.496827102e+01 +6.496827102e+01 -2.0625e+00 -4.8998e+00 +3.0645e+00 +9.1262e-01 +2.2552e+00 -2.0345e+00 +3.8961e+00 -2.6924e+00 +1.8219e+00 -9.4085e-01
2519 +9.874195350e+01 +9.874195350e+01 +7.081953505e+00 +7.081953505e+00 -4.2650e-01 -5.0000e+00 +2.9083e+00 +1.2925e+00 +3.0860e+00 -2.7375e+00 +3.5556e+00 -1.9983e-01 +7.9066e-01 +4.8820e-01
5803 +6.262464483e+01 +6.262464483e+01 -2.903535517e+01 -2.903535517e+01 -1.4922e-01 -4.8359e+00 +2.6480e+00 +1.0008e+00 +2.3436e+00 -2.5723e+00 +4.9982e+00 -1.7544e+00 +1.9534e-01 +1.5228e+00
% function evaluation | noise-free fitness - Fopt (5.961500000000e+02) | best noise-free fitness - Fopt | measured fitness | best measured fitness | x1 | x2...
1 +7.529904276e+02 +7.529904276e+02 +1.349140428e+03 +1.349140428e+03 -3.3655e+00 -1.3357e+00 +2.3580e+00 -4.3338e+00 -4.7156e+00 -3.5115e+00 +2.9459e+00 -4.5288e+00 +4.9886e+00 +4.1825e+00
3 +4.187371841e+02 +4.187371841e+02 +1.014887184e+03 +1.014887184e+03 +2.2436e+00 +9.0057e-01 -4.5856e+00 +4.7718e+00 -1.6779e-01 +5.3910e-01 -3.4040e-01 -1.4654e+00 +2.3180e+00 +6.3941e-02
4 +3.712703022e+02 +3.712703022e+02 +9.674203022e+02 +9.674203022e+02 -4.0192e+00 -5.7066e-01 +2.0541e+00 +3.9643e+00 -1.2454e+00 -3.7174e+00 +1.4366e+00 -1.9939e+00 +4.7055e+00 -7.0981e-01
87 +2.402790107e+02 +2.402790107e+02 +8.364290107e+02 +8.364290107e+02 +2.3593e-01 -3.4681e-01 -6.5018e-01 +1.6331e+00 +6.5369e-01 -2.4345e+00 -3.5748e+00 -2.6360e-01 +4.7817e+00 +4.8165e+00
1707 +1.479531555e+02 +1.479531555e+02 +7.441031555e+02 +7.441031555e+02 -6.3502e-01 -1.1051e-01 +1.3160e+00 +8.2978e-01 +8.7161e-01 -4.0473e+00 -5.0000e+00 -3.2266e+00 +1.6139e+00 +3.6634e+00
2055 +9.132403429e+01 +9.132403429e+01 +6.874740343e+02 +6.874740343e+02 -3.0072e+00 -1.4183e-02 -5.1270e-01 +1.0304e+00 -1.8738e-01 -3.1479e+00 -4.2176e+00 -3.0828e+00 +2.5219e+00 +3.1499e+00
2904 +6.243930536e+01 +6.243930536e+01 +6.585893054e+02 +6.585893054e+02 -3.2067e+00 +7.0645e-02 -3.9973e-01 +1.0274e+00 -1.7535e-01 -3.1457e+00 -4.2947e+00 -3.1210e+00 +2.5455e+00 +3.0417e+00
4638 +3.801647586e+01 +3.801647586e+01 +6.341664759e+02 +6.341664759e+02 -3.2156e+00 +1.7883e-01 -4.2414e-01 +1.0011e+00 +6.3954e-02 -3.2345e+00 -4.3896e+00 -3.1340e+00 +2.5730e+00 +3.2491e+00
% function evaluation | noise-free fitness - Fopt (1.325100000000e+02) | best noise-free fitness - Fopt | measured fitness | best measured fitness | x1 | x2...
1 +1.019500767e+03 +1.019500767e+03 +1.152010767e+03 +1.152010767e+03 +4.3567e+00 +8.0058e-01 +4.8715e+00 +2.7797e+00 +5.9924e-01 -3.0052e+00 -1.7663e+00 -4.3286e-01 -1.4004e+00 +4.8367e+00
3 +5.389754435e+02 +5.389754435e+02 +6.714854435e+02 +6.714854435e+02 +1.1048e+00 +2.5500e+00 +1.1199e-02 +2.3455e+00 -4.0177e+00 +2.5379e+00 -1.8841e-01 +1.6047e+00 -1.9341e+00 -1.0853e+00
43 +2.875170770e+02 +2.875170770e+02 +4.200270770e+02 +4.200270770e+02 +3.2179e+00 +4.6105e+00 -1.1800e-01 -1.7531e+00 -1.0115e+00 -1.6296e+00 +4.2232e+00 -2.5033e-01 +3.1396e+00 -2.6647e+00
110 +2.200671564e+02 +2.200671564e+02 +3.525771564e+02 +3.525771564e+02 +4.1534e+00 +4.1017e+00 +1.8075e+00 +3.7265e-02 +6.2576e-01 +1.4296e+00 +4.7701e+00 +4.3958e+00 -3.3980e+00 -3.1103e-01
781 +1.501914350e+02 +1.501914350e+02 +2.827014350e+02 +2.827014350e+02 +1.7859e+00 +2.8018e+00 +2.1366e+00 -1.7611e+00 +6.4149e-01 +1.5752e+00 +5.0000e+00 +2.9671e+00 -3.2629e+00 -1.9003e-01
3025 +9.589484848e+01 +9.589484848e+01 +2.284048485e+02 +2.284048485e+02 +3.4627e+00 +4.8294e+00 +3.7672e+00 -1.2264e+00 +4.9032e-01 +1.9909e+00 +4.1801e+00 +4.9063e+00 -1.5172e+00 +1.5649e-01
7227 +6.263624464e+01 +6.263624464e+01 +1.951462446e+02 +1.951462446e+02 +3.1218e+00 +5.0000e+00 +3.5803e+00 -1.3305e+00 +2.9332e-01 +8.2939e-01 +4.2635e+00 +4.0888e+00 -1.1866e+00 -6.4468e-01
% function evaluation | noise-free fitness - Fopt (-2.401800000000e+02) | best noise-free fitness - Fopt | measured fitness | best measured fitness | x1 | x2...
1 +5.342329641e+02 +5.342329641e+02 +2.940529641e+02 +2.940529641e+02 -1.4721e+00 +4.5787e+00 -4.4707e+00 +3.3780e+00 -1.0647e+00 +1.5547e+00 -4.9163e+00 +2.3298e+00 +4.2446e+00 -1.4050e+00
10 +3.704931210e+02 +3.704931210e+02 +1.303131210e+02 +1.303131210e+02 -1.9227e+00 -1.2429e+00 +3.3543e+00 +3.4174e+00 +4.0880e+00 +2.4538e+00 -3.0425e+00 -3.7827e+00 -9.3120e-01 -3.8282e+00
69 +1.780365392e+02 +1.780365392e+02 -6.214346084e+01 -6.214346084e+01 -4.2250e+00 +3.7472e+00 +1.1764e+00 -8.0337e-01 -1.8364e+00 +9.3526e-01 -2.6143e+00 -3.6455e-01 +1.7652e+00 -1.0598e+00
711 +1.354914918e+02 +1.354914918e+02 -1.046885082e+02 -1.046885082e+02 -4.2539e+00 +3.7641e+00 +1.1964e+00 -7.2370e-01 -1.8366e+00 +9.4096e-01 -2.5758e+00 -4.0031e-01 +1.8016e+00 -1.2384e+00
1639 +9.962807199e+01 +9.962807199e+01 -1.405519280e+02 -1.405519280e+02 -4.8336e+00 -2.7080e-01 +7.3966e-02 +4.5433e-01 -9.7022e-02 +4.5288e-01 -3.8228e+00 -4.6132e+00 +3.1745e+00 -2.1802e+00
3196 +5.792875722e+01 +5.792875722e+01 -1.822512428e+02 -1.822512428e+02 -2.8316e+00 +6.8796e-01 +2.2745e+00 -3.0098e-02 +2.7562e-01 +3.1303e-01 -2.8457e+00 -4.0165e+00 +2.7525e+00 -3.3369e+00
5768 +3.904661905e+01 +3.904661905e+01 -2.011333809e+02 -2.011333809e+02 -2.8549e+00 +6.4778e-01 +2.2450e+00 -3.3582e-02 +2.3869e-01 +3.1899e-01 -2.8547e+00 -4.0269e+00 +2.7112e+00 -3.3559e+00
9615 +2.507415561e+01 +2.507415561e+01 -2.151058444e+02 -2.151058444e+02 -2.9088e+00 +6.8649e-01 +2.2396e+00 -1.1621e-01 +2.2347e-01 +3.9175e-01 -2.8674e+00 -4.0832e+00 +2.6726e+00 -3.3857e+00
% function evaluation | noise-free fitness - Fopt (-3.941600000000e+02) | best noise-free fitness - Fopt | measured fitness | best measured fitness | x1 | x2...
1 +2.174700597e+03 +2.174700597e+03 +1.780540597e+03 +1.780540597e+03 -3.5155e+00 +4.9523e+00 -3.2701e+00 +1.4639e+00 -3.8674e+00 +3.2414e-02 -6.4851e-01 -3.6704e+00 -1.6763e+00 -2.7478e+00
2 +1.126934532e+03 +1.126934532e+03 +7.327745316e+02 +7.327745316e+02 -3.7695e-01 -2.4220e+00 +4.0909e+00 +4.9883e+00 -4.7143e+00 +2.8856e+00 +3.9390e+00 +2.3030e-01 -4.4361e+00 -2.7281e+00
3 +5.371518897e+02 +5.371518897e+02 +1.429918897e+02 +1.429918897e+02 +5.3915e-01 -4.6866e+00 -1.6367e+00 +4.5620e+00 -4.6446e+00 -5.0474e-01 +5.3672e-01 -1.7332e+00 -2.0048e+00 +1.3781e+00
22 +3.191681642e+02 +3.191681642e+02 -7.499183576e+01 -7.499183576e+01 +3.8950e+00 -3.2473e+00 -4.0105e+00 +3.4610e+00 +2.2602e+00 +4.1571e-01 -4.2682e+00 +1.7180e+00 +3.3421e+00 +1.5237e-01
166 +1.940827291e+02 +1.940827291e+02 -2.000772709e+02 -2.000772709e+02 -9.9013e-01 -4.5898e+00 +1.3231e+00 -2.2473e+00 -1.8541e+00 +3.3936e+00 -1.6465e+00 -2.9797e+00 -1.1479e+00 -1.1736e+00
751 +1.532128038e+02 +1.532128038e+02 -2.409471962e+02 -2.409471962e+02 -4.4121e+00 -3.1649e+00 -1.6405e+00 +1.6305e+00 +4.8007e-01 +2.1365e+00 -3.6077e+00 +9.9536e-01 +5.8113e-01 -1.1335e+00
1408 +9.957648137e+01 +9.957648137e+01 -2.945835186e+02 -2.945835186e+02 -4.3890e+00 -3.1303e+00 -1.7090e+00 +1.5427e+00 +3.4270e-01 +2.1696e+00 -3.5743e+00 +7.4260e-01 +5.2093e-01 -9.8774e-01
2841 +6.251879090e+01 +6.251879090e+01 -3.316412091e+02 -3.316412091e+02 -3.1545e+00 -3.3982e+00 -1.3550e+00 +1.0489e+00 +1.8223e+00 +2.6671e+00 -3.6364e+00 -1.9271e-02 +1.6978e-01 -1.8675e+00
5138 +3.979831266e+01 +3.979831266e+01 -3.543616873e+02 -3.543616873e+02 -3.2625e+00 -3.5441e+00 -1.3321e+00 +9.6519e-01 +1.7320e+00 +2.7054e+00 -3.7704e+00 -3.3916e-02 +9.1835e-02 -1.8301e+00
