% function evaluation | noise-free fitness - Fopt (7.627000000000e+01) | best noise-free fitness - Fopt | measured fitness | best measured fitness | x1 | x2...
1 +2.037627490e+06 +2.037627490e+06 +2.037703760e+06 +2.037703760e+06 +1.6467e+00 -2.4408e+00
9 +2.280083899e+05 +2.280083899e+05 +2.280846599e+05 +2.280846599e+05 +3.2718e-01 -3.0426e+00
19 +1.064797082e+04 +1.064797082e+04 +1.072424082e+04 +1.072424082e+04 +9.7971e-01 -3.6558e+00
83 +1.405033816e+03 +1.405033816e+03 +1.481303816e+03 +1.481303816e+03 +3.4715e+00 -4.5038e+00
88 +9.179463733e+02 +9.179463733e+02 +9.942163733e+02 +9.942163733e+02 -1.6120e+00 -2.9043e+00
182 +1.158015133e+02 +1.158015133e+02 +1.920715133e+02 +1.920715133e+02 +2.1177e+00 -4.1282e+00
390 +4.433072288e+01 +4.433072288e+01 +1.206007229e+02 +1.206007229e+02 -1.7182e+00 -2.9111e+00
398 +1.711724708e+01 +1.711724708e+01 +9.338724708e+01 +9.338724708e+01 -1.6367e+00 -2.9335e+00
509 +3.547631270e+00 +3.547631270e+00 +7.981763127e+01 +7.981763127e+01 -1.6571e+00 -2.9250e+00
527 +5.959322985e-01 +5.959322985e-01 +7.686593230e+01 +7.686593230e+01 -1.7016e+00 -2.9088e+00
7400 +3.610003637e-01 +3.610003637e-01 +7.663100036e+01 +7.663100036e+01 -1.4579e+00 -2.9864e+00
12109 +2.071039567e-01 +2.071039567e-01 +7.647710396e+01 +7.647710396e+01 -1.3643e+00 -3.0157e+00
17707 +1.502872114e-01 +1.502872114e-01 +7.642028721e+01 +7.642028721e+01 -1.2815e+00 -3.0418e+00
25708 +9.740698939e-02 +9.740698939e-02 +7.636740699e+01 +7.636740699e+01 -1.2317e+00 -3.0576e+00
29867 +5.841194652e-02 +5.841194652e-02 +7.632841195e+01 +7.632841195e+01 -1.1693e+00 -3.0774e+00
41814 +3.682473288e-02 +3.682473288e-02 +7.630682473e+01 +7.630682473e+01 -1.1126e+00 -3.0953e+00
44018 +1.176345750e-02 +1.176345750e-02 +7.628176346e+01 +7.628176346e+01 -1.0394e+00 -3.1184e+00
46030 +9.682865999e-03 +9.682865999e-03 +7.627968287e+01 +7.627968287e+01 -1.0338e+00 -3.1202e+00
48799 +6.233935659e-03 +6.233935659e-03 +7.627623394e+01 +7.627623394e+01 -1.0201e+00 -3.1246e+00
49442 +3.676127375e-03 +3.676127375e-03 +7.627367613e+01 +7.627367613e+01 -9.9831e-01 -3.1315e+00
53823 +1.543957504e-03 +1.543957504e-03 +7.627154396e+01 +7.627154396e+01 -9.7339e-01 -3.1393e+00
74135 +7.492299540e-04 +7.492299540e-04 +7.627074923e+01 +7.627074923e+01 -9.6430e-01 -3.1422e+00
86785 +1.347146895e-04 +1.347146895e-04 +7.627013471e+01 +7.627013471e+01 -9.4844e-01 -3.1472e+00
86998 +9.818083988e-05 +9.818083988e-05 +7.627009818e+01 +7.627009818e+01 -9.4831e-01 -3.1473e+00
89541 +5.029256668e-05 +5.029256668e-05 +7.627005029e+01 +7.627005029e+01 -9.4377e-01 -3.1487e+00
89632 +3.838976330e-05 +3.838976330e-05 +7.627003839e+01 +7.627003839e+01 -9.4377e-01 -3.1487e+00
117341 +2.452281711e-05 +2.452281711e-05 +7.627002452e+01 +7.627002452e+01 -9.4266e-01 -3.1491e+00
130119 +1.555171016e-05 +1.555171016e-05 +7.627001555e+01 +7.627001555e+01 -9.4189e-01 -3.1493e+00
130164 +4.612063947e-06 +4.612063947e-06 +7.627000461e+01 +7.627000461e+01 -9.3822e-01 -3.1505e+00
130270 +1.467738002e-06 +1.467738002e-06 +7.627000147e+01 +7.627000147e+01 -9.3822e-01 -3.1505e+00
130326 +6.124358549e-07 +6.124358549e-07 +7.627000061e+01 +7.627000061e+01 -9.3822e-01 -3.1505e+00
130383 +3.658668248e-07 +3.658668248e-07 +7.627000037e+01 +7.627000037e+01 -9.3822e-01 -3.1505e+00
130432 +4.940559961e-08 +4.940559961e-08 +7.627000005e+01 +7.627000005e+01 -9.3821e-01 -3.1505e+00
138418 +3.873111609e-08 +3.873111609e-08 +7.627000004e+01 +7.627000004e+01 -9.3823e-01 -3.1505e+00
139914 +4.001648790e-09 +4.001648790e-09 +7.627000000e+01 +7.627000000e+01 -9.3834e-01 -3.1504e+00
% function evaluation | noise-free fitness - Fopt (-2.255000000000e+01) | best noise-free fitness - Fopt | measured fitness | best measured fitness | x1 | x2...
1 +1.494801185e+05 +1.494801185e+05 +1.494575685e+05 +1.494575685e+05 +2.0056e+00 +2.9570e+00
6 +3.345430143e+04 +3.345430143e+04 +3.343175143e+04 +3.343175143e+04 +3.1222e+00 +3.7141e-01
16 +8.282912241e+03 +8.282912241e+03 +8.260362241e+03 +8.260362241e+03 +3.1428e+00 +1.1756e+00
64 +9.100481343e+01 +9.100481343e+01 +6.845481343e+01 +6.845481343e+01 +1.8929e+00 +4.5970e+00
343 +2.221153992e+01 +2.221153992e+01 -3.384600752e-01 -3.384600752e-01 +4.0959e+00 -1.9387e+00
384 +1.127022655e+00 +1.127022655e+00 -2.142297735e+01 -2.142297735e+01 +2.3278e+00 +3.2797e+00
547 +7.589849731e-01 +7.589849731e-01 -2.179101503e+01 -2.179101503e+01 +2.3325e+00 +3.2698e+00
661 +5.203378877e-01 +5.203378877e-01 -2.202966211e+01 -2.202966211e+01 +2.3268e+00 +3.2846e+00
12814 +3.913515622e-01 +3.913515622e-01 -2.215864844e+01 -2.215864844e+01 +2.3804e+00 +3.1267e+00
14871 +1.739128333e-01 +1.739128333e-01 -2.237608717e+01 -2.237608717e+01 +2.4258e+00 +2.9930e+00
17383 +1.554356821e-01 +1.554356821e-01 -2.239456432e+01 -2.239456432e+01 +2.4322e+00 +2.9739e+00
27628 +5.686846918e-02 +5.686846918e-02 -2.249313153e+01 -2.249313153e+01 +2.4931e+00 +2.7942e+00
33404 +3.931902743e-02 +3.931902743e-02 -2.251068097e+01 -2.251068097e+01 +2.5036e+00 +2.7630e+00
38878 +2.487793401e-02 +2.487793401e-02 -2.252512207e+01 -2.252512207e+01 +2.5140e+00 +2.7324e+00
43979 +1.127405127e-02 +1.127405127e-02 -2.253872595e+01 -2.253872595e+01 +2.5339e+00 +2.6736e+00
49533 +6.795651084e-03 +6.795651084e-03 -2.254320435e+01 -2.254320435e+01 +2.5391e+00 +2.6583e+00
51222 +1.316381315e-03 +1.316381315e-03 -2.254868362e+01 -2.254868362e+01 +2.5607e+00 +2.5944e+00
51400 +7.657167387e-04 +7.657167387e-04 -2.254923428e+01 -2.254923428e+01 +2.5607e+00 +2.5944e+00
51535 +5.315649371e-04 +5.315649371e-04 -2.254946844e+01 -2.254946844e+01 +2.5607e+00 +2.5945e+00
51636 +2.959934776e-04 +2.959934776e-04 -2.254970401e+01 -2.254970401e+01 +2.5607e+00 +2.5945e+00
51680 +1.131813726e-04 +1.131813726e-04 -2.254988682e+01 -2.254988682e+01 +2.5628e+00 +2.5883e+00
51965 +8.061370044e-05 +8.061370044e-05 -2.254991939e+01 -2.254991939e+01 +2.5628e+00 +2.5882e+00
58146 +6.300547605e-05 +6.300547605e-05 -2.254993699e+01 -2.254993699e+01 +2.5631e+00 +2.5874e+00
60606 +1.751541387e-05 +1.751541387e-05 -2.254998248e+01 -2.254998248e+01 +2.5666e+00 +2.5771e+00
60820 +1.475226578e-05 +1.475226578e-05 -2.254998525e+01 -2.254998525e+01 +2.5666e+00 +2.5771e+00
61130 +9.291324570e-06 +9.291324570e-06 -2.254999071e+01 -2.254999071e+01 +2.5665e+00 +2.5772e+00
66115 +1.989840907e-06 +1.989840907e-06 -2.254999801e+01 -2.254999801e+01 +2.5655e+00 +2.5804e+00
66263 +3.604263199e-07 +3.604263199e-07 -2.254999964e+01 -2.254999964e+01 +2.5655e+00 +2.5804e+00
66740 +9.011256097e-08 +9.011256097e-08 -2.254999991e+01 -2.254999991e+01 +2.5655e+00 +2.5803e+00
78433 +6.127986296e-08 +6.127986296e-08 -2.254999994e+01 -2.254999994e+01 +2.5655e+00 +2.5803e+00
123238 +3.959559791e-08 +3.959559791e-08 -2.254999996e+01 -2.254999996e+01 +2.5655e+00 +2.5802e+00
123597 +1.322684184e-08 +1.322684184e-08 -2.254999999e+01 -2.254999999e+01 +2.5656e+00 +2.5801e+00
136994 +3.169660090e-10 +3.169660090e-10 -2.255000000e+01 -2.255000000e+01 +2.5656e+00 +2.5800e+00
% function evaluation | noise-free fitness - Fopt (1.366000000000e+01) | best noise-free fitness - Fopt | measured fitness | best measured fitness | x1 | x2...
1 +2.299900733e+06 +2.299900733e+06 +2.299914393e+06 +2.299914393e+06 +3.3951e+00 +3.9630e+00
5 +1.167570749e+06 +1.167570749e+06 +1.167584409e+06 +1.167584409e+06 +1.5176e-01 -2.5610e-01
6 +2.195313835e+03 +2.195313835e+03 +2.208973835e+03 +2.208973835e+03 -8.3826e-01 +2.0617e-01
109 +8.912134494e+02 +8.912134494e+02 +9.048734494e+02 +9.048734494e+02 +1.2873e+00 +3.7101e+00
215 +1.190276337e+02 +1.190276337e+02 +1.326876337e+02 +1.326876337e+02 +5.0153e-01 +2.3263e+00
266 +4.222638163e+01 +4.222638163e+01 +5.588638163e+01 +5.588638163e+01 -1.1789e+00 -4.5719e-01
385 +2.829629302e+00 +2.829629302e+00 +1.648962930e+01 +1.648962930e+01 +1.3109e+00 +3.6937e+00
468 +5.443163572e-01 +5.443163572e-01 +1.420431636e+01 +1.420431636e+01 +4.9305e-01 +2.3320e+00
648 +3.884197246e-01 +3.884197246e-01 +1.404841972e+01 +1.404841972e+01 +5.0328e-01 +2.3493e+00
694 +6.603426099e-02 +6.603426099e-02 +1.372603426e+01 +1.372603426e+01 +5.0107e-01 +2.3464e+00
699 +3.968512891e-02 +3.968512891e-02 +1.369968513e+01 +1.369968513e+01 +5.0539e-01 +2.3542e+00
905 +2.355154340e-02 +2.355154340e-02 +1.368355154e+01 +1.368355154e+01 +5.0551e-01 +2.3541e+00
1130 +1.407011265e-02 +1.407011265e-02 +1.367407011e+01 +1.367407011e+01 +4.8390e-01 +2.3182e+00
5197 +5.933824383e-03 +5.933824383e-03 +1.366593382e+01 +1.366593382e+01 +4.6838e-01 +2.2925e+00
9546 +3.787482413e-03 +3.787482413e-03 +1.366378748e+01 +1.366378748e+01 +4.6069e-01 +2.2797e+00
33593 +1.783416113e-03 +1.783416113e-03 +1.366178342e+01 +1.366178342e+01 +4.4884e-01 +2.2600e+00
36394 +1.301290336e-03 +1.301290336e-03 +1.366130129e+01 +1.366130129e+01 +4.4601e-01 +2.2553e+00
45801 +9.411352004e-04 +9.411352004e-04 +1.366094114e+01 +1.366094114e+01 +4.4396e-01 +2.2519e+00
51124 +6.026141623e-04 +6.026141623e-04 +1.366060261e+01 +1.366060261e+01 +4.3865e-01 +2.2431e+00
56841 +1.294049848e-04 +1.294049848e-04 +1.366012940e+01 +1.366012940e+01 +4.3257e-01 +2.2329e+00
74347 +9.963434862e-05 +9.963434862e-05 +1.366009963e+01 +1.366009963e+01 +4.3231e-01 +2.2325e+00
77761 +6.074662525e-05 +6.074662525e-05 +1.366006075e+01 +1.366006075e+01 +4.3098e-01 +2.2303e+00
86338 +3.920364969e-05 +3.920364969e-05 +1.366003920e+01 +1.366003920e+01 +4.3057e-01 +2.2296e+00
98415 +2.442069830e-05 +2.442069830e-05 +1.366002442e+01 +1.366002442e+01 +4.2495e-01 +2.2203e+00
112732 +1.519533740e-05 +1.519533740e-05 +1.366001520e+01 +1.366001520e+01 +4.2533e-01 +2.2209e+00
125704 +9.997107469e-06 +9.997107469e-06 +1.366001000e+01 +1.366001000e+01 +4.2561e-01 +2.2213e+00
148311 +5.440902260e-06 +5.440902260e-06 +1.366000544e+01 +1.366000544e+01 +4.2595e-01 +2.2219e+00
% function evaluation | noise-free fitness - Fopt (9.378400000000e+02) | best noise-free fitness - Fopt | measured fitness | best measured fitness | x1 | x2...
1 +5.714413902e+04 +5.714413902e+04 +5.808197902e+04 +5.808197902e+04 -4.7698e+00 -3.0274e+00
37 +2.574641753e+04 +2.574641753e+04 +2.668425753e+04 +2.668425753e+04 +6.3464e-01 +4.7650e+00
40 +7.098820416e+03 +7.098820416e+03 +8.036660416e+03 +8.036660416e+03 -2.9140e+00 -7.1724e-01
65 +9.076416785e+02 +9.076416785e+02 +1.845481678e+03 +1.845481678e+03 -2.1094e+00 +7.7662e-01
224 +5.418184725e+02 +5.418184725e+02 +1.479658472e+03 +1.479658472e+03 -1.7889e+00 +1.1823e+00
261 +2.507144219e+02 +2.507144219e+02 +1.188554422e+03 +1.188554422e+03 -1.7966e+00 +1.1851e+00
380 +1.273166510e+02 +1.273166510e+02 +1.065156651e+03 +1.065156651e+03 -1.7926e+00 +1.1989e+00
386 +7.446309136e+00 +7.446309136e+00 +9.452863091e+02 +9.452863091e+02 -1.8029e+00 +1.2038e+00
461 +5.457272710e+00 +5.457272710e+00 +9.432972727e+02 +9.432972727e+02 -2.2234e-01 +3.6998e+00
592 +1.425174942e+00 +1.425174942e+00 +9.392651749e+02 +9.392651749e+02 -2.1805e-01 +3.7003e+00
610 +3.854631966e-01 +3.854631966e-01 +9.382254632e+02 +9.382254632e+02 -2.2169e-01 +3.6958e+00
707 +2.609442954e-02 +2.609442954e-02 +9.378660944e+02 +9.378660944e+02 -2.2250e-01 +3.6954e+00
910 +2.025104921e-02 +2.025104921e-02 +9.378602510e+02 +9.378602510e+02 -2.2261e-01 +3.6953e+00
3588 +1.543373208e-02 +1.543373208e-02 +9.378554337e+02 +9.378554337e+02 -2.3011e-01 +3.6836e+00
22515 +8.856681806e-03 +8.856681806e-03 +9.378488567e+02 +9.378488567e+02 -3.4448e-01 +3.5031e+00
32618 +3.451796531e-03 +3.451796531e-03 +9.378434518e+02 +9.378434518e+02 -3.2969e-01 +3.5265e+00
50906 +2.466127664e-03 +2.466127664e-03 +9.378424661e+02 +9.378424661e+02 -3.2222e-01 +3.5383e+00
60308 +1.092682311e-03 +1.092682311e-03 +9.378410927e+02 +9.378410927e+02 -3.1326e-01 +3.5525e+00
60937 +9.964577168e-04 +9.964577168e-04 +9.378409965e+02 +9.378409965e+02 -3.1317e-01 +3.5526e+00
62627 +6.174556097e-04 +6.174556097e-04 +9.378406175e+02 +9.378406175e+02 -3.0929e-01 +3.5587e+00
70925 +3.654805087e-04 +3.654805087e-04 +9.378403655e+02 +9.378403655e+02 -3.0693e-01 +3.5624e+00
72215 +7.143053335e-05 +7.143053335e-05 +9.378400714e+02 +9.378400714e+02 -2.9762e-01 +3.5771e+00
72309 +5.656559949e-05 +5.656559949e-05 +9.378400566e+02 +9.378400566e+02 -2.9762e-01 +3.5771e+00
72315 +3.224175771e-05 +3.224175771e-05 +9.378400322e+02 +9.378400322e+02 -2.9762e-01 +3.5771e+00
72420 +2.420456485e-05 +2.420456485e-05 +9.378400242e+02 +9.378400242e+02 -2.9762e-01 +3.5771e+00
72516 +3.394372811e-06 +3.394372811e-06 +9.378400034e+02 +9.378400034e+02 -2.9761e-01 +3.5771e+00
72620 +2.470607114e-06 +2.470607114e-06 +9.378400025e+02 +9.378400025e+02 -2.9763e-01 +3.5771e+00
76626 +1.569035248e-06 +1.569035248e-06 +9.378400016e+02 +9.378400016e+02 -2.9735e-01 +3.5775e+00
77383 +9.619653838e-07 +9.619653838e-07 +9.378400010e+02 +9.378400010e+02 -2.9735e-01 +3.5775e+00
84534 +6.160155408e-07 +6.160155408e-07 +9.378400006e+02 +9.378400006e+02 -2.9724e-01 +3.5777e+00
113289 +3.943616775e-07 +3.943616775e-07 +9.378400004e+02 +9.378400004e+02 -2.9712e-01 +3.5779e+00
129917 +1.513290044e-07 +1.513290044e-07 +9.378400002e+02 +9.378400002e+02 -2.9697e-01 +3.5781e+00
130228 +9.937855339e-08 +9.937855339e-08 +9.378400001e+02 +9.378400001e+02 -2.9697e-01 +3.5781e+00
147792 +4.553942290e-08 +4.553942290e-08 +9.378400000e+02 +9.378400000e+02 -2.9690e-01 +3.5782e+00
148637 +3.391960490e-08 +3.391960490e-08 +9.378400000e+02 +9.378400000e+02 -2.9690e-01 +3.5782e+00
150166 +9.994323591e-09 +9.994323591e-09 +9.378400000e+02 +9.378400000e+02 -2.9685e-01 +3.5783e+00
% function evaluation | noise-free fitness - Fopt (-7.872000000000e+01) | best noise-free fitness - Fopt | measured fitness | best measured fitness | x1 | x2...
1 +2.069733625e+06 +2.069733625e+06 +2.069654905e+06 +2.069654905e+06 -3.0963e+00 -4.2235e+00
2 +2.312027544e+05 +2.312027544e+05 +2.311240344e+05 +2.311240344e+05 +6.4034e-01 -3.9898e+00
33 +2.747891271e+02 +2.747891271e+02 +1.960691271e+02 +1.960691271e+02 +2.7094e+00 -1.9013e+00
305 +2.676875230e+01 +2.676875230e+01 -5.195124770e+01 -5.195124770e+01 +2.4873e+00 -2.0867e+00
411 +1.101436508e+00 +1.101436508e+00 -7.761856349e+01 -7.761856349e+01 +2.7050e+00 -1.9264e+00
716 +8.989875085e-01 +8.989875085e-01 -7.782101249e+01 -7.782101249e+01 +2.7633e+00 -1.8833e+00
8685 +6.090521537e-01 +6.090521537e-01 -7.811094785e+01 -7.811094785e+01 +2.7321e+00 -1.9063e+00
12469 +5.660015838e-02 +5.660015838e-02 -7.866339984e+01 -7.866339984e+01 +3.3743e+00 -1.4482e+00
12666 +3.108368682e-02 +3.108368682e-02 -7.868891631e+01 -7.868891631e+01 +3.3742e+00 -1.4482e+00
12773 +3.332791484e-03 +3.332791484e-03 -7.871666721e+01 -7.871666721e+01 +3.3694e+00 -1.4514e+00
12906 +2.497450705e-03 +2.497450705e-03 -7.871750255e+01 -7.871750255e+01 +3.3741e+00 -1.4481e+00
13170 +1.361609048e-03 +1.361609048e-03 -7.871863839e+01 -7.871863839e+01 +3.3830e+00 -1.4417e+00
14075 +9.391887948e-04 +9.391887948e-04 -7.871906081e+01 -7.871906081e+01 +3.3870e+00 -1.4389e+00
15352 +6.283499501e-04 +6.283499501e-04 -7.871937165e+01 -7.871937165e+01 +3.3908e+00 -1.4362e+00
27078 +1.009135272e-04 +1.009135272e-04 -7.871989909e+01 -7.871989909e+01 +3.4058e+00 -1.4255e+00
27440 +8.992121677e-05 +8.992121677e-05 -7.871991008e+01 -7.871991008e+01 +3.4058e+00 -1.4255e+00
27551 +5.364581190e-05 +5.364581190e-05 -7.871994635e+01 -7.871994635e+01 +3.4058e+00 -1.4255e+00
28363 +3.966419976e-05 +3.966419976e-05 -7.871996034e+01 -7.871996034e+01 +3.4059e+00 -1.4254e+00
59067 +3.309309619e-06 +3.309309619e-06 -7.871999669e+01 -7.871999669e+01 +3.4099e+00 -1.4225e+00
59466 +2.463592736e-06 +2.463592736e-06 -7.871999754e+01 -7.871999754e+01 +3.4099e+00 -1.4225e+00
70582 +1.491885783e-06 +1.491885783e-06 -7.871999851e+01 -7.871999851e+01 +3.4102e+00 -1.4223e+00
79224 +9.034147297e-07 +9.034147297e-07 -7.871999910e+01 -7.871999910e+01 +3.4104e+00 -1.4222e+00
95922 +5.953369424e-07 +5.953369424e-07 -7.871999940e+01 -7.871999940e+01 +3.4106e+00 -1.4220e+00
110395 +3.925331953e-07 +3.925331953e-07 -7.871999961e+01 -7.871999961e+01 +3.4107e+00 -1.4219e+00
130496 +2.508023442e-07 +2.508023442e-07 -7.871999975e+01 -7.871999975e+01 +3.4108e+00 -1.4219e+00
131976 +1.416479449e-07 +1.416479449e-07 -7.871999986e+01 -7.871999986e+01 +3.4109e+00 -1.4218e+00
% function evaluation | noise-free fitness - Fopt (-5.984300000000e+02) | best noise-free fitness - Fopt | measured fitness | best measured fitness | x1 | x2...
1 +2.391844393e+07 +2.391844393e+07 +2.391784550e+07 +2.391784550e+07 +1.3461e+00 -4.8836e+00
2 +2.021042138e+05 +2.021042138e+05 +2.015057838e+05 +2.015057838e+05 -2.7644e+00 -1.8575e+00
5 +5.888568476e+04 +5.888568476e+04 +5.828725476e+04 +5.828725476e+04 -2.9952e+00 -1.9003e+00
14 +2.964836873e+03 +2.964836873e+03 +2.366406873e+03 +2.366406873e+03 -2.9433e+00 +7.3291e-01
43 +1.139383361e+01 +1.139383361e+01 -5.870361664e+02 -5.870361664e+02 -2.3985e+00 +4.3801e+00
388 +9.695407318e+00 +9.695407318e+00 -5.887345927e+02 -5.887345927e+02 -2.3984e+00 +4.3874e+00
6849 +2.792291614e+00 +2.792291614e+00 -5.956377084e+02 -5.956377084e+02 -2.5854e+00 +2.9906e+00
6899 +2.455844457e+00 +2.455844457e+00 -5.959741555e+02 -5.959741555e+02 -2.5875e+00 +2.9813e+00
11613 +6.417685900e-01 +6.417685900e-01 -5.977882314e+02 -5.977882314e+02 -2.7455e+00 +1.7930e+00
11637 +5.870664397e-01 +5.870664397e-01 -5.978429336e+02 -5.978429336e+02 -2.7456e+00 +1.7931e+00
11836 +2.526432636e-01 +2.526432636e-01 -5.981773567e+02 -5.981773567e+02 -2.7482e+00 +1.7793e+00
11894 +2.409992665e-01 +2.409992665e-01 -5.981890007e+02 -5.981890007e+02 -2.7482e+00 +1.7792e+00
13210 +1.192379423e-01 +1.192379423e-01 -5.983107621e+02 -5.983107621e+02 -2.7668e+00 +1.6395e+00
15627 +6.998666128e-02 +6.998666128e-02 -5.983600133e+02 -5.983600133e+02 -2.8414e+00 +1.0802e+00
15765 +5.855984164e-02 +5.855984164e-02 -5.983714402e+02 -5.983714402e+02 -2.8415e+00 +1.0802e+00
22109 +3.980410626e-02 +3.980410626e-02 -5.983901959e+02 -5.983901959e+02 -2.8362e+00 +1.1201e+00
32258 +2.219481709e-02 +2.219481709e-02 -5.984078052e+02 -5.984078052e+02 -2.8289e+00 +1.1743e+00
40311 +1.583797902e-02 +1.583797902e-02 -5.984141620e+02 -5.984141620e+02 -2.8266e+00 +1.1917e+00
46222 +9.386356224e-03 +9.386356224e-03 -5.984206136e+02 -5.984206136e+02 -2.8235e+00 +1.2147e+00
52054 +2.572882285e-03 +2.572882285e-03 -5.984274271e+02 -5.984274271e+02 -2.8110e+00 +1.3076e+00
52345 +2.502835296e-03 +2.502835296e-03 -5.984274972e+02 -5.984274972e+02 -2.8111e+00 +1.3076e+00
52349 +7.043232469e-04 +7.043232469e-04 -5.984292957e+02 -5.984292957e+02 -2.8111e+00 +1.3075e+00
52427 +5.947320648e-04 +5.947320648e-04 -5.984294053e+02 -5.984294053e+02 -2.8111e+00 +1.3076e+00
52440 +3.211880539e-05 +3.211880539e-05 -5.984299679e+02 -5.984299679e+02 -2.8111e+00 +1.3076e+00
62901 +2.508431942e-05 +2.508431942e-05 -5.984299749e+02 -5.984299749e+02 -2.8110e+00 +1.3083e+00
72030 +7.184096035e-06 +7.184096035e-06 -5.984299928e+02 -5.984299928e+02 -2.8103e+00 +1.3137e+00
72334 +4.257969522e-06 +4.257969522e-06 -5.984299957e+02 -5.984299957e+02 -2.8103e+00 +1.3137e+00
72422 +1.354744086e-06 +1.354744086e-06 -5.984299986e+02 -5.984299986e+02 -2.8103e+00 +1.3137e+00
72705 +8.973106560e-07 +8.973106560e-07 -5.984299991e+02 -5.984299991e+02 -2.8103e+00 +1.3137e+00
76218 +5.551366939e-07 +5.551366939e-07 -5.984299994e+02 -5.984299994e+02 -2.8103e+00 +1.3135e+00
104525 +3.340499006e-07 +3.340499006e-07 -5.984299997e+02 -5.984299997e+02 -2.8103e+00 +1.3133e+00
112820 +2.226271363e-07 +2.226271363e-07 -5.984299998e+02 -5.984299998e+02 -2.8103e+00 +1.3133e+00
131109 +5.136450909e-08 +5.136450909e-08 -5.984299999e+02 -5.984299999e+02 -2.8104e+00 +1.3130e+00
135338 +7.446942618e-09 +7.446942618e-09 -5.984300000e+02 -5.984300000e+02 -2.8104e+00 +1.3129e+00
% function evaluation | noise-free fitness - Fopt (-8.542000000000e+01) | best noise-free fitness - Fopt | measured fitness | best measured fitness | x1 | x2...
1 +2.939639401e+05 +2.939639401e+05 +2.938785201e+05 +2.938785201e+05 +1.2318e+00 -4.7266e+00
11 +7.070662047e+04 +7.070662047e+04 +7.062120047e+04 +7.062120047e+04 +8.7557e-01 -3.5928e+00
14 +2.327889195e+04 +2.327889195e+04 +2.319347195e+04 +2.319347195e+04 +2.3774e+00 -8.9329e-01
41 +2.955055404e+01 +2.955055404e+01 -5.586944596e+01 -5.586944596e+01 +1.3744e+00 -3.1869e+00
47 +2.412335706e+01 +2.412335706e+01 -6.129664294e+01 -6.129664294e+01 +8.3244e-01 -4.2485e+00
86 +5.610180401e+00 +5.610180401e+00 -7.980981960e+01 -7.980981960e+01 +3.5087e+00 +9.6828e-01
550 +3.131485592e+00 +3.131485592e+00 -8.228851441e+01 -8.228851441e+01 +3.5044e+00 +9.6207e-01
1082 +2.497513823e+00 +2.497513823e+00 -8.292248618e+01 -8.292248618e+01 +3.4957e+00 +9.4707e-01
3619 +7.186961631e-01 +7.186961631e-01 -8.470130384e+01 -8.470130384e+01 +2.8601e+00 -2.9280e-01
3641 +5.800634835e-01 +5.800634835e-01 -8.483993652e+01 -8.483993652e+01 +2.8601e+00 -2.9295e-01
3748 +1.648447906e-01 +1.648447906e-01 -8.525515521e+01 -8.525515521e+01 +2.9007e+00 -2.1546e-01
3966 +1.476315269e-01 +1.476315269e-01 -8.527236847e+01 -8.527236847e+01 +2.9007e+00 -2.1528e-01
6082 +9.996286745e-02 +9.996286745e-02 -8.532003713e+01 -8.532003713e+01 +2.8552e+00 -3.0400e-01
8564 +1.885865529e-02 +1.885865529e-02 -8.540114134e+01 -8.540114134e+01 +2.7807e+00 -4.4955e-01
9315 +2.211472568e-03 +2.211472568e-03 -8.541778853e+01 -8.541778853e+01 +2.7270e+00 -5.5456e-01
9438 +7.490968978e-04 +7.490968978e-04 -8.541925090e+01 -8.541925090e+01 +2.7270e+00 -5.5454e-01
10005 +5.594587919e-04 +5.594587919e-04 -8.541944054e+01 -8.541944054e+01 +2.7263e+00 -5.5587e-01
11954 +2.667214183e-04 +2.667214183e-04 -8.541973328e+01 -8.541973328e+01 +2.7090e+00 -5.8971e-01
12193 +2.444278130e-04 +2.444278130e-04 -8.541975557e+01 -8.541975557e+01 +2.7091e+00 -5.8950e-01
21148 +3.427716109e-06 +3.427716109e-06 -8.541999657e+01 -8.541999657e+01 +2.7152e+00 -5.7760e-01
31132 +2.507291171e-06 +2.507291171e-06 -8.541999749e+01 -8.541999749e+01 +2.7153e+00 -5.7742e-01
38944 +1.543201321e-06 +1.543201321e-06 -8.541999846e+01 -8.541999846e+01 +2.7155e+00 -5.7706e-01
45503 +8.281660513e-07 +8.281660513e-07 -8.541999917e+01 -8.541999917e+01 +2.7156e+00 -5.7682e-01
55041 +6.307673885e-07 +6.307673885e-07 -8.541999937e+01 -8.541999937e+01 +2.7156e+00 -5.7673e-01
62425 +2.237439674e-07 +2.237439674e-07 -8.541999978e+01 -8.541999978e+01 +2.7159e+00 -5.7624e-01
62518 +6.725291257e-08 +6.725291257e-08 -8.541999993e+01 -8.541999993e+01 +2.7159e+00 -5.7624e-01
64340 +6.285418408e-08 +6.285418408e-08 -8.541999994e+01 -8.541999994e+01 +2.7159e+00 -5.7624e-01
65353 +2.114086328e-08 +2.114086328e-08 -8.541999998e+01 -8.541999998e+01 +2.7159e+00 -5.7613e-01
70659 +4.347796789e-09 +4.347796789e-09 -8.542000000e+01 -8.542000000e+01 +2.7160e+00 -5.7597e-01
% function evaluation | noise-free fitness - Fopt (1.932500000000e+02) | best noise-free fitness - Fopt | measured fitness | best measured fitness | x1 | x2...
1 +1.396202113e+07 +1.396202113e+07 +1.396221438e+07 +1.396221438e+07 +3.3995e-01 +3.8990e+00
2 +4.392135436e+05 +4.392135436e+05 +4.394067936e+05 +4.394067936e+05 -1.1090e-01 -3.2357e+00
6 +2.486688141e+05 +2.486688141e+05 +2.488620641e+05 +2.488620641e+05 -1.5406e+00 +9.0488e-01
28 +1.103620764e+03 +1.103620764e+03 +1.296870764e+03 +1.296870764e+03 -1.0579e+00 -6.6747e-01
69 +4.526947710e+02 +4.526947710e+02 +6.459447710e+02 +6.459447710e+02 -3.7572e+00 +3.3440e+00
300 +8.600815463e+00 +8.600815463e+00 +2.018508155e+02 +2.018508155e+02 -2.1294e+00 +8.7370e-01
492 +1.071984048e+00 +1.071984048e+00 +1.943219840e+02 +1.943219840e+02 -3.7445e+00 +3.2884e+00
562 +9.105600478e-01 +9.105600478e-01 +1.941605600e+02 +1.941605600e+02 -3.7446e+00 +3.2883e+00
710 +2.808843067e-01 +2.808843067e-01 +1.935308843e+02 +1.935308843e+02 -3.7524e+00 +3.2973e+00
847 +3.542221788e-02 +3.542221788e-02 +1.932854222e+02 +1.932854222e+02 -3.7454e+00 +3.2878e+00
2924 +2.379109536e-02 +2.379109536e-02 +1.932737911e+02 +1.932737911e+02 -3.7256e+00 +3.2582e+00
4600 +1.444457613e-02 +1.444457613e-02 +1.932644446e+02 +1.932644446e+02 -3.7099e+00 +3.2348e+00
8647 +7.961307064e-03 +7.961307064e-03 +1.932579613e+02 +1.932579613e+02 -3.6926e+00 +3.2088e+00
8652 +6.271344331e-03 +6.271344331e-03 +1.932562713e+02 +1.932562713e+02 -3.6926e+00 +3.2090e+00
10914 +2.705009816e-03 +2.705009816e-03 +1.932527050e+02 +1.932527050e+02 -3.6706e+00 +3.1761e+00
11126 +2.424559085e-03 +2.424559085e-03 +1.932524246e+02 +1.932524246e+02 -3.6706e+00 +3.1761e+00
17245 +1.388361017e-03 +1.388361017e-03 +1.932513884e+02 +1.932513884e+02 -3.6279e+00 +3.1123e+00
17692 +9.454171012e-04 +9.454171012e-04 +1.932509454e+02 +1.932509454e+02 -3.6279e+00 +3.1123e+00
37127 +6.263218460e-04 +6.263218460e-04 +1.932506263e+02 +1.932506263e+02 -3.6317e+00 +3.1180e+00
42845 +3.504644310e-04 +3.504644310e-04 +1.932503505e+02 +1.932503505e+02 -3.6382e+00 +3.1277e+00
43144 +1.793003842e-04 +1.793003842e-04 +1.932501793e+02 +1.932501793e+02 -3.6375e+00 +3.1267e+00
43473 +1.485523236e-04 +1.485523236e-04 +1.932501486e+02 +1.932501486e+02 -3.6381e+00 +3.1277e+00
74881 +9.997688062e-05 +9.997688062e-05 +1.932501000e+02 +1.932501000e+02 -3.6393e+00 +3.1293e+00
79793 +1.402061488e-05 +1.402061488e-05 +1.932500140e+02 +1.932500140e+02 -3.6430e+00 +3.1350e+00
80001 +8.680619544e-06 +8.680619544e-06 +1.932500087e+02 +1.932500087e+02 -3.6430e+00 +3.1350e+00
113957 +1.720741096e-06 +1.720741096e-06 +1.932500017e+02 +1.932500017e+02 -3.6455e+00 +3.1386e+00
114148 +1.387487629e-06 +1.387487629e-06 +1.932500014e+02 +1.932500014e+02 -3.6455e+00 +3.1386e+00
114546 +9.953234894e-07 +9.953234894e-07 +1.932500010e+02 +1.932500010e+02 -3.6454e+00 +3.1385e+00
128008 +6.165463162e-07 +6.165463162e-07 +1.932500006e+02 +1.932500006e+02 -3.6452e+00 +3.1383e+00
140821 +3.519461416e-07 +3.519461416e-07 +1.932500004e+02 +1.932500004e+02 -3.6451e+00 +3.1380e+00
143249 +2.474907603e-07 +2.474907603e-07 +1.932500002e+02 +1.932500002e+02 -3.6450e+00 +3.1380e+00
149473 +9.813490465e-08 +9.813490465e-08 +1.932500001e+02 +1.932500001e+02 -3.6450e+00 +3.1378e+00
% function evaluation | noise-free fitness - Fopt (-1.815000000000e+02) | best noise-free fitness - Fopt | measured fitness | best measured fitness | x1 | x2...
1 +7.241790465e+05 +7.241790465e+05 +7.239975465e+05 +7.239975465e+05 +2.0762e-02 +5.8251e-01
11 +2.750071376e+05 +2.750071376e+05 +2.748256376e+05 +2.748256376e+05 +8.5588e-02 -1.4399e+00
13 +2.431158383e+04 +2.431158383e+04 +2.413008383e+04 +2.413008383e+04 -1.4439e+00 +2.4705e+00
30 +2.439613736e+03 +2.439613736e+03 +2.258113736e+03 +2.258113736e+03 -6.7221e-01 -2.3262e-01
172 +1.101868409e+03 +1.101868409e+03 +9.203684091e+02 +9.203684091e+02 -1.1997e+00 +1.8994e+00
364 +4.539443727e+01 +4.539443727e+01 -1.361055627e+02 -1.361055627e+02 -6.9802e-01 -3.1138e-01
384 +1.729627809e+01 +1.729627809e+01 -1.642037219e+02 -1.642037219e+02 -7.0363e-01 -3.2500e-01
517 +1.250677232e+01 +1.250677232e+01 -1.689932277e+02 -1.689932277e+02 -7.0483e-01 -3.0035e-01
586 +6.670099045e+00 +6.670099045e+00 -1.748299010e+02 -1.748299010e+02 -1.1687e+00 +1.9182e+00
662 +5.947698947e+00 +5.947698947e+00 -1.755523011e+02 -1.755523011e+02 -1.1686e+00 +1.9185e+00
771 +2.197579828e+00 +2.197579828e+00 -1.793024202e+02 -1.793024202e+02 -1.1604e+00 +1.8941e+00
864 +1.404571893e+00 +1.404571893e+00 -1.800954281e+02 -1.800954281e+02 -1.1698e+00 +1.9312e+00
3057 +7.058588224e-01 +7.058588224e-01 -1.807941412e+02 -1.807941412e+02 -1.1981e+00 +2.0703e+00
6310 +6.280740530e-01 +6.280740530e-01 -1.808719259e+02 -1.808719259e+02 -1.2052e+00 +2.1050e+00
9727 +3.463284409e-01 +3.463284409e-01 -1.811536716e+02 -1.811536716e+02 -1.2478e+00 +2.3103e+00
10745 +2.263121806e-01 +2.263121806e-01 -1.812736878e+02 -1.812736878e+02 -1.2925e+00 +2.5246e+00
18224 +7.736159238e-02 +7.736159238e-02 -1.814226384e+02 -1.814226384e+02 -1.3204e+00 +2.6604e+00
22994 +5.810072278e-02 +5.810072278e-02 -1.814418993e+02 -1.814418993e+02 -1.3291e+00 +2.7020e+00
26585 +3.524508735e-02 +3.524508735e-02 -1.814647549e+02 -1.814647549e+02 -1.3446e+00 +2.7771e+00
27125 +9.746855214e-03 +9.746855214e-03 -1.814902531e+02 -1.814902531e+02 -1.3790e+00 +2.9429e+00
27260 +4.257610322e-04 +4.257610322e-04 -1.814995742e+02 -1.814995742e+02 -1.3791e+00 +2.9429e+00
27460 +3.076327875e-04 +3.076327875e-04 -1.814996924e+02 -1.814996924e+02 -1.3791e+00 +2.9429e+00
27550 +2.450401080e-04 +2.450401080e-04 -1.814997550e+02 -1.814997550e+02 -1.3791e+00 +2.9429e+00
27691 +1.197565283e-04 +1.197565283e-04 -1.814998802e+02 -1.814998802e+02 -1.3790e+00 +2.9427e+00
31180 +9.443673787e-05 +9.443673787e-05 -1.814999056e+02 -1.814999056e+02 -1.3775e+00 +2.9353e+00
31545 +4.369853607e-05 +4.369853607e-05 -1.814999563e+02 -1.814999563e+02 -1.3775e+00 +2.9353e+00
31632 +3.130245562e-05 +3.130245562e-05 -1.814999687e+02 -1.814999687e+02 -1.3775e+00 +2.9353e+00
31905 +2.231575948e-05 +2.231575948e-05 -1.814999777e+02 -1.814999777e+02 -1.3775e+00 +2.9353e+00
32011 +1.225191434e-05 +1.225191434e-05 -1.814999877e+02 -1.814999877e+02 -1.3775e+00 +2.9352e+00
32236 +9.933016770e-06 +9.933016770e-06 -1.814999901e+02 -1.814999901e+02 -1.3775e+00 +2.9353e+00
81556 +6.206496323e-06 +6.206496323e-06 -1.814999938e+02 -1.814999938e+02 -1.3773e+00 +2.9342e+00
88096 +3.394662969e-06 +3.394662969e-06 -1.814999966e+02 -1.814999966e+02 -1.3772e+00 +2.9338e+00
91602 +2.265582623e-06 +2.265582623e-06 -1.814999977e+02 -1.814999977e+02 -1.3771e+00 +2.9336e+00
107962 +1.577458704e-06 +1.577458704e-06 -1.814999984e+02 -1.814999984e+02 -1.3770e+00 +2.9332e+00
132535 +9.282577764e-07 +9.282577764e-07 -1.814999991e+02 -1.814999991e+02 -1.3770e+00 +2.9329e+00
138515 +5.864190200e-07 +5.864190200e-07 -1.814999994e+02 -1.814999994e+02 -1.3770e+00 +2.9328e+00
139637 +3.947645837e-07 +3.947645837e-07 -1.814999996e+02 -1.814999996e+02 -1.3769e+00 +2.9326e+00
144955 +2.207583805e-07 +2.207583805e-07 -1.814999998e+02 -1.814999998e+02 -1.3769e+00 +2.9325e+00
% function evaluation | noise-free fitness - Fopt (4.526200000000e+02) | best noise-free fitness - Fopt | measured fitness | best measured fitness | x1 | x2...
1 +8.950166697e+04 +8.950166697e+04 +8.995428697e+04 +8.995428697e+04 +4.0960e+00 +2.2662e+00
14 +5.671702355e+02 +5.671702355e+02 +1.019790236e+03 +1.019790236e+03 +1.7032e+00 +1.4878e+00
283 +3.454280151e+02 +3.454280151e+02 +7.980480151e+02 +7.980480151e+02 +1.7098e+00 +1.4869e+00
298 +1.191238689e+02 +1.191238689e+02 +5.717438689e+02 +5.717438689e+02 +1.7833e+00 +1.4886e+00
321 +8.089421364e+01 +8.089421364e+01 +5.335142136e+02 +5.335142136e+02 +1.6952e+00 +1.4680e+00
391 +3.952518727e+01 +3.952518727e+01 +4.921451873e+02 +4.921451873e+02 +4.6604e+00 +2.8591e+00
393 +7.133937019e+00 +7.133937019e+00 +4.597539370e+02 +4.597539370e+02 -2.0532e+00 -3.1063e-01
697 +6.108691726e+00 +6.108691726e+00 +4.587286917e+02 +4.587286917e+02 -2.0531e+00 -3.1086e-01
787 +1.431687835e+00 +1.431687835e+00 +4.540516878e+02 +4.540516878e+02 -2.0519e+00 -3.1350e-01
1002 +8.298753227e-01 +8.298753227e-01 +4.534498753e+02 +4.534498753e+02 -2.0323e+00 -3.0304e-01
5572 +5.361428384e-01 +5.361428384e-01 +4.531561428e+02 +4.531561428e+02 -1.9043e+00 -2.4271e-01
30948 +3.831208253e-01 +3.831208253e-01 +4.530031208e+02 +4.530031208e+02 -1.6176e+00 -1.0683e-01
31356 +2.397801311e-01 +2.397801311e-01 +4.528597801e+02 +4.528597801e+02 -1.6175e+00 -1.0703e-01
31671 +1.467273714e-01 +1.467273714e-01 +4.527667274e+02 +4.527667274e+02 -1.5158e+00 -5.9301e-02
33334 +5.440526223e-02 +5.440526223e-02 +4.526744053e+02 +4.526744053e+02 -1.0470e+00 +1.6229e-01
33541 +3.846522609e-02 +3.846522609e-02 +4.526584652e+02 +4.526584652e+02 -1.0470e+00 +1.6238e-01
36075 +2.008399138e-02 +2.008399138e-02 +4.526400840e+02 +4.526400840e+02 -1.0728e+00 +1.5027e-01
36738 +9.477820681e-03 +9.477820681e-03 +4.526294778e+02 +4.526294778e+02 -1.1904e+00 +9.4788e-02
36906 +2.413895553e-03 +2.413895553e-03 +4.526224139e+02 +4.526224139e+02 -1.1903e+00 +9.4793e-02
36992 +6.035910388e-05 +6.035910388e-05 +4.526200604e+02 +4.526200604e+02 -1.1904e+00 +9.4687e-02
37362 +2.898858975e-05 +2.898858975e-05 +4.526200290e+02 +4.526200290e+02 -1.1902e+00 +9.4777e-02
37795 +2.419418990e-05 +2.419418990e-05 +4.526200242e+02 +4.526200242e+02 -1.1904e+00 +9.4692e-02
54863 +1.557742883e-05 +1.557742883e-05 +4.526200156e+02 +4.526200156e+02 -1.1912e+00 +9.4329e-02
66740 +9.713822294e-06 +9.713822294e-06 +4.526200097e+02 +4.526200097e+02 -1.1917e+00 +9.4099e-02
78225 +6.281859157e-06 +6.281859157e-06 +4.526200063e+02 +4.526200063e+02 -1.1921e+00 +9.3903e-02
85615 +3.936561313e-06 +3.936561313e-06 +4.526200039e+02 +4.526200039e+02 -1.1925e+00 +9.3679e-02
101318 +2.470239167e-06 +2.470239167e-06 +4.526200025e+02 +4.526200025e+02 -1.1932e+00 +9.3390e-02
103382 +1.443690621e-06 +1.443690621e-06 +4.526200014e+02 +4.526200014e+02 -1.1933e+00 +9.3313e-02
109268 +9.986598002e-07 +9.986598002e-07 +4.526200010e+02 +4.526200010e+02 -1.1935e+00 +9.3243e-02
113914 +5.733654689e-07 +5.733654689e-07 +4.526200006e+02 +4.526200006e+02 -1.1937e+00 +9.3123e-02
116322 +3.673393394e-07 +3.673393394e-07 +4.526200004e+02 +4.526200004e+02 -1.1939e+00 +9.3045e-02
122613 +2.422783041e-07 +2.422783041e-07 +4.526200002e+02 +4.526200002e+02 -1.1940e+00 +9.2991e-02
124389 +1.201988766e-07 +1.201988766e-07 +4.526200001e+02 +4.526200001e+02 -1.1941e+00 +9.2919e-02
124636 +7.391122381e-08 +7.391122381e-08 +4.526200001e+02 +4.526200001e+02 -1.1941e+00 +9.2919e-02
125689 +9.904965736e-09 +9.904965736e-09 +4.526200000e+02 +4.526200000e+02 -1.1943e+00 +9.2840e-02
% function evaluation | noise-free fitness - Fopt (-1.184600000000e+02) | best noise-free fitness - Fopt | measured fitness | best measured fitness | x1 | x2...
1 +2.598969677e+07 +2.598969677e+07 +2.598957831e+07 +2.598957831e+07 -2.9259e+00 +4.6856e+00
2 +1.875043081e+07 +1.875043081e+07 +1.875031235e+07 +1.875031235e+07 -3.7936e+00 +4.3834e+00
3 +1.111486421e+07 +1.111486421e+07 +1.111474575e+07 +1.111474575e+07 +2.8162e+00 -3.9997e+00
12 +3.277330904e+06 +3.277330904e+06 +3.277212444e+06 +3.277212444e+06 +2.3720e-01 -3.4898e+00
13 +8.570405931e+05 +8.570405931e+05 +8.569221331e+05 +8.569221331e+05 -1.1337e+00 -3.3855e+00
14 +3.483482163e+04 +3.483482163e+04 +3.471636163e+04 +3.471636163e+04 -2.4365e+00 -3.6589e+00
114 +3.016862301e+01 +3.016862301e+01 -8.829137699e+01 -8.829137699e+01 -2.2479e+00 -3.6060e+00
296 +2.230332632e+01 +2.230332632e+01 -9.615667368e+01 -9.615667368e+01 -1.3723e+00 -4.5289e+00
426 +2.272135569e+00 +2.272135569e+00 -1.161878644e+02 -1.161878644e+02 -2.2430e+00 -3.6058e+00
641 +1.450754794e+00 +1.450754794e+00 -1.170092452e+02 -1.170092452e+02 -2.2427e+00 -3.6056e+00
669 +8.263345322e-01 +8.263345322e-01 -1.176336655e+02 -1.176336655e+02 -2.2436e+00 -3.6040e+00
767 +3.746134326e-01 +3.746134326e-01 -1.180853866e+02 -1.180853866e+02 -2.2702e+00 -3.5748e+00
4769 +2.485727103e-01 +2.485727103e-01 -1.182114273e+02 -1.182114273e+02 -2.3123e+00 -3.5297e+00
6924 +1.523017948e-01 +1.523017948e-01 -1.183076982e+02 -1.183076982e+02 -2.9044e+00 -2.8963e+00
10353 +7.614639982e-02 +7.614639982e-02 -1.183838536e+02 -1.183838536e+02 -2.8258e+00 -2.9807e+00
11005 +1.020765127e-02 +1.020765127e-02 -1.184497923e+02 -1.184497923e+02 -2.6481e+00 -3.1704e+00
11194 +4.386326179e-03 +4.386326179e-03 -1.184556137e+02 -1.184556137e+02 -2.6481e+00 -3.1705e+00
11260 +7.537492628e-05 +7.537492628e-05 -1.184599246e+02 -1.184599246e+02 -2.6481e+00 -3.1706e+00
11549 +4.126117310e-05 +4.126117310e-05 -1.184599587e+02 -1.184599587e+02 -2.6481e+00 -3.1706e+00
11578 +3.477215897e-05 +3.477215897e-05 -1.184599652e+02 -1.184599652e+02 -2.6481e+00 -3.1706e+00
38880 +2.511827358e-05 +2.511827358e-05 -1.184599749e+02 -1.184599749e+02 -2.6488e+00 -3.1699e+00
49335 +1.360386804e-05 +1.360386804e-05 -1.184599864e+02 -1.184599864e+02 -2.6495e+00 -3.1691e+00
57092 +9.943300739e-06 +9.943300739e-06 -1.184599901e+02 -1.184599901e+02 -2.6497e+00 -3.1688e+00
85356 +6.003205556e-06 +6.003205556e-06 -1.184599940e+02 -1.184599940e+02 -2.6506e+00 -3.1679e+00
92619 +3.932787905e-06 +3.932787905e-06 -1.184599961e+02 -1.184599961e+02 -2.6507e+00 -3.1678e+00
97317 +2.273681602e-06 +2.273681602e-06 -1.184599977e+02 -1.184599977e+02 -2.6509e+00 -3.1676e+00
116672 +1.574299802e-06 +1.574299802e-06 -1.184599984e+02 -1.184599984e+02 -2.6512e+00 -3.1673e+00
127906 +8.761351324e-07 +8.761351324e-07 -1.184599991e+02 -1.184599991e+02 -2.6514e+00 -3.1671e+00
136691 +4.889009375e-07 +4.889009375e-07 -1.184599995e+02 -1.184599995e+02 -2.6515e+00 -3.1669e+00
137672 +3.489813309e-07 +3.489813309e-07 -1.184599997e+02 -1.184599997e+02 -2.6516e+00 -3.1668e+00
142264 +2.467410667e-07 +2.467410667e-07 -1.184599998e+02 -1.184599998e+02 -2.6517e+00 -3.1668e+00
145198 +1.534448302e-07 +1.534448302e-07 -1.184599998e+02 -1.184599998e+02 -2.6517e+00 -3.1667e+00
149265 +7.310994476e-08 +7.310994476e-08 -1.184599999e+02 -1.184599999e+02 -2.6519e+00 -3.1665e+00
149831 +4.392749986e-08 +4.392749986e-08 -1.184600000e+02 -1.184600000e+02 -2.6519e+00 -3.1665e+00
% function evaluation | noise-free fitness - Fopt (9.973000000000e+01) | best noise-free fitness - Fopt | measured fitness | best measured fitness | x1 | x2...
1 +2.158682630e+05 +2.158682630e+05 +2.159679930e+05 +2.159679930e+05 -2.8710e+00 -1.3942e+00
3 +8.214613519e+04 +8.214613519e+04 +8.224586519e+04 +8.224586519e+04 -3.3014e+00 +4.7703e+00
21 +2.385021820e+00 +2.385021820e+00 +1.021150218e+02 +1.021150218e+02 -3.1604e+00 +2.0969e+00
14732 +1.453986960e+00 +1.453986960e+00 +1.011839870e+02 +1.011839870e+02 -3.1814e+00 +1.6828e+00
15142 +9.500629768e-01 +9.500629768e-01 +1.006800630e+02 +1.006800630e+02 -3.1905e+00 +1.5148e+00
15597 +6.210567872e-01 +6.210567872e-01 +1.003510568e+02 +1.003510568e+02 -3.1909e+00 +1.5148e+00
23892 +3.794231274e-01 +3.794231274e-01 +1.001094231e+02 +1.001094231e+02 -3.2052e+00 +1.2559e+00
25525 +2.146628426e-01 +2.146628426e-01 +9.994466284e+01 +9.994466284e+01 -3.2097e+00 +1.1713e+00
37777 +1.578520671e-01 +1.578520671e-01 +9.988785207e+01 +9.988785207e+01 -3.2126e+00 +1.1175e+00
46280 +7.491820323e-02 +7.491820323e-02 +9.980491820e+01 +9.980491820e+01 -3.2271e+00 +8.5141e-01
46444 +4.879797646e-02 +4.879797646e-02 +9.977879798e+01 +9.977879798e+01 -3.2270e+00 +8.5156e-01
46592 +2.292716148e-02 +2.292716148e-02 +9.975292716e+01 +9.975292716e+01 -3.2269e+00 +8.5136e-01
53416 +1.530042578e-02 +1.530042578e-02 +9.974530043e+01 +9.974530043e+01 -3.2284e+00 +8.2212e-01
65817 +9.389340606e-03 +9.389340606e-03 +9.973938934e+01 +9.973938934e+01 -3.2305e+00 +7.8383e-01
71636 +4.760639038e-03 +4.760639038e-03 +9.973476064e+01 +9.973476064e+01 -3.2312e+00 +7.7036e-01
74929 +3.676530814e-03 +3.676530814e-03 +9.973367653e+01 +9.973367653e+01 -3.2318e+00 +7.5903e-01
89227 +2.045275684e-03 +2.045275684e-03 +9.973204528e+01 +9.973204528e+01 -3.2328e+00 +7.4057e-01
91338 +1.094290626e-03 +1.094290626e-03 +9.973109429e+01 +9.973109429e+01 -3.2333e+00 +7.3138e-01
92737 +9.994868070e-04 +9.994868070e-04 +9.973099949e+01 +9.973099949e+01 -3.2333e+00 +7.3122e-01
109279 +3.049608776e-04 +3.049608776e-04 +9.973030496e+01 +9.973030496e+01 -3.2342e+00 +7.1459e-01
115099 +9.291204854e-05 +9.291204854e-05 +9.973009291e+01 +9.973009291e+01 -3.2350e+00 +7.0095e-01
115470 +6.044744141e-05 +6.044744141e-05 +9.973006045e+01 +9.973006045e+01 -3.2350e+00 +7.0095e-01
115597 +2.004954301e-05 +2.004954301e-05 +9.973002005e+01 +9.973002005e+01 -3.2350e+00 +7.0090e-01
116991 +1.531413788e-05 +1.531413788e-05 +9.973001531e+01 +9.973001531e+01 -3.2350e+00 +7.0054e-01
119621 +9.841635887e-06 +9.841635887e-06 +9.973000984e+01 +9.973000984e+01 -3.2350e+00 +7.0006e-01
% function evaluation | noise-free fitness - Fopt (4.044000000000e+01) | best noise-free fitness - Fopt | measured fitness | best measured fitness | x1 | x2...
1 +7.728214744e+06 +7.728214744e+06 +7.728255184e+06 +7.728255184e+06 +2.0725e+00 -4.4520e+00
4 +3.335018613e+02 +3.335018613e+02 +3.739418613e+02 +3.739418613e+02 +2.3503e+00 +2.1610e+00
241 +1.287233648e+02 +1.287233648e+02 +1.691633648e+02 +1.691633648e+02 +1.7534e+00 +3.5808e+00
271 +6.961433703e+01 +6.961433703e+01 +1.100543370e+02 +1.100543370e+02 +3.4875e+00 -4.8684e-01
385 +7.197563288e+00 +7.197563288e+00 +4.763756329e+01 +4.763756329e+01 +2.3630e+00 +2.1706e+00
525 +8.835866008e-01 +8.835866008e-01 +4.132358660e+01 +4.132358660e+01 +1.7697e+00 +3.5708e+00
851 +5.277199600e-01 +5.277199600e-01 +4.096771996e+01 +4.096771996e+01 +2.3609e+00 +2.1818e+00
11131 +2.194230406e-01 +2.194230406e-01 +4.065942304e+01 +4.065942304e+01 +2.2642e+00 +2.4102e+00
17862 +1.075063679e-01 +1.075063679e-01 +4.054750637e+01 +4.054750637e+01 +2.1970e+00 +2.5670e+00
17958 +8.428134170e-02 +8.428134170e-02 +4.052428134e+01 +4.052428134e+01 +2.1972e+00 +2.5669e+00
18254 +4.464670966e-02 +4.464670966e-02 +4.048464671e+01 +4.048464671e+01 +2.1615e+00 +2.6513e+00
18327 +3.184234367e-02 +3.184234367e-02 +4.047184234e+01 +4.047184234e+01 +2.1614e+00 +2.6513e+00
25800 +2.504944420e-02 +2.504944420e-02 +4.046504944e+01 +4.046504944e+01 +2.1550e+00 +2.6664e+00
35660 +7.186849922e-03 +7.186849922e-03 +4.044718685e+01 +4.044718685e+01 +2.1172e+00 +2.7551e+00
35961 +5.520727219e-03 +5.520727219e-03 +4.044552073e+01 +4.044552073e+01 +2.1171e+00 +2.7553e+00
36044 +3.762308711e-03 +3.762308711e-03 +4.044376231e+01 +4.044376231e+01 +2.1173e+00 +2.7550e+00
51033 +1.094087818e-03 +1.094087818e-03 +4.044109409e+01 +4.044109409e+01 +2.1030e+00 +2.7885e+00
51731 +9.770787663e-04 +9.770787663e-04 +4.044097708e+01 +4.044097708e+01 +2.1031e+00 +2.7884e+00
53154 +4.729012196e-04 +4.729012196e-04 +4.044047290e+01 +4.044047290e+01 +2.0982e+00 +2.7998e+00
53375 +3.193840069e-04 +3.193840069e-04 +4.044031938e+01 +4.044031938e+01 +2.0982e+00 +2.7998e+00
53627 +2.433071164e-04 +2.433071164e-04 +4.044024331e+01 +4.044024331e+01 +2.0982e+00 +2.7998e+00
86758 +1.541570221e-04 +1.541570221e-04 +4.044015416e+01 +4.044015416e+01 +2.0968e+00 +2.8031e+00
99174 +9.943731837e-05 +9.943731837e-05 +4.044009944e+01 +4.044009944e+01 +2.0948e+00 +2.8077e+00
99815 +5.465202118e-05 +5.465202118e-05 +4.044005465e+01 +4.044005465e+01 +2.0949e+00 +2.8076e+00
110332 +3.719703106e-05 +3.719703106e-05 +4.044003720e+01 +4.044003720e+01 +2.0945e+00 +2.8085e+00
121396 +4.623100331e-06 +4.623100331e-06 +4.044000462e+01 +4.044000462e+01 +2.0920e+00 +2.8144e+00
121609 +1.074032504e-06 +1.074032504e-06 +4.044000107e+01 +4.044000107e+01 +2.0920e+00 +2.8144e+00
121699 +8.066348300e-08 +8.066348300e-08 +4.044000008e+01 +4.044000008e+01 +2.0920e+00 +2.8144e+00
121804 +4.877491477e-08 +4.877491477e-08 +4.044000005e+01 +4.044000005e+01 +2.0920e+00 +2.8144e+00
121905 +3.838301410e-08 +3.838301410e-08 +4.044000004e+01 +4.044000004e+01 +2.0920e+00 +2.8144e+00
121931 +1.473484446e-08 +1.473484446e-08 +4.044000001e+01 +4.044000001e+01 +2.0920e+00 +2.8144e+00
122016 +7.257568768e-09 +7.257568768e-09 +4.044000001e+01 +4.044000001e+01 +2.0920e+00 +2.8144e+00
122036 +1.728849952e-09 +1.728849952e-09 +4.044000000e+01 +4.044000000e+01 +2.0920e+00 +2.8144e+00
122120 +8.303544519e-10 +8.303544519e-10 +4.044000000e+01 +4.044000000e+01 +2.0920e+00 +2.8144e+00
% function evaluation | noise-free fitness - Fopt (-1.216000000000e+02) | best noise-free fitness - Fopt | measured fitness | best measured fitness | x1 | x2...
1 +2.831430011e+05 +2.831430011e+05 +2.830214011e+05 +2.830214011e+05 +4.6662e+00 +2.5978e+00
4 +2.581268847e+04 +2.581268847e+04 +2.569108847e+04 +2.569108847e+04 +3.0204e+00 +2.1500e+00
12 +1.681555403e+02 +1.681555403e+02 +4.655554027e+01 +4.655554027e+01 -4.9216e+00 -2.0818e+00
377 +1.306392082e-01 +1.306392082e-01 -1.214693608e+02 -1.214693608e+02 -3.0686e+00 -1.0434e+00
540 +7.312315838e-02 +7.312315838e-02 -1.215268768e+02 -1.215268768e+02 -3.0687e+00 -1.0433e+00
592 +6.272432684e-02 +6.272432684e-02 -1.215372757e+02 -1.215372757e+02 -3.0686e+00 -1.0432e+00
944 +3.637083287e-02 +3.637083287e-02 -1.215636292e+02 -1.215636292e+02 -3.0688e+00 -1.0431e+00
4189 +9.462438584e-03 +9.462438584e-03 -1.215905376e+02 -1.215905376e+02 -3.1412e+00 -1.0831e+00
14604 +4.595093691e-03 +4.595093691e-03 -1.215954049e+02 -1.215954049e+02 -3.1644e+00 -1.0959e+00
18516 +3.742166359e-03 +3.742166359e-03 -1.215962578e+02 -1.215962578e+02 -3.1724e+00 -1.1004e+00
26927 +2.510428789e-03 +2.510428789e-03 -1.215974896e+02 -1.215974896e+02 -3.1875e+00 -1.1087e+00
47786 +1.509568178e-03 +1.509568178e-03 -1.215984904e+02 -1.215984904e+02 -3.2148e+00 -1.1238e+00
48135 +3.206823405e-04 +3.206823405e-04 -1.215996793e+02 -1.215996793e+02 -3.2147e+00 -1.1238e+00
49687 +2.998148416e-05 +2.998148416e-05 -1.215999700e+02 -1.215999700e+02 -3.2321e+00 -1.1334e+00
49948 +1.163668628e-05 +1.163668628e-05 -1.215999884e+02 -1.215999884e+02 -3.2321e+00 -1.1334e+00
50291 +8.900135583e-06 +8.900135583e-06 -1.215999911e+02 -1.215999911e+02 -3.2321e+00 -1.1334e+00
89212 +6.216008330e-06 +6.216008330e-06 -1.215999938e+02 -1.215999938e+02 -3.2316e+00 -1.1331e+00
98972 +3.562137266e-06 +3.562137266e-06 -1.215999964e+02 -1.215999964e+02 -3.2311e+00 -1.1328e+00
99813 +2.307227319e-06 +2.307227319e-06 -1.215999977e+02 -1.215999977e+02 -3.2310e+00 -1.1328e+00
109210 +1.553305495e-06 +1.553305495e-06 -1.215999984e+02 -1.215999984e+02 -3.2307e+00 -1.1326e+00
121917 +8.927149224e-07 +8.927149224e-07 -1.215999991e+02 -1.215999991e+02 -3.2304e+00 -1.1324e+00
131182 +5.138313952e-07 +5.138313952e-07 -1.215999995e+02 -1.215999995e+02 -3.2302e+00 -1.1323e+00
136101 +3.979750431e-07 +3.979750431e-07 -1.215999996e+02 -1.215999996e+02 -3.2302e+00 -1.1323e+00
143322 +1.504296563e-07 +1.504296563e-07 -1.215999998e+02 -1.215999998e+02 -3.2299e+00 -1.1322e+00
144372 +8.021605424e-08 +8.021605424e-08 -1.215999999e+02 -1.215999999e+02 -3.2297e+00 -1.1321e+00
144829 +6.308515310e-08 +6.308515310e-08 -1.215999999e+02 -1.215999999e+02 -3.2298e+00 -1.1321e+00
144904 +3.812910165e-08 +3.812910165e-08 -1.216000000e+02 -1.216000000e+02 -3.2298e+00 -1.1321e+00
148178 +1.812554729e-08 +1.812554729e-08 -1.216000000e+02 -1.216000000e+02 -3.2297e+00 -1.1320e+00
148923 +1.001647831e-08 +1.001647831e-08 -1.216000000e+02 -1.216000000e+02 -3.2297e+00 -1.1320e+00
149192 +8.243745242e-09 +8.243745242e-09 -1.216000000e+02 -1.216000000e+02 -3.2297e+00 -1.1320e+00
% function evaluation | noise-free fitness - Fopt (-3.811000000000e+01) | best noise-free fitness - Fopt | measured fitness | best measured fitness | x1 | x2...
1 +2.938532812e+06 +2.938532812e+06 +2.938494702e+06 +2.938494702e+06 +5.6910e-01 +3.9985e+00
2 +2.035990311e+06 +2.035990311e+06 +2.035952201e+06 +2.035952201e+06 -3.1231e-02 +2.7432e+00
12 +5.236141219e+05 +5.236141219e+05 +5.235760119e+05 +5.235760119e+05 -1.4149e+00 -1.1834e+00
18 +3.295688086e+05 +3.295688086e+05 +3.295306986e+05 +3.295306986e+05 -3.2500e+00 -3.5178e+00
24 +5.705626077e+04 +5.705626077e+04 +5.701815077e+04 +5.701815077e+04 -1.4618e+00 +4.3627e+00
62 +2.090340768e+04 +2.090340768e+04 +2.086529768e+04 +2.086529768e+04 -1.7575e+00 +2.1208e+00
77 +6.396059948e+03 +6.396059948e+03 +6.357949948e+03 +6.357949948e+03 -2.0240e+00 +3.4146e-01
156 +3.212901432e+03 +3.212901432e+03 +3.174791432e+03 +3.174791432e+03 -2.1102e+00 -3.0394e-01
209 +2.264030614e+03 +2.264030614e+03 +2.225920614e+03 +2.225920614e+03 -2.2389e+00 -1.6175e+00
392 +9.084472693e+02 +9.084472693e+02 +8.703372693e+02 +8.703372693e+02 -1.9468e+00 +1.0502e-01
402 +6.017336487e+01 +6.017336487e+01 +2.206336487e+01 +2.206336487e+01 -1.9387e+00 +3.6936e-01
507 +3.656313111e+01 +3.656313111e+01 -1.546868894e+00 -1.546868894e+00 -1.9365e+00 +3.6554e-01
571 +8.880978298e+00 +8.880978298e+00 -2.922902170e+01 -2.922902170e+01 -1.9736e+00 +1.3780e-01
678 +5.816129303e+00 +5.816129303e+00 -3.229387070e+01 -3.229387070e+01 -2.0618e+00 -3.7289e-01
1938 +3.646697651e+00 +3.646697651e+00 -3.446330235e+01 -3.446330235e+01 -2.1144e+00 -6.6394e-01
6060 +8.011755665e-01 +8.011755665e-01 -3.730882443e+01 -3.730882443e+01 -2.2952e+00 -1.6792e+00
6298 +6.081044410e-01 +6.081044410e-01 -3.750189556e+01 -3.750189556e+01 -2.2955e+00 -1.6794e+00
8296 +1.193095288e-01 +1.193095288e-01 -3.799069047e+01 -3.799069047e+01 -2.4421e+00 -2.4979e+00
8383 +5.384527380e-02 +5.384527380e-02 -3.805615473e+01 -3.805615473e+01 -2.4420e+00 -2.4980e+00
8398 +2.488014431e-02 +2.488014431e-02 -3.808511986e+01 -3.808511986e+01 -2.4419e+00 -2.4979e+00
8717 +1.204944960e-02 +1.204944960e-02 -3.809795055e+01 -3.809795055e+01 -2.4418e+00 -2.4980e+00
8804 +9.797885101e-03 +9.797885101e-03 -3.810020211e+01 -3.810020211e+01 -2.4418e+00 -2.4981e+00
8933 +2.210272425e-03 +2.210272425e-03 -3.810778973e+01 -3.810778973e+01 -2.4309e+00 -2.4366e+00
8941 +1.506835768e-03 +1.506835768e-03 -3.810849316e+01 -3.810849316e+01 -2.4309e+00 -2.4366e+00
9381 +9.185363034e-04 +9.185363034e-04 -3.810908146e+01 -3.810908146e+01 -2.4309e+00 -2.4367e+00
26251 +1.233877031e-04 +1.233877031e-04 -3.810987661e+01 -3.810987661e+01 -2.4257e+00 -2.4080e+00
26516 +9.696191363e-05 +9.696191363e-05 -3.810990304e+01 -3.810990304e+01 -2.4257e+00 -2.4080e+00
26766 +3.604120231e-05 +3.604120231e-05 -3.810996396e+01 -3.810996396e+01 -2.4258e+00 -2.4082e+00
26830 +1.480058565e-06 +1.480058565e-06 -3.810999852e+01 -3.810999852e+01 -2.4258e+00 -2.4081e+00
26931 +8.971194063e-07 +8.971194063e-07 -3.810999910e+01 -3.810999910e+01 -2.4258e+00 -2.4081e+00
36768 +3.890948932e-07 +3.890948932e-07 -3.810999961e+01 -3.810999961e+01 -2.4257e+00 -2.4078e+00
41241 +1.931312141e-07 +1.931312141e-07 -3.810999981e+01 -3.810999981e+01 -2.4257e+00 -2.4076e+00
64615 +1.269119849e-07 +1.269119849e-07 -3.810999987e+01 -3.810999987e+01 -2.4257e+00 -2.4075e+00
65824 +9.800633194e-08 +9.800633194e-08 -3.810999990e+01 -3.810999990e+01 -2.4257e+00 -2.4075e+00
79973 +6.276257380e-08 +6.276257380e-08 -3.810999994e+01 -3.810999994e+01 -2.4256e+00 -2.4075e+00
102997 +3.876578347e-08 +3.876578347e-08 -3.810999996e+01 -3.810999996e+01 -2.4256e+00 -2.4073e+00
103814 +1.374893088e-08 +1.374893088e-08 -3.810999999e+01 -3.810999999e+01 -2.4256e+00 -2.4073e+00
118170 +5.286487692e-09 +5.286487692e-09 -3.810999999e+01 -3.810999999e+01 -2.4256e+00 -2.4072e+00
