% function evaluation | noise-free fitness - Fopt (-6.211100000000e+02) | best noise-free fitness - Fopt | measured fitness | best measured fitness | x1 | x2...
1 +2.721716908e+09 +2.721716908e+09 +2.721716287e+09 +2.721716287e+09 +3.0822e+00 -1.9415e+00
2 +9.282181609e+07 +9.282181609e+07 +9.282119498e+07 +9.282119498e+07 +1.9172e+00 +7.1664e-01
7 +1.246214958e+06 +1.246214958e+06 +1.245593848e+06 +1.245593848e+06 +4.8842e+00 +2.9394e+00
22 +9.811084014e+05 +9.811084014e+05 +9.804872914e+05 +9.804872914e+05 -3.3404e+00 +2.9874e+00
23 +9.219250733e+04 +9.219250733e+04 +9.157139733e+04 +9.157139733e+04 -9.5457e-01 +3.5860e+00
28 +5.819151400e+02 +5.819151400e+02 -3.919485996e+01 -3.919485996e+01 +3.1299e+00 +3.9831e+00
106 +2.149970237e+02 +2.149970237e+02 -4.061129763e+02 -4.061129763e+02 -6.7355e-01 +3.9732e+00
123 +1.220466515e+02 +1.220466515e+02 -4.990633485e+02 -4.990633485e+02 -6.7771e-01 +3.9782e+00
124 +1.735301953e+01 +1.735301953e+01 -6.037569805e+02 -6.037569805e+02 -6.6454e-01 +3.9875e+00
139 +3.770163449e+00 +3.770163449e+00 -6.173398366e+02 -6.173398366e+02 +6.6700e-01 +3.9978e+00
183 +2.949038189e-01 +2.949038189e-01 -6.208150962e+02 -6.208150962e+02 -6.5290e-01 +3.9919e+00
209 +2.325337254e-01 +2.325337254e-01 -6.208774663e+02 -6.208774663e+02 -6.5307e-01 +3.9920e+00
276 +1.548374706e-01 +1.548374706e-01 -6.209551625e+02 -6.209551625e+02 -6.5315e-01 +3.9921e+00
356 +9.310099802e-02 +9.310099802e-02 -6.210168990e+02 -6.210168990e+02 -6.4117e-01 +3.9923e+00
521 +6.302904191e-02 +6.302904191e-02 -6.210469710e+02 -6.210469710e+02 -6.4131e-01 +3.9924e+00
2168 +3.920831767e-02 +3.920831767e-02 -6.210707917e+02 -6.210707917e+02 -6.9872e-01 +3.9921e+00
2772 +1.450947036e-02 +1.450947036e-02 -6.210954905e+02 -6.210954905e+02 -7.7265e-01 +3.9918e+00
5836 +1.991932059e-03 +1.991932059e-03 -6.211080081e+02 -6.211080081e+02 -8.7263e-01 +3.9913e+00
5873 +3.754553195e-04 +3.754553195e-04 -6.211096245e+02 -6.211096245e+02 -8.7264e-01 +3.9913e+00
11543 +2.411448776e-04 +2.411448776e-04 -6.211097589e+02 -6.211097589e+02 -8.9461e-01 +3.9912e+00
11614 +1.468247235e-04 +1.468247235e-04 -6.211098532e+02 -6.211098532e+02 -8.9461e-01 +3.9912e+00
11720 +8.699161765e-05 +8.699161765e-05 -6.211099130e+02 -6.211099130e+02 -8.9458e-01 +3.9912e+00
11724 +1.524791628e-05 +1.524791628e-05 -6.211099848e+02 -6.211099848e+02 -8.9470e-01 +3.9912e+00
11871 +7.358068501e-06 +7.358068501e-06 -6.211099926e+02 -6.211099926e+02 -8.9471e-01 +3.9912e+00
20346 +6.292987450e-06 +6.292987450e-06 -6.211099937e+02 -6.211099937e+02 -8.9451e-01 +3.9912e+00
% function evaluation | noise-free fitness - Fopt (-2.548200000000e+02) | best noise-free fitness - Fopt | measured fitness | best measured fitness | x1 | x2...
1 +3.552581245e+10 +3.552581245e+10 +3.552581219e+10 +3.552581219e+10 -4.0499e+00 -2.8046e+00
2 +4.411620989e+07 +4.411620989e+07 +4.411595507e+07 +4.411595507e+07 +4.7428e+00 -2.2127e+00
3 +1.421182937e+07 +1.421182937e+07 +1.421157455e+07 +1.421157455e+07 -5.7470e-01 +4.1211e+00
20 +6.081490205e+05 +6.081490205e+05 +6.078942005e+05 +6.078942005e+05 +1.8493e+00 +4.6148e+00
30 +2.465829016e+04 +2.465829016e+04 +2.440347016e+04 +2.440347016e+04 +4.6118e-01 +4.9081e+00
116 +8.115334668e+03 +8.115334668e+03 +7.860514668e+03 +7.860514668e+03 +2.8718e-01 +5.0000e+00
123 +8.821451039e+02 +8.821451039e+02 +6.273251039e+02 +6.273251039e+02 +1.0328e+00 +4.4410e+00
165 +1.212641342e+02 +1.212641342e+02 -1.335558658e+02 -1.335558658e+02 +1.0377e+00 +4.4122e+00
176 +1.756584937e+01 +1.756584937e+01 -2.372541506e+02 -2.372541506e+02 +9.8820e-01 +4.4510e+00
200 +1.569184743e+01 +1.569184743e+01 -2.391281526e+02 -2.391281526e+02 +9.9867e-01 +4.4435e+00
4915 +5.071639774e+00 +5.071639774e+00 -2.497483602e+02 -2.497483602e+02 +2.2919e+00 +3.8320e+00
5027 +3.855742294e+00 +3.855742294e+00 -2.509642577e+02 -2.509642577e+02 +2.2920e+00 +3.8324e+00
5241 +2.474069331e+00 +2.474069331e+00 -2.523459307e+02 -2.523459307e+02 +2.3054e+00 +3.8297e+00
7073 +5.918234538e-01 +5.918234538e-01 -2.542281765e+02 -2.542281765e+02 +3.2430e+00 +3.7081e+00
7122 +2.586552358e-01 +2.586552358e-01 -2.545613448e+02 -2.545613448e+02 +3.2423e+00 +3.7090e+00
7165 +2.355842769e-01 +2.355842769e-01 -2.545844157e+02 -2.545844157e+02 +3.2423e+00 +3.7090e+00
7556 +1.537374775e-01 +1.537374775e-01 -2.546662625e+02 -2.546662625e+02 +3.2567e+00 +3.7092e+00
10531 +9.888601533e-02 +9.888601533e-02 -2.547211140e+02 -2.547211140e+02 +3.3430e+00 +3.7136e+00
15948 +5.462352636e-02 +5.462352636e-02 -2.547653765e+02 -2.547653765e+02 +3.4424e+00 +3.7217e+00
20930 +3.841564869e-02 +3.841564869e-02 -2.547815844e+02 -2.547815844e+02 +3.4837e+00 +3.7260e+00
28883 +2.438987172e-02 +2.438987172e-02 -2.547956101e+02 -2.547956101e+02 +3.5334e+00 +3.7319e+00
42043 +1.463105148e-02 +1.463105148e-02 -2.548053689e+02 -2.548053689e+02 +3.5800e+00 +3.7380e+00
50198 +8.833936539e-03 +8.833936539e-03 -2.548111661e+02 -2.548111661e+02 +3.6156e+00 +3.7431e+00
52512 +6.171537994e-03 +6.171537994e-03 -2.548138285e+02 -2.548138285e+02 +3.6361e+00 +3.7461e+00
53926 +3.513565956e-03 +3.513565956e-03 -2.548164864e+02 -2.548164864e+02 +3.6626e+00 +3.7501e+00
54657 +2.510466084e-03 +2.510466084e-03 -2.548174895e+02 -2.548174895e+02 +3.6776e+00 +3.7524e+00
56177 +1.434039737e-03 +1.434039737e-03 -2.548185660e+02 -2.548185660e+02 +3.6992e+00 +3.7556e+00
63371 +7.897163591e-04 +7.897163591e-04 -2.548192103e+02 -2.548192103e+02 +3.7090e+00 +3.7570e+00
63435 +6.291797630e-04 +6.291797630e-04 -2.548193708e+02 -2.548193708e+02 +3.7090e+00 +3.7570e+00
73160 +3.335843925e-04 +3.335843925e-04 -2.548196664e+02 -2.548196664e+02 +3.7279e+00 +3.7595e+00
73163 +1.325027598e-04 +1.325027598e-04 -2.548198675e+02 -2.548198675e+02 +3.7277e+00 +3.7595e+00
83516 +9.581288032e-05 +9.581288032e-05 -2.548199042e+02 -2.548199042e+02 +3.7313e+00 +3.7600e+00
85327 +6.213974120e-05 +6.213974120e-05 -2.548199379e+02 -2.548199379e+02 +3.7314e+00 +3.7600e+00
117389 +3.947947775e-05 +3.947947775e-05 -2.548199605e+02 -2.548199605e+02 +3.7334e+00 +3.7602e+00
125042 +2.100884822e-05 +2.100884822e-05 -2.548199790e+02 -2.548199790e+02 +3.7365e+00 +3.7605e+00
125126 +1.493486232e-05 +1.493486232e-05 -2.548199851e+02 -2.548199851e+02 +3.7365e+00 +3.7605e+00
139734 +9.306166447e-06 +9.306166447e-06 -2.548199907e+02 -2.548199907e+02 +3.7373e+00 +3.7606e+00
% function evaluation | noise-free fitness - Fopt (5.661000000000e+01) | best noise-free fitness - Fopt | measured fitness | best measured fitness | x1 | x2...
1 +3.878571658e+06 +3.878571658e+06 +3.878628268e+06 +3.878628268e+06 -3.8210e+00 -5.5983e-01
2 +7.728073240e+05 +7.728073240e+05 +7.728639340e+05 +7.728639340e+05 -2.1499e+00 -2.3398e+00
6 +4.796384721e+05 +4.796384721e+05 +4.796950821e+05 +4.796950821e+05 -3.1733e+00 -1.8049e+00
8 +3.043359489e+03 +3.043359489e+03 +3.099969489e+03 +3.099969489e+03 -2.4576e-01 -4.9483e+00
126 +5.901335676e+02 +5.901335676e+02 +6.467435676e+02 +6.467435676e+02 -4.3300e+00 -1.8625e+00
154 +2.559188837e+02 +2.559188837e+02 +3.125288837e+02 +3.125288837e+02 -4.3370e+00 -1.8419e+00
164 +2.099554101e+02 +2.099554101e+02 +2.665654101e+02 +2.665654101e+02 -4.3095e+00 -1.8644e+00
202 +3.398667004e+01 +3.398667004e+01 +9.059667004e+01 +9.059667004e+01 -2.5860e+00 -3.2482e+00
216 +6.152356795e+00 +6.152356795e+00 +6.276235679e+01 +6.276235679e+01 -4.3093e+00 -1.8441e+00
259 +1.811642400e+00 +1.811642400e+00 +5.842164240e+01 +5.842164240e+01 -4.3491e+00 -1.8063e+00
304 +1.582925877e+00 +1.582925877e+00 +5.819292588e+01 +5.819292588e+01 -4.3489e+00 -1.8063e+00
473 +9.896379508e-01 +9.896379508e-01 +5.759963795e+01 +5.759963795e+01 -4.3487e+00 -1.8060e+00
540 +4.975452200e-01 +4.975452200e-01 +5.710754522e+01 +5.710754522e+01 -4.2873e+00 -1.8607e+00
595 +3.560912639e-01 +3.560912639e-01 +5.696609126e+01 +5.696609126e+01 -4.2872e+00 -1.8603e+00
3426 +2.472161747e-01 +2.472161747e-01 +5.685721617e+01 +5.685721617e+01 -4.1783e+00 -1.9615e+00
3754 +1.749291616e-02 +1.749291616e-02 +5.662749292e+01 +5.662749292e+01 -3.8781e+00 -2.2568e+00
3773 +3.363331949e-03 +3.363331949e-03 +5.661336333e+01 +5.661336333e+01 -3.8782e+00 -2.2565e+00
3808 +1.586569696e-03 +1.586569696e-03 +5.661158657e+01 +5.661158657e+01 -3.8781e+00 -2.2566e+00
3812 +1.263519219e-03 +1.263519219e-03 +5.661126352e+01 +5.661126352e+01 -3.8782e+00 -2.2564e+00
12283 +9.955407502e-04 +9.955407502e-04 +5.661099554e+01 +5.661099554e+01 -3.8754e+00 -2.2591e+00
19403 +4.727779283e-04 +4.727779283e-04 +5.661047278e+01 +5.661047278e+01 -3.8678e+00 -2.2661e+00
28641 +3.962324182e-04 +3.962324182e-04 +5.661039623e+01 +5.661039623e+01 -3.8665e+00 -2.2673e+00
32248 +2.425960100e-04 +2.425960100e-04 +5.661024260e+01 +5.661024260e+01 -3.8622e+00 -2.2713e+00
38390 +9.505012579e-05 +9.505012579e-05 +5.661009505e+01 +5.661009505e+01 -3.8546e+00 -2.2779e+00
38459 +3.184150012e-05 +3.184150012e-05 +5.661003184e+01 +5.661003184e+01 -3.8546e+00 -2.2780e+00
38587 +2.423494254e-05 +2.423494254e-05 +5.661002423e+01 +5.661002423e+01 -3.8546e+00 -2.2780e+00
42655 +1.533156156e-05 +1.533156156e-05 +5.661001533e+01 +5.661001533e+01 -3.8542e+00 -2.2783e+00
44579 +4.451793913e-06 +4.451793913e-06 +5.661000445e+01 +5.661000445e+01 -3.8514e+00 -2.2807e+00
44763 +1.018820413e-06 +1.018820413e-06 +5.661000102e+01 +5.661000102e+01 -3.8514e+00 -2.2807e+00
44812 +8.491973418e-07 +8.491973418e-07 +5.661000085e+01 +5.661000085e+01 -3.8513e+00 -2.2807e+00
44899 +3.158855932e-07 +3.158855932e-07 +5.661000032e+01 +5.661000032e+01 -3.8512e+00 -2.2808e+00
44910 +3.221150990e-08 +3.221150990e-08 +5.661000003e+01 +5.661000003e+01 -3.8513e+00 -2.2807e+00
% function evaluation | noise-free fitness - Fopt (-1.810000000000e+01) | best noise-free fitness - Fopt | measured fitness | best measured fitness | x1 | x2...
1 +1.118510363e+06 +1.118510363e+06 +1.118492263e+06 +1.118492263e+06 +2.9585e+00 -1.1444e+00
5 +4.832478216e+05 +4.832478216e+05 +4.832297216e+05 +4.832297216e+05 -3.5321e+00 +1.1402e+00
15 +1.101694950e+05 +1.101694950e+05 +1.101513950e+05 +1.101513950e+05 -3.9005e+00 +1.8727e+00
24 +6.732446065e+04 +6.732446065e+04 +6.730636065e+04 +6.730636065e+04 -1.9791e+00 +1.3195e+00
27 +3.048305508e+04 +3.048305508e+04 +3.046495508e+04 +3.046495508e+04 +1.1941e+00 +5.0256e-01
58 +1.480609129e+04 +1.480609129e+04 +1.478799129e+04 +1.478799129e+04 -1.0519e+00 +6.7886e-01
61 +2.113982031e+03 +2.113982031e+03 +2.095882031e+03 +2.095882031e+03 -1.2066e+00 +8.8393e-01
122 +4.039182950e+02 +4.039182950e+02 +3.858182950e+02 +3.858182950e+02 -3.4914e+00 +1.8833e+00
125 +2.517781970e+02 +2.517781970e+02 +2.336781970e+02 +2.336781970e+02 -3.5953e+00 +1.9650e+00
136 +3.614752073e+01 +3.614752073e+01 +1.804752073e+01 +1.804752073e+01 -1.1189e+00 +8.1135e-01
160 +9.730560391e+00 +9.730560391e+00 -8.369439609e+00 -8.369439609e+00 -1.1109e+00 +8.1260e-01
183 +4.829357442e+00 +4.829357442e+00 -1.327064256e+01 -1.327064256e+01 -1.3035e+00 +8.6134e-01
237 +3.841692137e+00 +3.841692137e+00 -1.425830786e+01 -1.425830786e+01 -1.3034e+00 +8.6107e-01
238 +1.431502454e+00 +1.431502454e+00 -1.666849755e+01 -1.666849755e+01 -1.3146e+00 +8.6285e-01
245 +6.146638104e-01 +6.146638104e-01 -1.748533619e+01 -1.748533619e+01 -1.3051e+00 +8.6007e-01
337 +3.653957752e-01 +3.653957752e-01 -1.773460422e+01 -1.773460422e+01 -1.2967e+00 +8.5766e-01
2390 +1.896241233e-01 +1.896241233e-01 -1.791037588e+01 -1.791037588e+01 -1.1486e+00 +8.2395e-01
11192 +1.575842799e-01 +1.575842799e-01 -1.794241572e+01 -1.794241572e+01 -1.1101e+00 +8.1562e-01
24667 +9.747639119e-02 +9.747639119e-02 -1.800252361e+01 -1.800252361e+01 -1.0209e+00 +7.9684e-01
32147 +1.919197566e-02 +1.919197566e-02 -1.808080802e+01 -1.808080802e+01 -7.6864e-01 +7.4755e-01
32238 +1.361525501e-02 +1.361525501e-02 -1.808638474e+01 -1.808638474e+01 -7.6859e-01 +7.4759e-01
58055 +9.660403777e-03 +9.660403777e-03 -1.809033960e+01 -1.809033960e+01 -7.5356e-01 +7.4485e-01
66004 +5.833334966e-03 +5.833334966e-03 -1.809416667e+01 -1.809416667e+01 -7.2000e-01 +7.3866e-01
72568 +3.799430815e-03 +3.799430815e-03 -1.809620057e+01 -1.809620057e+01 -6.9791e-01 +7.3463e-01
76440 +2.452804355e-03 +2.452804355e-03 -1.809754720e+01 -1.809754720e+01 -6.7544e-01 +7.3058e-01
81976 +1.247573317e-03 +1.247573317e-03 -1.809875243e+01 -1.809875243e+01 -6.6205e-01 +7.2812e-01
82756 +9.704359233e-04 +9.704359233e-04 -1.809902956e+01 -1.809902956e+01 -6.5153e-01 +7.2617e-01
83716 +4.953063981e-04 +4.953063981e-04 -1.809950469e+01 -1.809950469e+01 -6.4085e-01 +7.2422e-01
84636 +3.970211623e-04 +3.970211623e-04 -1.809960298e+01 -1.809960298e+01 -6.4063e-01 +7.2418e-01
87622 +2.227682550e-04 +2.227682550e-04 -1.809977723e+01 -1.809977723e+01 -6.2923e-01 +7.2208e-01
87824 +1.480511540e-04 +1.480511540e-04 -1.809985195e+01 -1.809985195e+01 -6.2923e-01 +7.2207e-01
98249 +4.416384892e-05 +4.416384892e-05 -1.809995584e+01 -1.809995584e+01 -6.1911e-01 +7.2013e-01
98278 +3.519850307e-05 +3.519850307e-05 -1.809996480e+01 -1.809996480e+01 -6.1910e-01 +7.2014e-01
98319 +2.481037690e-05 +2.481037690e-05 -1.809997519e+01 -1.809997519e+01 -6.1910e-01 +7.2014e-01
98506 +1.545421727e-05 +1.545421727e-05 -1.809998455e+01 -1.809998455e+01 -6.1902e-01 +7.2012e-01
113657 +9.745497678e-06 +9.745497678e-06 -1.809999025e+01 -1.809999025e+01 -6.1799e-01 +7.1992e-01
% function evaluation | noise-free fitness - Fopt (3.777000000000e+01) | best noise-free fitness - Fopt | measured fitness | best measured fitness | x1 | x2...
1 +2.986190725e+06 +2.986190725e+06 +2.986228495e+06 +2.986228495e+06 +4.6549e+00 -7.5503e-01
3 +1.787405211e+05 +1.787405211e+05 +1.787782911e+05 +1.787782911e+05 -6.0042e-01 +1.6364e+00
15 +4.348904689e+04 +4.348904689e+04 +4.352681689e+04 +4.352681689e+04 -9.1187e-01 +2.3140e+00
132 +4.387881085e+03 +4.387881085e+03 +4.425651085e+03 +4.425651085e+03 +1.5804e+00 +1.7237e+00
134 +2.259234897e+03 +2.259234897e+03 +2.297004897e+03 +2.297004897e+03 -8.7590e-01 +2.1335e+00
152 +5.229506410e+02 +5.229506410e+02 +5.607206410e+02 +5.607206410e+02 +1.5823e+00 +1.6969e+00
183 +1.945980938e+02 +1.945980938e+02 +2.323680938e+02 +2.323680938e+02 +1.3320e+00 +1.7744e+00
196 +1.422931203e+02 +1.422931203e+02 +1.800631203e+02 +1.800631203e+02 +1.3263e+00 +1.7778e+00
197 +1.624304815e+01 +1.624304815e+01 +5.401304815e+01 +5.401304815e+01 +1.5585e+00 +1.6915e+00
247 +1.541401098e+01 +1.541401098e+01 +5.318401098e+01 +5.318401098e+01 +1.5585e+00 +1.6916e+00
295 +9.738666203e+00 +9.738666203e+00 +4.750866620e+01 +4.750866620e+01 +1.6777e+00 +1.6427e+00
1963 +6.286279275e+00 +6.286279275e+00 +4.405627928e+01 +4.405627928e+01 +1.2610e+00 +1.8096e+00
16746 +4.614585352e-01 +4.614585352e-01 +3.823145854e+01 +3.823145854e+01 -3.7902e-01 +2.1343e+00
16800 +3.903828686e-01 +3.903828686e-01 +3.816038287e+01 +3.816038287e+01 -3.7913e-01 +2.1342e+00
17690 +2.445897812e-01 +2.445897812e-01 +3.801458978e+01 +3.801458978e+01 -4.1043e-01 +2.1328e+00
23240 +1.470095663e-01 +1.470095663e-01 +3.791700957e+01 +3.791700957e+01 -5.3897e-01 +2.1251e+00
26128 +2.714367877e-02 +2.714367877e-02 +3.779714368e+01 +3.779714368e+01 -8.8073e-01 +2.0763e+00
26145 +2.494674519e-02 +2.494674519e-02 +3.779494675e+01 +3.779494675e+01 -8.8067e-01 +2.0764e+00
26161 +1.574580517e-02 +1.574580517e-02 +3.778574581e+01 +3.778574581e+01 -8.8066e-01 +2.0764e+00
26181 +7.581576565e-03 +7.581576565e-03 +3.777758158e+01 +3.777758158e+01 -8.8074e-01 +2.0765e+00
26281 +5.350239378e-03 +5.350239378e-03 +3.777535024e+01 +3.777535024e+01 -8.8980e-01 +2.0748e+00
26781 +4.193741523e-04 +4.193741523e-04 +3.777041937e+01 +3.777041937e+01 -9.9240e-01 +2.0592e+00
26823 +2.765930672e-04 +2.765930672e-04 +3.777027659e+01 +3.777027659e+01 -9.9230e-01 +2.0592e+00
26835 +2.486743125e-04 +2.486743125e-04 +3.777024867e+01 +3.777024867e+01 -9.9230e-01 +2.0592e+00
28794 +1.365699778e-04 +1.365699778e-04 +3.777013657e+01 +3.777013657e+01 -9.8002e-01 +2.0592e+00
28836 +9.207266132e-07 +9.207266132e-07 +3.777000092e+01 +3.777000092e+01 -9.7989e-01 +2.0592e+00
28903 +5.142688266e-07 +5.142688266e-07 +3.777000051e+01 +3.777000051e+01 -9.7989e-01 +2.0592e+00
34106 +1.558985900e-07 +1.558985900e-07 +3.777000016e+01 +3.777000016e+01 -9.7959e-01 +2.0592e+00
% function evaluation | noise-free fitness - Fopt (-1.523000000000e+01) | best noise-free fitness - Fopt | measured fitness | best measured fitness | x1 | x2...
1 +4.912981972e+06 +4.912981972e+06 +4.912966742e+06 +4.912966742e+06 +4.4664e+00 -1.8687e+00
19 +8.747128051e+04 +8.747128051e+04 +8.745605051e+04 +8.745605051e+04 +2.6798e+00 +2.5291e+00
95 +8.251422492e+03 +8.251422492e+03 +8.236192492e+03 +8.236192492e+03 +3.3582e+00 +1.5077e+00
114 +4.994149407e+03 +4.994149407e+03 +4.978919407e+03 +4.978919407e+03 +1.5563e+00 +4.5304e+00
117 +7.598898638e+02 +7.598898638e+02 +7.446598638e+02 +7.446598638e+02 +2.0083e+00 +3.0110e+00
145 +8.178018900e+01 +8.178018900e+01 +6.655018900e+01 +6.655018900e+01 +2.0194e+00 +3.0203e+00
152 +1.712261536e+01 +1.712261536e+01 +1.892615356e+00 +1.892615356e+00 +2.0291e+00 +3.0113e+00
171 +1.084258391e+01 +1.084258391e+01 -4.387416090e+00 -4.387416090e+00 +2.0284e+00 +3.0179e+00
572 +9.981683897e+00 +9.981683897e+00 -5.248316103e+00 -5.248316103e+00 +2.0465e+00 +2.9835e+00
3387 +6.205724836e+00 +6.205724836e+00 -9.024275164e+00 -9.024275164e+00 +2.1996e+00 +2.7251e+00
6324 +1.752542639e+00 +1.752542639e+00 -1.347745736e+01 -1.347745736e+01 +2.6743e+00 +2.1433e+00
6342 +1.507784937e+00 +1.507784937e+00 -1.372221506e+01 -1.372221506e+01 +2.6741e+00 +2.1433e+00
6648 +6.681697405e-01 +6.681697405e-01 -1.456183026e+01 -1.456183026e+01 +2.8577e+00 +1.9752e+00
7167 +6.307731326e-01 +6.307731326e-01 -1.459922687e+01 -1.459922687e+01 +2.8637e+00 +1.9700e+00
7234 +2.551288861e-02 +2.551288861e-02 -1.520448711e+01 -1.520448711e+01 +3.6373e+00 +1.4442e+00
7249 +6.498677027e-03 +6.498677027e-03 -1.522350132e+01 -1.522350132e+01 +3.6373e+00 +1.4443e+00
7304 +5.715545012e-03 +5.715545012e-03 -1.522428445e+01 -1.522428445e+01 +3.6373e+00 +1.4443e+00
10922 +3.221124446e-03 +3.221124446e-03 -1.522677888e+01 -1.522677888e+01 +3.6221e+00 +1.4551e+00
17719 +1.721237112e-03 +1.721237112e-03 -1.522827876e+01 -1.522827876e+01 +3.6082e+00 +1.4651e+00
18064 +1.559780668e-03 +1.559780668e-03 -1.522844022e+01 -1.522844022e+01 +3.6081e+00 +1.4651e+00
28836 +7.809316855e-04 +7.809316855e-04 -1.522921907e+01 -1.522921907e+01 +3.5945e+00 +1.4748e+00
28968 +5.313584005e-04 +5.313584005e-04 -1.522946864e+01 -1.522946864e+01 +3.5945e+00 +1.4748e+00
40052 +2.992254797e-04 +2.992254797e-04 -1.522970077e+01 -1.522970077e+01 +3.5570e+00 +1.4995e+00
47333 +2.669101833e-05 +2.669101833e-05 -1.522997331e+01 -1.522997331e+01 +3.5713e+00 +1.4910e+00
47364 +2.361572133e-05 +2.361572133e-05 -1.522997638e+01 -1.522997638e+01 +3.5713e+00 +1.4910e+00
% function evaluation | noise-free fitness - Fopt (-1.614300000000e+02) | best noise-free fitness - Fopt | measured fitness | best measured fitness | x1 | x2...
1 +9.926064949e+05 +9.926064949e+05 +9.924450649e+05 +9.924450649e+05 +6.8298e-01 -4.9323e+00
13 +5.390741610e+05 +5.390741610e+05 +5.389127310e+05 +5.389127310e+05 +3.8367e+00 -7.9575e-01
21 +2.121880068e+04 +2.121880068e+04 +2.105737068e+04 +2.105737068e+04 +4.4078e-01 -3.5029e+00
93 +1.859903055e+03 +1.859903055e+03 +1.698473055e+03 +1.698473055e+03 +4.8396e+00 +1.6248e+00
140 +1.523440448e+03 +1.523440448e+03 +1.362010448e+03 +1.362010448e+03 +4.9576e+00 +1.6401e+00
157 +4.871383104e+02 +4.871383104e+02 +3.257083104e+02 +3.257083104e+02 +5.0000e+00 +1.7184e+00
169 +2.275734025e+02 +2.275734025e+02 +6.614340255e+01 +6.614340255e+01 +4.9945e+00 +1.7236e+00
172 +4.644811554e+01 +4.644811554e+01 -1.149818845e+02 -1.149818845e+02 +4.8622e+00 +1.5851e+00
5762 +3.974403941e+01 +3.974403941e+01 -1.216859606e+02 -1.216859606e+02 +4.5361e+00 +1.1932e+00
10785 +2.299027121e+01 +2.299027121e+01 -1.384397288e+02 -1.384397288e+02 +2.5571e+00 -1.1917e+00
10858 +1.023951451e+01 +1.023951451e+01 -1.511904855e+02 -1.511904855e+02 +2.5499e+00 -1.1946e+00
11895 +9.339645943e+00 +9.339645943e+00 -1.520903541e+02 -1.520903541e+02 +2.4386e+00 -1.3294e+00
21279 +6.271380384e+00 +6.271380384e+00 -1.551586196e+02 -1.551586196e+02 +2.1024e+00 -1.7331e+00
25026 +3.954360552e+00 +3.954360552e+00 -1.574756394e+02 -1.574756394e+02 +1.7733e+00 -2.1288e+00
26543 +9.125498756e-01 +9.125498756e-01 -1.605174501e+02 -1.605174501e+02 +6.7854e-01 -3.4463e+00
26685 +2.358598478e-01 +2.358598478e-01 -1.611941402e+02 -1.611941402e+02 +6.7870e-01 -3.4440e+00
26767 +1.559050886e-01 +1.559050886e-01 -1.612740949e+02 -1.612740949e+02 +6.7884e-01 -3.4441e+00
26775 +9.977923213e-02 +9.977923213e-02 -1.613302208e+02 -1.613302208e+02 +6.7880e-01 -3.4443e+00
27701 +4.399686705e-02 +4.399686705e-02 -1.613860031e+02 -1.613860031e+02 +6.3971e-01 -3.4915e+00
29484 +7.432624410e-03 +7.432624410e-03 -1.614225674e+02 -1.614225674e+02 +5.6070e-01 -3.5866e+00
30530 +6.017195757e-03 +6.017195757e-03 -1.614239828e+02 -1.614239828e+02 +5.4979e-01 -3.5997e+00
36451 +3.542407505e-03 +3.542407505e-03 -1.614264576e+02 -1.614264576e+02 +5.4364e-01 -3.6071e+00
36699 +2.504021151e-03 +2.504021151e-03 -1.614274960e+02 -1.614274960e+02 +5.3620e-01 -3.6160e+00
41025 +1.582535979e-03 +1.582535979e-03 -1.614284175e+02 -1.614284175e+02 +5.3099e-01 -3.6223e+00
46481 +9.621490705e-04 +9.621490705e-04 -1.614290379e+02 -1.614290379e+02 +5.2506e-01 -3.6294e+00
57018 +2.573811665e-04 +2.573811665e-04 -1.614297426e+02 -1.614297426e+02 +5.0156e-01 -3.6570e+00
57024 +2.005250182e-04 +2.005250182e-04 -1.614297995e+02 -1.614297995e+02 +5.0157e-01 -3.6570e+00
57128 +5.731278409e-05 +5.731278409e-05 -1.614299427e+02 -1.614299427e+02 +5.0155e-01 -3.6570e+00
57135 +3.712298320e-05 +3.712298320e-05 -1.614299629e+02 -1.614299629e+02 +5.0155e-01 -3.6570e+00
57243 +2.392313652e-05 +2.392313652e-05 -1.614299761e+02 -1.614299761e+02 +5.0164e-01 -3.6569e+00
69218 +1.579429440e-05 +1.579429440e-05 -1.614299842e+02 -1.614299842e+02 +5.0245e-01 -3.6561e+00
77953 +9.520310812e-06 +9.520310812e-06 -1.614299905e+02 -1.614299905e+02 +5.0318e-01 -3.6554e+00
% function evaluation | noise-free fitness - Fopt (3.280300000000e+02) | best noise-free fitness - Fopt | measured fitness | best measured fitness | x1 | x2...
1 +1.581189367e+07 +1.581189367e+07 +1.581222170e+07 +1.581222170e+07 +3.3496e+00 -2.7506e+00
3 +4.883689698e+06 +4.883689698e+06 +4.884017728e+06 +4.884017728e+06 +1.2982e+00 +3.9869e+00
4 +6.024518699e+04 +6.024518699e+04 +6.057321699e+04 +6.057321699e+04 -2.9338e+00 -3.7049e+00
62 +3.165316494e+04 +3.165316494e+04 +3.198119494e+04 +3.198119494e+04 +1.7673e+00 +1.2879e+00
72 +2.690625666e+02 +2.690625666e+02 +5.970925666e+02 +5.970925666e+02 +1.6572e+00 +1.4592e+00
111 +5.865730766e+00 +5.865730766e+00 +3.338957308e+02 +3.338957308e+02 +1.6849e+00 +1.4667e+00
7895 +3.866388719e+00 +3.866388719e+00 +3.318963887e+02 +3.318963887e+02 +1.9678e+00 +1.8073e+00
9724 +1.774009555e+00 +1.774009555e+00 +3.298040096e+02 +3.298040096e+02 +2.4100e+00 +2.3386e+00
11514 +1.485687331e+00 +1.485687331e+00 +3.295156873e+02 +3.295156873e+02 +2.4623e+00 +2.4026e+00
18203 +8.353558996e-01 +8.353558996e-01 +3.288653559e+02 +3.288653559e+02 +2.6399e+00 +2.6158e+00
20776 +6.100543864e-01 +6.100543864e-01 +3.286400544e+02 +3.286400544e+02 +2.7472e+00 +2.7445e+00
24751 +3.705258057e-01 +3.705258057e-01 +3.284005258e+02 +3.284005258e+02 +2.8365e+00 +2.8522e+00
27880 +2.457005306e-01 +2.457005306e-01 +3.282757005e+02 +3.282757005e+02 +2.9135e+00 +2.9450e+00
40581 +1.536914649e-01 +1.536914649e-01 +3.281836915e+02 +3.281836915e+02 +2.9734e+00 +3.0170e+00
45366 +9.179823165e-02 +9.179823165e-02 +3.281217982e+02 +3.281217982e+02 +3.0381e+00 +3.0946e+00
53428 +1.125447651e-03 +1.125447651e-03 +3.280311254e+02 +3.280311254e+02 +3.2111e+00 +3.3028e+00
53452 +9.055382907e-04 +9.055382907e-04 +3.280309055e+02 +3.280309055e+02 +3.2111e+00 +3.3029e+00
53494 +4.582120303e-04 +4.582120303e-04 +3.280304582e+02 +3.280304582e+02 +3.2111e+00 +3.3028e+00
54428 +3.980008411e-04 +3.980008411e-04 +3.280303980e+02 +3.280303980e+02 +3.2113e+00 +3.3031e+00
61168 +1.173546751e-04 +1.173546751e-04 +3.280301174e+02 +3.280301174e+02 +3.2281e+00 +3.3241e+00
61266 +7.225663035e-05 +7.225663035e-05 +3.280300723e+02 +3.280300723e+02 +3.2282e+00 +3.3242e+00
61275 +5.996006303e-05 +5.996006303e-05 +3.280300600e+02 +3.280300600e+02 +3.2282e+00 +3.3242e+00
78848 +3.967732431e-05 +3.967732431e-05 +3.280300397e+02 +3.280300397e+02 +3.2278e+00 +3.3237e+00
92369 +2.499751054e-05 +2.499751054e-05 +3.280300250e+02 +3.280300250e+02 +3.2270e+00 +3.3225e+00
94665 +1.534838736e-05 +1.534838736e-05 +3.280300153e+02 +3.280300153e+02 +3.2254e+00 +3.3202e+00
94675 +9.545372109e-06 +9.545372109e-06 +3.280300095e+02 +3.280300095e+02 +3.2254e+00 +3.3202e+00
94751 +6.262952354e-06 +6.262952354e-06 +3.280300063e+02 +3.280300063e+02 +3.2254e+00 +3.3202e+00
96736 +3.947458254e-06 +3.947458254e-06 +3.280300039e+02 +3.280300039e+02 +3.2252e+00 +3.3200e+00
% function evaluation | noise-free fitness - Fopt (-3.213000000000e+01) | best noise-free fitness - Fopt | measured fitness | best measured fitness | x1 | x2...
1 +4.265013872e+06 +4.265013872e+06 +4.264981742e+06 +4.264981742e+06 -4.8758e+00 -2.8998e-01
4 +9.139413185e+04 +9.139413185e+04 +9.136200185e+04 +9.136200185e+04 -2.0960e+00 +1.4729e+00
53 +9.992434497e+02 +9.992434497e+02 +9.671134497e+02 +9.671134497e+02 -4.3149e+00 +1.8064e+00
123 +4.156001033e+01 +4.156001033e+01 +9.430010329e+00 +9.430010329e+00 -4.2928e+00 +1.7791e+00
152 +2.982998256e+01 +2.982998256e+01 -2.300017436e+00 -2.300017436e+00 -4.2982e+00 +1.7770e+00
1005 +2.487553428e+01 +2.487553428e+01 -7.254465719e+00 -7.254465719e+00 -4.0345e+00 +1.7743e+00
8378 +1.575708134e+01 +1.575708134e+01 -1.637291866e+01 -1.637291866e+01 -3.0294e+00 +1.7744e+00
15488 +9.659107333e+00 +9.659107333e+00 -2.247089267e+01 -2.247089267e+01 -2.1771e+00 +1.7746e+00
17943 +4.706566788e+00 +4.706566788e+00 -2.742343321e+01 -2.742343321e+01 -1.2938e+00 +1.7750e+00
23632 +9.884471486e-01 +9.884471486e-01 -3.114155285e+01 -3.114155285e+01 -1.2049e-01 +1.7751e+00
25255 +4.958925057e-01 +4.958925057e-01 -3.163410749e+01 -3.163410749e+01 +1.6796e-01 +1.7753e+00
31020 +2.321554437e-02 +2.321554437e-02 -3.210678446e+01 -3.210678446e+01 +7.7405e-01 +1.7753e+00
31031 +8.920000830e-03 +8.920000830e-03 -3.212108000e+01 -3.212108000e+01 +7.7404e-01 +1.7752e+00
31548 +6.308248531e-03 +6.308248531e-03 -3.212369175e+01 -3.212369175e+01 +7.8798e-01 +1.7752e+00
34783 +3.895407218e-03 +3.895407218e-03 -3.212610459e+01 -3.212610459e+01 +8.0479e-01 +1.7752e+00
41646 +2.511178314e-03 +2.511178314e-03 -3.212748882e+01 -3.212748882e+01 +8.1709e-01 +1.7752e+00
62070 +1.500653739e-03 +1.500653739e-03 -3.212849935e+01 -3.212849935e+01 +8.3002e-01 +1.7752e+00
77390 +9.530117605e-04 +9.530117605e-04 -3.212904699e+01 -3.212904699e+01 +8.3988e-01 +1.7752e+00
78816 +3.210791702e-04 +3.210791702e-04 -3.212967892e+01 -3.212967892e+01 +8.5153e-01 +1.7752e+00
78974 +2.493733958e-04 +2.493733958e-04 -3.212975063e+01 -3.212975063e+01 +8.5148e-01 +1.7752e+00
81790 +4.713944302e-05 +4.713944302e-05 -3.212995286e+01 -3.212995286e+01 +8.6051e-01 +1.7752e+00
87087 +3.909784193e-05 +3.909784193e-05 -3.212996090e+01 -3.212996090e+01 +8.6099e-01 +1.7752e+00
96263 +2.486347101e-05 +2.486347101e-05 -3.212997514e+01 -3.212997514e+01 +8.6222e-01 +1.7752e+00
% function evaluation | noise-free fitness - Fopt (1.576000000000e+01) | best noise-free fitness - Fopt | measured fitness | best measured fitness | x1 | x2...
1 +1.644275123e+06 +1.644275123e+06 +1.644290883e+06 +1.644290883e+06 +1.5160e+00 -7.4562e-01
5 +1.461847764e+04 +1.461847764e+04 +1.463423764e+04 +1.463423764e+04 +3.2529e+00 -2.1833e+00
52 +3.720919837e+03 +3.720919837e+03 +3.736679837e+03 +3.736679837e+03 -2.6208e+00 +1.0984e+00
107 +1.551912941e+03 +1.551912941e+03 +1.567672941e+03 +1.567672941e+03 -2.6305e+00 +1.0817e+00
691 +9.976201138e+02 +9.976201138e+02 +1.013380114e+03 +1.013380114e+03 -2.2109e+00 +4.1369e-01
1524 +5.937431251e+02 +5.937431251e+02 +6.095031251e+02 +6.095031251e+02 -1.7400e+00 -2.0254e-01
4340 +3.659025936e+02 +3.659025936e+02 +3.816625936e+02 +3.816625936e+02 -1.3025e+00 -6.7525e-01
5166 +2.092934996e+02 +2.092934996e+02 +2.250534996e+02 +2.250534996e+02 -6.2312e-01 -1.2395e+00
5251 +1.566953695e+02 +1.566953695e+02 +1.724553695e+02 +1.724553695e+02 -6.3361e-01 -1.2246e+00
6191 +4.104956683e+01 +4.104956683e+01 +5.680956683e+01 +5.680956683e+01 +6.4554e-01 -1.8392e+00
6251 +3.975980625e+01 +3.975980625e+01 +5.551980625e+01 +5.551980625e+01 +6.4556e-01 -1.8391e+00
6284 +2.357549031e+01 +2.357549031e+01 +3.933549031e+01 +3.933549031e+01 +6.4009e-01 -1.8336e+00
8040 +1.422322895e+01 +1.422322895e+01 +2.998322895e+01 +2.998322895e+01 +9.7227e-01 -1.9187e+00
9469 +9.755853446e+00 +9.755853446e+00 +2.551585345e+01 +2.551585345e+01 +1.1767e+00 -1.9623e+00
10074 +1.808188110e+00 +1.808188110e+00 +1.756818811e+01 +1.756818811e+01 +2.6911e+00 -2.0707e+00
10089 +1.132807405e+00 +1.132807405e+00 +1.689280740e+01 +1.689280740e+01 +2.6911e+00 -2.0710e+00
10161 +8.251944922e-01 +8.251944922e-01 +1.658519449e+01 +1.658519449e+01 +2.6910e+00 -2.0712e+00
10222 +9.090235039e-02 +9.090235039e-02 +1.585090235e+01 +1.585090235e+01 +2.6999e+00 -2.0720e+00
20750 +6.304336103e-02 +6.304336103e-02 +1.582304336e+01 +1.582304336e+01 +2.7550e+00 -2.0711e+00
22397 +2.500459498e-02 +2.500459498e-02 +1.578500459e+01 +1.578500459e+01 +2.8751e+00 -2.0687e+00
22475 +1.884596243e-03 +1.884596243e-03 +1.576188460e+01 +1.576188460e+01 +3.0474e+00 -2.0638e+00
22651 +1.340074059e-03 +1.340074059e-03 +1.576134007e+01 +1.576134007e+01 +3.0473e+00 -2.0638e+00
30872 +5.009110118e-04 +5.009110118e-04 +1.576050091e+01 +1.576050091e+01 +3.0678e+00 -2.0631e+00
34263 +2.960887745e-04 +2.960887745e-04 +1.576029609e+01 +1.576029609e+01 +3.0852e+00 -2.0627e+00
34482 +1.609147263e-04 +1.609147263e-04 +1.576016091e+01 +1.576016091e+01 +3.0852e+00 -2.0627e+00
34525 +1.474191939e-04 +1.474191939e-04 +1.576014742e+01 +1.576014742e+01 +3.0852e+00 -2.0627e+00
34749 +9.888730457e-05 +9.888730457e-05 +1.576009889e+01 +1.576009889e+01 +3.0852e+00 -2.0627e+00
50830 +6.110806982e-05 +6.110806982e-05 +1.576006111e+01 +1.576006111e+01 +3.1054e+00 -2.0624e+00
51857 +1.864473544e-05 +1.864473544e-05 +1.576001864e+01 +1.576001864e+01 +3.1015e+00 -2.0624e+00
51874 +1.538379351e-05 +1.538379351e-05 +1.576001538e+01 +1.576001538e+01 +3.1015e+00 -2.0624e+00
59208 +6.221553354e-06 +6.221553354e-06 +1.576000622e+01 +1.576000622e+01 +3.0984e+00 -2.0624e+00
59260 +3.793809030e-06 +3.793809030e-06 +1.576000379e+01 +1.576000379e+01 +3.0984e+00 -2.0624e+00
59302 +2.290498500e-06 +2.290498500e-06 +1.576000229e+01 +1.576000229e+01 +3.0984e+00 -2.0624e+00
59356 +6.058371280e-07 +6.058371280e-07 +1.576000061e+01 +1.576000061e+01 +3.0984e+00 -2.0624e+00
% function evaluation | noise-free fitness - Fopt (3.735000000000e+01) | best noise-free fitness - Fopt | measured fitness | best measured fitness | x1 | x2...
1 +1.114024076e+09 +1.114024076e+09 +1.114024113e+09 +1.114024113e+09 +4.9497e+00 -2.8771e+00
2 +1.030009343e+08 +1.030009343e+08 +1.030009716e+08 +1.030009716e+08 +5.0950e-01 +1.3401e+00
4 +1.291339306e+07 +1.291339306e+07 +1.291343041e+07 +1.291343041e+07 -3.8873e+00 -4.4711e+00
7 +8.736158789e+06 +8.736158789e+06 +8.736196139e+06 +8.736196139e+06 -3.7347e+00 -3.8333e+00
12 +2.002548696e+02 +2.002548696e+02 +2.376048696e+02 +2.376048696e+02 -2.5356e+00 -8.6661e-01
128 +1.737200992e+01 +1.737200992e+01 +5.472200992e+01 +5.472200992e+01 -2.5578e+00 -8.7221e-01
137 +7.348962135e+00 +7.348962135e+00 +4.469896213e+01 +4.469896213e+01 -2.5120e+00 -8.8611e-01
167 +6.251707974e+00 +6.251707974e+00 +4.360170797e+01 +4.360170797e+01 -2.5120e+00 -8.8588e-01
264 +2.769115290e+00 +2.769115290e+00 +4.011911529e+01 +4.011911529e+01 -2.4596e+00 -8.9266e-01
273 +1.994852682e+00 +1.994852682e+00 +3.934485268e+01 +3.934485268e+01 -2.5638e+00 -8.7584e-01
290 +1.278021912e+00 +1.278021912e+00 +3.862802191e+01 +3.862802191e+01 -2.5548e+00 -8.7613e-01
2846 +8.550710781e-01 +8.550710781e-01 +3.820507108e+01 +3.820507108e+01 -2.6866e+00 -8.5773e-01
5000 +5.945845510e-01 +5.945845510e-01 +3.794458455e+01 +3.794458455e+01 -2.8543e+00 -8.4140e-01
8723 +2.956727132e-01 +2.956727132e-01 +3.764567271e+01 +3.764567271e+01 -2.9942e+00 -8.3550e-01
11190 +1.998201476e-01 +1.998201476e-01 +3.754982015e+01 +3.754982015e+01 -3.1253e+00 -8.3500e-01
14220 +8.649871657e-02 +8.649871657e-02 +3.743649872e+01 +3.743649872e+01 -3.2543e+00 -8.4002e-01
20242 +6.217049524e-02 +6.217049524e-02 +3.741217050e+01 +3.741217050e+01 -3.3058e+00 -8.4324e-01
44608 +3.868606775e-02 +3.868606775e-02 +3.738868607e+01 +3.738868607e+01 -3.3709e+00 -8.4841e-01
60048 +1.843516103e-02 +1.843516103e-02 +3.736843516e+01 +3.736843516e+01 -3.4767e+00 -8.5906e-01
60106 +1.512830179e-02 +1.512830179e-02 +3.736512830e+01 +3.736512830e+01 -3.4766e+00 -8.5909e-01
62053 +7.987021591e-03 +7.987021591e-03 +3.735798702e+01 +3.735798702e+01 -3.5491e+00 -8.6785e-01
62083 +4.160744420e-03 +4.160744420e-03 +3.735416074e+01 +3.735416074e+01 -3.5492e+00 -8.6777e-01
62210 +3.977779336e-03 +3.977779336e-03 +3.735397778e+01 +3.735397778e+01 -3.5492e+00 -8.6778e-01
63893 +2.429325022e-03 +2.429325022e-03 +3.735242933e+01 +3.735242933e+01 -3.5688e+00 -8.7023e-01
86193 +1.572425475e-03 +1.572425475e-03 +3.735157243e+01 +3.735157243e+01 -3.5855e+00 -8.7228e-01
91240 +9.263255721e-04 +9.263255721e-04 +3.735092633e+01 +3.735092633e+01 -3.5954e+00 -8.7350e-01
114085 +6.291615693e-04 +6.291615693e-04 +3.735062916e+01 +3.735062916e+01 -3.6048e+00 -8.7461e-01
134229 +2.729561527e-04 +2.729561527e-04 +3.735027296e+01 +3.735027296e+01 -3.6163e+00 -8.7592e-01
134284 +2.303565683e-04 +2.303565683e-04 +3.735023036e+01 +3.735023036e+01 -3.6164e+00 -8.7594e-01
% function evaluation | noise-free fitness - Fopt (-3.096300000000e+02) | best noise-free fitness - Fopt | measured fitness | best measured fitness | x1 | x2...
1 +3.423837177e+06 +3.423837177e+06 +3.423527547e+06 +3.423527547e+06 -2.5233e+00 +3.7296e-01
3 +2.795802641e+05 +2.795802641e+05 +2.792706341e+05 +2.792706341e+05 +1.1944e+00 +3.2893e+00
19 +5.759160182e+04 +5.759160182e+04 +5.728197182e+04 +5.728197182e+04 +3.5606e+00 +3.3275e+00
36 +3.376150350e+02 +3.376150350e+02 +2.798503499e+01 +2.798503499e+01 -2.2117e+00 +2.2863e+00
106 +1.259117189e+02 +1.259117189e+02 -1.837182811e+02 -1.837182811e+02 +5.0000e+00 +3.2811e+00
140 +7.703379172e+01 +7.703379172e+01 -2.325962083e+02 -2.325962083e+02 +5.0000e+00 +3.2895e+00
142 +4.817102613e+00 +4.817102613e+00 -3.048128974e+02 -3.048128974e+02 -2.2866e+00 +2.2993e+00
180 +3.496850174e+00 +3.496850174e+00 -3.061331498e+02 -3.061331498e+02 -2.2827e+00 +2.3046e+00
198 +1.995976647e+00 +1.995976647e+00 -3.076340234e+02 -3.076340234e+02 -2.2891e+00 +2.3006e+00
305 +1.573546821e+00 +1.573546821e+00 -3.080564532e+02 -3.080564532e+02 -2.2940e+00 +2.3005e+00
1329 +9.090380162e-01 +9.090380162e-01 -3.087209620e+02 -3.087209620e+02 -2.6004e+00 +2.2527e+00
4261 +6.230037673e-01 +6.230037673e-01 -3.090069962e+02 -3.090069962e+02 -2.7312e+00 +2.2327e+00
7247 +3.907913934e-01 +3.907913934e-01 -3.092392086e+02 -3.092392086e+02 -3.0059e+00 +2.1903e+00
8024 +2.494736761e-01 +2.494736761e-01 -3.093805263e+02 -3.093805263e+02 -3.0203e+00 +2.1876e+00
11791 +1.429547895e-01 +1.429547895e-01 -3.094870452e+02 -3.094870452e+02 -3.1496e+00 +2.1676e+00
12251 +7.556728935e-02 +7.556728935e-02 -3.095544327e+02 -3.095544327e+02 -3.2728e+00 +2.1484e+00
12310 +5.872543190e-02 +5.872543190e-02 -3.095712746e+02 -3.095712746e+02 -3.2727e+00 +2.1486e+00
16605 +1.854763611e-02 +1.854763611e-02 -3.096114524e+02 -3.096114524e+02 -3.3968e+00 +2.1299e+00
16616 +1.582447797e-02 +1.582447797e-02 -3.096141755e+02 -3.096141755e+02 -3.3970e+00 +2.1300e+00
22745 +7.820567992e-03 +7.820567992e-03 -3.096221794e+02 -3.096221794e+02 -3.4299e+00 +2.1252e+00
24325 +6.249430857e-03 +6.249430857e-03 -3.096237506e+02 -3.096237506e+02 -3.4353e+00 +2.1244e+00
27951 +3.796163210e-03 +3.796163210e-03 -3.096262038e+02 -3.096262038e+02 -3.4536e+00 +2.1218e+00
35881 +2.511539826e-03 +2.511539826e-03 -3.096274885e+02 -3.096274885e+02 -3.4632e+00 +2.1204e+00
43441 +1.578764352e-03 +1.578764352e-03 -3.096284212e+02 -3.096284212e+02 -3.4734e+00 +2.1190e+00
49434 +8.506570305e-04 +8.506570305e-04 -3.096291493e+02 -3.096291493e+02 -3.4859e+00 +2.1172e+00
65369 +3.466113192e-04 +3.466113192e-04 -3.096296534e+02 -3.096296534e+02 -3.4950e+00 +2.1160e+00
76751 +2.504740373e-04 +2.504740373e-04 -3.096297495e+02 -3.096297495e+02 -3.4971e+00 +2.1157e+00
77666 +1.495236494e-04 +1.495236494e-04 -3.096298505e+02 -3.096298505e+02 -3.5107e+00 +2.1139e+00
77732 +1.135296816e-05 +1.135296816e-05 -3.096299886e+02 -3.096299886e+02 -3.5107e+00 +2.1139e+00
77805 +5.999203154e-06 +5.999203154e-06 -3.096299940e+02 -3.096299940e+02 -3.5107e+00 +2.1139e+00
80891 +3.508773602e-06 +3.508773602e-06 -3.096299965e+02 -3.096299965e+02 -3.5110e+00 +2.1138e+00
88058 +2.091757949e-06 +2.091757949e-06 -3.096299979e+02 -3.096299979e+02 -3.5114e+00 +2.1138e+00
88366 +1.451629146e-06 +1.451629146e-06 -3.096299985e+02 -3.096299985e+02 -3.5116e+00 +2.1138e+00
% function evaluation | noise-free fitness - Fopt (-1.000000000000e+03) | best noise-free fitness - Fopt | measured fitness | best measured fitness | x1 | x2...
1 +4.060791929e+06 +4.060791929e+06 +4.059791929e+06 +4.059791929e+06 +4.3484e-01 +1.5809e+00
4 +1.353216269e+06 +1.353216269e+06 +1.352216269e+06 +1.352216269e+06 +4.5698e+00 +4.7358e+00
8 +4.886690223e+05 +4.886690223e+05 +4.876690223e+05 +4.876690223e+05 +4.8700e+00 +2.8648e+00
19 +1.179210573e+05 +1.179210573e+05 +1.169210573e+05 +1.169210573e+05 +4.9314e+00 +3.2074e+00
54 +6.669234883e+03 +6.669234883e+03 +5.669234883e+03 +5.669234883e+03 +2.5502e+00 +3.6777e+00
92 +4.521486871e+02 +4.521486871e+02 -5.478513129e+02 -5.478513129e+02 -3.0249e+00 +3.6163e+00
130 +1.557087305e+02 +1.557087305e+02 -8.442912695e+02 -8.442912695e+02 -3.0320e+00 +3.5853e+00
147 +5.516591480e+01 +5.516591480e+01 -9.448340852e+02 -9.448340852e+02 -2.6009e+00 +3.5916e+00
187 +3.847330273e+01 +3.847330273e+01 -9.615266973e+02 -9.615266973e+02 -2.6202e+00 +3.5945e+00
10476 +2.510045773e+01 +2.510045773e+01 -9.748995423e+02 -9.748995423e+02 -1.5820e+00 +3.5956e+00
15646 +1.559982587e+01 +1.559982587e+01 -9.844001741e+02 -9.844001741e+02 -5.3589e-01 +3.5958e+00
24922 +9.894972872e+00 +9.894972872e+00 -9.901050271e+02 -9.901050271e+02 +3.0496e-01 +3.5955e+00
25490 +4.456548949e+00 +4.456548949e+00 -9.955434511e+02 -9.955434511e+02 +1.3653e+00 +3.5955e+00
27451 +3.755898467e+00 +3.755898467e+00 -9.962441015e+02 -9.962441015e+02 +1.5341e+00 +3.5955e+00
36029 +2.471683468e+00 +2.471683468e+00 -9.975283165e+02 -9.975283165e+02 +1.8378e+00 +3.5961e+00
38075 +1.916402544e-01 +1.916402544e-01 -9.998083597e+02 -9.998083597e+02 +3.8226e+00 +3.6077e+00
38123 +1.165818511e-01 +1.165818511e-01 -9.998834181e+02 -9.998834181e+02 +3.8225e+00 +3.6079e+00
38145 +9.843903559e-02 +9.843903559e-02 -9.999015610e+02 -9.999015610e+02 +3.8223e+00 +3.6080e+00
40754 +3.823343859e-02 +3.823343859e-02 -9.999617666e+02 -9.999617666e+02 +3.6727e+00 +3.6051e+00
46064 +2.340272181e-02 +2.340272181e-02 -9.999765973e+02 -9.999765973e+02 +3.5763e+00 +3.6020e+00
46094 +1.451624548e-02 +1.451624548e-02 -9.999854838e+02 -9.999854838e+02 +3.5763e+00 +3.6020e+00
48961 +8.551944886e-03 +8.551944886e-03 -9.999914481e+02 -9.999914481e+02 +3.5275e+00 +3.6004e+00
50171 +5.364115126e-03 +5.364115126e-03 -9.999946359e+02 -9.999946359e+02 +3.5129e+00 +3.5998e+00
59872 +3.963572700e-03 +3.963572700e-03 -9.999960364e+02 -9.999960364e+02 +3.4943e+00 +3.5991e+00
79691 +1.740725719e-03 +1.740725719e-03 -9.999982593e+02 -9.999982593e+02 +3.4612e+00 +3.5978e+00
79754 +1.498074087e-03 +1.498074087e-03 -9.999985019e+02 -9.999985019e+02 +3.4613e+00 +3.5978e+00
80715 +9.971580648e-04 +9.971580648e-04 -9.999990028e+02 -9.999990028e+02 +3.4506e+00 +3.5974e+00
83064 +2.754221130e-04 +2.754221130e-04 -9.999997246e+02 -9.999997246e+02 +3.4299e+00 +3.5966e+00
91141 +1.775892857e-04 +1.775892857e-04 -9.999998224e+02 -9.999998224e+02 +3.4195e+00 +3.5963e+00
91200 +1.580093883e-04 +1.580093883e-04 -9.999998420e+02 -9.999998420e+02 +3.4195e+00 +3.5963e+00
91210 +8.519053961e-05 +8.519053961e-05 -9.999999148e+02 -9.999999148e+02 +3.4195e+00 +3.5963e+00
110114 +5.320857326e-05 +5.320857326e-05 -9.999999468e+02 -9.999999468e+02 +3.4073e+00 +3.5960e+00
110148 +1.037943321e-06 +1.037943321e-06 -9.999999990e+02 -9.999999990e+02 +3.4074e+00 +3.5960e+00
110165 +5.672677617e-07 +5.672677617e-07 -9.999999994e+02 -9.999999994e+02 +3.4074e+00 +3.5960e+00
% function evaluation | noise-free fitness - Fopt (5.800000000000e+01) | best noise-free fitness - Fopt | measured fitness | best measured fitness | x1 | x2...
1 +5.608788950e+09 +5.608788950e+09 +5.608789008e+09 +5.608789008e+09 -2.6034e+00 -2.9817e+00
2 +1.735704423e+06 +1.735704423e+06 +1.735762423e+06 +1.735762423e+06 +2.5642e+00 +4.4953e+00
8 +2.551660254e+05 +2.551660254e+05 +2.552240254e+05 +2.552240254e+05 +2.1059e+00 +3.7197e+00
19 +1.624160074e+05 +1.624160074e+05 +1.624740074e+05 +1.624740074e+05 -1.6161e+00 +3.9397e+00
20 +1.351752954e+05 +1.351752954e+05 +1.352332954e+05 +1.352332954e+05 +8.1419e-01 +3.6936e+00
21 +3.813918620e+03 +3.813918620e+03 +3.871918620e+03 +3.871918620e+03 +1.7235e+00 +3.0886e+00
22 +7.562149841e+02 +7.562149841e+02 +8.142149841e+02 +8.142149841e+02 -1.5524e+00 +3.4625e+00
106 +3.679308631e+02 +3.679308631e+02 +4.259308631e+02 +4.259308631e+02 -1.5524e+00 +3.4747e+00
146 +3.186844969e+00 +3.186844969e+00 +6.118684497e+01 +6.118684497e+01 -1.5416e+00 +3.5034e+00
226 +2.351071539e+00 +2.351071539e+00 +6.035107154e+01 +6.035107154e+01 -1.5415e+00 +3.5027e+00
4215 +1.196344632e+00 +1.196344632e+00 +5.919634463e+01 +5.919634463e+01 -1.8784e+00 +3.5383e+00
4227 +1.738289128e-01 +1.738289128e-01 +5.817382891e+01 +5.817382891e+01 -2.5509e+00 +3.6101e+00
6337 +1.561131885e-01 +1.561131885e-01 +5.815611319e+01 +5.815611319e+01 -2.5708e+00 +3.6123e+00
11998 +8.243337092e-02 +8.243337092e-02 +5.808243337e+01 +5.808243337e+01 -2.7549e+00 +3.6311e+00
12003 +5.353212334e-02 +5.353212334e-02 +5.805353212e+01 +5.805353212e+01 -2.7626e+00 +3.6324e+00
14842 +3.964288742e-02 +3.964288742e-02 +5.803964289e+01 +5.803964289e+01 -2.7767e+00 +3.6337e+00
16838 +2.141905943e-02 +2.141905943e-02 +5.802141906e+01 +5.802141906e+01 -2.8200e+00 +3.6380e+00
19351 +4.281624256e-03 +4.281624256e-03 +5.800428162e+01 +5.800428162e+01 -3.0290e+00 +3.6576e+00
25843 +3.175875494e-03 +3.175875494e-03 +5.800317588e+01 +5.800317588e+01 -3.0201e+00 +3.6569e+00
38190 +1.657569009e-03 +1.657569009e-03 +5.800165757e+01 +5.800165757e+01 -3.0036e+00 +3.6554e+00
38226 +1.574709049e-03 +1.574709049e-03 +5.800157471e+01 +5.800157471e+01 -3.0035e+00 +3.6554e+00
43750 +4.637863647e-04 +4.637863647e-04 +5.800046379e+01 +5.800046379e+01 -2.9721e+00 +3.6527e+00
43784 +7.322016495e-05 +7.322016495e-05 +5.800007322e+01 +5.800007322e+01 -2.9723e+00 +3.6527e+00
49273 +6.209412393e-05 +6.209412393e-05 +5.800006209e+01 +5.800006209e+01 -2.9719e+00 +3.6527e+00
69842 +3.716396073e-06 +3.716396073e-06 +5.800000372e+01 +5.800000372e+01 -2.9622e+00 +3.6518e+00
78015 +2.506191237e-06 +2.506191237e-06 +5.800000251e+01 +5.800000251e+01 -2.9624e+00 +3.6519e+00
83513 +1.100915753e-06 +1.100915753e-06 +5.800000110e+01 +5.800000110e+01 -2.9630e+00 +3.6519e+00
83633 +9.142393154e-07 +9.142393154e-07 +5.800000091e+01 +5.800000091e+01 -2.9630e+00 +3.6519e+00
% function evaluation | noise-free fitness - Fopt (9.438000000000e+01) | best noise-free fitness - Fopt | measured fitness | best measured fitness | x1 | x2...
1 +5.284984980e+07 +5.284984980e+07 +5.284994418e+07 +5.284994418e+07 +3.2602e-01 -3.7084e+00
2 +2.984479038e+06 +2.984479038e+06 +2.984573418e+06 +2.984573418e+06 -4.9892e+00 +1.8279e+00
3 +2.704482906e+05 +2.704482906e+05 +2.705426706e+05 +2.705426706e+05 -2.2714e+00 +3.0384e+00
13 +2.002801862e+05 +2.002801862e+05 +2.003745662e+05 +2.003745662e+05 -1.5603e+00 +3.1117e+00
28 +4.382753575e+04 +4.382753575e+04 +4.392191575e+04 +4.392191575e+04 +1.7421e+00 +3.8555e+00
38 +7.919086606e+03 +7.919086606e+03 +8.013466606e+03 +8.013466606e+03 -4.1677e+00 +3.4674e+00
109 +3.579874216e+03 +3.579874216e+03 +3.674254216e+03 +3.674254216e+03 -4.7222e-01 +3.5007e+00
114 +2.413130619e+03 +2.413130619e+03 +2.507510619e+03 +2.507510619e+03 -4.6788e-01 +3.5114e+00
128 +5.288967369e+02 +5.288967369e+02 +6.232767369e+02 +6.232767369e+02 +9.3351e-01 +3.5938e+00
150 +2.201908411e+02 +2.201908411e+02 +3.145708411e+02 +3.145708411e+02 -3.8957e-01 +3.5804e+00
159 +1.124721891e+02 +1.124721891e+02 +2.068521891e+02 +2.068521891e+02 -3.8979e-01 +3.5743e+00
165 +1.503941861e+01 +1.503941861e+01 +1.094194186e+02 +1.094194186e+02 -3.8781e-01 +3.5643e+00
201 +9.629979875e+00 +9.629979875e+00 +1.040099799e+02 +1.040099799e+02 -4.0767e-01 +3.5627e+00
1422 +6.267983980e+00 +6.267983980e+00 +1.006479840e+02 +1.006479840e+02 -6.6473e-01 +3.5614e+00
4342 +1.435438387e+00 +1.435438387e+00 +9.581543839e+01 +9.581543839e+01 -2.3156e+00 +3.5575e+00
4428 +8.954027744e-01 +8.954027744e-01 +9.527540277e+01 +9.527540277e+01 -2.3152e+00 +3.5578e+00
4546 +5.443657822e-01 +5.443657822e-01 +9.492436578e+01 +9.492436578e+01 -2.3271e+00 +3.5582e+00
5805 +3.448265443e-01 +3.448265443e-01 +9.472482654e+01 +9.472482654e+01 -2.5520e+00 +3.5585e+00
5980 +2.511142958e-01 +2.511142958e-01 +9.463111430e+01 +9.463111430e+01 -2.5522e+00 +3.5583e+00
18350 +1.583345365e-01 +1.583345365e-01 +9.453833454e+01 +9.453833454e+01 -2.6477e+00 +3.5580e+00
22862 +8.440419961e-02 +8.440419961e-02 +9.446440420e+01 +9.446440420e+01 -2.7974e+00 +3.5577e+00
22909 +6.143619876e-02 +6.143619876e-02 +9.444143620e+01 +9.444143620e+01 -2.7972e+00 +3.5579e+00
23167 +2.972477335e-02 +2.972477335e-02 +9.440972477e+01 +9.440972477e+01 -2.8729e+00 +3.5578e+00
23357 +2.165405611e-02 +2.165405611e-02 +9.440165406e+01 +9.440165406e+01 -2.9039e+00 +3.5577e+00
29594 +1.524235161e-02 +1.524235161e-02 +9.439524235e+01 +9.439524235e+01 -2.9231e+00 +3.5578e+00
41426 +5.662057783e-04 +5.662057783e-04 +9.438056621e+01 +9.438056621e+01 -3.0537e+00 +3.5576e+00
41481 +3.089189530e-04 +3.089189530e-04 +9.438030892e+01 +9.438030892e+01 -3.0537e+00 +3.5576e+00
41483 +1.993361406e-04 +1.993361406e-04 +9.438019934e+01 +9.438019934e+01 -3.0535e+00 +3.5576e+00
41549 +1.289292691e-04 +1.289292691e-04 +9.438012893e+01 +9.438012893e+01 -3.0536e+00 +3.5576e+00
44120 +9.998065123e-05 +9.998065123e-05 +9.438009998e+01 +9.438009998e+01 -3.0532e+00 +3.5576e+00
55047 +5.506343362e-05 +5.506343362e-05 +9.438005506e+01 +9.438005506e+01 -3.0425e+00 +3.5576e+00
55067 +1.051948274e-06 +1.051948274e-06 +9.438000105e+01 +9.438000105e+01 -3.0423e+00 +3.5576e+00
55080 +9.012440643e-07 +9.012440643e-07 +9.438000090e+01 +9.438000090e+01 -3.0423e+00 +3.5576e+00
56470 +5.099500839e-07 +5.099500839e-07 +9.438000051e+01 +9.438000051e+01 -3.0425e+00 +3.5576e+00
57290 +3.619391720e-07 +3.619391720e-07 +9.438000036e+01 +9.438000036e+01 -3.0426e+00 +3.5576e+00
58095 +2.246238182e-07 +2.246238182e-07 +9.438000022e+01 +9.438000022e+01 -3.0427e+00 +3.5576e+00
