% function evaluation | noise-free fitness - Fopt (-2.098800000000e+02) | best noise-free fitness - Fopt | measured fitness | best measured fitness | x1 | x2...
1 +2.577857914e+07 +2.577857914e+07 +2.577836926e+07 +2.577836926e+07 -2.6566e+00 -2.8035e-01 +4.1511e+00 -2.4119e+00 +2.6809e+00 +2.5414e+00 +2.6974e+00 -4.1251e+00 +4.3849e+00 -1.7126e+00
2 +2.315015432e+06 +2.315015432e+06 +2.314805552e+06 +2.314805552e+06 +5.6106e-01 -3.9586e+00 +1.7154e+00 -4.1117e+00 -2.2130e+00 +4.6994e+00 +4.1937e+00 -3.2304e-01 +2.1206e+00 +2.2455e+00
42 +8.670508355e+05 +8.670508355e+05 +8.668409555e+05 +8.668409555e+05 +2.5388e-01 -2.8929e+00 -7.3471e-02 -3.5981e+00 +9.2315e-01 -4.6491e+00 -3.4274e+00 -8.5753e-01 +3.0368e-01 +2.6362e+00
72 +5.580933242e+05 +5.580933242e+05 +5.578834442e+05 +5.578834442e+05 -2.1469e+00 -3.4695e+00 +3.6071e+00 +7.7096e-01 -4.3822e+00 +7.3235e-01 +2.9209e+00 -3.3750e+00 -6.9490e-01 +2.5084e+00
100 +3.189549535e+05 +3.189549535e+05 +3.187450735e+05 +3.187450735e+05 +4.0456e+00 -5.2804e-02 -2.7396e+00 -3.6482e+00 +3.5280e+00 +2.9479e+00 +4.4903e+00 +2.0769e+00 -1.3436e+00 +2.7235e+00
326 +2.360106607e+05 +2.360106607e+05 +2.358007807e+05 +2.358007807e+05 +5.0537e-01 -9.2975e-01 +1.8401e+00 -4.2885e+00 +1.4547e+00 +9.6412e-01 +6.3418e-01 -1.4554e+00 -1.0155e+00 +2.8918e+00
379 +1.476096304e+05 +1.476096304e+05 +1.473997504e+05 +1.473997504e+05 -3.1554e-01 -4.9030e-01 +9.4447e-01 -4.4490e+00 +1.0069e+00 +2.5483e-01 +1.2570e+00 -1.1120e+00 -1.0844e+00 +2.3397e+00
460 +9.175026913e+04 +9.175026913e+04 +9.154038913e+04 +9.154038913e+04 -4.4313e-01 -2.5001e-01 +7.4997e-01 -4.3143e+00 +9.6891e-01 +4.5973e-01 +1.2107e+00 -1.1915e+00 -1.1228e+00 +2.5537e+00
484 +5.971202101e+04 +5.971202101e+04 +5.950214101e+04 +5.950214101e+04 -1.5750e-01 -4.1411e-01 +1.1116e+00 -4.8272e+00 +1.0820e+00 +1.0721e-01 +1.1874e+00 -8.5367e-01 -9.6421e-01 +2.5958e+00
892 +3.643460315e+04 +3.643460315e+04 +3.622472315e+04 +3.622472315e+04 -3.9362e-01 -4.6088e-01 +1.1614e+00 -4.8755e+00 +1.0564e+00 +1.3360e-01 +1.5089e+00 -5.8914e-01 -1.0686e+00 +2.6311e+00
896 +2.088173062e+04 +2.088173062e+04 +2.067185062e+04 +2.067185062e+04 -1.4081e+00 -8.0404e-01 -5.4981e-01 -4.8628e+00 +1.2777e+00 +6.4575e-01 +2.2132e+00 -2.8687e-01 -1.2052e+00 +2.5501e+00
1106 +1.386870935e+04 +1.386870935e+04 +1.365882935e+04 +1.365882935e+04 -1.4625e+00 -5.7738e-01 -6.0768e-01 -4.9332e+00 +1.3567e+00 +9.7932e-01 +2.1768e+00 -1.7408e-01 -1.1686e+00 +2.6228e+00
1863 +9.862215425e+03 +9.862215425e+03 +9.652335425e+03 +9.652335425e+03 -1.6077e+00 -8.8048e-01 -8.2896e-01 -4.6992e+00 +1.3983e+00 +1.3423e+00 +2.4069e+00 -1.1359e-01 -1.1010e+00 +2.6147e+00
3950 +6.298209602e+03 +6.298209602e+03 +6.088329602e+03 +6.088329602e+03 -1.6003e+00 -6.2223e-01 -6.3655e-01 -4.7915e+00 +1.6455e+00 +1.9138e+00 +2.2918e+00 -1.5415e-01 -1.1008e+00 +2.6062e+00
11100 +3.980574489e+03 +3.980574489e+03 +3.770694489e+03 +3.770694489e+03 -1.4763e+00 -9.9562e-01 -6.7054e-01 -3.8801e+00 +1.7380e+00 +2.5144e+00 +2.3317e+00 -9.8495e-02 -1.1092e+00 +2.6027e+00
35901 +2.505789051e+03 +2.505789051e+03 +2.295909051e+03 +2.295909051e+03 -1.5110e+00 -1.0661e+00 -1.5335e-01 -2.3334e+00 +1.6530e+00 +2.6843e+00 +2.3158e+00 -9.0651e-02 -1.1098e+00 +2.6038e+00
60806 +1.573381363e+03 +1.573381363e+03 +1.363501363e+03 +1.363501363e+03 -1.4704e+00 -1.0370e+00 +2.6331e-01 -1.2555e+00 +1.7365e+00 +2.7078e+00 +2.3103e+00 -9.2778e-02 -1.1094e+00 +2.6034e+00
80161 +9.944807958e+02 +9.944807958e+02 +7.846007958e+02 +7.846007958e+02 -1.3587e+00 -1.0513e+00 +5.5877e-01 -4.5377e-01 +1.5560e+00 +2.7258e+00 +2.3375e+00 -9.0195e-02 -1.1137e+00 +2.6037e+00
106390 +6.307040440e+02 +6.307040440e+02 +4.208240440e+02 +4.208240440e+02 -1.3446e+00 -1.0103e+00 +7.3554e-01 +2.6213e-01 +1.7356e+00 +2.7284e+00 +2.3100e+00 -9.1671e-02 -1.1100e+00 +2.6044e+00
% function evaluation | noise-free fitness - Fopt (-9.209000000000e+01) | best noise-free fitness - Fopt | measured fitness | best measured fitness | x1 | x2...
1 +2.217595573e+07 +2.217595573e+07 +2.217586364e+07 +2.217586364e+07 +3.1671e+00 -4.7359e+00 +3.1457e+00 +2.3575e+00 -1.0350e+00 -1.9502e-01 -4.0900e+00 +2.4897e+00 +4.1331e+00 -2.6792e+00
3 +1.101533158e+07 +1.101533158e+07 +1.101523949e+07 +1.101523949e+07 -5.2389e-01 +2.9864e+00 +8.1939e-01 +3.0573e+00 +1.7011e+00 -3.6909e+00 -3.2706e+00 -4.3825e+00 +2.4105e+00 +4.7142e+00
6 +7.059224597e+06 +7.059224597e+06 +7.059132507e+06 +7.059132507e+06 -7.5938e-01 +4.0161e+00 +1.9754e+00 +3.5731e+00 -3.3750e+00 -4.1969e-01 +1.4154e+00 -4.9152e+00 -4.4969e+00 +2.3816e+00
8 +1.322157890e+06 +1.322157890e+06 +1.322065800e+06 +1.322065800e+06 -2.2721e+00 -2.9603e+00 -4.2434e+00 +1.5669e+00 -2.3800e+00 -3.3805e+00 +2.4137e+00 +3.4259e+00 -1.4858e+00 +1.3590e+00
27 +7.188029255e+05 +7.188029255e+05 +7.187108355e+05 +7.187108355e+05 +3.6136e+00 +4.1672e+00 -2.8266e+00 -3.0668e+00 -3.4357e+00 -4.6180e+00 +3.1601e+00 +5.2869e-01 +7.7516e-01 +8.6578e-01
48 +5.541293025e+05 +5.541293025e+05 +5.540372125e+05 +5.540372125e+05 -7.4229e-01 -2.7009e+00 +1.4411e+00 -1.5421e+00 -2.9776e+00 -4.7667e+00 +1.7909e+00 +1.4537e+00 -6.6590e-01 +1.2080e+00
107 +2.550318226e+05 +2.550318226e+05 +2.549397326e+05 +2.549397326e+05 -3.0035e+00 -1.1980e+00 -1.2070e+00 -2.5010e+00 +4.7529e+00 +5.5586e-01 -8.6895e-01 +2.6831e-01 +1.1839e+00 +1.4274e+00
296 +1.238188670e+05 +1.238188670e+05 +1.237267770e+05 +1.237267770e+05 -2.1541e+00 -6.4815e-01 -1.8606e+00 -2.7153e+00 +4.7361e+00 +8.2323e-01 +8.8986e-01 +1.3201e+00 +9.0854e-01 +1.7833e+00
420 +9.884645031e+04 +9.884645031e+04 +9.875436031e+04 +9.875436031e+04 -2.1141e+00 -6.2758e-01 -1.8055e+00 -2.7145e+00 +4.7906e+00 +9.7963e-01 +9.9183e-01 +1.2554e+00 +7.8405e-01 +1.6488e+00
784 +6.203862174e+04 +6.203862174e+04 +6.194653174e+04 +6.194653174e+04 -2.0647e+00 -8.5775e-01 -1.6511e+00 -2.9751e+00 +4.9264e+00 +7.2829e-01 +8.5236e-01 +1.1506e+00 +4.4240e-01 +1.6949e+00
2042 +3.744114577e+04 +3.744114577e+04 +3.734905577e+04 +3.734905577e+04 -2.8390e+00 +4.0415e-01 +6.7337e-01 -2.4909e+00 +4.6760e+00 -6.2314e-01 +2.1405e-01 +8.2046e-01 +4.6955e-01 +1.7612e+00
3753 +2.501414715e+04 +2.501414715e+04 +2.492205715e+04 +2.492205715e+04 -2.8177e+00 +6.2635e-01 +5.1406e-01 -2.6352e+00 +4.0111e+00 -1.1609e+00 +7.6914e-03 +1.1189e+00 +4.5774e-01 +1.6682e+00
4672 +1.503866816e+04 +1.503866816e+04 +1.494657816e+04 +1.494657816e+04 -2.9221e+00 +9.2210e-01 +5.8371e-01 -2.6686e+00 +3.6827e+00 -1.8593e+00 +1.2909e-01 +1.1388e+00 +4.4369e-01 +1.6937e+00
5656 +9.803800649e+03 +9.803800649e+03 +9.711710649e+03 +9.711710649e+03 -2.8826e+00 +7.0026e-01 +4.7658e-01 -2.3931e+00 +3.3525e+00 -2.3749e+00 +3.2932e-03 +9.8602e-01 +4.1798e-01 +1.6931e+00
6892 +6.194254173e+03 +6.194254173e+03 +6.102164173e+03 +6.102164173e+03 -2.8609e+00 +7.1399e-01 +3.9494e-01 -2.7174e+00 +2.8602e+00 -2.8436e+00 +2.4621e-01 +9.9273e-01 +4.4854e-01 +1.6843e+00
9236 +3.944861559e+03 +3.944861559e+03 +3.852771559e+03 +3.852771559e+03 -3.0388e+00 +9.7905e-01 +5.7145e-01 -2.5370e+00 +2.3022e+00 -3.2032e+00 +9.8937e-02 +9.9501e-01 +4.3406e-01 +1.6883e+00
12899 +2.504883533e+03 +2.504883533e+03 +2.412793533e+03 +2.412793533e+03 -3.0299e+00 +1.1534e+00 +6.3595e-01 -2.2615e+00 +1.9587e+00 -3.3438e+00 +6.8926e-02 +1.0093e+00 +4.4126e-01 +1.6870e+00
15504 +1.578616877e+03 +1.578616877e+03 +1.486526877e+03 +1.486526877e+03 -2.9383e+00 +1.0804e+00 +6.9942e-01 -2.2673e+00 +1.7004e+00 -3.5093e+00 +1.2104e-02 +1.0082e+00 +4.4005e-01 +1.6844e+00
19445 +9.906640636e+02 +9.906640636e+02 +8.985740636e+02 +8.985740636e+02 -2.8587e+00 +1.1299e+00 +5.9434e-01 -2.1061e+00 +1.3364e+00 -3.7719e+00 +5.3596e-02 +9.8727e-01 +4.3403e-01 +1.6874e+00
33830 +5.822537662e+02 +5.822537662e+02 +4.901637662e+02 +4.901637662e+02 -2.7095e+00 +1.1440e+00 +5.2258e-01 -2.1414e+00 +8.1457e-01 -3.7877e+00 +3.2464e-02 +9.8572e-01 +4.3723e-01 +1.6731e+00
34556 +3.901726150e+02 +3.901726150e+02 +2.980826150e+02 +2.980826150e+02 -2.6927e+00 +1.1002e+00 +4.7633e-01 -2.1348e+00 +7.9946e-01 -3.7713e+00 +3.5473e-02 +9.8329e-01 +4.2894e-01 +1.6875e+00
72676 +2.490730548e+02 +2.490730548e+02 +1.569830548e+02 +1.569830548e+02 -2.6661e+00 +1.1282e+00 +5.1040e-01 -1.9333e+00 +5.1892e-01 -3.7518e+00 +3.0929e-02 +9.7719e-01 +4.3548e-01 +1.6857e+00
75883 +1.520112464e+02 +1.520112464e+02 +5.992124639e+01 +5.992124639e+01 -2.6709e+00 +1.1217e+00 +5.2560e-01 -1.9209e+00 +3.7483e-01 -3.7772e+00 +3.4157e-02 +9.9879e-01 +4.3702e-01 +1.6845e+00
78318 +9.572152973e+01 +9.572152973e+01 +3.631529726e+00 +3.631529726e+00 -2.7084e+00 +1.1470e+00 +5.4420e-01 -1.8966e+00 +2.8178e-01 -3.7565e+00 +3.1680e-02 +9.8619e-01 +4.3456e-01 +1.6858e+00
90149 +6.294664453e+01 +6.294664453e+01 -2.914335547e+01 -2.914335547e+01 -2.6808e+00 +1.1515e+00 +4.8180e-01 -1.9184e+00 +1.4536e-01 -3.7534e+00 +4.4916e-02 +9.8563e-01 +4.3524e-01 +1.6855e+00
110773 +3.974779437e+01 +3.974779437e+01 -5.234220563e+01 -5.234220563e+01 -2.6430e+00 +1.1618e+00 +4.3412e-01 -1.9390e+00 +4.3343e-02 -3.7580e+00 +4.0611e-02 +9.8756e-01 +4.3639e-01 +1.6864e+00
% function evaluation | noise-free fitness - Fopt (-8.789000000000e+01) | best noise-free fitness - Fopt | measured fitness | best measured fitness | x1 | x2...
1 +2.952770671e+07 +2.952770671e+07 +2.952761882e+07 +2.952761882e+07 +4.7545e+00 +4.0807e+00 -3.9589e+00 -2.6869e+00 +2.0266e+00 -1.1912e+00 +4.9660e+00 -7.0254e-01 +4.2797e+00 -7.7434e-01
4 +7.813588832e+06 +7.813588832e+06 +7.813500942e+06 +7.813500942e+06 +2.4922e+00 -2.3185e+00 -4.9684e+00 -3.3730e+00 +4.0312e+00 -7.4999e-02 +2.8397e+00 +4.9856e+00 +2.1477e+00 +2.0718e+00
6 +3.174213316e+06 +3.174213316e+06 +3.174125426e+06 +3.174125426e+06 -3.4835e+00 -4.2182e+00 -3.2282e+00 +4.7570e+00 -6.1133e-01 -3.4942e-01 +2.6765e+00 -1.4149e-01 -4.3278e+00 +4.7593e+00
9 +2.292235032e+06 +2.292235032e+06 +2.292147142e+06 +2.292147142e+06 -1.1865e+00 +3.5387e+00 +1.1455e+00 +2.4610e+00 +1.2091e+00 -2.4327e-01 +1.6887e+00 -2.8746e+00 -4.2230e+00 +4.1727e+00
27 +1.523773789e+06 +1.523773789e+06 +1.523685899e+06 +1.523685899e+06 +3.0103e+00 -2.0538e+00 +3.8298e-01 +8.5224e-04 -2.3751e-01 -1.7784e+00 +3.7154e+00 -2.8945e+00 -1.6806e+00 +3.2929e+00
36 +3.874834523e+05 +3.874834523e+05 +3.873955623e+05 +3.873955623e+05 +1.4867e+00 -2.0476e-01 -4.2923e+00 -1.8873e+00 +1.3789e+00 +3.7836e+00 -4.1850e+00 +6.8611e-02 -3.1839e+00 +3.8109e+00
291 +2.401919597e+05 +2.401919597e+05 +2.401040697e+05 +2.401040697e+05 +3.1079e+00 -1.7553e+00 -2.6201e+00 -1.4004e+00 +1.4626e+00 +2.9704e+00 -5.0000e+00 +1.2974e+00 -3.3418e+00 +3.6359e+00
348 +1.052508326e+05 +1.052508326e+05 +1.051629426e+05 +1.051629426e+05 +4.9561e-01 +4.6727e+00 +1.7611e+00 -3.3618e+00 -1.4956e+00 +2.4266e+00 -4.3492e+00 +7.8060e-01 -2.2368e+00 +3.5814e+00
430 +9.707054482e+04 +9.707054482e+04 +9.698265482e+04 +9.698265482e+04 +3.1956e+00 +3.5827e-01 -3.3899e+00 -3.3053e+00 +1.2858e+00 +2.8741e+00 -2.2442e+00 +1.8338e+00 -2.1175e+00 +3.5616e+00
644 +6.104137722e+04 +6.104137722e+04 +6.095348722e+04 +6.095348722e+04 +2.2919e-01 +3.8274e+00 +2.4353e+00 -3.1874e+00 -4.1622e-01 +3.0613e+00 -4.0690e+00 +8.7208e-01 -2.6237e+00 +3.4322e+00
1000 +3.664597678e+04 +3.664597678e+04 +3.655808678e+04 +3.655808678e+04 +7.2014e-01 +4.5086e+00 +1.6639e+00 -3.3097e+00 -1.2707e+00 +2.3755e+00 -3.8103e+00 +1.0593e+00 -2.5258e+00 +3.4711e+00
1318 +2.432300186e+04 +2.432300186e+04 +2.423511186e+04 +2.423511186e+04 +7.6074e-01 +4.7712e+00 +1.4616e+00 -3.2312e+00 -1.4260e+00 +2.1450e+00 -3.6159e+00 +1.2741e+00 -2.5713e+00 +3.4072e+00
2207 +1.579607120e+04 +1.579607120e+04 +1.570818120e+04 +1.570818120e+04 +6.6493e-01 +4.8433e+00 +1.4124e+00 -3.4272e+00 -1.7201e+00 +1.8074e+00 -2.9671e+00 +1.5026e+00 -2.5233e+00 +3.4435e+00
2641 +8.354032923e+03 +8.354032923e+03 +8.266142923e+03 +8.266142923e+03 +7.3131e-01 +4.7199e+00 +1.5634e+00 -3.3072e+00 -1.6816e+00 +1.2530e+00 -2.8274e+00 +1.4886e+00 -2.5200e+00 +3.4266e+00
3385 +5.994598636e+03 +5.994598636e+03 +5.906708636e+03 +5.906708636e+03 +7.2854e-01 +4.6398e+00 +1.5316e+00 -3.2274e+00 -1.9967e+00 +1.0522e+00 -3.0186e+00 +1.4461e+00 -2.5636e+00 +3.4282e+00
6621 +3.969135791e+03 +3.969135791e+03 +3.881245791e+03 +3.881245791e+03 +8.7898e-01 +4.6317e+00 +1.4988e+00 -2.8595e+00 -2.1552e+00 +4.9059e-01 -2.8666e+00 +1.4708e+00 -2.5821e+00 +3.4225e+00
7178 +2.239341386e+03 +2.239341386e+03 +2.151451386e+03 +2.151451386e+03 +7.9115e-01 +4.5547e+00 +1.2593e+00 -2.5597e+00 -2.0703e+00 +2.6991e-01 -2.9536e+00 +1.5307e+00 -2.5649e+00 +3.4244e+00
9194 +1.583131183e+03 +1.583131183e+03 +1.495241183e+03 +1.495241183e+03 +7.6114e-01 +4.5640e+00 +1.3396e+00 -2.5910e+00 -2.1161e+00 +1.4208e-01 -2.9295e+00 +1.4621e+00 -2.5508e+00 +3.4345e+00
12100 +9.604159749e+02 +9.604159749e+02 +8.725259749e+02 +8.725259749e+02 +6.6664e-01 +4.3713e+00 +1.3627e+00 -2.4186e+00 -2.2048e+00 -1.3033e-01 -2.9605e+00 +1.4603e+00 -2.5701e+00 +3.4261e+00
13129 +6.288425866e+02 +6.288425866e+02 +5.409525866e+02 +5.409525866e+02 +7.0117e-01 +4.3855e+00 +1.3504e+00 -2.4421e+00 -2.2071e+00 -2.2859e-01 -2.9492e+00 +1.4531e+00 -2.5501e+00 +3.4275e+00
15740 +3.960587298e+02 +3.960587298e+02 +3.081687298e+02 +3.081687298e+02 +6.1593e-01 +4.3102e+00 +1.3274e+00 -2.4717e+00 -2.2835e+00 -3.7940e-01 -2.9700e+00 +1.4694e+00 -2.5462e+00 +3.4285e+00
25545 +2.511280383e+02 +2.511280383e+02 +1.632380383e+02 +1.632380383e+02 +6.3821e-01 +4.2982e+00 +1.3303e+00 -2.4038e+00 -2.3693e+00 -5.6773e-01 -2.9574e+00 +1.4671e+00 -2.5446e+00 +3.4288e+00
35877 +1.584387385e+02 +1.584387385e+02 +7.054873850e+01 +7.054873850e+01 +6.7234e-01 +4.3020e+00 +1.3090e+00 -2.4226e+00 -2.5590e+00 -5.9474e-01 -2.9444e+00 +1.4679e+00 -2.5442e+00 +3.4273e+00
36424 +9.714031799e+01 +9.714031799e+01 +9.250317990e+00 +9.250317990e+00 +6.8925e-01 +4.2577e+00 +1.2641e+00 -2.4469e+00 -2.6777e+00 -6.8569e-01 -2.9638e+00 +1.4769e+00 -2.5480e+00 +3.4298e+00
49876 +5.979796650e+01 +5.979796650e+01 -2.809203350e+01 -2.809203350e+01 +6.9922e-01 +4.2324e+00 +1.2565e+00 -2.3757e+00 -2.7856e+00 -6.0353e-01 -2.9593e+00 +1.4606e+00 -2.5509e+00 +3.4298e+00
55138 +3.555242007e+01 +3.555242007e+01 -5.233757993e+01 -5.233757993e+01 +6.7670e-01 +4.2399e+00 +1.2512e+00 -2.3494e+00 -2.8622e+00 -6.1507e-01 -2.9444e+00 +1.4718e+00 -2.5441e+00 +3.4305e+00
56422 +2.318637691e+01 +2.318637691e+01 -6.470362309e+01 -6.470362309e+01 +6.8837e-01 +4.2149e+00 +1.2383e+00 -2.3322e+00 -2.9023e+00 -6.3005e-01 -2.9522e+00 +1.4672e+00 -2.5468e+00 +3.4304e+00
66241 +1.582596985e+01 +1.582596985e+01 -7.206403015e+01 -7.206403015e+01 +6.9072e-01 +4.2076e+00 +1.2337e+00 -2.3326e+00 -2.9559e+00 -6.3229e-01 -2.9610e+00 +1.4632e+00 -2.5481e+00 +3.4302e+00
92238 +9.569331912e+00 +9.569331912e+00 -7.832066809e+01 -7.832066809e+01 +7.1201e-01 +4.2036e+00 +1.2440e+00 -2.3145e+00 -3.0086e+00 -6.1121e-01 -2.9581e+00 +1.4692e+00 -2.5452e+00 +3.4296e+00
147957 +6.300967867e+00 +6.300967867e+00 -8.158903213e+01 -8.158903213e+01 +7.1152e-01 +4.1965e+00 +1.2420e+00 -2.2755e+00 -3.0322e+00 -6.2169e-01 -2.9550e+00 +1.4657e+00 -2.5464e+00 +3.4296e+00
% function evaluation | noise-free fitness - Fopt (3.201900000000e+02) | best noise-free fitness - Fopt | measured fitness | best measured fitness | x1 | x2...
1 +2.560185320e+06 +2.560185320e+06 +2.560505510e+06 +2.560505510e+06 +2.5949e+00 +3.5289e+00 -8.2898e-01 +3.8987e+00 -1.9347e+00 +2.4909e+00 +3.7396e-01 +4.3880e+00 -4.3531e+00 +6.3878e-01
36 +5.749461769e+05 +5.749461769e+05 +5.752663669e+05 +5.752663669e+05 -8.0164e-01 +4.0102e+00 +2.1825e+00 -2.4624e+00 -2.3901e+00 +1.6369e+00 +1.8742e+00 -3.4174e+00 -2.8928e+00 -7.7267e-01
73 +3.548925632e+05 +3.548925632e+05 +3.552127532e+05 +3.552127532e+05 +1.4640e+00 -8.0838e-01 +4.8628e+00 -4.4499e+00 -4.2347e+00 +3.0547e+00 +2.6856e+00 -1.8638e+00 -2.4893e+00 +1.1803e-02
304 +2.159998346e+05 +2.159998346e+05 +2.163200246e+05 +2.163200246e+05 +6.2823e-01 -1.8623e+00 +4.1971e+00 -4.9595e+00 -4.7744e+00 +3.7988e+00 +3.9856e+00 -2.7617e+00 -2.9057e+00 +3.5859e-02
413 +1.571619488e+05 +1.571619488e+05 +1.574821388e+05 +1.574821388e+05 +4.5201e-01 -1.9821e+00 +4.2583e+00 -4.9580e+00 -4.7610e+00 +3.8365e+00 +3.7848e+00 -2.6862e+00 -3.0353e+00 -8.1620e-03
471 +7.981888235e+04 +7.981888235e+04 +8.013907235e+04 +8.013907235e+04 +9.4332e-01 -2.5519e+00 +5.0000e+00 -3.2109e+00 -5.0000e+00 +2.6100e+00 +4.4201e+00 -1.6713e+00 -3.1075e+00 -1.8859e-01
582 +5.399829604e+04 +5.399829604e+04 +5.431848604e+04 +5.431848604e+04 -6.4812e-01 -2.7298e+00 +3.9192e+00 -3.5950e+00 -2.7921e+00 +4.6202e+00 +3.8589e+00 -2.2539e+00 -3.5939e+00 -1.4627e-02
754 +2.630403993e+04 +2.630403993e+04 +2.662422993e+04 +2.662422993e+04 -8.9925e-01 -2.7921e+00 +3.8721e+00 -3.7158e+00 -2.6383e+00 +4.9324e+00 +4.0297e+00 -1.9624e+00 -3.5499e+00 -1.6141e-01
788 +2.237640257e+04 +2.237640257e+04 +2.269659257e+04 +2.269659257e+04 -7.4085e-01 -2.6320e+00 +4.0622e+00 -3.8671e+00 -3.0175e+00 +4.5713e+00 +3.6901e+00 -2.2450e+00 -3.6965e+00 -1.7038e-01
910 +1.315169152e+04 +1.315169152e+04 +1.347188152e+04 +1.347188152e+04 -5.7605e-01 -2.4046e+00 +4.1059e+00 -3.6742e+00 -3.1861e+00 +4.4940e+00 +3.6326e+00 -1.9558e+00 -3.6720e+00 -2.2065e-01
1132 +9.196746055e+03 +9.196746055e+03 +9.516936055e+03 +9.516936055e+03 -6.2511e-01 -2.4468e+00 +4.2357e+00 -3.8039e+00 -3.4920e+00 +4.3914e+00 +3.3867e+00 -1.9789e+00 -3.5671e+00 -1.5857e-01
1302 +5.197068103e+03 +5.197068103e+03 +5.517258103e+03 +5.517258103e+03 -5.5544e-01 -2.4626e+00 +4.1612e+00 -3.7907e+00 -3.3935e+00 +4.1320e+00 +3.2909e+00 -1.7349e+00 -3.6246e+00 -2.0413e-01
1394 +3.974953902e+03 +3.974953902e+03 +4.295143902e+03 +4.295143902e+03 -6.0088e-01 -2.3698e+00 +4.0330e+00 -3.6866e+00 -3.4642e+00 +4.3237e+00 +3.2061e+00 -1.7461e+00 -3.6137e+00 -1.9138e-01
2095 +2.510638452e+03 +2.510638452e+03 +2.830828452e+03 +2.830828452e+03 -7.7200e-01 -2.6031e+00 +4.0175e+00 -3.8027e+00 -3.4488e+00 +3.8954e+00 +3.1346e+00 -1.7976e+00 -3.6001e+00 -1.8348e-01
3557 +1.516731273e+03 +1.516731273e+03 +1.836921273e+03 +1.836921273e+03 -4.6367e-01 -2.6544e+00 +3.8367e+00 -3.7858e+00 -3.5841e+00 +3.8566e+00 +2.9060e+00 -1.7568e+00 -3.5869e+00 -1.8312e-01
5416 +9.769987589e+02 +9.769987589e+02 +1.297188759e+03 +1.297188759e+03 -5.4028e-01 -2.8171e+00 +3.7773e+00 -3.6357e+00 -3.5901e+00 +3.6301e+00 +2.7989e+00 -1.7709e+00 -3.6128e+00 -1.8057e-01
20638 +6.308876700e+02 +6.308876700e+02 +9.510776700e+02 +9.510776700e+02 -5.2869e-01 -2.8663e+00 +3.6241e+00 -3.1481e+00 -3.4933e+00 +3.4256e+00 +2.7860e+00 -1.7887e+00 -3.6073e+00 -1.7971e-01
65401 +3.980898351e+02 +3.980898351e+02 +7.182798351e+02 +7.182798351e+02 -4.9703e-01 -2.7796e+00 +3.3137e+00 -2.5396e+00 -3.5095e+00 +3.4842e+00 +2.8068e+00 -1.7935e+00 -3.6028e+00 -1.8049e-01
83680 +2.364477110e+02 +2.364477110e+02 +5.566377110e+02 +5.566377110e+02 -5.0322e-01 -2.6737e+00 +3.1634e+00 -2.0211e+00 -3.3720e+00 +3.4976e+00 +2.8226e+00 -1.7862e+00 -3.5993e+00 -1.8308e-01
91915 +1.578710777e+02 +1.578710777e+02 +4.780610777e+02 +4.780610777e+02 -5.3554e-01 -2.7262e+00 +3.0678e+00 -1.8673e+00 -3.4218e+00 +3.4710e+00 +2.7943e+00 -1.7957e+00 -3.6009e+00 -1.8067e-01
122626 +9.993414944e+01 +9.993414944e+01 +4.201241494e+02 +4.201241494e+02 -5.0606e-01 -2.7257e+00 +2.9901e+00 -1.6350e+00 -3.4362e+00 +3.4572e+00 +2.8057e+00 -1.7916e+00 -3.6037e+00 -1.8053e-01
% function evaluation | noise-free fitness - Fopt (-1.042400000000e+02) | best noise-free fitness - Fopt | measured fitness | best measured fitness | x1 | x2...
1 +2.812744890e+06 +2.812744890e+06 +2.812640650e+06 +2.812640650e+06 +1.4332e+00 +4.3722e+00 -4.0154e+00 +4.9431e+00 -1.0693e+00 +1.4499e+00 +1.0403e+00 -3.6587e+00 +1.3955e+00 -2.8552e+00
13 +2.041166882e+06 +2.041166882e+06 +2.041062642e+06 +2.041062642e+06 -1.7753e+00 -3.5144e+00 +4.9599e+00 -4.1852e+00 +2.0228e+00 +3.0866e+00 +7.7054e-01 -2.8477e+00 +3.7776e+00 -2.6043e+00
20 +5.741596833e+05 +5.741596833e+05 +5.740554433e+05 +5.740554433e+05 +1.0602e+00 +4.7878e+00 -3.5263e+00 -1.1501e+00 -1.8995e+00 -3.1345e-01 -4.2357e+00 +2.6706e+00 +3.4536e+00 -3.1693e+00
21 +2.927126830e+05 +2.927126830e+05 +2.926084430e+05 +2.926084430e+05 +3.2728e+00 +1.0351e+00 +1.5055e-01 +3.4239e+00 -3.7583e+00 -3.3702e+00 +5.2161e-02 +3.8615e+00 +2.1251e+00 -2.7289e+00
67 +1.872169330e+05 +1.872169330e+05 +1.871126930e+05 +1.871126930e+05 -9.1783e-01 +6.4003e-01 +4.6619e+00 -1.5345e+00 -3.1186e+00 +3.6378e+00 +1.0067e+00 +3.5299e+00 +2.7979e+00 -3.1094e+00
267 +1.541352558e+05 +1.541352558e+05 +1.540310158e+05 +1.540310158e+05 -7.4481e-01 -1.1650e+00 +3.6740e+00 -1.0171e+00 -4.4386e+00 +2.8924e+00 +2.5947e+00 +3.5146e+00 +2.8055e+00 -2.8031e+00
746 +9.914478426e+04 +9.914478426e+04 +9.904054426e+04 +9.904054426e+04 -9.0077e-01 -1.1558e+00 +3.9894e+00 -9.6521e-01 -4.6249e+00 +2.5334e+00 +2.8380e+00 +3.3996e+00 +2.9608e+00 -3.0331e+00
1765 +6.274128465e+04 +6.274128465e+04 +6.263704465e+04 +6.263704465e+04 -5.3509e-01 -1.1614e+00 +3.8658e+00 -4.6246e-01 -4.1442e+00 +1.2477e+00 +2.5258e+00 +3.2739e+00 +2.9749e+00 -2.9663e+00
3178 +3.919858745e+04 +3.919858745e+04 +3.909434745e+04 +3.909434745e+04 -8.1335e-02 -9.4632e-01 +3.9098e+00 -4.3854e-01 -3.8324e+00 +1.4257e-01 +2.6509e+00 +3.3180e+00 +2.9743e+00 -2.9934e+00
4267 +2.494643755e+04 +2.494643755e+04 +2.484219755e+04 +2.484219755e+04 -2.7847e-01 -9.9486e-01 +3.8386e+00 -9.2461e-01 -3.5429e+00 -7.2769e-01 +3.0212e+00 +3.4388e+00 +2.9634e+00 -2.9828e+00
5461 +1.562418014e+04 +1.562418014e+04 +1.551994014e+04 +1.551994014e+04 -2.1438e-01 -1.0340e+00 +4.1979e+00 -1.3439e+00 -3.3719e+00 -1.7324e+00 +2.7880e+00 +3.4568e+00 +2.8702e+00 -3.0138e+00
5919 +9.433554552e+03 +9.433554552e+03 +9.329314552e+03 +9.329314552e+03 -4.0768e-01 -9.2264e-01 +4.1443e+00 -1.0624e+00 -3.1960e+00 -2.1178e+00 +2.8395e+00 +3.4316e+00 +2.9509e+00 -2.9988e+00
8163 +6.175866149e+03 +6.175866149e+03 +6.071626149e+03 +6.071626149e+03 -3.2773e-01 -1.2171e+00 +3.8511e+00 -1.1603e+00 -2.8195e+00 -2.8085e+00 +2.9777e+00 +3.4437e+00 +2.8970e+00 -2.9946e+00
10047 +3.803380286e+03 +3.803380286e+03 +3.699140286e+03 +3.699140286e+03 -4.0194e-01 -1.0763e+00 +3.8217e+00 -1.0131e+00 -2.4612e+00 -3.1517e+00 +2.7404e+00 +3.4270e+00 +2.9592e+00 -3.0090e+00
15033 +2.480930623e+03 +2.480930623e+03 +2.376690623e+03 +2.376690623e+03 -4.3565e-01 -1.2611e+00 +3.8363e+00 -9.6492e-01 -2.2101e+00 -3.4498e+00 +2.7795e+00 +3.4303e+00 +2.9672e+00 -2.9905e+00
23262 +1.557451010e+03 +1.557451010e+03 +1.453211010e+03 +1.453211010e+03 -3.9286e-01 -1.0429e+00 +3.8857e+00 -8.6431e-01 -1.6166e+00 -3.6867e+00 +2.8164e+00 +3.4250e+00 +2.9667e+00 -2.9979e+00
26813 +9.630101210e+02 +9.630101210e+02 +8.587701210e+02 +8.587701210e+02 -2.9387e-01 -9.5559e-01 +3.9568e+00 -8.4537e-01 -1.0493e+00 -3.5973e+00 +2.7635e+00 +3.4628e+00 +2.9741e+00 -2.9800e+00
27148 +5.890979987e+02 +5.890979987e+02 +4.848579987e+02 +4.848579987e+02 -3.9855e-01 -9.1928e-01 +4.1396e+00 -9.3664e-01 -8.3730e-01 -3.7689e+00 +2.8866e+00 +3.4708e+00 +2.9664e+00 -2.9955e+00
31941 +3.944033282e+02 +3.944033282e+02 +2.901633282e+02 +2.901633282e+02 -3.7513e-01 -9.0116e-01 +4.1458e+00 -9.2867e-01 -6.7135e-01 -3.7425e+00 +2.7981e+00 +3.4299e+00 +2.9674e+00 -2.9925e+00
79376 +2.511789594e+02 +2.511789594e+02 +1.469389594e+02 +1.469389594e+02 -3.1087e-01 -8.9994e-01 +4.1938e+00 -8.7270e-01 -2.3845e-01 -3.6985e+00 +2.8095e+00 +3.4345e+00 +2.9662e+00 -2.9937e+00
% function evaluation | noise-free fitness - Fopt (-3.570000000000e+01) | best noise-free fitness - Fopt | measured fitness | best measured fitness | x1 | x2...
1 +8.711156355e+06 +8.711156355e+06 +8.711120655e+06 +8.711120655e+06 -2.4830e+00 +4.6798e+00 -2.5925e+00 -2.8148e+00 +1.6010e+00 -1.6210e+00 -4.2094e+00 +2.0850e+00 -4.1519e+00 -1.4282e-02
3 +5.165177669e+06 +5.165177669e+06 +5.165141969e+06 +5.165141969e+06 +3.7738e+00 -4.1157e+00 -1.3360e+00 -3.2753e+00 +3.1901e+00 -2.6545e+00 +2.5399e+00 -3.5303e+00 -4.8971e+00 +1.4382e+00
5 +1.385700634e+06 +1.385700634e+06 +1.385664934e+06 +1.385664934e+06 +1.2423e+00 +3.4819e+00 -4.4527e+00 -4.1313e+00 -1.3312e-01 -4.7873e+00 +1.7796e+00 -1.0918e+00 -9.1521e-01 +1.1429e+00
13 +4.849129600e+05 +4.849129600e+05 +4.848772600e+05 +4.848772600e+05 +3.9955e+00 -2.3604e+00 -4.1239e+00 -9.5910e-01 +3.3828e+00 +3.9279e+00 +3.6384e+00 -5.8085e-01 -7.7974e-01 +1.6874e+00
62 +3.615203095e+05 +3.615203095e+05 +3.614846095e+05 +3.614846095e+05 +1.1763e+00 -1.2483e+00 +4.7582e+00 +3.1121e+00 +2.0117e-01 +4.0543e+00 -1.5767e+00 +8.3612e-02 -2.5946e-01 +2.2892e+00
263 +1.813656870e+05 +1.813656870e+05 +1.813299870e+05 +1.813299870e+05 +2.5780e+00 -2.2515e+00 -5.0000e+00 +7.2551e-01 -2.2591e+00 -5.0000e+00 +5.0000e+00 -1.4178e+00 -1.1470e+00 +2.3141e+00
433 +1.200149572e+05 +1.200149572e+05 +1.199792572e+05 +1.199792572e+05 +4.2252e+00 -7.8658e-01 -5.0000e+00 +1.6182e+00 -3.6012e+00 -5.0000e+00 +4.0427e+00 -1.6013e+00 -8.1403e-01 +2.4340e+00
466 +9.765475094e+04 +9.765475094e+04 +9.761905094e+04 +9.761905094e+04 +4.1925e+00 -7.5359e-01 -4.8531e+00 +1.5186e+00 -3.6530e+00 -4.9087e+00 +4.0600e+00 -1.4914e+00 -7.4259e-01 +2.4253e+00
538 +6.077370022e+04 +6.077370022e+04 +6.073800022e+04 +6.073800022e+04 +4.3499e+00 -8.0609e-01 -4.8217e+00 +1.7061e+00 -3.4326e+00 -4.8873e+00 +4.3142e+00 -1.3913e+00 -6.8912e-01 +2.2998e+00
822 +3.887175492e+04 +3.887175492e+04 +3.883605492e+04 +3.883605492e+04 +4.3054e+00 -8.3264e-01 -4.7409e+00 +1.9404e+00 -3.4051e+00 -4.7706e+00 +4.1806e+00 -1.1925e+00 -3.7373e-01 +2.3221e+00
1131 +2.403663114e+04 +2.403663114e+04 +2.400093114e+04 +2.400093114e+04 +4.3743e+00 -1.1714e+00 -4.3521e+00 +1.7349e+00 -3.4909e+00 -4.5090e+00 +4.0958e+00 -8.1789e-01 -4.7196e-01 +2.2432e+00
1586 +1.459642696e+04 +1.459642696e+04 +1.456072696e+04 +1.456072696e+04 +4.6372e+00 -1.3298e+00 -4.6274e+00 +1.9307e+00 -3.8943e+00 -4.4697e+00 +3.6488e+00 -8.9197e-01 -4.1279e-01 +2.2550e+00
1901 +8.619563152e+03 +8.619563152e+03 +8.583863152e+03 +8.583863152e+03 +4.7390e+00 -1.4150e+00 -4.7557e+00 +1.8340e+00 -3.6208e+00 -4.0765e+00 +3.4608e+00 -7.4474e-01 -3.9880e-01 +2.2459e+00
1967 +6.087551142e+03 +6.087551142e+03 +6.051851142e+03 +6.051851142e+03 +4.8378e+00 -1.5562e+00 -4.6846e+00 +2.0170e+00 -3.6251e+00 -4.1694e+00 +3.1768e+00 -7.8804e-01 -4.3098e-01 +2.2583e+00
2212 +2.846588666e+03 +2.846588666e+03 +2.810888666e+03 +2.810888666e+03 +3.3317e+00 -2.1689e+00 -3.3119e+00 +2.8287e-01 -4.6026e+00 -3.2159e+00 +2.7883e+00 -9.0334e-01 -4.3758e-01 +2.2312e+00
2532 +2.392044131e+03 +2.392044131e+03 +2.356344131e+03 +2.356344131e+03 +3.1952e+00 -2.0562e+00 -3.2069e+00 +3.1344e-01 -4.3835e+00 -3.2035e+00 +2.6999e+00 -8.2273e-01 -4.6879e-01 +2.2450e+00
8351 +1.584871034e+03 +1.584871034e+03 +1.549171034e+03 +1.549171034e+03 +3.2560e+00 -1.9340e+00 -3.2319e+00 +5.3652e-01 -4.0585e+00 -3.4544e+00 +2.6218e+00 -8.3315e-01 -4.3622e-01 +2.2448e+00
68322 +9.999990969e+02 +9.999990969e+02 +9.642990969e+02 +9.642990969e+02 +3.2524e+00 -1.9438e+00 -2.5834e+00 +1.7088e+00 -3.8629e+00 -3.6153e+00 +2.6266e+00 -8.3183e-01 -4.3331e-01 +2.2437e+00
% function evaluation | noise-free fitness - Fopt (2.070000000000e+01) | best noise-free fitness - Fopt | measured fitness | best measured fitness | x1 | x2...
1 +6.748479625e+06 +6.748479625e+06 +6.748500325e+06 +6.748500325e+06 +4.7766e+00 -4.0423e+00 -1.6743e+00 -1.4215e+00 -4.8209e+00 -3.1886e-01 +2.3187e-01 -1.3758e+00 +5.5945e-01 +1.5954e+00
3 +1.039247341e+06 +1.039247341e+06 +1.039268041e+06 +1.039268041e+06 -3.2727e+00 -2.0414e+00 +8.8114e-01 +1.4487e+00 -3.4561e+00 +3.8258e+00 -2.7887e+00 +1.4555e-01 +3.6860e+00 -8.1502e-02
75 +3.470241829e+05 +3.470241829e+05 +3.470448829e+05 +3.470448829e+05 +4.7717e+00 -5.5784e-01 -1.2249e-01 -4.8401e+00 +3.3799e+00 -3.5897e+00 -2.5593e+00 +1.8589e+00 +2.1865e+00 -1.1955e+00
208 +2.162604982e+05 +2.162604982e+05 +2.162811982e+05 +2.162811982e+05 -3.7045e+00 +1.0638e+00 -3.2411e+00 +3.1119e+00 +2.2794e+00 +4.1929e+00 +2.1283e+00 +1.1214e+00 +2.0660e+00 -5.7770e-01
242 +1.334691121e+05 +1.334691121e+05 +1.334898121e+05 +1.334898121e+05 -4.9417e+00 +6.9832e-01 +3.8866e+00 -1.2342e+00 +1.1709e+00 -5.8574e-01 -3.4592e-02 +5.9080e-01 +2.5794e+00 -8.0596e-01
398 +8.384001636e+04 +8.384001636e+04 +8.386071636e+04 +8.386071636e+04 -3.8514e+00 -5.4933e-01 +4.5221e+00 -1.9544e+00 +2.7324e+00 -1.4611e+00 +9.1792e-01 +2.4954e+00 +2.3255e+00 -4.4430e-01
533 +5.383440153e+04 +5.383440153e+04 +5.385510153e+04 +5.385510153e+04 -4.9977e+00 +8.4116e-01 +3.8116e+00 -1.2347e+00 +1.0003e+00 -2.5507e-01 -4.0632e-01 +8.6902e-01 +2.4099e+00 -5.5969e-01
620 +3.690302328e+04 +3.690302328e+04 +3.692372328e+04 +3.692372328e+04 -5.0000e+00 +4.5396e-01 +3.7759e+00 -1.2408e+00 +1.2063e+00 -3.6016e-01 -6.9167e-01 +9.8945e-01 +2.3856e+00 -6.6314e-01
862 +2.406829842e+04 +2.406829842e+04 +2.408899842e+04 +2.408899842e+04 -4.9952e+00 +1.2699e-01 +4.7482e+00 -1.4250e+00 +1.7680e+00 +3.8550e-01 -1.0041e+00 +1.8262e+00 +2.2991e+00 -6.9650e-01
1090 +9.420516331e+03 +9.420516331e+03 +9.441216331e+03 +9.441216331e+03 -4.5106e+00 -7.2525e-01 +2.6557e+00 -2.1004e+00 +1.5011e+00 -5.0868e-01 -6.1313e-01 +1.6222e+00 +2.3807e+00 -6.2110e-01
5379 +4.392596776e+03 +4.392596776e+03 +4.413296776e+03 +4.413296776e+03 -4.5025e+00 -8.2874e-01 +2.6482e+00 -2.0102e+00 +1.9381e+00 -1.2900e+00 -7.0394e-01 +1.7441e+00 +2.4056e+00 -5.9725e-01
5455 +3.683185123e+03 +3.683185123e+03 +3.703885123e+03 +3.703885123e+03 -4.4988e+00 -8.1682e-01 +2.6574e+00 -2.0073e+00 +1.9221e+00 -1.2736e+00 -7.0028e-01 +1.7439e+00 +2.3915e+00 -6.1567e-01
8045 +2.508001312e+03 +2.508001312e+03 +2.528701312e+03 +2.528701312e+03 -4.6279e+00 -7.7946e-01 +2.5805e+00 -1.6830e+00 +1.9005e+00 -1.5988e+00 -7.4293e-01 +1.8338e+00 +2.3895e+00 -6.2812e-01
13245 +1.583810470e+03 +1.583810470e+03 +1.604510470e+03 +1.604510470e+03 -4.6098e+00 -8.2314e-01 +2.5194e+00 -1.6361e+00 +2.1618e+00 -2.0437e+00 -6.4892e-01 +1.8139e+00 +2.3874e+00 -6.3199e-01
30671 +9.970632991e+02 +9.970632991e+02 +1.017763299e+03 +1.017763299e+03 -4.4405e+00 -9.1732e-01 +2.3326e+00 -9.7824e-01 +2.6492e+00 -2.0833e+00 -6.7872e-01 +1.8103e+00 +2.3915e+00 -6.3007e-01
81601 +6.307114440e+02 +6.307114440e+02 +6.514114440e+02 +6.514114440e+02 -4.3022e+00 -8.5160e-01 +1.9011e+00 -1.1183e-01 +2.8281e+00 -2.1081e+00 -6.9101e-01 +1.8079e+00 +2.3898e+00 -6.3105e-01
114715 +3.974991585e+02 +3.974991585e+02 +4.181991585e+02 +4.181991585e+02 -4.1965e+00 -9.2569e-01 +1.5805e+00 +4.1411e-01 +2.9069e+00 -2.0927e+00 -6.6198e-01 +1.8056e+00 +2.3978e+00 -6.2874e-01
% function evaluation | noise-free fitness - Fopt (3.807000000000e+01) | best noise-free fitness - Fopt | measured fitness | best measured fitness | x1 | x2...
1 +7.199532888e+07 +7.199532888e+07 +7.199536695e+07 +7.199536695e+07 -2.4717e+00 -3.8104e+00 -1.9605e+00 +4.9498e+00 +1.3531e+00 +2.1499e+00 -1.8339e+00 +4.5603e+00 +3.1169e+00 +4.2184e+00
2 +6.183594414e+07 +6.183594414e+07 +6.183598221e+07 +6.183598221e+07 +4.1894e+00 -6.9813e-01 -2.7412e+00 -1.6051e+00 -3.6319e+00 +3.3072e-01 +3.8085e+00 -4.6564e+00 -1.9200e+00 +3.9133e+00
6 +7.422159709e+06 +7.422159709e+06 +7.422197779e+06 +7.422197779e+06 -2.6036e-01 -4.3911e+00 -2.7213e+00 +2.6242e+00 -3.1003e+00 -2.7621e+00 -2.6622e+00 -1.4424e+00 +3.5066e+00 -2.0296e+00
7 +2.190372854e+06 +2.190372854e+06 +2.190410924e+06 +2.190410924e+06 -3.0304e+00 -2.5349e+00 -1.4607e+00 -4.6840e+00 -9.9925e-01 -1.5401e+00 +1.3788e+00 -2.6728e+00 +1.4707e+00 -2.8921e+00
9 +7.406902528e+05 +7.406902528e+05 +7.407283228e+05 +7.407283228e+05 -1.2564e+00 -4.6325e+00 +2.3570e+00 -1.1405e+00 -4.5282e+00 -3.6901e+00 +4.3225e+00 +3.2990e-01 -1.4167e+00 -3.5460e+00
103 +5.115183701e+05 +5.115183701e+05 +5.115564401e+05 +5.115564401e+05 +1.5178e+00 -3.9874e+00 +8.1438e-01 -4.8949e+00 -2.8822e+00 +2.6424e+00 -8.4854e-01 -2.6027e+00 -2.5850e-01 -4.0833e+00
227 +3.235552781e+05 +3.235552781e+05 +3.235933481e+05 +3.235933481e+05 +2.9929e+00 -2.4570e+00 -4.8713e+00 -3.3659e+00 +1.7921e+00 -2.8663e+00 +2.1605e+00 -3.5397e+00 -4.6198e-01 -3.2082e+00
277 +1.795224085e+05 +1.795224085e+05 +1.795604785e+05 +1.795604785e+05 +3.5943e+00 -2.0666e+00 -5.0000e+00 -3.4772e+00 +2.5129e+00 -3.9442e+00 +3.9086e+00 -2.9116e+00 -5.6761e-01 -3.5046e+00
398 +1.398028056e+05 +1.398028056e+05 +1.398408756e+05 +1.398408756e+05 +3.7012e+00 -1.9707e+00 -4.9413e+00 -3.4797e+00 +2.6504e+00 -3.9850e+00 +4.0761e+00 -2.8956e+00 -6.6350e-01 -3.5592e+00
439 +5.075364414e+04 +5.075364414e+04 +5.079171414e+04 +5.079171414e+04 +4.6579e+00 -2.5371e+00 -5.0000e+00 -3.9974e+00 +3.1376e+00 -4.3747e+00 +3.3366e+00 -3.0394e+00 -1.0335e+00 -3.6932e+00
612 +3.566161095e+04 +3.566161095e+04 +3.569968095e+04 +3.569968095e+04 +4.4339e+00 -2.6238e+00 -4.8846e+00 -3.9110e+00 +3.2572e+00 -4.4294e+00 +3.1397e+00 -3.2100e+00 -1.1923e+00 -3.6941e+00
1216 +2.383859469e+04 +2.383859469e+04 +2.387666469e+04 +2.387666469e+04 +4.6562e+00 -2.6493e+00 -4.7393e+00 -3.4377e+00 +3.0440e+00 -3.9678e+00 +2.8236e+00 -3.4095e+00 -1.1858e+00 -3.6812e+00
1948 +1.559356450e+04 +1.559356450e+04 +1.563163450e+04 +1.563163450e+04 +4.5571e+00 -2.4982e+00 -4.8769e+00 -3.2806e+00 +2.9297e+00 -3.4154e+00 +2.4254e+00 -3.2820e+00 -1.1779e+00 -3.6686e+00
3147 +9.907696221e+03 +9.907696221e+03 +9.945766221e+03 +9.945766221e+03 +4.6743e+00 -2.4570e+00 -4.8986e+00 -2.3422e+00 +2.9202e+00 -2.6729e+00 +2.4086e+00 -3.4337e+00 -1.2371e+00 -3.6748e+00
4119 +6.226789466e+03 +6.226789466e+03 +6.264859466e+03 +6.264859466e+03 +4.0432e+00 -2.5791e+00 -4.8688e+00 -1.9438e+00 +2.7306e+00 -2.1972e+00 +2.1472e+00 -3.3843e+00 -1.2356e+00 -3.6896e+00
6139 +3.961707963e+03 +3.961707963e+03 +3.999777963e+03 +3.999777963e+03 +3.9527e+00 -2.4112e+00 -4.5327e+00 -1.7252e+00 +2.5998e+00 -1.8528e+00 +2.1968e+00 -3.3633e+00 -1.1882e+00 -3.6823e+00
20008 +2.506116228e+03 +2.506116228e+03 +2.544186228e+03 +2.544186228e+03 +4.0290e+00 -2.4492e+00 -4.3125e+00 -1.1875e+00 +2.9790e+00 -1.2500e+00 +2.2539e+00 -3.4121e+00 -1.1822e+00 -3.6735e+00
46678 +1.580467470e+03 +1.580467470e+03 +1.618537470e+03 +1.618537470e+03 +3.8422e+00 -2.4294e+00 -4.0361e+00 -7.2525e-02 +3.1598e+00 -1.1891e+00 +2.2421e+00 -3.4005e+00 -1.1905e+00 -3.6747e+00
96316 +9.991158408e+02 +9.991158408e+02 +1.037185841e+03 +1.037185841e+03 +3.6693e+00 -2.3048e+00 -3.6261e+00 +1.0790e+00 +3.1417e+00 -1.2010e+00 +2.2538e+00 -3.4006e+00 -1.1833e+00 -3.6743e+00
% function evaluation | noise-free fitness - Fopt (-4.542000000000e+01) | best noise-free fitness - Fopt | measured fitness | best measured fitness | x1 | x2...
1 +4.198982946e+06 +4.198982946e+06 +4.198937526e+06 +4.198937526e+06 +2.2414e+00 +1.6910e+00 +1.0278e+00 -4.7085e+00 +2.1968e-01 +3.9318e+00 -4.1515e+00 +3.7166e+00 -3.8316e+00 -3.2422e+00
4 +1.904097872e+06 +1.904097872e+06 +1.904052452e+06 +1.904052452e+06 +9.8712e-01 -3.5823e+00 -4.3896e+00 -6.9947e-01 +2.1141e+00 -6.8628e-01 -3.3123e+00 +5.1356e-01 -3.8079e+00 -1.0737e+00
26 +9.916589999e+05 +9.916589999e+05 +9.916135799e+05 +9.916135799e+05 -3.2728e+00 +3.5150e+00 -4.6751e-01 -4.2109e-01 +1.0183e+00 +4.5212e+00 +4.5705e-01 +1.1305e-01 -2.9517e+00 -1.1842e+00
106 +4.530063747e+05 +4.530063747e+05 +4.529609547e+05 +4.529609547e+05 -3.6364e+00 +3.9137e+00 -1.4901e+00 -3.7057e+00 +2.4527e+00 -1.9586e+00 +2.9812e+00 +5.5285e-01 -2.1637e+00 -1.5700e+00
183 +3.925140946e+05 +3.925140946e+05 +3.924686746e+05 +3.924686746e+05 -4.8882e+00 -1.3207e+00 -5.6760e-01 -3.7450e-01 +1.0955e+00 -7.5912e-02 +2.7429e+00 +4.8772e+00 -1.7312e+00 -2.1693e+00
304 +2.482042166e+05 +2.482042166e+05 +2.481587966e+05 +2.481587966e+05 -4.1561e+00 +2.9804e+00 -2.1588e+00 -2.8688e+00 +2.4410e+00 -2.5490e+00 +2.5903e+00 +2.1209e+00 -2.4127e+00 -1.9082e+00
607 +1.269067084e+05 +1.269067084e+05 +1.268612884e+05 +1.268612884e+05 -2.1435e+00 +1.5127e+00 -2.8461e-01 -1.8175e+00 +1.9891e+00 -3.2252e+00 +2.0049e+00 +2.8576e+00 -2.5399e+00 -1.6566e+00
898 +8.851276752e+04 +8.851276752e+04 +8.846734752e+04 +8.846734752e+04 -1.7845e+00 +1.5652e+00 -2.9982e-01 -1.5668e+00 +1.8981e+00 -3.0004e+00 +2.2823e+00 +2.9025e+00 -2.3284e+00 -1.7201e+00
1084 +5.096260598e+04 +5.096260598e+04 +5.091718598e+04 +5.091718598e+04 -1.2434e+00 +3.6292e+00 -6.6254e-01 -1.7106e+00 +8.5121e-02 -2.3757e+00 +2.4070e+00 +3.5239e+00 -2.0327e+00 -1.7055e+00
1366 +3.828750222e+04 +3.828750222e+04 +3.824208222e+04 +3.824208222e+04 -1.3154e+00 +3.9429e+00 -5.7556e-01 -1.8607e+00 -2.6427e-02 -2.1385e+00 +2.6940e+00 +3.3632e+00 -2.2211e+00 -1.6123e+00
1612 +2.474900334e+04 +2.474900334e+04 +2.470358334e+04 +2.470358334e+04 -1.7058e+00 +4.8636e+00 +1.0780e-01 -2.7239e+00 +7.9770e-02 -6.6594e-01 +3.7446e+00 +3.9663e+00 -2.2162e+00 -1.7251e+00
1801 +1.556613081e+04 +1.556613081e+04 +1.552071081e+04 +1.552071081e+04 -1.6530e+00 +4.6990e+00 +1.9653e-01 -2.4313e+00 +2.3632e-01 -5.3844e-01 +3.6935e+00 +3.8458e+00 -2.2141e+00 -1.6725e+00
2742 +8.961455064e+03 +8.961455064e+03 +8.916035064e+03 +8.916035064e+03 -1.3250e+00 +4.5833e+00 +3.0785e-01 -2.4124e+00 +3.1563e-01 -1.4070e-01 +3.4608e+00 +3.6376e+00 -2.1549e+00 -1.6379e+00
3435 +6.190050500e+03 +6.190050500e+03 +6.144630500e+03 +6.144630500e+03 -1.2206e+00 +4.5172e+00 +3.2320e-01 -2.3234e+00 +4.9918e-01 +3.6129e-01 +3.5103e+00 +3.5006e+00 -2.1421e+00 -1.6383e+00
6657 +3.959163932e+03 +3.959163932e+03 +3.913743932e+03 +3.913743932e+03 -1.0956e+00 +4.7039e+00 +2.4702e-01 -2.2650e+00 +7.2211e-01 +7.3337e-01 +3.5260e+00 +3.6401e+00 -2.1601e+00 -1.6418e+00
10849 +2.507962873e+03 +2.507962873e+03 +2.462542873e+03 +2.462542873e+03 -1.1254e+00 +4.6961e+00 +5.5882e-01 -1.6582e+00 +1.2138e+00 +8.8883e-01 +3.4962e+00 +3.6349e+00 -2.1682e+00 -1.6524e+00
18138 +1.582401646e+03 +1.582401646e+03 +1.536981646e+03 +1.536981646e+03 -1.4335e+00 +4.9157e+00 +4.0099e-01 -1.4127e+00 +1.7443e+00 +1.1729e+00 +3.4764e+00 +3.6565e+00 -2.1596e+00 -1.6473e+00
42579 +9.956517681e+02 +9.956517681e+02 +9.502317681e+02 +9.502317681e+02 -1.3989e+00 +4.7526e+00 +2.9608e-01 -7.4132e-01 +2.0834e+00 +1.2699e+00 +3.4788e+00 +3.6308e+00 -2.1601e+00 -1.6459e+00
97652 +6.294038164e+02 +6.294038164e+02 +5.839838164e+02 +5.839838164e+02 -1.5722e+00 +4.6689e+00 -6.2527e-02 +1.5512e-01 +2.2423e+00 +1.2186e+00 +3.4728e+00 +3.6267e+00 -2.1592e+00 -1.6451e+00
139157 +3.976420453e+02 +3.976420453e+02 +3.522220453e+02 +3.522220453e+02 -1.5883e+00 +4.4320e+00 -2.4311e-01 +8.1574e-01 +2.2896e+00 +1.2310e+00 +3.4900e+00 +3.6324e+00 -2.1641e+00 -1.6467e+00
% function evaluation | noise-free fitness - Fopt (6.695000000000e+01) | best noise-free fitness - Fopt | measured fitness | best measured fitness | x1 | x2...
1 +8.253950039e+06 +8.253950039e+06 +8.254016989e+06 +8.254016989e+06 +3.6287e+00 +4.6559e+00 +2.3103e-01 +3.4489e+00 -1.3196e+00 -4.0320e+00 -2.7229e+00 +2.1492e+00 +3.9391e+00 -2.2902e+00
15 +5.543250914e+06 +5.543250914e+06 +5.543317864e+06 +5.543317864e+06 -1.8635e-01 -4.2182e+00 -9.4282e-01 -3.7047e-01 +3.1388e+00 -1.9768e+00 -2.7841e+00 +4.3476e+00 +1.8660e+00 +7.6366e-02
44 +7.149158988e+05 +7.149158988e+05 +7.149828488e+05 +7.149828488e+05 -1.9195e+00 -4.8679e-01 -4.8708e-01 +1.9395e+00 -3.2795e+00 -1.9081e+00 +3.6774e+00 -1.4659e+00 -2.2835e+00 -1.1200e+00
78 +5.500035793e+05 +5.500035793e+05 +5.500705293e+05 +5.500705293e+05 -3.7925e+00 -3.9707e+00 -2.5340e+00 -1.7100e+00 +1.9601e+00 -4.4011e+00 +4.5200e+00 +4.1871e+00 -2.5806e+00 -1.3214e+00
279 +3.062738877e+05 +3.062738877e+05 +3.063408377e+05 +3.063408377e+05 +1.7075e+00 +4.0590e+00 +3.8568e+00 -3.3766e+00 +4.4830e+00 -3.0488e-01 +4.8389e+00 +2.6891e+00 -7.8596e-01 -1.5841e+00
341 +2.150478909e+05 +2.150478909e+05 +2.151148409e+05 +2.151148409e+05 +1.8101e+00 +4.0113e+00 +3.8484e+00 -3.2702e+00 +4.4617e+00 -2.7407e-01 +4.8072e+00 +2.6543e+00 -8.8228e-01 -1.4804e+00
362 +9.453202321e+04 +9.453202321e+04 +9.459897321e+04 +9.459897321e+04 +1.0373e+00 +2.9202e+00 +2.8467e+00 -4.6152e+00 +4.1949e+00 +4.7269e-01 +4.5497e+00 +2.0684e+00 -2.2024e+00 -1.2304e+00
447 +6.269972594e+04 +6.269972594e+04 +6.276667594e+04 +6.276667594e+04 +9.7343e-01 +2.9504e+00 +3.0240e+00 -4.6211e+00 +4.3483e+00 +5.5450e-01 +4.5660e+00 +2.1524e+00 -2.1170e+00 -1.3518e+00
462 +3.950082648e+04 +3.950082648e+04 +3.956777648e+04 +3.956777648e+04 +1.0500e+00 +2.8687e+00 +2.6915e+00 -4.7776e+00 +4.1834e+00 +5.3556e-01 +4.5363e+00 +1.9600e+00 -1.9677e+00 -1.3382e+00
1080 +2.493938347e+04 +2.493938347e+04 +2.500633347e+04 +2.500633347e+04 +7.3384e-01 +3.0511e+00 +2.6524e+00 -4.7734e+00 +4.2527e+00 +5.3551e-01 +4.0618e+00 +1.8680e+00 -1.7577e+00 -1.3726e+00
3135 +1.555163809e+04 +1.555163809e+04 +1.561858809e+04 +1.561858809e+04 +9.9036e-01 +3.0225e+00 +2.9634e+00 -4.8376e+00 +4.1620e+00 +1.3322e+00 +4.1345e+00 +1.8441e+00 -1.7213e+00 -1.3633e+00
5121 +8.614997590e+03 +8.614997590e+03 +8.681947590e+03 +8.681947590e+03 +1.1759e+00 +2.5145e+00 +2.6753e+00 -5.0000e+00 +4.1174e+00 +2.3259e+00 +3.9663e+00 +1.8582e+00 -1.7415e+00 -1.3891e+00
5925 +6.275134336e+03 +6.275134336e+03 +6.342084336e+03 +6.342084336e+03 +1.3394e+00 +2.4239e+00 +2.7802e+00 -4.8132e+00 +4.2927e+00 +2.6267e+00 +3.9359e+00 +1.8093e+00 -1.7379e+00 -1.3751e+00
7102 +3.966900801e+03 +3.966900801e+03 +4.033850801e+03 +4.033850801e+03 +1.1621e+00 +2.4554e+00 +2.7341e+00 -4.8578e+00 +4.1957e+00 +3.1186e+00 +3.8382e+00 +1.9192e+00 -1.7453e+00 -1.3852e+00
9407 +2.492915873e+03 +2.492915873e+03 +2.559865873e+03 +2.559865873e+03 +8.6149e-01 +2.6824e+00 +2.6965e+00 -4.5879e+00 +4.1330e+00 +3.6373e+00 +3.9814e+00 +1.8703e+00 -1.7565e+00 -1.3739e+00
28902 +1.530681236e+03 +1.530681236e+03 +1.597631236e+03 +1.597631236e+03 +1.1323e+00 +2.8229e+00 +2.3988e+00 -3.7031e+00 +3.6622e+00 +3.7119e+00 +3.9544e+00 +1.8899e+00 -1.7631e+00 -1.3777e+00
46526 +9.997359478e+02 +9.997359478e+02 +1.066685948e+03 +1.066685948e+03 +1.2328e+00 +2.8958e+00 +2.0247e+00 -3.1166e+00 +3.5806e+00 +3.7743e+00 +3.9863e+00 +1.8830e+00 -1.7511e+00 -1.3750e+00
80094 +6.309355931e+02 +6.309355931e+02 +6.978855931e+02 +6.978855931e+02 +1.1472e+00 +2.8982e+00 +1.8742e+00 -2.2900e+00 +3.4079e+00 +3.7913e+00 +3.9912e+00 +1.8828e+00 -1.7511e+00 -1.3730e+00
132730 +3.944301020e+02 +3.944301020e+02 +4.613801020e+02 +4.613801020e+02 +1.0197e+00 +2.8547e+00 +1.5854e+00 -1.5978e+00 +3.4601e+00 +3.8122e+00 +3.9925e+00 +1.8734e+00 -1.7553e+00 -1.3726e+00
% function evaluation | noise-free fitness - Fopt (5.832000000000e+01) | best noise-free fitness - Fopt | measured fitness | best measured fitness | x1 | x2...
1 +4.571470997e+07 +4.571470997e+07 +4.571476829e+07 +4.571476829e+07 -3.0709e+00 +4.5195e+00 -1.0834e+00 +2.1526e+00 +2.0657e+00 +1.4982e+00 -5.0239e-01 +3.1111e-03 -1.5303e-01 +2.4228e+00
2 +2.550287666e+06 +2.550287666e+06 +2.550345986e+06 +2.550345986e+06 -2.4409e+00 -4.5555e+00 -4.0776e+00 -3.3318e+00 -4.6441e+00 -1.0703e+00 -5.5313e-01 -2.5861e+00 +4.0038e+00 -4.9085e+00
8 +4.878388441e+04 +4.878388441e+04 +4.884220441e+04 +4.884220441e+04 -3.8479e+00 +3.6529e+00 -3.8160e+00 -3.4312e+00 -1.1369e+00 -3.4458e+00 +3.2130e-01 +3.2413e+00 +2.3999e+00 -3.8506e+00
322 +3.551665144e+04 +3.551665144e+04 +3.557497144e+04 +3.557497144e+04 -1.2782e+00 +5.0000e+00 +2.0112e+00 +1.1448e+00 -5.0000e+00 -3.2299e+00 +1.0041e+00 +3.0560e+00 +2.9296e+00 -3.8598e+00
425 +1.210560488e+04 +1.210560488e+04 +1.216392488e+04 +1.216392488e+04 -1.2634e+00 +5.0000e+00 +2.0479e+00 +1.2237e+00 -4.9712e+00 -3.3852e+00 +9.4929e-01 +3.1708e+00 +2.7245e+00 -4.0376e+00
587 +9.562795906e+03 +9.562795906e+03 +9.621115906e+03 +9.621115906e+03 -1.4965e+00 +4.9930e+00 +2.1144e+00 +8.9983e-01 -4.9804e+00 -3.3142e+00 +9.5867e-01 +2.9356e+00 +2.7924e+00 -3.9898e+00
1797 +5.275436095e+03 +5.275436095e+03 +5.333756095e+03 +5.333756095e+03 -1.2282e+00 +4.8602e+00 +1.8905e+00 +1.0917e+00 -5.0000e+00 -3.2000e+00 +5.5230e-01 +3.0366e+00 +2.6380e+00 -3.9788e+00
2159 +3.917548817e+03 +3.917548817e+03 +3.975868817e+03 +3.975868817e+03 -1.2001e+00 +4.8508e+00 +1.7566e+00 +1.1896e+00 -4.8801e+00 -3.1265e+00 +5.3527e-01 +3.0693e+00 +2.6923e+00 -3.9933e+00
2460 +2.463367578e+03 +2.463367578e+03 +2.521687578e+03 +2.521687578e+03 -1.0660e+00 +4.9960e+00 +1.6715e+00 +1.2037e+00 -4.6630e+00 -3.1108e+00 +3.1056e-01 +3.0792e+00 +2.6736e+00 -3.9915e+00
2683 +1.573107483e+03 +1.573107483e+03 +1.631427483e+03 +1.631427483e+03 -9.7129e-01 +4.9600e+00 +1.5106e+00 +1.1931e+00 -4.4080e+00 -2.9021e+00 +2.8569e-01 +2.9898e+00 +2.7090e+00 -3.9917e+00
4461 +9.983317154e+02 +9.983317154e+02 +1.056651715e+03 +1.056651715e+03 -1.0097e+00 +4.9359e+00 +1.6008e+00 +1.2178e+00 -4.2974e+00 -2.9909e+00 +1.5368e-01 +3.0229e+00 +2.7135e+00 -3.9935e+00
11617 +6.238793620e+02 +6.238793620e+02 +6.821993620e+02 +6.821993620e+02 -9.5201e-01 +4.9417e+00 +1.5701e+00 +1.0658e+00 -4.0951e+00 -3.1958e+00 +7.7105e-02 +2.9979e+00 +2.7142e+00 -3.9888e+00
55315 +3.980833955e+02 +3.980833955e+02 +4.564033955e+02 +4.564033955e+02 -7.9974e-01 +4.8093e+00 +1.5499e+00 +7.0410e-01 -3.7505e+00 -3.2188e+00 +5.9953e-02 +3.0009e+00 +2.7186e+00 -3.9895e+00
% function evaluation | noise-free fitness - Fopt (1.932700000000e+02) | best noise-free fitness - Fopt | measured fitness | best measured fitness | x1 | x2...
1 +2.165420686e+07 +2.165420686e+07 +2.165440013e+07 +2.165440013e+07 -2.6374e+00 +2.2132e+00 -3.5425e+00 +4.4083e+00 +4.9786e+00 +4.1914e+00 +1.7658e+00 -2.3911e+00 +4.9959e+00 +2.0128e+00
4 +8.634457961e+06 +8.634457961e+06 +8.634651231e+06 +8.634651231e+06 +2.0230e+00 +2.1794e+00 -3.2450e+00 -3.7890e+00 -4.3875e+00 -4.0285e+00 +4.8566e+00 -4.7537e+00 -4.1053e+00 -4.1328e+00
6 +2.424216969e+06 +2.424216969e+06 +2.424410239e+06 +2.424410239e+06 +3.8975e+00 +7.7583e-01 -4.9989e+00 +4.7076e+00 -1.7047e+00 -3.3115e+00 -2.0791e+00 -4.4748e-01 +1.2095e+00 -2.1227e+00
12 +8.092073271e+05 +8.092073271e+05 +8.094005971e+05 +8.094005971e+05 -2.9147e+00 -6.2197e-02 -1.3168e+00 +1.8638e+00 +3.7896e+00 +4.9451e+00 +3.4012e+00 -1.8926e+00 -2.3336e-01 -1.4503e+00
19 +6.266332251e+04 +6.266332251e+04 +6.285659251e+04 +6.285659251e+04 -1.0336e+00 -4.5679e+00 -2.3710e+00 -2.1739e+00 +4.8611e+00 -1.7821e+00 -1.4009e+00 -2.9886e+00 -1.4930e+00 -1.2399e+00
386 +3.382627729e+04 +3.382627729e+04 +3.401954729e+04 +3.401954729e+04 -1.0171e+00 -4.7578e+00 -2.4273e+00 -2.2771e+00 +4.7987e+00 -1.8563e+00 -1.1907e+00 -3.0347e+00 -1.5662e+00 -1.3185e+00
465 +1.658427316e+04 +1.658427316e+04 +1.677754316e+04 +1.677754316e+04 -9.9723e-01 -4.7970e+00 -2.3944e+00 -2.2619e+00 +4.7667e+00 -1.8691e+00 -1.0926e+00 -2.9526e+00 -1.5697e+00 -1.4252e+00
586 +1.578976602e+04 +1.578976602e+04 +1.598303602e+04 +1.598303602e+04 -1.2282e+00 -4.8061e+00 -2.3938e+00 -2.3219e+00 +4.9150e+00 -1.9347e+00 -9.6729e-01 -2.6702e+00 -1.5898e+00 -1.3887e+00
1024 +9.885911419e+03 +9.885911419e+03 +1.007918142e+04 +1.007918142e+04 -1.3302e+00 -4.9796e+00 -2.1428e+00 -2.2834e+00 +4.7723e+00 -2.2668e+00 -1.1017e+00 -2.7876e+00 -1.6086e+00 -1.4439e+00
5012 +6.237645035e+03 +6.237645035e+03 +6.430915035e+03 +6.430915035e+03 -1.3518e+00 -4.7139e+00 -2.1388e+00 -2.3793e+00 +4.6175e+00 -3.1137e+00 -1.1399e+00 -2.7060e+00 -1.5880e+00 -1.4405e+00
14653 +3.977522486e+03 +3.977522486e+03 +4.170792486e+03 +4.170792486e+03 -1.1161e+00 -4.7524e+00 -1.9949e+00 -2.0629e+00 +4.0979e+00 -3.6992e+00 -1.0277e+00 -2.7181e+00 -1.6139e+00 -1.4381e+00
47526 +2.510194536e+03 +2.510194536e+03 +2.703464536e+03 +2.703464536e+03 -1.1369e+00 -4.8210e+00 -1.5293e+00 -7.2316e-01 +3.3497e+00 -3.8999e+00 -1.0494e+00 -2.7076e+00 -1.6156e+00 -1.4364e+00
66837 +1.580303602e+03 +1.580303602e+03 +1.773573602e+03 +1.773573602e+03 -1.1690e+00 -4.7284e+00 -1.2122e+00 +3.9795e-01 +3.6070e+00 -3.9082e+00 -1.0320e+00 -2.7060e+00 -1.6111e+00 -1.4364e+00
84642 +9.983996454e+02 +9.983996454e+02 +1.191669645e+03 +1.191669645e+03 -1.0335e+00 -4.9076e+00 -1.0979e+00 +1.1937e+00 +3.5534e+00 -3.8963e+00 -1.0348e+00 -2.7231e+00 -1.6171e+00 -1.4369e+00
113401 +5.988323953e+02 +5.988323953e+02 +7.921023953e+02 +7.921023953e+02 -1.1458e+00 -4.9190e+00 -8.5581e-01 +2.1433e+00 +3.5338e+00 -3.8718e+00 -1.0210e+00 -2.7098e+00 -1.6074e+00 -1.4391e+00
144732 +3.966765607e+02 +3.966765607e+02 +5.899465607e+02 +5.899465607e+02 -1.2074e+00 -4.7901e+00 -7.1154e-01 +2.6829e+00 +3.4380e+00 -3.8888e+00 -1.0322e+00 -2.7182e+00 -1.6118e+00 -1.4377e+00
% function evaluation | noise-free fitness - Fopt (-4.190100000000e+02) | best noise-free fitness - Fopt | measured fitness | best measured fitness | x1 | x2...
1 +2.896343169e+06 +2.896343169e+06 +2.895924159e+06 +2.895924159e+06 +3.0846e+00 -4.6281e+00 -1.9773e+00 +4.1217e+00 -4.3434e+00 +2.5712e+00 +4.7046e+00 +1.3571e+00 -2.4090e+00 -4.2951e+00
32 +8.651582429e+05 +8.651582429e+05 +8.647392329e+05 +8.647392329e+05 -2.5585e+00 +1.2262e+00 +1.5778e+00 +1.6198e-01 +7.3514e-01 -4.7339e+00 +3.1424e-01 -1.3288e+00 +1.0584e+00 -3.0164e+00
47 +4.101174468e+05 +4.101174468e+05 +4.096984368e+05 +4.096984368e+05 +5.9614e-01 +2.9459e+00 -4.3171e+00 +1.1228e+00 -4.3073e+00 -4.6295e+00 +1.3390e+00 -2.1620e+00 +5.6459e-01 -4.1038e+00
146 +3.055262596e+05 +3.055262596e+05 +3.051072496e+05 +3.051072496e+05 +4.4524e+00 +4.4117e+00 -4.2849e+00 +1.0555e+00 -2.9912e+00 +7.7002e-01 -6.9987e-01 -2.1149e+00 +1.2772e+00 -3.9554e+00
384 +2.455420769e+05 +2.455420769e+05 +2.451230669e+05 +2.451230669e+05 +4.3179e+00 +4.4618e+00 -4.2228e+00 +1.1200e+00 -2.9299e+00 +5.0201e-01 -8.3900e-01 -1.9968e+00 +9.0767e-01 -3.9428e+00
626 +6.257922079e+04 +6.257922079e+04 +6.216021079e+04 +6.216021079e+04 +2.8855e+00 +4.3123e+00 -4.7053e+00 +7.0699e-01 -2.3541e+00 -1.2336e+00 -1.4798e+00 -7.6154e-01 +9.5459e-01 -3.8062e+00
821 +3.869062215e+04 +3.869062215e+04 +3.827161215e+04 +3.827161215e+04 +2.9102e+00 +4.3031e+00 -4.7013e+00 +7.5909e-01 -2.2805e+00 -1.4386e+00 -1.5283e+00 -5.4291e-01 +9.1330e-01 -3.8036e+00
891 +2.376100534e+04 +2.376100534e+04 +2.334199534e+04 +2.334199534e+04 +2.6597e+00 +5.0000e+00 -4.9342e+00 +2.3389e+00 -6.3993e-01 -1.6767e+00 -1.1897e+00 -4.1953e-01 +9.2659e-01 -3.8827e+00
1069 +1.359352249e+04 +1.359352249e+04 +1.317451249e+04 +1.317451249e+04 +3.0500e+00 +4.9555e+00 -4.8539e+00 +2.5600e+00 -1.1352e+00 -1.7915e+00 -1.2739e+00 +2.6365e-02 +9.6639e-01 -3.8361e+00
1081 +6.993422219e+03 +6.993422219e+03 +6.574412219e+03 +6.574412219e+03 +3.1329e+00 +5.0000e+00 -4.8688e+00 +2.3703e+00 -1.1631e+00 -1.7044e+00 -1.3384e+00 -1.6272e-02 +8.3187e-01 -3.8842e+00
1144 +6.190847362e+03 +6.190847362e+03 +5.771837362e+03 +5.771837362e+03 +3.1533e+00 +4.9978e+00 -4.8695e+00 +2.3691e+00 -1.1401e+00 -1.7011e+00 -1.3498e+00 +1.1245e-02 +8.1612e-01 -3.8912e+00
1361 +3.860494619e+03 +3.860494619e+03 +3.441484619e+03 +3.441484619e+03 +3.2294e+00 +4.8382e+00 -4.9578e+00 +2.2575e+00 -1.3018e+00 -1.5089e+00 -1.3977e+00 +2.7554e-01 +8.5455e-01 -3.9236e+00
10773 +2.510611373e+03 +2.510611373e+03 +2.091601373e+03 +2.091601373e+03 +3.2339e+00 +4.6782e+00 -4.9600e+00 +1.7926e+00 -1.5648e+00 -1.8030e+00 -1.5093e+00 +2.2249e-01 +8.4328e-01 -3.9078e+00
30906 +1.581747151e+03 +1.581747151e+03 +1.162737151e+03 +1.162737151e+03 +3.3790e+00 +4.6013e+00 -4.9308e+00 +7.0631e-01 -1.8401e+00 -1.8347e+00 -1.4907e+00 +2.2628e-01 +8.3292e-01 -3.9053e+00
50907 +9.980067801e+02 +9.980067801e+02 +5.789967801e+02 +5.789967801e+02 +3.3445e+00 +4.6312e+00 -4.6257e+00 -1.2076e-01 -1.7396e+00 -1.8084e+00 -1.5298e+00 +2.3086e-01 +8.4162e-01 -3.9065e+00
83452 +6.258259376e+02 +6.258259376e+02 +2.068159376e+02 +2.068159376e+02 +3.3527e+00 +4.5809e+00 -4.4951e+00 -9.3387e-01 -1.6987e+00 -1.8287e+00 -1.5267e+00 +2.2779e-01 +8.4346e-01 -3.9087e+00
93644 +3.961153086e+02 +3.961153086e+02 -2.289469135e+01 -2.289469135e+01 +3.4012e+00 +4.4805e+00 -4.4986e+00 -1.3297e+00 -1.7229e+00 -1.8520e+00 -1.5164e+00 +2.3454e-01 +8.4170e-01 -3.9081e+00
% function evaluation | noise-free fitness - Fopt (4.076100000000e+02) | best noise-free fitness - Fopt | measured fitness | best measured fitness | x1 | x2...
1 +4.646052373e+07 +4.646052373e+07 +4.646093134e+07 +4.646093134e+07 +4.8811e+00 +4.0418e-02 +4.6589e-01 +7.2198e-02 -1.3782e+00 -2.7961e+00 +1.7449e+00 -6.5915e-01 -3.4669e+00 -3.4361e+00
2 +3.912973947e+07 +3.912973947e+07 +3.913014708e+07 +3.913014708e+07 -4.9909e-01 +3.9357e+00 -3.1986e+00 -4.7631e+00 -3.9225e+00 -5.9484e-01 +2.9793e+00 +3.6074e+00 -2.9452e+00 -2.6631e+00
4 +1.335285298e+07 +1.335285298e+07 +1.335326059e+07 +1.335326059e+07 +1.3695e+00 +2.8691e+00 -2.6288e+00 +1.0055e+00 +3.1814e+00 +1.6260e+00 -3.6195e+00 +2.8165e-01 -3.6521e+00 +1.3676e+00
5 +5.226428705e+06 +5.226428705e+06 +5.226836315e+06 +5.226836315e+06 -1.0334e+00 -3.6505e+00 -1.4992e+00 -3.2512e+00 -3.4915e+00 -3.2659e+00 +8.3080e-01 +4.2312e+00 +3.4947e+00 +1.3208e+00
7 +2.943923558e+06 +2.943923558e+06 +2.944331168e+06 +2.944331168e+06 -4.7783e+00 +3.6673e-01 +2.9596e+00 +4.1138e+00 +1.6797e-01 -1.1713e+00 +1.8754e+00 -2.2799e+00 +4.3273e+00 +1.5005e+00
31 +8.952214048e+05 +8.952214048e+05 +8.956290148e+05 +8.956290148e+05 +5.2902e-01 +1.0499e+00 +2.8178e+00 -2.2296e+00 -4.7043e+00 -2.7215e+00 +3.9814e+00 +3.8733e-01 +3.9845e+00 +2.6417e+00
78 +1.600507750e+05 +1.600507750e+05 +1.604583850e+05 +1.604583850e+05 -4.1200e+00 -1.8747e+00 +1.6510e+00 -1.3095e+00 -4.4473e+00 -2.7839e+00 -4.3002e+00 -1.3968e+00 +3.6488e+00 +2.8711e+00
301 +1.568599368e+05 +1.568599368e+05 +1.572675468e+05 +1.572675468e+05 -4.1193e+00 -1.8669e+00 +1.6322e+00 -1.3094e+00 -4.4473e+00 -2.7931e+00 -4.3035e+00 -1.3960e+00 +3.6579e+00 +2.8830e+00
716 +9.984413146e+04 +9.984413146e+04 +1.002517415e+05 +1.002517415e+05 -3.7403e+00 -2.1949e+00 +1.6450e+00 -8.2505e-01 -4.9378e+00 -1.8764e+00 -4.0385e+00 -2.1401e+00 +3.5931e+00 +3.0032e+00
1029 +5.303157407e+04 +5.303157407e+04 +5.343918407e+04 +5.343918407e+04 -2.2236e+00 -3.5367e+00 +1.4126e+00 -3.7827e+00 -2.0372e+00 -1.5271e+00 -2.0352e+00 -1.9560e+00 +3.3604e+00 +2.9115e+00
1295 +3.827527339e+04 +3.827527339e+04 +3.868288339e+04 +3.868288339e+04 -2.1329e+00 -3.5961e+00 +1.3325e+00 -3.6007e+00 -2.1796e+00 -1.3127e+00 -1.7831e+00 -1.9679e+00 +3.4388e+00 +2.9881e+00
2938 +2.506084113e+04 +2.506084113e+04 +2.546845113e+04 +2.546845113e+04 -2.2577e+00 -3.3329e+00 +1.3623e+00 -3.2235e+00 -2.0989e+00 -5.3237e-01 -2.0085e+00 -2.0293e+00 +3.5672e+00 +2.9957e+00
5165 +1.583478041e+04 +1.583478041e+04 +1.624239041e+04 +1.624239041e+04 -1.8373e+00 -2.9292e+00 +9.1695e-01 -2.8974e+00 -1.4343e+00 +4.9242e-01 -1.9361e+00 -1.9300e+00 +3.5743e+00 +3.0116e+00
6098 +9.985372274e+03 +9.985372274e+03 +1.039298227e+04 +1.039298227e+04 -1.8592e+00 -2.8222e+00 +8.8704e-01 -2.9890e+00 -8.1222e-01 +1.0109e+00 -1.9347e+00 -2.0585e+00 +3.5637e+00 +3.0101e+00
8260 +6.257338498e+03 +6.257338498e+03 +6.664948498e+03 +6.664948498e+03 -1.8016e+00 -3.0595e+00 +3.5728e-01 -2.7970e+00 +1.9146e-01 +1.4628e+00 -1.8516e+00 -1.9870e+00 +3.5597e+00 +3.0124e+00
18781 +3.964967398e+03 +3.964967398e+03 +4.372577398e+03 +4.372577398e+03 -1.7037e+00 -3.0730e+00 +3.9969e-01 -2.2414e+00 +9.9674e-01 +1.7889e+00 -1.9536e+00 -2.0000e+00 +3.5492e+00 +3.0012e+00
28427 +2.503978788e+03 +2.503978788e+03 +2.911588788e+03 +2.911588788e+03 -1.7253e+00 -3.2982e+00 +7.8267e-01 -1.7496e+00 +1.7318e+00 +1.8739e+00 -1.9660e+00 -1.9918e+00 +3.5537e+00 +2.9993e+00
52541 +1.568705827e+03 +1.568705827e+03 +1.976315827e+03 +1.976315827e+03 -1.9443e+00 -3.1687e+00 +9.4325e-01 -8.2320e-01 +2.1885e+00 +1.9275e+00 -1.9355e+00 -1.9998e+00 +3.5542e+00 +2.9964e+00
68259 +9.959316324e+02 +9.959316324e+02 +1.403541632e+03 +1.403541632e+03 -2.1511e+00 -3.0738e+00 +1.0245e+00 -2.7891e-02 +2.4099e+00 +1.7570e+00 -1.9459e+00 -1.9886e+00 +3.5483e+00 +2.9991e+00
95052 +6.306362271e+02 +6.306362271e+02 +1.038246227e+03 +1.038246227e+03 -2.0716e+00 -3.0552e+00 +1.0933e+00 +6.4800e-01 +2.4599e+00 +1.8859e+00 -1.9591e+00 -2.0085e+00 +3.5509e+00 +2.9998e+00
144093 +3.956180842e+02 +3.956180842e+02 +8.032280842e+02 +8.032280842e+02 -2.0523e+00 -2.9543e+00 +1.3527e+00 +1.3867e+00 +2.4617e+00 +1.8837e+00 -1.9661e+00 -1.9897e+00 +3.5475e+00 +2.9982e+00
% function evaluation | noise-free fitness - Fopt (2.872000000000e+01) | best noise-free fitness - Fopt | measured fitness | best measured fitness | x1 | x2...
1 +5.198385178e+07 +5.198385178e+07 +5.198388050e+07 +5.198388050e+07 -1.2207e+00 -1.5377e+00 -1.0552e+00 +9.9487e-01 -2.6631e+00 -1.7021e+00 +2.0116e+00 +2.6921e+00 +3.8295e+00 +3.1835e+00
2 +9.347625424e+06 +9.347625424e+06 +9.347654144e+06 +9.347654144e+06 -5.2466e-01 +3.6181e+00 -5.0692e-01 +1.1449e+00 +2.5707e+00 +2.6924e+00 -4.5332e+00 +4.4604e+00 -4.7145e+00 -3.2642e+00
7 +2.439951754e+06 +2.439951754e+06 +2.439980474e+06 +2.439980474e+06 -3.6639e+00 -4.2491e+00 -3.6800e-01 +2.4942e+00 -7.9401e-01 -3.6847e+00 -3.4915e+00 -2.6019e+00 +4.3592e+00 -3.4044e+00
8 +1.153346574e+06 +1.153346574e+06 +1.153375294e+06 +1.153375294e+06 +3.5670e-01 -2.4246e+00 -2.4954e+00 -4.8325e+00 -3.3558e+00 +2.3210e+00 +2.6781e+00 +4.2637e+00 +3.2927e+00 -3.1532e+00
72 +3.197615224e+05 +3.197615224e+05 +3.197902424e+05 +3.197902424e+05 +2.6334e+00 +3.5579e+00 +3.7225e+00 +3.9584e+00 +2.7734e+00 +2.0576e+00 -3.3956e+00 +1.0582e+00 +2.6025e+00 -3.9154e+00
97 +2.231237750e+05 +2.231237750e+05 +2.231524950e+05 +2.231524950e+05 +2.4284e+00 -3.5422e+00 -2.7642e+00 -4.2818e-01 +1.3922e+00 -3.4952e+00 -2.9776e+00 +3.2299e+00 +1.9468e+00 -3.4589e+00
306 +1.506177788e+05 +1.506177788e+05 +1.506464988e+05 +1.506464988e+05 +4.2816e+00 +3.1948e+00 -1.5283e+00 -3.6436e+00 -2.3111e+00 -1.3937e+00 -8.4847e-01 +3.2530e+00 +2.0259e+00 -3.8976e+00
485 +7.009732737e+04 +7.009732737e+04 +7.012604737e+04 +7.012604737e+04 +2.7352e+00 +5.0000e+00 -2.5782e+00 -4.2182e+00 -1.9454e+00 -3.1795e+00 +1.1444e+00 +2.2662e+00 +1.6159e+00 -3.7247e+00
561 +4.344206590e+04 +4.344206590e+04 +4.347078590e+04 +4.347078590e+04 +2.7804e+00 +4.8772e+00 -2.5179e+00 -4.0137e+00 -1.8383e+00 -3.1080e+00 +1.0857e+00 +2.2650e+00 +1.8902e+00 -3.7733e+00
605 +2.589689827e+04 +2.589689827e+04 +2.592561827e+04 +2.592561827e+04 +2.7927e+00 +5.0000e+00 -3.4379e+00 -5.0000e+00 -4.1541e+00 -1.3539e+00 +4.4575e-01 +2.3133e+00 +2.0211e+00 -3.6343e+00
662 +2.468666320e+04 +2.468666320e+04 +2.471538320e+04 +2.471538320e+04 +2.8004e+00 +5.0000e+00 -3.4405e+00 -4.9913e+00 -4.1568e+00 -1.3398e+00 +4.4942e-01 +2.3069e+00 +2.0231e+00 -3.6416e+00
799 +1.353539772e+04 +1.353539772e+04 +1.356411772e+04 +1.356411772e+04 +2.9480e+00 +4.9506e+00 -3.1804e+00 -4.9813e+00 -4.2389e+00 -1.5446e+00 +2.2408e-01 +2.0922e+00 +2.0412e+00 -3.7019e+00
1063 +9.324178738e+03 +9.324178738e+03 +9.352898738e+03 +9.352898738e+03 +2.8085e+00 +4.8766e+00 -3.3771e+00 -4.9884e+00 -4.1467e+00 -1.4223e+00 +6.0277e-02 +1.9038e+00 +1.9168e+00 -3.6759e+00
3174 +6.250809560e+03 +6.250809560e+03 +6.279529560e+03 +6.279529560e+03 +3.0668e+00 +4.9100e+00 -3.2397e+00 -4.5527e+00 -4.0479e+00 -1.7534e+00 -3.3814e-01 +1.8966e+00 +1.9770e+00 -3.6775e+00
14227 +3.941618496e+03 +3.941618496e+03 +3.970338496e+03 +3.970338496e+03 +3.1199e+00 +5.0000e+00 -3.1473e+00 -4.1262e+00 -3.1537e+00 -2.0615e+00 -2.0136e-01 +1.7809e+00 +2.0320e+00 -3.6738e+00
22052 +2.503496493e+03 +2.503496493e+03 +2.532216493e+03 +2.532216493e+03 +3.2797e+00 +4.7873e+00 -3.2591e+00 -3.7254e+00 -2.4938e+00 -2.1108e+00 -2.0799e-01 +1.8207e+00 +2.0025e+00 -3.6742e+00
37953 +1.583072268e+03 +1.583072268e+03 +1.611792268e+03 +1.611792268e+03 +3.1007e+00 +4.4600e+00 -3.2714e+00 -2.8409e+00 -1.9870e+00 -2.2131e+00 -1.9271e-01 +1.8000e+00 +1.9988e+00 -3.6771e+00
59668 +9.968453948e+02 +9.968453948e+02 +1.025565395e+03 +1.025565395e+03 +3.1175e+00 +4.3731e+00 -3.2952e+00 -2.0047e+00 -1.9151e+00 -2.1335e+00 -2.0350e-01 +1.8148e+00 +2.0004e+00 -3.6774e+00
107317 +6.296792701e+02 +6.296792701e+02 +6.583992701e+02 +6.583992701e+02 +3.1377e+00 +4.3336e+00 -3.1814e+00 -1.0578e+00 -1.7733e+00 -2.1476e+00 -2.0570e-01 +1.8080e+00 +1.9997e+00 -3.6770e+00
138561 +3.979417636e+02 +3.979417636e+02 +4.266617636e+02 +4.266617636e+02 +3.1097e+00 +4.1574e+00 -3.2304e+00 -3.6084e-01 -1.7806e+00 -2.1582e+00 -2.0580e-01 +1.8032e+00 +1.9968e+00 -3.6760e+00
