% function evaluation | noise-free fitness - Fopt (1.000000000000e+03) | best noise-free fitness - Fopt | measured fitness | best measured fitness | x1 | x2...
1 +8.370376753e+02 +8.370376753e+02 +1.837037675e+03 +1.837037675e+03 -2.7657e+00 +4.6383e-01 -1.2946e+00 -1.5285e+00 +4.1395e+00
2 +4.190238568e+02 +4.190238568e+02 +1.419023857e+03 +1.419023857e+03 +2.8525e+00 +2.9374e+00 -4.2375e+00 +4.2436e+00 -1.8557e+00
10 +2.401580212e+02 +2.401580212e+02 +1.240158021e+03 +1.240158021e+03 +4.0733e+00 +3.6800e+00 +4.1741e+00 +3.4911e+00 -1.2702e+00
16 +9.412516664e+01 +9.412516664e+01 +1.094125167e+03 +1.094125167e+03 +1.5376e+00 +2.3479e+00 +1.2070e+00 +4.3600e+00 +3.5830e+00
610 +3.230713367e+01 +3.230713367e+01 +1.032307134e+03 +1.032307134e+03 -5.0000e+00 +4.7893e+00 +3.8707e+00 +2.5638e+00 +3.0558e+00
2469 +2.244772156e+01 +2.244772156e+01 +1.022447722e+03 +1.022447722e+03 -2.0442e+00 +3.5837e+00 +4.3816e+00 +3.7806e+00 +2.2156e+00
10404 +1.463130326e+01 +1.463130326e+01 +1.014631303e+03 +1.014631303e+03 -2.0858e+00 +3.2229e+00 +3.1259e+00 +3.6729e+00 +2.3679e+00
% function evaluation | noise-free fitness - Fopt (7.003000000000e+01) | best noise-free fitness - Fopt | measured fitness | best measured fitness | x1 | x2...
1 +1.929125123e+02 +1.929125123e+02 +2.629425123e+02 +2.629425123e+02 -2.2786e+00 -2.6333e+00 +4.1138e-01 +2.0550e+00 -1.7210e+00
27 +1.408973501e+02 +1.408973501e+02 +2.109273501e+02 +2.109273501e+02 -7.8332e-01 -1.6966e+00 -1.3561e+00 -2.7731e+00 +2.9757e+00
46 +7.941079804e+01 +7.941079804e+01 +1.494407980e+02 +1.494407980e+02 -3.5600e+00 -2.1197e+00 -2.5656e+00 +5.5662e-01 +2.9837e-01
492 +4.929204058e+01 +4.929204058e+01 +1.193220406e+02 +1.193220406e+02 -3.0387e+00 -2.3416e+00 -2.2138e+00 -7.3433e-01 -3.4226e+00
1770 +3.553416065e+01 +3.553416065e+01 +1.055641607e+02 +1.055641607e+02 -1.2658e+00 -3.9752e+00 -3.3866e+00 -2.5426e+00 -2.6124e+00
2411 +2.208665209e+01 +2.208665209e+01 +9.211665209e+01 +9.211665209e+01 -1.4106e+00 -3.5607e+00 -2.0666e+00 -1.6833e+00 -1.9161e+00
8053 +1.541799552e+01 +1.541799552e+01 +8.544799552e+01 +8.544799552e+01 -9.1931e-01 -2.7748e+00 -2.9804e+00 -2.2923e+00 +1.1525e-01
15596 +8.775711931e+00 +8.775711931e+00 +7.880571193e+01 +7.880571193e+01 -8.2423e-01 -1.9124e+00 -4.2392e+00 -1.7829e+00 +1.6741e+00
% function evaluation | noise-free fitness - Fopt (-4.822000000000e+01) | best noise-free fitness - Fopt | measured fitness | best measured fitness | x1 | x2...
1 +2.731599407e+02 +2.731599407e+02 +2.249399407e+02 +2.249399407e+02 -2.5481e+00 +6.5477e-01 +1.6862e+00 +4.8160e+00 -1.7415e+00
9 +2.336507114e+02 +2.336507114e+02 +1.854307114e+02 +1.854307114e+02 +3.2168e+00 +1.4232e+00 -2.4409e+00 -4.7479e+00 -2.6157e+00
15 +1.244266111e+02 +1.244266111e+02 +7.620661109e+01 +7.620661109e+01 +2.7967e+00 -2.0106e+00 -3.9465e+00 +6.2901e-01 -3.2826e+00
50 +6.632953693e+01 +6.632953693e+01 +1.810953693e+01 +1.810953693e+01 +9.5738e-01 -1.6858e+00 -3.7045e+00 -1.4602e+00 -1.8638e+00
378 +5.734194825e+01 +5.734194825e+01 +9.121948245e+00 +9.121948245e+00 -4.2088e+00 -1.7309e+00 +2.9945e-01 +6.7502e-02 -4.7952e+00
1301 +2.454898512e+01 +2.454898512e+01 -2.367101488e+01 -2.367101488e+01 -2.7160e+00 -2.8819e-01 -1.4573e+00 +5.4654e-01 -5.0000e+00
4227 +9.862610448e+00 +9.862610448e+00 -3.835738955e+01 -3.835738955e+01 -2.0075e+00 -4.0667e-01 -1.9804e+00 +3.6809e-01 -5.0000e+00
% function evaluation | noise-free fitness - Fopt (2.547000000000e+01) | best noise-free fitness - Fopt | measured fitness | best measured fitness | x1 | x2...
1 +1.884461965e+02 +1.884461965e+02 +2.139161965e+02 +2.139161965e+02 -1.1225e+00 +2.3384e+00 -1.3393e+00 -4.7408e+00 +3.0280e-01
4 +1.455958847e+02 +1.455958847e+02 +1.710658847e+02 +1.710658847e+02 -2.3150e+00 +8.6259e-01 -2.8874e+00 -3.6964e+00 -4.8553e+00
82 +8.381447618e+01 +8.381447618e+01 +1.092844762e+02 +1.092844762e+02 -1.9667e-01 -1.4682e+00 -9.6624e-01 -1.4864e+00 +7.6624e-01
662 +4.414664296e+01 +4.414664296e+01 +6.961664296e+01 +6.961664296e+01 -3.2246e+00 -1.5192e+00 -4.4632e-01 -1.8108e+00 -7.6509e-01
1078 +3.304933153e+01 +3.304933153e+01 +5.851933153e+01 +5.851933153e+01 -3.8078e+00 -2.3799e+00 -6.8266e-01 -1.1520e+00 -1.4498e+00
2541 +1.675717598e+01 +1.675717598e+01 +4.222717598e+01 +4.222717598e+01 -1.8631e+00 -1.1610e+00 -2.5897e+00 -2.8370e+00 -1.5831e+00
5135 +1.564585684e+01 +1.564585684e+01 +4.111585684e+01 +4.111585684e+01 -4.3829e+00 -1.5206e+00 -1.0135e+00 -1.7369e+00 -9.0817e-01
25226 +9.010750888e+00 +9.010750888e+00 +3.448075089e+01 +3.448075089e+01 -3.7151e+00 -2.2592e+00 -1.8373e+00 -2.5181e+00 -2.9051e+00
% function evaluation | noise-free fitness - Fopt (-1.008100000000e+02) | best noise-free fitness - Fopt | measured fitness | best measured fitness | x1 | x2...
1 +3.971596511e+02 +3.971596511e+02 +2.963496511e+02 +2.963496511e+02 +4.1427e+00 +2.8186e+00 +6.4782e-01 -3.9210e+00 +1.7571e+00
7 +1.088902677e+02 +1.088902677e+02 +8.080267713e+00 +8.080267713e+00 -3.0974e+00 -1.6694e+00 +2.6000e+00 +1.5316e+00 +3.5919e+00
18 +5.038851191e+01 +5.038851191e+01 -5.042148809e+01 -5.042148809e+01 +1.4597e+00 -9.1115e-01 +1.2520e+00 +9.9357e-01 +9.9446e-01
509 +3.494750788e+01 +3.494750788e+01 -6.586249212e+01 -6.586249212e+01 +1.9412e+00 +1.9310e+00 -3.4125e-01 +1.5654e+00 +7.2872e-02
2036 +2.414992629e+01 +2.414992629e+01 -7.666007371e+01 -7.666007371e+01 +5.3889e-01 +1.0344e-01 +2.5798e+00 +6.6384e-01 +4.4346e+00
3909 +1.120965189e+01 +1.120965189e+01 -8.960034811e+01 -8.960034811e+01 +1.7505e+00 +5.6199e-01 +9.2984e-01 +9.8330e-01 +2.9467e+00
% function evaluation | noise-free fitness - Fopt (4.017300000000e+02) | best noise-free fitness - Fopt | measured fitness | best measured fitness | x1 | x2...
1 +4.287329770e+02 +4.287329770e+02 +8.304629770e+02 +8.304629770e+02 +1.5825e+00 +2.0851e+00 +5.9218e-01 +3.4909e-01 -5.8446e-01
5 +3.125453182e+02 +3.125453182e+02 +7.142753182e+02 +7.142753182e+02 -4.4802e+00 -1.7337e+00 +2.4167e+00 +3.1672e+00 -4.5701e+00
6 +7.690046630e+01 +7.690046630e+01 +4.786304663e+02 +4.786304663e+02 +2.3472e+00 -4.9586e-02 +2.0288e+00 -4.4776e-01 +4.5289e+00
507 +5.945578436e+01 +5.945578436e+01 +4.611857844e+02 +4.611857844e+02 +1.7045e+00 -1.0781e+00 +3.0451e+00 +1.4468e+00 +3.5120e+00
1144 +3.411579173e+01 +3.411579173e+01 +4.358457917e+02 +4.358457917e+02 +2.3621e+00 -2.9857e+00 +1.0557e+00 -1.2187e+00 +5.0000e+00
1917 +1.573465692e+01 +1.573465692e+01 +4.174646569e+02 +4.174646569e+02 +2.3935e+00 -2.2314e+00 +1.0649e+00 +6.3205e-01 +2.3884e+00
% function evaluation | noise-free fitness - Fopt (-9.575000000000e+01) | best noise-free fitness - Fopt | measured fitness | best measured fitness | x1 | x2...
1 +1.060093962e+02 +1.060093962e+02 +1.025939618e+01 +1.025939618e+01 -4.3271e-01 +4.0151e+00 -4.1768e+00 +3.0950e+00 +2.9999e+00
63 +6.787158958e+01 +6.787158958e+01 -2.787841042e+01 -2.787841042e+01 +3.6435e-01 +1.9814e+00 -3.1152e+00 +9.0558e-01 +2.4840e+00
396 +6.139990318e+01 +6.139990318e+01 -3.435009682e+01 -3.435009682e+01 +3.1175e+00 +8.1774e-01 -1.6450e+00 +4.2263e+00 +1.5375e+00
914 +3.178533472e+01 +3.178533472e+01 -6.396466528e+01 -6.396466528e+01 +2.8860e+00 +1.4263e+00 -2.1488e+00 +2.8797e+00 +3.3318e+00
3035 +2.268398345e+01 +2.268398345e+01 -7.306601655e+01 -7.306601655e+01 +3.5918e+00 +9.9860e-01 -1.9034e+00 +4.4723e+00 +4.0936e-01
6383 +1.475798904e+01 +1.475798904e+01 -8.099201096e+01 -8.099201096e+01 +2.1522e+00 +1.5441e+00 -8.6724e-01 +5.0000e+00 +1.0690e+00
% function evaluation | noise-free fitness - Fopt (-9.136000000000e+01) | best noise-free fitness - Fopt | measured fitness | best measured fitness | x1 | x2...
1 +3.060285874e+02 +3.060285874e+02 +2.146685874e+02 +2.146685874e+02 +1.3934e+00 +1.6456e+00 +1.2247e+00 +2.4014e+00 +3.0310e+00
2 +1.667599172e+02 +1.667599172e+02 +7.539991721e+01 +7.539991721e+01 -7.2159e-01 -2.7021e-01 -2.2335e+00 +3.8648e-01 -6.5357e-01
6 +1.075622385e+02 +1.075622385e+02 +1.620223848e+01 +1.620223848e+01 -2.5595e+00 +1.4882e+00 +2.3863e+00 +3.5740e+00 -3.8582e+00
24 +8.782700676e+01 +8.782700676e+01 -3.532993243e+00 -3.532993243e+00 -4.2471e+00 +3.0407e+00 -1.3379e+00 +1.0700e+00 -1.5636e+00
238 +5.605335622e+01 +5.605335622e+01 -3.530664378e+01 -3.530664378e+01 -2.1024e+00 +1.9778e+00 -5.2561e-01 +3.3936e+00 -2.4003e+00
593 +2.786408228e+01 +2.786408228e+01 -6.349591772e+01 -6.349591772e+01 -2.9557e+00 +4.7402e+00 +1.0526e+00 -1.1594e+00 -2.2281e+00
3167 +2.322398356e+01 +2.322398356e+01 -6.813601644e+01 -6.813601644e+01 -1.0566e+00 +3.1002e+00 +4.0610e-01 +1.1661e-01 -1.1576e+00
5347 +8.994566742e+00 +8.994566742e+00 -8.236543326e+01 -8.236543326e+01 -4.2339e+00 +2.8979e+00 +3.7012e-01 +1.2053e+00 -1.5730e+00
% function evaluation | noise-free fitness - Fopt (2.315300000000e+02) | best noise-free fitness - Fopt | measured fitness | best measured fitness | x1 | x2...
1 +1.747158999e+02 +1.747158999e+02 +4.062458999e+02 +4.062458999e+02 -4.5372e+00 +7.9561e-01 -7.0038e-01 +9.7476e-01 +4.7388e+00
15 +1.490148923e+02 +1.490148923e+02 +3.805448923e+02 +3.805448923e+02 -1.4338e+00 -2.8834e+00 +4.9071e-01 -1.7577e+00 +3.4250e+00
22 +6.887786464e+01 +6.887786464e+01 +3.004078646e+02 +3.004078646e+02 -2.2904e+00 -5.5688e-02 +2.0728e+00 -4.1151e+00 +2.6224e+00
202 +4.051686117e+01 +4.051686117e+01 +2.720468612e+02 +2.720468612e+02 -3.0400e+00 +1.7403e+00 +2.1719e+00 -1.0791e+00 +3.5829e+00
801 +2.025531377e+01 +2.025531377e+01 +2.517853138e+02 +2.517853138e+02 -4.5742e+00 -1.0415e+00 +3.9751e-01 -3.6492e+00 +1.9656e+00
2290 +7.109631360e+00 +7.109631360e+00 +2.386396314e+02 +2.386396314e+02 -2.3967e+00 -2.3946e-01 +5.6560e-01 -1.6576e+00 +2.0526e+00
12186 +5.706133139e+00 +5.706133139e+00 +2.372361331e+02 +2.372361331e+02 -3.2741e+00 -7.8834e-01 -5.1266e-01 -2.0578e+00 +2.5845e+00
% function evaluation | noise-free fitness - Fopt (-1.397700000000e+02) | best noise-free fitness - Fopt | measured fitness | best measured fitness | x1 | x2...
1 +9.556759124e+02 +9.556759124e+02 +8.159059124e+02 +8.159059124e+02 +9.7353e-01 -4.7423e+00 -3.9929e+00 -2.1070e+00 -1.9281e+00
4 +4.034362205e+02 +4.034362205e+02 +2.636662205e+02 +2.636662205e+02 -1.6785e+00 -4.4205e-01 +4.1359e+00 +4.6901e+00 -3.8486e+00
5 +3.366508375e+02 +3.366508375e+02 +1.968808375e+02 +1.968808375e+02 -3.6149e-01 -1.0187e+00 +1.9895e+00 -1.5629e+00 +1.4814e+00
11 +1.248089366e+02 +1.248089366e+02 -1.496106345e+01 -1.496106345e+01 -3.7611e+00 -4.0981e-01 +1.8073e+00 +2.8191e+00 -1.0418e+00
16 +8.865586581e+01 +8.865586581e+01 -5.111413419e+01 -5.111413419e+01 -3.3765e+00 +4.7079e+00 -4.1470e+00 +1.3612e+00 +1.1490e+00
225 +5.729644232e+01 +5.729644232e+01 -8.247355768e+01 -8.247355768e+01 +6.5606e-02 +2.8606e+00 -4.1497e+00 +1.7464e+00 -2.3040e+00
1184 +3.592157022e+01 +3.592157022e+01 -1.038484298e+02 -1.038484298e+02 -4.1326e+00 +2.1619e+00 -9.7920e-01 +1.2526e+00 -2.7168e+00
2349 +2.259401481e+01 +2.259401481e+01 -1.171759852e+02 -1.171759852e+02 -2.3941e+00 +1.2933e+00 -1.3844e+00 +3.5718e+00 -2.2160e+00
3156 +1.336377567e+01 +1.336377567e+01 -1.264062243e+02 -1.264062243e+02 -2.8452e+00 +3.2879e+00 -1.7346e+00 +1.9575e+00 -2.0151e+00
10350 +9.067552810e+00 +9.067552810e+00 -1.307024472e+02 -1.307024472e+02 -2.3346e+00 +3.6668e+00 -2.3293e+00 +2.0106e+00 -1.8875e+00
% function evaluation | noise-free fitness - Fopt (9.830000000000e+00) | best noise-free fitness - Fopt | measured fitness | best measured fitness | x1 | x2...
1 +3.309100233e+02 +3.309100233e+02 +3.407400233e+02 +3.407400233e+02 -3.9874e+00 +3.2443e+00 -3.4354e+00 -1.7370e+00 -3.9230e-01
3 +1.082707536e+02 +1.082707536e+02 +1.181007536e+02 +1.181007536e+02 -3.2016e+00 +1.6804e+00 -1.2120e-01 -3.0354e+00 +1.7144e+00
27 +7.560277780e+01 +7.560277780e+01 +8.543277780e+01 +8.543277780e+01 -1.9451e+00 -2.7823e-01 +2.3748e+00 -5.8658e-02 +6.4830e-01
287 +4.055917814e+01 +4.055917814e+01 +5.038917814e+01 +5.038917814e+01 -3.6868e-01 +2.3438e+00 +4.6573e+00 -3.8241e+00 +7.1776e-01
635 +3.259487152e+01 +3.259487152e+01 +4.242487152e+01 +4.242487152e+01 -8.0991e-01 +9.6754e-01 +3.3474e+00 +1.6471e-01 +1.3358e+00
693 +2.159564982e+01 +2.159564982e+01 +3.142564982e+01 +3.142564982e+01 +5.1487e-01 +1.4669e+00 +2.1294e+00 -2.1518e+00 +2.2327e-01
9257 +9.682268907e+00 +9.682268907e+00 +1.951226891e+01 +1.951226891e+01 -6.0151e-01 +2.2412e+00 +2.6737e+00 -2.4805e+00 +1.7672e+00
21337 +5.427294831e+00 +5.427294831e+00 +1.525729483e+01 +1.525729483e+01 -1.2058e+00 +1.7230e+00 +2.6049e+00 -3.1118e+00 +1.1966e+00
% function evaluation | noise-free fitness - Fopt (6.721000000000e+01) | best noise-free fitness - Fopt | measured fitness | best measured fitness | x1 | x2...
1 +2.158616009e+03 +2.158616009e+03 +2.225826009e+03 +2.225826009e+03 -2.3397e+00 -4.2373e+00 +3.0650e+00 +3.4407e+00 +2.7672e+00
2 +5.711018791e+02 +5.711018791e+02 +6.383118791e+02 +6.383118791e+02 -3.7305e+00 -1.4428e+00 +1.9395e+00 +1.8205e+00 -3.7246e+00
4 +2.207377689e+02 +2.207377689e+02 +2.879477689e+02 +2.879477689e+02 -1.3902e+00 -1.6116e+00 +3.3579e+00 -4.8027e-01 -2.4311e+00
7 +8.263906324e+01 +8.263906324e+01 +1.498490632e+02 +1.498490632e+02 +1.5436e+00 -1.9982e+00 -8.4933e-01 -2.8829e+00 -7.6549e-01
132 +5.753717710e+01 +5.753717710e+01 +1.247471771e+02 +1.247471771e+02 +4.0246e+00 -3.1066e+00 +1.8473e+00 -1.6358e+00 +1.3401e+00
680 +3.710411012e+01 +3.710411012e+01 +1.043141101e+02 +1.043141101e+02 +2.8963e+00 -2.0225e+00 +1.1995e+00 -3.9491e+00 +6.1766e-01
4279 +2.436467561e+01 +2.436467561e+01 +9.157467561e+01 +9.157467561e+01 +2.0485e+00 -1.7549e+00 +9.6580e-01 -3.7134e+00 +9.5480e-01
4888 +1.504396194e+01 +1.504396194e+01 +8.225396194e+01 +8.225396194e+01 +3.9736e+00 -2.9805e+00 -3.6815e-01 -1.7853e+00 +1.9543e+00
% function evaluation | noise-free fitness - Fopt (-5.296000000000e+01) | best noise-free fitness - Fopt | measured fitness | best measured fitness | x1 | x2...
1 +8.311154003e+02 +8.311154003e+02 +7.781554003e+02 +7.781554003e+02 +3.8249e+00 -3.8387e+00 -4.7585e+00 -1.0435e-01 -3.5314e+00
2 +4.096900162e+02 +4.096900162e+02 +3.567300162e+02 +3.567300162e+02 +4.8165e+00 +4.6101e+00 +2.2737e+00 -4.9331e+00 -3.8928e-01
3 +2.962571470e+02 +2.962571470e+02 +2.432971470e+02 +2.432971470e+02 +3.6518e+00 +8.8459e-01 -1.3069e+00 -3.5466e+00 -4.8096e+00
4 +1.641483312e+02 +1.641483312e+02 +1.111883312e+02 +1.111883312e+02 -5.5472e-01 -4.1804e+00 +3.4637e+00 -4.1868e+00 -2.2000e+00
7 +1.262906957e+02 +1.262906957e+02 +7.333069571e+01 +7.333069571e+01 +4.0198e+00 -4.5802e+00 +1.7024e+00 +1.8281e+00 -1.3368e+00
9 +8.293384652e+01 +8.293384652e+01 +2.997384652e+01 +2.997384652e+01 +2.2885e+00 +1.4730e+00 +1.3581e+00 +4.4240e+00 +3.1915e+00
311 +6.174284931e+01 +6.174284931e+01 +8.782849311e+00 +8.782849311e+00 +6.3464e-01 +1.4426e+00 +1.1903e+00 -8.7099e-01 +1.0817e+00
1392 +1.664444096e+01 +1.664444096e+01 -3.631555904e+01 -3.631555904e+01 +3.0264e+00 -1.6407e+00 +2.6696e+00 +1.9152e-01 +1.4335e+00
5348 +1.437200624e+01 +1.437200624e+01 -3.858799376e+01 -3.858799376e+01 +2.8149e+00 -2.1423e-01 +3.7389e+00 +3.6024e+00 +2.9945e+00
% function evaluation | noise-free fitness - Fopt (8.806000000000e+01) | best noise-free fitness - Fopt | measured fitness | best measured fitness | x1 | x2...
1 +6.166097343e+02 +6.166097343e+02 +7.046697343e+02 +7.046697343e+02 +1.5047e+00 +2.9077e+00 -1.0172e+00 -3.2295e+00 +3.9911e+00
5 +2.875766074e+02 +2.875766074e+02 +3.756366074e+02 +3.756366074e+02 +3.9216e+00 +3.9757e+00 -2.0459e+00 +8.0679e-01 -2.7644e+00
8 +1.733908000e+02 +1.733908000e+02 +2.614508000e+02 +2.614508000e+02 -2.4915e+00 +9.5353e-01 -4.7394e+00 +1.0721e+00 -3.4288e+00
23 +1.309614729e+02 +1.309614729e+02 +2.190214729e+02 +2.190214729e+02 -8.6751e-02 -2.9104e+00 -6.7563e-01 -1.3360e+00 -2.3618e+00
45 +8.292194486e+01 +8.292194486e+01 +1.709819449e+02 +1.709819449e+02 -3.5680e-01 -2.1263e+00 -3.2089e+00 -3.9756e+00 -1.2872e+00
707 +4.822631752e+01 +4.822631752e+01 +1.362863175e+02 +1.362863175e+02 -1.9336e+00 -3.7113e+00 +1.6898e+00 -3.4798e+00 +5.5726e-01
1427 +3.258704236e+01 +3.258704236e+01 +1.206470424e+02 +1.206470424e+02 -8.9875e-01 -9.2879e-01 -2.3261e+00 -1.1259e+00 -5.0330e-01
3599 +2.366700560e+01 +2.366700560e+01 +1.117270056e+02 +1.117270056e+02 -2.9583e-01 -1.2379e+00 -1.0564e+00 -3.8259e+00 -2.2974e+00
9397 +1.018978714e+01 +1.018978714e+01 +9.824978714e+01 +9.824978714e+01 -2.4839e+00 -3.4060e+00 -8.7067e-01 -2.7460e+00 -1.0002e+00
% function evaluation | noise-free fitness - Fopt (7.853000000000e+01) | best noise-free fitness - Fopt | measured fitness | best measured fitness | x1 | x2...
1 +2.639927916e+02 +2.639927916e+02 +3.425227916e+02 +3.425227916e+02 +3.7204e+00 -4.8229e+00 -9.4253e-01 -2.4795e+00 +2.5628e+00
3 +2.237618575e+02 +2.237618575e+02 +3.022918575e+02 +3.022918575e+02 -1.5880e-01 -1.2868e+00 -1.5718e+00 -1.0323e+00 -1.3339e+00
13 +1.397676330e+02 +1.397676330e+02 +2.182976330e+02 +2.182976330e+02 -1.2654e+00 +4.9840e+00 +2.2845e+00 +3.2969e+00 +4.5451e+00
25 +6.550593864e+01 +6.550593864e+01 +1.440359386e+02 +1.440359386e+02 +1.5798e+00 +6.6973e-01 -1.3280e+00 -4.8201e-01 +1.9604e+00
63 +5.764966030e+01 +5.764966030e+01 +1.361796603e+02 +1.361796603e+02 +1.1613e+00 -5.3202e-01 +7.0331e-01 +3.8623e+00 +2.5401e+00
284 +3.535377060e+01 +3.535377060e+01 +1.138837706e+02 +1.138837706e+02 -6.2611e-01 +4.0098e+00 +6.9672e-01 +3.0011e+00 +3.0600e+00
2984 +2.400841107e+01 +2.400841107e+01 +1.025384111e+02 +1.025384111e+02 +1.2364e+00 +1.1429e+00 +1.6413e+00 +3.6700e+00 +4.0144e+00
7810 +1.565673323e+01 +1.565673323e+01 +9.418673323e+01 +9.418673323e+01 +7.9223e-01 +1.9087e+00 +1.1057e+00 +2.9012e+00 +2.8496e+00
