% function evaluation | noise-free fitness - Fopt (-1.694000000000e+01) | best noise-free fitness - Fopt | measured fitness | best measured fitness | x1 | x2...
1 +8.396378405e+00 +8.396378405e+00 -8.543621595e+00 -8.543621595e+00 +3.6288e+00 +4.3110e+00
3 +3.754461155e+00 +3.754461155e+00 -1.318553885e+01 -1.318553885e+01 +4.1462e+00 -5.9143e-01
86 +1.232782172e+00 +1.232782172e+00 -1.570721783e+01 -1.570721783e+01 +4.0136e+00 +1.9205e+00
100 +6.873364190e-01 +6.873364190e-01 -1.625266358e+01 -1.625266358e+01 +3.5721e+00 +2.3949e+00
463 +6.238060986e-01 +6.238060986e-01 -1.631619390e+01 -1.631619390e+01 +3.8018e+00 +2.6329e+00
471 +1.568896469e-01 +1.568896469e-01 -1.678311035e+01 -1.678311035e+01 +3.6703e+00 +2.5083e+00
652 +5.869580283e-02 +5.869580283e-02 -1.688130420e+01 -1.688130420e+01 +3.6441e+00 +2.5210e+00
1090 +3.361721050e-02 +3.361721050e-02 -1.690638279e+01 -1.690638279e+01 +3.6659e+00 +2.5207e+00
1205 +1.719461319e-02 +1.719461319e-02 -1.692280539e+01 -1.692280539e+01 +3.6570e+00 +2.5409e+00
1478 +7.547695786e-03 +7.547695786e-03 -1.693245230e+01 -1.693245230e+01 +3.6584e+00 +2.5498e+00
2030 +6.041246621e-03 +6.041246621e-03 -1.693395875e+01 -1.693395875e+01 +3.6552e+00 +2.5515e+00
2354 +3.390372082e-03 +3.390372082e-03 -1.693660963e+01 -1.693660963e+01 +3.6562e+00 +2.5470e+00
2355 +2.066757944e-03 +2.066757944e-03 -1.693793324e+01 -1.693793324e+01 +3.6558e+00 +2.5488e+00
2600 +1.010365222e-03 +1.010365222e-03 -1.693898963e+01 -1.693898963e+01 +3.6559e+00 +2.5488e+00
2777 +9.980169212e-04 +9.980169212e-04 -1.693900198e+01 -1.693900198e+01 +3.6559e+00 +2.5489e+00
4031 +4.275431991e-04 +4.275431991e-04 -1.693957246e+01 -1.693957246e+01 +3.6560e+00 +2.5494e+00
4265 +2.505698823e-04 +2.505698823e-04 -1.693974943e+01 -1.693974943e+01 +3.6561e+00 +2.5494e+00
4445 +1.533039036e-04 +1.533039036e-04 -1.693984670e+01 -1.693984670e+01 +3.6560e+00 +2.5495e+00
4673 +5.990200565e-05 +5.990200565e-05 -1.693994010e+01 -1.693994010e+01 +3.6560e+00 +2.5496e+00
5057 +3.226886530e-05 +3.226886530e-05 -1.693996773e+01 -1.693996773e+01 +3.6560e+00 +2.5496e+00
19480 +2.416840082e-05 +2.416840082e-05 -1.693997583e+01 -1.693997583e+01 +3.6560e+00 +2.5496e+00
19639 +1.071330530e-05 +1.071330530e-05 -1.693998929e+01 -1.693998929e+01 +3.6560e+00 +2.5496e+00
19652 +6.214663024e-06 +6.214663024e-06 -1.693999379e+01 -1.693999379e+01 +3.6560e+00 +2.5496e+00
19699 +3.309946205e-06 +3.309946205e-06 -1.693999669e+01 -1.693999669e+01 +3.6560e+00 +2.5496e+00
19970 +2.385187905e-06 +2.385187905e-06 -1.693999761e+01 -1.693999761e+01 +3.6560e+00 +2.5496e+00
19992 +7.886843854e-07 +7.886843854e-07 -1.693999921e+01 -1.693999921e+01 +3.6560e+00 +2.5496e+00
21161 +5.547667321e-07 +5.547667321e-07 -1.693999945e+01 -1.693999945e+01 +3.6560e+00 +2.5496e+00
21931 +3.377088156e-07 +3.377088156e-07 -1.693999966e+01 -1.693999966e+01 +3.6560e+00 +2.5496e+00
26958 +2.316788397e-07 +2.316788397e-07 -1.693999977e+01 -1.693999977e+01 +3.6560e+00 +2.5496e+00
34500 +1.178851861e-07 +1.178851861e-07 -1.693999988e+01 -1.693999988e+01 +3.6560e+00 +2.5496e+00
% function evaluation | noise-free fitness - Fopt (1.881000000000e+01) | best noise-free fitness - Fopt | measured fitness | best measured fitness | x1 | x2...
1 +1.691446714e+01 +1.691446714e+01 +3.572446714e+01 +3.572446714e+01 -1.7744e+00 +4.7081e+00
6 +7.000703629e+00 +7.000703629e+00 +2.581070363e+01 +2.581070363e+01 -8.8365e-01 +3.3386e+00
10 +3.999000565e+00 +3.999000565e+00 +2.280900057e+01 +2.280900057e+01 -1.9335e+00 +2.6396e+00
13 +3.017993747e+00 +3.017993747e+00 +2.182799375e+01 +2.182799375e+01 +7.6463e-01 +2.1812e+00
23 +1.668320048e+00 +1.668320048e+00 +2.047832005e+01 +2.047832005e+01 -5.8620e-01 +1.7435e+00
217 +2.467174544e-01 +2.467174544e-01 +1.905671745e+01 +1.905671745e+01 -3.9702e-01 +1.8315e+00
592 +8.225716203e-02 +8.225716203e-02 +1.889225716e+01 +1.889225716e+01 -2.3432e-01 +1.7730e+00
747 +3.289724069e-02 +3.289724069e-02 +1.884289724e+01 +1.884289724e+01 -1.9591e-01 +1.7708e+00
1005 +7.607320426e-03 +7.607320426e-03 +1.881760732e+01 +1.881760732e+01 -1.9746e-01 +1.7823e+00
1511 +5.518637886e-03 +5.518637886e-03 +1.881551864e+01 +1.881551864e+01 -1.8708e-01 +1.7804e+00
1766 +3.885703609e-03 +3.885703609e-03 +1.881388570e+01 +1.881388570e+01 -1.8737e-01 +1.7804e+00
2120 +2.165185965e-03 +2.165185965e-03 +1.881216519e+01 +1.881216519e+01 -1.9072e-01 +1.7804e+00
2463 +1.316933017e-03 +1.316933017e-03 +1.881131693e+01 +1.881131693e+01 -1.9074e-01 +1.7804e+00
2520 +9.872605426e-04 +9.872605426e-04 +1.881098726e+01 +1.881098726e+01 -1.9080e-01 +1.7805e+00
3786 +3.073048988e-04 +3.073048988e-04 +1.881030730e+01 +1.881030730e+01 -1.9094e-01 +1.7807e+00
4347 +2.294915119e-04 +2.294915119e-04 +1.881022949e+01 +1.881022949e+01 -1.9111e-01 +1.7807e+00
4491 +2.884270905e-05 +2.884270905e-05 +1.881002884e+01 +1.881002884e+01 -1.9122e-01 +1.7808e+00
13465 +2.120373728e-05 +2.120373728e-05 +1.881002120e+01 +1.881002120e+01 -1.9120e-01 +1.7808e+00
13626 +4.426610971e-06 +4.426610971e-06 +1.881000443e+01 +1.881000443e+01 -1.9120e-01 +1.7808e+00
13789 +2.304051421e-06 +2.304051421e-06 +1.881000230e+01 +1.881000230e+01 -1.9120e-01 +1.7808e+00
13931 +7.574663456e-07 +7.574663456e-07 +1.881000076e+01 +1.881000076e+01 -1.9120e-01 +1.7808e+00
14368 +6.135420385e-07 +6.135420385e-07 +1.881000061e+01 +1.881000061e+01 -1.9120e-01 +1.7808e+00
15875 +1.282950919e-07 +1.282950919e-07 +1.881000013e+01 +1.881000013e+01 -1.9120e-01 +1.7808e+00
% function evaluation | noise-free fitness - Fopt (2.731500000000e+02) | best noise-free fitness - Fopt | measured fitness | best measured fitness | x1 | x2...
1 +8.518426824e+01 +8.518426824e+01 +3.583342682e+02 +3.583342682e+02 +2.6371e+00 +8.3650e-01
2 +6.138358947e+01 +6.138358947e+01 +3.345335895e+02 +3.345335895e+02 -1.2714e-01 -3.3740e-01
3 +3.815461265e+01 +3.815461265e+01 +3.113046127e+02 +3.113046127e+02 +6.0451e-01 -4.1449e+00
8 +1.237434798e+01 +1.237434798e+01 +2.855243480e+02 +2.855243480e+02 -2.0921e+00 +2.4686e+00
15 +5.072716859e+00 +5.072716859e+00 +2.782227169e+02 +2.782227169e+02 -4.4945e+00 -4.1327e-01
38 +1.394893359e+00 +1.394893359e+00 +2.745448934e+02 +2.745448934e+02 -4.0737e+00 +3.0330e+00
287 +7.470795208e-01 +7.470795208e-01 +2.738970795e+02 +2.738970795e+02 -3.8958e+00 +3.0785e+00
316 +4.258401885e-01 +4.258401885e-01 +2.735758402e+02 +2.735758402e+02 -3.5160e+00 +3.6340e+00
479 +3.647625122e-01 +3.647625122e-01 +2.735147625e+02 +2.735147625e+02 -3.5249e+00 +3.6084e+00
485 +1.804624386e-01 +1.804624386e-01 +2.733304624e+02 +2.733304624e+02 -3.5842e+00 +3.6453e+00
527 +1.005687925e-01 +1.005687925e-01 +2.732505688e+02 +2.732505688e+02 -3.6037e+00 +3.7315e+00
699 +3.332541953e-02 +3.332541953e-02 +2.731833254e+02 +2.731833254e+02 -3.5881e+00 +3.7575e+00
822 +1.517472283e-02 +1.517472283e-02 +2.731651747e+02 +2.731651747e+02 -3.5784e+00 +3.7587e+00
1309 +1.275348575e-03 +1.275348575e-03 +2.731512753e+02 +2.731512753e+02 -3.5792e+00 +3.7534e+00
1404 +2.309802612e-04 +2.309802612e-04 +2.731502310e+02 +2.731502310e+02 -3.5793e+00 +3.7534e+00
1989 +3.798806927e-05 +3.798806927e-05 +2.731500380e+02 +2.731500380e+02 -3.5792e+00 +3.7536e+00
2299 +2.063201060e-05 +2.063201060e-05 +2.731500206e+02 +2.731500206e+02 -3.5792e+00 +3.7536e+00
2548 +1.050391398e-05 +1.050391398e-05 +2.731500105e+02 +2.731500105e+02 -3.5792e+00 +3.7536e+00
2553 +2.880778538e-06 +2.880778538e-06 +2.731500029e+02 +2.731500029e+02 -3.5792e+00 +3.7536e+00
2628 +6.378620583e-07 +6.378620583e-07 +2.731500006e+02 +2.731500006e+02 -3.5792e+00 +3.7536e+00
2819 +6.003109547e-07 +6.003109547e-07 +2.731500006e+02 +2.731500006e+02 -3.5792e+00 +3.7536e+00
4811 +8.162135146e-08 +8.162135146e-08 +2.731500001e+02 +2.731500001e+02 -3.5792e+00 +3.7536e+00
% function evaluation | noise-free fitness - Fopt (3.718000000000e+01) | best noise-free fitness - Fopt | measured fitness | best measured fitness | x1 | x2...
1 +1.253849128e+01 +1.253849128e+01 +4.971849128e+01 +4.971849128e+01 +1.4420e-01 -1.1193e+00
2 +7.802679150e+00 +7.802679150e+00 +4.498267915e+01 +4.498267915e+01 -6.5564e-01 +1.2424e-01
21 +4.219170759e+00 +4.219170759e+00 +4.139917076e+01 +4.139917076e+01 -2.7960e+00 +1.8723e+00
32 +1.025564079e+00 +1.025564079e+00 +3.820556408e+01 +3.820556408e+01 -3.1304e+00 +2.3198e+00
280 +9.734593871e-01 +9.734593871e-01 +3.815345939e+01 +3.815345939e+01 -4.0538e+00 +2.3928e+00
491 +3.942341671e-01 +3.942341671e-01 +3.757423417e+01 +3.757423417e+01 -3.7252e+00 +2.0752e+00
637 +1.758061916e-01 +1.758061916e-01 +3.735580619e+01 +3.735580619e+01 -3.7552e+00 +2.0811e+00
809 +6.843859008e-02 +6.843859008e-02 +3.724843859e+01 +3.724843859e+01 -3.8386e+00 +2.0605e+00
820 +4.337363442e-02 +4.337363442e-02 +3.722337363e+01 +3.722337363e+01 -3.9281e+00 +2.0617e+00
826 +3.513411346e-02 +3.513411346e-02 +3.721513411e+01 +3.721513411e+01 -3.8806e+00 +2.0706e+00
1593 +2.477334641e-02 +2.477334641e-02 +3.720477335e+01 +3.720477335e+01 -3.9084e+00 +2.0646e+00
1816 +1.322782328e-02 +1.322782328e-02 +3.719322782e+01 +3.719322782e+01 -3.9077e+00 +2.0612e+00
1886 +3.261053073e-03 +3.261053073e-03 +3.718326105e+01 +3.718326105e+01 -3.8962e+00 +2.0602e+00
2194 +1.003980489e-03 +1.003980489e-03 +3.718100398e+01 +3.718100398e+01 -3.8986e+00 +2.0597e+00
2625 +9.830531417e-04 +9.830531417e-04 +3.718098305e+01 +3.718098305e+01 -3.8986e+00 +2.0597e+00
7232 +4.706921781e-04 +4.706921781e-04 +3.718047069e+01 +3.718047069e+01 -3.8989e+00 +2.0600e+00
7611 +3.512333120e-04 +3.512333120e-04 +3.718035123e+01 +3.718035123e+01 -3.8990e+00 +2.0599e+00
7773 +2.345790113e-04 +2.345790113e-04 +3.718023458e+01 +3.718023458e+01 -3.8990e+00 +2.0599e+00
7955 +4.651951080e-05 +4.651951080e-05 +3.718004652e+01 +3.718004652e+01 -3.8992e+00 +2.0600e+00
8326 +3.731908096e-05 +3.731908096e-05 +3.718003732e+01 +3.718003732e+01 -3.8992e+00 +2.0600e+00
10702 +2.451516529e-06 +2.451516529e-06 +3.718000245e+01 +3.718000245e+01 -3.8992e+00 +2.0600e+00
11028 +1.062175087e-06 +1.062175087e-06 +3.718000106e+01 +3.718000106e+01 -3.8992e+00 +2.0600e+00
11189 +6.194427229e-07 +6.194427229e-07 +3.718000062e+01 +3.718000062e+01 -3.8992e+00 +2.0600e+00
12299 +2.967811028e-07 +2.967811028e-07 +3.718000030e+01 +3.718000030e+01 -3.8992e+00 +2.0600e+00
12949 +2.033341318e-07 +2.033341318e-07 +3.718000020e+01 +3.718000020e+01 -3.8992e+00 +2.0600e+00
18988 +8.138120933e-08 +8.138120933e-08 +3.718000008e+01 +3.718000008e+01 -3.8992e+00 +2.0600e+00
% function evaluation | noise-free fitness - Fopt (-1.479000000000e+02) | best noise-free fitness - Fopt | measured fitness | best measured fitness | x1 | x2...
1 +2.228893152e+02 +2.228893152e+02 +7.498931516e+01 +7.498931516e+01 +2.7863e+00 +4.3294e+00
2 +3.606918655e+01 +3.606918655e+01 -1.118308134e+02 -1.118308134e+02 -1.2691e+00 +3.9207e+00
3 +1.699578192e+01 +1.699578192e+01 -1.309042181e+02 -1.309042181e+02 -2.9009e+00 -4.9456e+00
4 +9.290862949e+00 +9.290862949e+00 -1.386091371e+02 -1.386091371e+02 -3.1485e+00 -1.9409e+00
14 +4.583150343e+00 +4.583150343e+00 -1.433168497e+02 -1.433168497e+02 -3.4382e+00 +6.6342e-01
20 +2.209904791e+00 +2.209904791e+00 -1.456900952e+02 -1.456900952e+02 -4.4451e-01 -1.2390e+00
254 +1.200212198e+00 +1.200212198e+00 -1.466997878e+02 -1.466997878e+02 -1.4765e+00 -7.7459e-02
540 +8.299821465e-01 +8.299821465e-01 -1.470700179e+02 -1.470700179e+02 -1.5963e+00 -2.3354e-01
565 +4.690846794e-01 +4.690846794e-01 -1.474309153e+02 -1.474309153e+02 -1.9431e+00 +3.2673e-01
694 +3.692446383e-01 +3.692446383e-01 -1.475307554e+02 -1.475307554e+02 -1.9282e+00 +3.1680e-01
851 +2.478565391e-01 +2.478565391e-01 -1.476521435e+02 -1.476521435e+02 -1.8011e+00 +1.7468e-01
1386 +8.773225118e-02 +8.773225118e-02 -1.478122677e+02 -1.478122677e+02 -1.6426e+00 +9.8126e-02
1456 +5.882853756e-02 +5.882853756e-02 -1.478411715e+02 -1.478411715e+02 -1.6520e+00 +9.7499e-02
1876 +3.666326680e-02 +3.666326680e-02 -1.478633367e+02 -1.478633367e+02 -1.6844e+00 +1.4622e-01
2314 +1.640556274e-02 +1.640556274e-02 -1.478835944e+02 -1.478835944e+02 -1.6568e+00 +1.2536e-01
2323 +7.558277064e-03 +7.558277064e-03 -1.478924417e+02 -1.478924417e+02 -1.6757e+00 +1.3867e-01
2609 +5.387936505e-03 +5.387936505e-03 -1.478946121e+02 -1.478946121e+02 -1.6721e+00 +1.3679e-01
2894 +3.619663609e-03 +3.619663609e-03 -1.478963803e+02 -1.478963803e+02 -1.6724e+00 +1.3683e-01
7065 +1.580720086e-03 +1.580720086e-03 -1.478984193e+02 -1.478984193e+02 -1.6711e+00 +1.3608e-01
7480 +9.879216239e-04 +9.879216239e-04 -1.478990121e+02 -1.478990121e+02 -1.6711e+00 +1.3588e-01
34432 +2.389875987e-04 +2.389875987e-04 -1.478997610e+02 -1.478997610e+02 -1.6704e+00 +1.3532e-01
34515 +3.185942080e-05 +3.185942080e-05 -1.478999681e+02 -1.478999681e+02 -1.6704e+00 +1.3520e-01
40126 +1.982837051e-05 +1.982837051e-05 -1.478999802e+02 -1.478999802e+02 -1.6704e+00 +1.3520e-01
40487 +1.347850684e-06 +1.347850684e-06 -1.478999987e+02 -1.478999987e+02 -1.6704e+00 +1.3520e-01
40678 +5.281533220e-07 +5.281533220e-07 -1.478999995e+02 -1.478999995e+02 -1.6704e+00 +1.3520e-01
43699 +3.845553636e-07 +3.845553636e-07 -1.478999996e+02 -1.478999996e+02 -1.6704e+00 +1.3520e-01
44865 +2.365701448e-07 +2.365701448e-07 -1.478999998e+02 -1.478999998e+02 -1.6704e+00 +1.3520e-01
63543 +9.999175177e-08 +9.999175177e-08 -1.478999999e+02 -1.478999999e+02 -1.6704e+00 +1.3520e-01
% function evaluation | noise-free fitness - Fopt (-2.218900000000e+02) | best noise-free fitness - Fopt | measured fitness | best measured fitness | x1 | x2...
1 +3.523581083e+01 +3.523581083e+01 -1.866541892e+02 -1.866541892e+02 -3.9339e+00 -3.5583e+00
2 +1.049265868e+01 +1.049265868e+01 -2.113973413e+02 -2.113973413e+02 -1.2592e+00 -1.1899e+00
36 +2.975968680e+00 +2.975968680e+00 -2.189140313e+02 -2.189140313e+02 -2.5748e+00 +2.2718e-01
156 +2.448564069e+00 +2.448564069e+00 -2.194414359e+02 -2.194414359e+02 -3.3221e+00 +8.1682e-01
346 +1.418135391e+00 +1.418135391e+00 -2.204718646e+02 -2.204718646e+02 -3.0990e+00 +2.7523e-01
387 +6.096819789e-01 +6.096819789e-01 -2.212803180e+02 -2.212803180e+02 -3.5720e+00 +1.4821e-01
649 +3.675641681e-01 +3.675641681e-01 -2.215224358e+02 -2.215224358e+02 -3.5748e+00 +1.7125e-01
652 +2.437519740e-01 +2.437519740e-01 -2.216462480e+02 -2.216462480e+02 -3.6391e+00 +1.2853e-01
1208 +1.283598329e-01 +1.283598329e-01 -2.217616402e+02 -2.217616402e+02 -3.8928e+00 +1.9466e-01
1356 +8.751908041e-02 +8.751908041e-02 -2.218024809e+02 -2.218024809e+02 -3.8641e+00 +2.2195e-01
1436 +1.850152019e-02 +1.850152019e-02 -2.218714985e+02 -2.218714985e+02 -3.9495e+00 +2.5627e-01
1497 +1.120995556e-02 +1.120995556e-02 -2.218787900e+02 -2.218787900e+02 -3.9509e+00 +2.5132e-01
1676 +8.014084276e-03 +8.014084276e-03 -2.218819859e+02 -2.218819859e+02 -3.9392e+00 +2.4873e-01
1987 +4.109595636e-03 +4.109595636e-03 -2.218858904e+02 -2.218858904e+02 -3.9436e+00 +2.4906e-01
2141 +3.789385179e-03 +3.789385179e-03 -2.218862106e+02 -2.218862106e+02 -3.9449e+00 +2.4808e-01
7662 +1.001704447e-03 +1.001704447e-03 -2.218889983e+02 -2.218889983e+02 -3.9423e+00 +2.4766e-01
7969 +9.857823478e-04 +9.857823478e-04 -2.218890142e+02 -2.218890142e+02 -3.9423e+00 +2.4770e-01
10801 +4.878148110e-04 +4.878148110e-04 -2.218895122e+02 -2.218895122e+02 -3.9433e+00 +2.4816e-01
10999 +2.301312443e-04 +2.301312443e-04 -2.218897699e+02 -2.218897699e+02 -3.9433e+00 +2.4810e-01
11434 +2.921774853e-05 +2.921774853e-05 -2.218899708e+02 -2.218899708e+02 -3.9432e+00 +2.4799e-01
15801 +7.017742433e-06 +7.017742433e-06 -2.218899930e+02 -2.218899930e+02 -3.9432e+00 +2.4800e-01
15858 +5.963151182e-06 +5.963151182e-06 -2.218899940e+02 -2.218899940e+02 -3.9432e+00 +2.4800e-01
15978 +1.113735124e-06 +1.113735124e-06 -2.218899989e+02 -2.218899989e+02 -3.9432e+00 +2.4800e-01
16460 +5.155248175e-07 +5.155248175e-07 -2.218899995e+02 -2.218899995e+02 -3.9432e+00 +2.4800e-01
16693 +3.421685904e-07 +3.421685904e-07 -2.218899997e+02 -2.218899997e+02 -3.9432e+00 +2.4800e-01
18100 +2.422709429e-07 +2.422709429e-07 -2.218899998e+02 -2.218899998e+02 -3.9432e+00 +2.4800e-01
38602 +6.070351333e-08 +6.070351333e-08 -2.218899999e+02 -2.218899999e+02 -3.9432e+00 +2.4800e-01
% function evaluation | noise-free fitness - Fopt (1.195400000000e+02) | best noise-free fitness - Fopt | measured fitness | best measured fitness | x1 | x2...
1 +6.109901219e+00 +6.109901219e+00 +1.256499012e+02 +1.256499012e+02 +2.9937e+00 +7.4438e-01
2 +2.422804501e+00 +2.422804501e+00 +1.219628045e+02 +1.219628045e+02 -1.0679e+00 +1.3141e+00
266 +7.618413116e-01 +7.618413116e-01 +1.203018413e+02 +1.203018413e+02 +1.5950e+00 +1.1870e+00
322 +4.312333883e-01 +4.312333883e-01 +1.199712334e+02 +1.199712334e+02 +1.6672e+00 +8.2865e-01
439 +3.692335031e-01 +3.692335031e-01 +1.199092335e+02 +1.199092335e+02 +1.6582e+00 +8.3838e-01
844 +2.434615808e-01 +2.434615808e-01 +1.197834616e+02 +1.197834616e+02 +1.5325e+00 +9.6485e-01
1158 +9.981293592e-02 +9.981293592e-02 +1.196398129e+02 +1.196398129e+02 +1.3034e+00 +8.9570e-01
1456 +6.305954408e-02 +6.305954408e-02 +1.196030595e+02 +1.196030595e+02 +1.3034e+00 +9.1850e-01
1551 +1.154152726e-02 +1.154152726e-02 +1.195515415e+02 +1.195515415e+02 +1.3151e+00 +9.1189e-01
1624 +9.091465983e-03 +9.091465983e-03 +1.195490915e+02 +1.195490915e+02 +1.3150e+00 +9.1173e-01
2068 +4.847103781e-03 +4.847103781e-03 +1.195448471e+02 +1.195448471e+02 +1.3226e+00 +9.0874e-01
2395 +3.587586504e-03 +3.587586504e-03 +1.195435876e+02 +1.195435876e+02 +1.3225e+00 +9.0859e-01
3403 +1.400510774e-03 +1.400510774e-03 +1.195414005e+02 +1.195414005e+02 +1.3196e+00 +9.0871e-01
3723 +6.565521847e-04 +6.565521847e-04 +1.195406566e+02 +1.195406566e+02 +1.3195e+00 +9.0875e-01
3851 +3.542289161e-04 +3.542289161e-04 +1.195403542e+02 +1.195403542e+02 +1.3195e+00 +9.0877e-01
3893 +2.443768868e-04 +2.443768868e-04 +1.195402444e+02 +1.195402444e+02 +1.3193e+00 +9.0886e-01
4096 +2.887327281e-05 +2.887327281e-05 +1.195400289e+02 +1.195400289e+02 +1.3192e+00 +9.0881e-01
13113 +2.249829109e-05 +2.249829109e-05 +1.195400225e+02 +1.195400225e+02 +1.3192e+00 +9.0880e-01
13429 +1.553868420e-05 +1.553868420e-05 +1.195400155e+02 +1.195400155e+02 +1.3192e+00 +9.0880e-01
13717 +8.114443929e-06 +8.114443929e-06 +1.195400081e+02 +1.195400081e+02 +1.3192e+00 +9.0880e-01
13835 +4.157422623e-06 +4.157422623e-06 +1.195400042e+02 +1.195400042e+02 +1.3192e+00 +9.0880e-01
13985 +2.090001772e-06 +2.090001772e-06 +1.195400021e+02 +1.195400021e+02 +1.3192e+00 +9.0880e-01
14266 +1.562430313e-06 +1.562430313e-06 +1.195400016e+02 +1.195400016e+02 +1.3192e+00 +9.0880e-01
14714 +7.559252566e-07 +7.559252566e-07 +1.195400008e+02 +1.195400008e+02 +1.3192e+00 +9.0880e-01
14912 +6.275850239e-07 +6.275850239e-07 +1.195400006e+02 +1.195400006e+02 +1.3192e+00 +9.0880e-01
15713 +3.683490775e-07 +3.683490775e-07 +1.195400004e+02 +1.195400004e+02 +1.3192e+00 +9.0880e-01
22336 +9.021643166e-08 +9.021643166e-08 +1.195400001e+02 +1.195400001e+02 +1.3192e+00 +9.0880e-01
% function evaluation | noise-free fitness - Fopt (6.983000000000e+01) | best noise-free fitness - Fopt | measured fitness | best measured fitness | x1 | x2...
1 +2.765102125e+01 +2.765102125e+01 +9.748102125e+01 +9.748102125e+01 -4.1360e+00 -3.1955e+00
2 +3.475270078e+00 +3.475270078e+00 +7.330527008e+01 +7.330527008e+01 -2.2088e+00 -1.4139e+00
34 +1.881812489e+00 +1.881812489e+00 +7.171181249e+01 +7.171181249e+01 -2.3847e+00 -1.4558e+00
125 +1.171916070e+00 +1.171916070e+00 +7.100191607e+01 +7.100191607e+01 -2.6229e+00 -1.8421e+00
276 +7.438091937e-01 +7.438091937e-01 +7.057380919e+01 +7.057380919e+01 -3.0845e+00 -1.6712e+00
284 +5.562792185e-01 +5.562792185e-01 +7.038627922e+01 +7.038627922e+01 -3.2472e+00 -1.5460e+00
421 +1.689260153e-01 +1.689260153e-01 +6.999892602e+01 +6.999892602e+01 -2.8883e+00 -1.4316e+00
452 +1.247487006e-01 +1.247487006e-01 +6.995474870e+01 +6.995474870e+01 -2.9024e+00 -1.4321e+00
485 +9.219706358e-02 +9.219706358e-02 +6.992219706e+01 +6.992219706e+01 -2.8930e+00 -1.4369e+00
512 +6.055484809e-02 +6.055484809e-02 +6.989055485e+01 +6.989055485e+01 -2.8950e+00 -1.4343e+00
689 +3.283349286e-02 +3.283349286e-02 +6.986283349e+01 +6.986283349e+01 -2.8887e+00 -1.4447e+00
828 +1.954310300e-02 +1.954310300e-02 +6.984954310e+01 +6.984954310e+01 -2.8827e+00 -1.4572e+00
1189 +1.188111453e-02 +1.188111453e-02 +6.984188111e+01 +6.984188111e+01 -2.8731e+00 -1.4552e+00
1409 +7.039063013e-03 +7.039063013e-03 +6.983703906e+01 +6.983703906e+01 -2.8665e+00 -1.4570e+00
1713 +6.209290202e-03 +6.209290202e-03 +6.983620929e+01 +6.983620929e+01 -2.8663e+00 -1.4570e+00
1759 +3.944474811e-03 +3.944474811e-03 +6.983394447e+01 +6.983394447e+01 -2.8666e+00 -1.4569e+00
2969 +2.032067582e-03 +2.032067582e-03 +6.983203207e+01 +6.983203207e+01 -2.8665e+00 -1.4561e+00
3075 +1.021192740e-03 +1.021192740e-03 +6.983102119e+01 +6.983102119e+01 -2.8665e+00 -1.4560e+00
3244 +9.838034689e-04 +9.838034689e-04 +6.983098380e+01 +6.983098380e+01 -2.8665e+00 -1.4560e+00
% function evaluation | noise-free fitness - Fopt (7.000000000000e-02) | best noise-free fitness - Fopt | measured fitness | best measured fitness | x1 | x2...
1 +5.649168298e+01 +5.649168298e+01 +5.656168298e+01 +5.656168298e+01 -4.3845e+00 -4.6710e+00
2 +2.526488878e+01 +2.526488878e+01 +2.533488878e+01 +2.533488878e+01 +1.3252e+00 +3.5687e-01
12 +1.115059927e+00 +1.115059927e+00 +1.185059927e+00 +1.185059927e+00 +4.0095e+00 -2.9191e+00
62 +7.426139244e-01 +7.426139244e-01 +8.126139244e-01 +8.126139244e-01 +4.0595e+00 -2.2254e+00
300 +4.672583336e-01 +4.672583336e-01 +5.372583336e-01 +5.372583336e-01 +3.6577e+00 -1.7095e+00
441 +9.985798059e-02 +9.985798059e-02 +1.698579806e-01 +1.698579806e-01 +3.7219e+00 -1.8821e+00
968 +5.818477502e-02 +5.818477502e-02 +1.281847750e-01 +1.281847750e-01 +3.7116e+00 -1.9250e+00
1055 +3.414159980e-02 +3.414159980e-02 +1.041415998e-01 +1.041415998e-01 +3.7393e+00 -1.9696e+00
1459 +9.694617313e-03 +9.694617313e-03 +7.969461731e-02 +7.969461731e-02 +3.7367e+00 -1.9915e+00
2201 +3.923644321e-03 +3.923644321e-03 +7.392364432e-02 +7.392364432e-02 +3.7415e+00 -1.9992e+00
4237 +1.874564295e-03 +1.874564295e-03 +7.187456430e-02 +7.187456430e-02 +3.7403e+00 -1.9967e+00
4533 +1.002613729e-03 +1.002613729e-03 +7.100261373e-02 +7.100261373e-02 +3.7404e+00 -1.9965e+00
4764 +9.979149154e-04 +9.979149154e-04 +7.099791492e-02 +7.099791492e-02 +3.7404e+00 -1.9965e+00
5558 +5.903687556e-04 +5.903687556e-04 +7.059036876e-02 +7.059036876e-02 +3.7406e+00 -1.9966e+00
5620 +3.905355527e-04 +3.905355527e-04 +7.039053555e-02 +7.039053555e-02 +3.7408e+00 -1.9966e+00
5892 +2.367756287e-04 +2.367756287e-04 +7.023677563e-02 +7.023677563e-02 +3.7407e+00 -1.9966e+00
6496 +1.138993148e-04 +1.138993148e-04 +7.011389931e-02 +7.011389931e-02 +3.7408e+00 -1.9967e+00
6874 +2.892464058e-05 +2.892464058e-05 +7.002892464e-02 +7.002892464e-02 +3.7408e+00 -1.9968e+00
9670 +1.080367195e-05 +1.080367195e-05 +7.001080367e-02 +7.001080367e-02 +3.7408e+00 -1.9968e+00
10076 +8.577037330e-06 +8.577037330e-06 +7.000857704e-02 +7.000857704e-02 +3.7408e+00 -1.9968e+00
10217 +2.290124253e-06 +2.290124253e-06 +7.000229012e-02 +7.000229012e-02 +3.7408e+00 -1.9968e+00
10863 +1.071898796e-06 +1.071898796e-06 +7.000107190e-02 +7.000107190e-02 +3.7408e+00 -1.9968e+00
11214 +9.571214357e-07 +9.571214357e-07 +7.000095712e-02 +7.000095712e-02 +3.7408e+00 -1.9968e+00
11359 +4.767248085e-07 +4.767248085e-07 +7.000047672e-02 +7.000047672e-02 +3.7408e+00 -1.9968e+00
13182 +1.175175826e-07 +1.175175826e-07 +7.000011752e-02 +7.000011752e-02 +3.7408e+00 -1.9968e+00
20974 +5.077829303e-08 +5.077829303e-08 +7.000005078e-02 +7.000005078e-02 +3.7408e+00 -1.9968e+00
% function evaluation | noise-free fitness - Fopt (4.960000000000e+00) | best noise-free fitness - Fopt | measured fitness | best measured fitness | x1 | x2...
1 +3.419026238e+01 +3.419026238e+01 +3.915026238e+01 +3.915026238e+01 +1.6450e+00 -5.1711e-01
3 +1.771498701e+01 +1.771498701e+01 +2.267498701e+01 +2.267498701e+01 +1.9369e+00 +4.8618e+00
4 +1.002810709e+01 +1.002810709e+01 +1.498810709e+01 +1.498810709e+01 +4.9650e+00 -2.6449e+00
8 +2.483344699e+00 +2.483344699e+00 +7.443344699e+00 +7.443344699e+00 +3.6913e+00 +3.9294e-01
41 +1.397408724e+00 +1.397408724e+00 +6.357408724e+00 +6.357408724e+00 +2.2877e+00 +2.7332e+00
310 +9.818857130e-01 +9.818857130e-01 +5.941885713e+00 +5.941885713e+00 +2.9461e+00 +1.8201e+00
661 +5.607606724e-01 +5.607606724e-01 +5.520760672e+00 +5.520760672e+00 +2.9312e+00 +2.0253e+00
760 +1.832650011e-01 +1.832650011e-01 +5.143265001e+00 +5.143265001e+00 +3.1579e+00 +1.8780e+00
1292 +1.577751163e-01 +1.577751163e-01 +5.117775116e+00 +5.117775116e+00 +3.2019e+00 +1.9315e+00
1550 +7.927585107e-02 +7.927585107e-02 +5.039275851e+00 +5.039275851e+00 +3.2240e+00 +1.8560e+00
1603 +9.532630452e-03 +9.532630452e-03 +4.969532630e+00 +4.969532630e+00 +3.2663e+00 +1.8106e+00
2509 +5.197969158e-03 +5.197969158e-03 +4.965197969e+00 +4.965197969e+00 +3.2619e+00 +1.8157e+00
2956 +3.293450749e-03 +3.293450749e-03 +4.963293451e+00 +4.963293451e+00 +3.2608e+00 +1.8181e+00
3107 +2.469748268e-03 +2.469748268e-03 +4.962469748e+00 +4.962469748e+00 +3.2592e+00 +1.8180e+00
3275 +1.062933027e-03 +1.062933027e-03 +4.961062933e+00 +4.961062933e+00 +3.2594e+00 +1.8179e+00
3437 +9.837524523e-04 +9.837524523e-04 +4.960983752e+00 +4.960983752e+00 +3.2594e+00 +1.8181e+00
% function evaluation | noise-free fitness - Fopt (1.923000000000e+02) | best noise-free fitness - Fopt | measured fitness | best measured fitness | x1 | x2...
1 +2.851041864e+01 +2.851041864e+01 +2.208104186e+02 +2.208104186e+02 +4.8533e+00 -2.6089e-01
5 +1.482916036e+01 +1.482916036e+01 +2.071291604e+02 +2.071291604e+02 -2.7705e-01 +4.9637e+00
16 +9.139373074e+00 +9.139373074e+00 +2.014393731e+02 +2.014393731e+02 -2.9974e+00 +5.1366e-01
31 +4.688445591e+00 +4.688445591e+00 +1.969884456e+02 +1.969884456e+02 -2.3456e+00 +4.9210e+00
49 +2.428753221e+00 +2.428753221e+00 +1.947287532e+02 +1.947287532e+02 -3.6380e+00 +1.6824e+00
236 +1.025605914e+00 +1.025605914e+00 +1.933256059e+02 +1.933256059e+02 -3.3394e+00 +3.0078e+00
469 +9.760089556e-01 +9.760089556e-01 +1.932760090e+02 +1.932760090e+02 -2.9507e+00 +3.7951e+00
576 +4.253335673e-01 +4.253335673e-01 +1.927253336e+02 +1.927253336e+02 -2.8732e+00 +4.0796e+00
679 +3.664939870e-01 +3.664939870e-01 +1.926664940e+02 +1.926664940e+02 -2.8718e+00 +4.0696e+00
765 +2.313195281e-01 +2.313195281e-01 +1.925313195e+02 +1.925313195e+02 -2.9743e+00 +4.0799e+00
1006 +1.286720290e-01 +1.286720290e-01 +1.924286720e+02 +1.924286720e+02 -2.9905e+00 +4.0659e+00
1013 +7.632005773e-02 +7.632005773e-02 +1.923763201e+02 +1.923763201e+02 -3.0313e+00 +3.9555e+00
1290 +5.852650971e-02 +5.852650971e-02 +1.923585265e+02 +1.923585265e+02 -2.9891e+00 +4.0086e+00
1572 +1.922666029e-02 +1.922666029e-02 +1.923192267e+02 +1.923192267e+02 -3.0114e+00 +3.9759e+00
1878 +9.380569602e-03 +9.380569602e-03 +1.923093806e+02 +1.923093806e+02 -3.0112e+00 +3.9847e+00
2164 +5.942394949e-03 +5.942394949e-03 +1.923059424e+02 +1.923059424e+02 -3.0131e+00 +3.9776e+00
2335 +1.407557320e-03 +1.407557320e-03 +1.923014076e+02 +1.923014076e+02 -3.0134e+00 +3.9778e+00
3061 +9.965660160e-04 +9.965660160e-04 +1.923009966e+02 +1.923009966e+02 -3.0135e+00 +3.9780e+00
3873 +3.965669884e-04 +3.965669884e-04 +1.923003966e+02 +1.923003966e+02 -3.0136e+00 +3.9783e+00
3970 +8.929766318e-05 +8.929766318e-05 +1.923000893e+02 +1.923000893e+02 -3.0136e+00 +3.9784e+00
4395 +1.237094020e-05 +1.237094020e-05 +1.923000124e+02 +1.923000124e+02 -3.0136e+00 +3.9784e+00
4598 +9.172700175e-06 +9.172700175e-06 +1.923000092e+02 +1.923000092e+02 -3.0136e+00 +3.9784e+00
4647 +5.575180779e-06 +5.575180779e-06 +1.923000056e+02 +1.923000056e+02 -3.0136e+00 +3.9784e+00
4796 +1.691321359e-06 +1.691321359e-06 +1.923000017e+02 +1.923000017e+02 -3.0136e+00 +3.9784e+00
4957 +1.265990591e-06 +1.265990591e-06 +1.923000013e+02 +1.923000013e+02 -3.0136e+00 +3.9784e+00
5092 +9.459799912e-07 +9.459799912e-07 +1.923000009e+02 +1.923000009e+02 -3.0136e+00 +3.9784e+00
5153 +5.973717236e-07 +5.973717236e-07 +1.923000006e+02 +1.923000006e+02 -3.0136e+00 +3.9784e+00
7102 +3.839794260e-07 +3.839794260e-07 +1.923000004e+02 +1.923000004e+02 -3.0136e+00 +3.9784e+00
14908 +2.234270937e-07 +2.234270937e-07 +1.923000002e+02 +1.923000002e+02 -3.0136e+00 +3.9784e+00
29426 +1.365069977e-07 +1.365069977e-07 +1.923000001e+02 +1.923000001e+02 -3.0136e+00 +3.9784e+00
45989 +4.190476943e-08 +4.190476943e-08 +1.923000000e+02 +1.923000000e+02 -3.0136e+00 +3.9784e+00
% function evaluation | noise-free fitness - Fopt (4.971000000000e+01) | best noise-free fitness - Fopt | measured fitness | best measured fitness | x1 | x2...
1 +5.062734723e+01 +5.062734723e+01 +1.003373472e+02 +1.003373472e+02 -9.4689e-02 -4.3497e+00
2 +1.929574288e+01 +1.929574288e+01 +6.900574288e+01 +6.900574288e+01 +4.7788e+00 +2.8167e+00
3 +9.578026077e+00 +9.578026077e+00 +5.928802608e+01 +5.928802608e+01 +2.9332e+00 -2.8005e+00
4 +5.093295488e+00 +5.093295488e+00 +5.480329549e+01 +5.480329549e+01 +4.7559e+00 -2.8567e+00
43 +9.370121829e-01 +9.370121829e-01 +5.064701218e+01 +5.064701218e+01 +3.0045e+00 -3.9936e+00
282 +5.258670758e-01 +5.258670758e-01 +5.023586708e+01 +5.023586708e+01 +3.7767e+00 -3.8729e+00
312 +3.124403074e-01 +3.124403074e-01 +5.002244031e+01 +5.002244031e+01 +3.6010e+00 -3.8480e+00
457 +1.670513009e-01 +1.670513009e-01 +4.987705130e+01 +4.987705130e+01 +3.5471e+00 -3.8175e+00
733 +9.764413364e-02 +9.764413364e-02 +4.980764413e+01 +4.980764413e+01 +3.6241e+00 -3.7739e+00
1074 +5.996257484e-02 +5.996257484e-02 +4.976996257e+01 +4.976996257e+01 +3.7795e+00 -3.6718e+00
1688 +2.578017199e-02 +2.578017199e-02 +4.973578017e+01 +4.973578017e+01 +3.7219e+00 -3.7125e+00
1922 +1.656053603e-02 +1.656053603e-02 +4.972656054e+01 +4.972656054e+01 +3.7333e+00 -3.7080e+00
2020 +1.487140854e-02 +1.487140854e-02 +4.972487141e+01 +4.972487141e+01 +3.7334e+00 -3.7078e+00
2147 +7.644826676e-03 +7.644826676e-03 +4.971764483e+01 +4.971764483e+01 +3.7424e+00 -3.7014e+00
2365 +5.359029808e-03 +5.359029808e-03 +4.971535903e+01 +4.971535903e+01 +3.7445e+00 -3.7011e+00
2405 +3.435587439e-03 +3.435587439e-03 +4.971343559e+01 +4.971343559e+01 +3.7413e+00 -3.7043e+00
2872 +1.973516266e-03 +1.973516266e-03 +4.971197352e+01 +4.971197352e+01 +3.7442e+00 -3.7017e+00
2939 +9.881956088e-04 +9.881956088e-04 +4.971098820e+01 +4.971098820e+01 +3.7440e+00 -3.7019e+00
14559 +1.996338131e-04 +1.996338131e-04 +4.971019963e+01 +4.971019963e+01 +3.7432e+00 -3.7024e+00
15007 +8.395606746e-05 +8.395606746e-05 +4.971008396e+01 +4.971008396e+01 +3.7432e+00 -3.7024e+00
15320 +6.184717557e-05 +6.184717557e-05 +4.971006185e+01 +4.971006185e+01 +3.7432e+00 -3.7024e+00
15348 +2.890487973e-05 +2.890487973e-05 +4.971002890e+01 +4.971002890e+01 +3.7432e+00 -3.7024e+00
18011 +2.264255824e-05 +2.264255824e-05 +4.971002264e+01 +4.971002264e+01 +3.7432e+00 -3.7024e+00
18301 +1.118044248e-05 +1.118044248e-05 +4.971001118e+01 +4.971001118e+01 +3.7432e+00 -3.7024e+00
18520 +2.683666615e-06 +2.683666615e-06 +4.971000268e+01 +4.971000268e+01 +3.7432e+00 -3.7024e+00
18796 +2.359738708e-06 +2.359738708e-06 +4.971000236e+01 +4.971000236e+01 +3.7432e+00 -3.7024e+00
18834 +7.541607872e-07 +7.541607872e-07 +4.971000075e+01 +4.971000075e+01 +3.7432e+00 -3.7024e+00
19311 +6.044101823e-07 +6.044101823e-07 +4.971000060e+01 +4.971000060e+01 +3.7432e+00 -3.7024e+00
21081 +2.892890762e-07 +2.892890762e-07 +4.971000029e+01 +4.971000029e+01 +3.7432e+00 -3.7024e+00
37917 +2.167627855e-07 +2.167627855e-07 +4.971000022e+01 +4.971000022e+01 +3.7432e+00 -3.7024e+00
44074 +9.836577419e-08 +9.836577419e-08 +4.971000010e+01 +4.971000010e+01 +3.7432e+00 -3.7024e+00
% function evaluation | noise-free fitness - Fopt (2.051200000000e+02) | best noise-free fitness - Fopt | measured fitness | best measured fitness | x1 | x2...
1 +2.575692986e+01 +2.575692986e+01 +2.308769299e+02 +2.308769299e+02 +2.1608e+00 +2.0748e+00
2 +1.052086213e+01 +1.052086213e+01 +2.156408621e+02 +2.156408621e+02 -2.5717e+00 +1.8568e+00
4 +8.478587905e+00 +8.478587905e+00 +2.135985879e+02 +2.135985879e+02 -2.4480e+00 +3.4532e+00
10 +3.509054367e+00 +3.509054367e+00 +2.086290544e+02 +2.086290544e+02 -1.2245e+00 +4.6854e+00
29 +1.410137407e+00 +1.410137407e+00 +2.065301374e+02 +2.065301374e+02 -1.7581e+00 +4.5083e+00
165 +8.869662281e-01 +8.869662281e-01 +2.060069662e+02 +2.060069662e+02 -1.4519e+00 +3.9595e+00
200 +2.251924130e-01 +2.251924130e-01 +2.053451924e+02 +2.053451924e+02 -1.1229e+00 +3.7605e+00
522 +1.577880693e-01 +1.577880693e-01 +2.052777881e+02 +2.052777881e+02 -1.1319e+00 +3.7646e+00
577 +5.851789717e-02 +5.851789717e-02 +2.051785179e+02 +2.051785179e+02 -1.2172e+00 +3.9228e+00
833 +3.775340167e-02 +3.775340167e-02 +2.051577534e+02 +2.051577534e+02 -1.1780e+00 +3.8836e+00
1097 +1.950808442e-02 +1.950808442e-02 +2.051395081e+02 +2.051395081e+02 -1.1966e+00 +3.9235e+00
1346 +1.578242809e-02 +1.578242809e-02 +2.051357824e+02 +2.051357824e+02 -1.1900e+00 +3.8983e+00
1585 +3.056727204e-03 +3.056727204e-03 +2.051230567e+02 +2.051230567e+02 -1.1945e+00 +3.9061e+00
7793 +1.005997431e-03 +1.005997431e-03 +2.051210060e+02 +2.051210060e+02 -1.1939e+00 +3.9063e+00
8344 +5.998822937e-04 +5.998822937e-04 +2.051205999e+02 +2.051205999e+02 -1.1937e+00 +3.9064e+00
8346 +3.218585381e-04 +3.218585381e-04 +2.051203219e+02 +2.051203219e+02 -1.1936e+00 +3.9062e+00
8408 +2.372400051e-04 +2.372400051e-04 +2.051202372e+02 +2.051202372e+02 -1.1936e+00 +3.9063e+00
8527 +1.132592249e-04 +1.132592249e-04 +2.051201133e+02 +2.051201133e+02 -1.1936e+00 +3.9064e+00
8558 +3.026498300e-05 +3.026498300e-05 +2.051200303e+02 +2.051200303e+02 -1.1936e+00 +3.9064e+00
28535 +1.828869674e-05 +1.828869674e-05 +2.051200183e+02 +2.051200183e+02 -1.1936e+00 +3.9064e+00
29640 +5.241628884e-06 +5.241628884e-06 +2.051200052e+02 +2.051200052e+02 -1.1936e+00 +3.9064e+00
29775 +1.891002938e-06 +1.891002938e-06 +2.051200019e+02 +2.051200019e+02 -1.1936e+00 +3.9064e+00
29876 +1.242566270e-06 +1.242566270e-06 +2.051200012e+02 +2.051200012e+02 -1.1936e+00 +3.9064e+00
30299 +6.507808052e-07 +6.507808052e-07 +2.051200007e+02 +2.051200007e+02 -1.1936e+00 +3.9064e+00
31056 +5.373625243e-07 +5.373625243e-07 +2.051200005e+02 +2.051200005e+02 -1.1936e+00 +3.9064e+00
37988 +2.694880266e-07 +2.694880266e-07 +2.051200003e+02 +2.051200003e+02 -1.1936e+00 +3.9064e+00
48135 +6.937307262e-08 +6.937307262e-08 +2.051200001e+02 +2.051200001e+02 -1.1936e+00 +3.9064e+00
63405 +6.279955755e-08 +6.279955755e-08 +2.051200001e+02 +2.051200001e+02 -1.1936e+00 +3.9064e+00
% function evaluation | noise-free fitness - Fopt (-1.729000000000e+02) | best noise-free fitness - Fopt | measured fitness | best measured fitness | x1 | x2...
1 +5.064886807e+01 +5.064886807e+01 -1.222511319e+02 -1.222511319e+02 +1.8782e-01 -3.6022e+00
2 +3.200237498e+00 +3.200237498e+00 -1.696997625e+02 -1.696997625e+02 -2.5252e+00 -2.0199e+00
19 +2.423133797e+00 +2.423133797e+00 -1.704768662e+02 -1.704768662e+02 -3.4827e+00 -2.4599e+00
77 +1.191672020e+00 +1.191672020e+00 -1.717083280e+02 -1.717083280e+02 -3.5281e+00 -1.2434e+00
449 +6.147597741e-01 +6.147597741e-01 -1.722852402e+02 -1.722852402e+02 -3.2684e+00 -1.1761e+00
872 +3.924681057e-01 +3.924681057e-01 -1.725075319e+02 -1.725075319e+02 -2.7217e+00 -7.1337e-01
1007 +2.431398099e-01 +2.431398099e-01 -1.726568602e+02 -1.726568602e+02 -3.1094e+00 -1.1590e+00
1505 +1.325098010e-01 +1.325098010e-01 -1.727674902e+02 -1.727674902e+02 -2.9132e+00 -9.8565e-01
1596 +8.551747356e-02 +8.551747356e-02 -1.728144825e+02 -1.728144825e+02 -2.9174e+00 -1.0056e+00
1700 +5.909519574e-02 +5.909519574e-02 -1.728409048e+02 -1.728409048e+02 -2.9145e+00 -9.7916e-01
1781 +3.521308034e-02 +3.521308034e-02 -1.728647869e+02 -1.728647869e+02 -2.9164e+00 -9.9877e-01
2083 +1.772325750e-02 +1.772325750e-02 -1.728822767e+02 -1.728822767e+02 -2.9259e+00 -1.0287e+00
2496 +1.053447647e-02 +1.053447647e-02 -1.728894655e+02 -1.728894655e+02 -2.9334e+00 -1.0262e+00
2612 +7.886590337e-03 +7.886590337e-03 -1.728921134e+02 -1.728921134e+02 -2.9349e+00 -1.0275e+00
2729 +4.197934101e-03 +4.197934101e-03 -1.728958021e+02 -1.728958021e+02 -2.9295e+00 -1.0253e+00
2976 +3.628144696e-03 +3.628144696e-03 -1.728963719e+02 -1.728963719e+02 -2.9294e+00 -1.0252e+00
4247 +1.677160164e-03 +1.677160164e-03 -1.728983228e+02 -1.728983228e+02 -2.9314e+00 -1.0269e+00
4559 +1.342690883e-03 +1.342690883e-03 -1.728986573e+02 -1.728986573e+02 -2.9314e+00 -1.0270e+00
4638 +9.854279631e-04 +9.854279631e-04 -1.728990146e+02 -1.728990146e+02 -2.9314e+00 -1.0269e+00
4967 +2.721957820e-04 +2.721957820e-04 -1.728997278e+02 -1.728997278e+02 -2.9312e+00 -1.0271e+00
5354 +1.533587631e-04 +1.533587631e-04 -1.728998466e+02 -1.728998466e+02 -2.9312e+00 -1.0272e+00
5972 +9.401311718e-05 +9.401311718e-05 -1.728999060e+02 -1.728999060e+02 -2.9312e+00 -1.0272e+00
6206 +3.807579699e-05 +3.807579699e-05 -1.728999619e+02 -1.728999619e+02 -2.9312e+00 -1.0272e+00
7959 +1.885993936e-05 +1.885993936e-05 -1.728999811e+02 -1.728999811e+02 -2.9312e+00 -1.0272e+00
8544 +1.219651170e-05 +1.219651170e-05 -1.728999878e+02 -1.728999878e+02 -2.9312e+00 -1.0272e+00
8787 +7.870488048e-06 +7.870488048e-06 -1.728999921e+02 -1.728999921e+02 -2.9312e+00 -1.0272e+00
8929 +2.086103677e-06 +2.086103677e-06 -1.728999979e+02 -1.728999979e+02 -2.9312e+00 -1.0272e+00
8940 +7.406070210e-07 +7.406070210e-07 -1.728999993e+02 -1.728999993e+02 -2.9312e+00 -1.0272e+00
9168 +5.902703322e-07 +5.902703322e-07 -1.728999994e+02 -1.728999994e+02 -2.9312e+00 -1.0272e+00
9469 +2.518309827e-07 +2.518309827e-07 -1.728999997e+02 -1.728999997e+02 -2.9312e+00 -1.0272e+00
18653 +2.819115252e-08 +2.819115252e-08 -1.729000000e+02 -1.729000000e+02 -2.9312e+00 -1.0272e+00
% function evaluation | noise-free fitness - Fopt (-3.506200000000e+02) | best noise-free fitness - Fopt | measured fitness | best measured fitness | x1 | x2...
1 +2.961832576e+03 +2.961832576e+03 +2.611212576e+03 +2.611212576e+03 +4.2144e+00 +2.0758e+00
2 +2.514505100e+02 +2.514505100e+02 -9.916949001e+01 -9.916949001e+01 +1.5736e+00 -2.2454e+00
6 +2.495335284e+02 +2.495335284e+02 -1.010864716e+02 -1.010864716e+02 +4.1544e-01 +4.3011e+00
8 +1.198613870e+02 +1.198613870e+02 -2.307586130e+02 -2.307586130e+02 +1.9213e+00 -2.9104e+00
9 +8.422190025e+01 +8.422190025e+01 -2.663980998e+02 -2.663980998e+02 -1.9554e-01 +7.1928e-01
13 +4.281716950e+01 +4.281716950e+01 -3.078028305e+02 -3.078028305e+02 -4.1954e-01 -2.1435e+00
14 +2.809130049e+01 +2.809130049e+01 -3.225286995e+02 -3.225286995e+02 -2.0161e+00 -4.6572e+00
15 +7.526089767e+00 +7.526089767e+00 -3.430939102e+02 -3.430939102e+02 -4.7771e+00 -2.4203e+00
21 +1.048211420e+00 +1.048211420e+00 -3.495717886e+02 -3.495717886e+02 -4.2065e+00 -3.6193e+00
34 +2.439884823e-01 +2.439884823e-01 -3.503760115e+02 -3.503760115e+02 -3.7593e+00 -3.4818e+00
607 +1.038099457e-01 +1.038099457e-01 -3.505161901e+02 -3.505161901e+02 -3.9039e+00 -3.6728e+00
674 +3.219504654e-02 +3.219504654e-02 -3.505878050e+02 -3.505878050e+02 -3.8982e+00 -3.7416e+00
1283 +1.968989102e-02 +1.968989102e-02 -3.506003101e+02 -3.506003101e+02 -3.9072e+00 -3.7346e+00
1453 +1.104950291e-02 +1.104950291e-02 -3.506089505e+02 -3.506089505e+02 -3.9088e+00 -3.7337e+00
1586 +9.393568077e-03 +9.393568077e-03 -3.506106064e+02 -3.506106064e+02 -3.9103e+00 -3.7385e+00
1786 +6.033539898e-03 +6.033539898e-03 -3.506139665e+02 -3.506139665e+02 -3.9102e+00 -3.7386e+00
1788 +9.871887864e-04 +9.871887864e-04 -3.506190128e+02 -3.506190128e+02 -3.9100e+00 -3.7409e+00
4747 +2.710553892e-04 +2.710553892e-04 -3.506197289e+02 -3.506197289e+02 -3.9096e+00 -3.7399e+00
4985 +2.353147069e-04 +2.353147069e-04 -3.506197647e+02 -3.506197647e+02 -3.9095e+00 -3.7398e+00
6503 +3.506463707e-05 +3.506463707e-05 -3.506199649e+02 -3.506199649e+02 -3.9096e+00 -3.7400e+00
25303 +2.331241353e-05 +2.331241353e-05 -3.506199767e+02 -3.506199767e+02 -3.9096e+00 -3.7400e+00
25448 +1.285496609e-05 +1.285496609e-05 -3.506199871e+02 -3.506199871e+02 -3.9096e+00 -3.7400e+00
25752 +6.348820875e-06 +6.348820875e-06 -3.506199937e+02 -3.506199937e+02 -3.9096e+00 -3.7400e+00
25837 +5.917959470e-06 +5.917959470e-06 -3.506199941e+02 -3.506199941e+02 -3.9096e+00 -3.7400e+00
25847 +3.537099872e-06 +3.537099872e-06 -3.506199965e+02 -3.506199965e+02 -3.9096e+00 -3.7400e+00
26024 +1.811903871e-06 +1.811903871e-06 -3.506199982e+02 -3.506199982e+02 -3.9096e+00 -3.7400e+00
26086 +1.123498066e-06 +1.123498066e-06 -3.506199989e+02 -3.506199989e+02 -3.9096e+00 -3.7400e+00
26267 +9.554495932e-07 +9.554495932e-07 -3.506199990e+02 -3.506199990e+02 -3.9096e+00 -3.7400e+00
26521 +4.679874905e-07 +4.679874905e-07 -3.506199995e+02 -3.506199995e+02 -3.9096e+00 -3.7400e+00
37850 +9.570987913e-08 +9.570987913e-08 -3.506199999e+02 -3.506199999e+02 -3.9096e+00 -3.7400e+00
