% function evaluation | noise-free fitness - Fopt (1.000000000000e+03) | best noise-free fitness - Fopt | measured fitness | best measured fitness | x1 | x2...
1 +6.101515560e+02 +6.101515560e+02 +1.610151556e+03 +1.610151556e+03 +3.3206e+00 +2.1567e+00 +2.8118e+00 +1.5850e+00 -4.2072e+00 -4.6363e+00 -4.8293e+00 +8.4597e-01 +1.1318e+00 +4.5611e+00
4 +3.150180738e+02 +3.150180738e+02 +1.315018074e+03 +1.315018074e+03 -1.0264e+00 -1.6287e+00 -4.4285e+00 +3.7946e+00 -1.3846e+00 -2.1284e+00 +2.2153e-01 +1.9692e+00 -3.7725e-01 -4.3562e-01
7 +1.977210980e+02 +1.977210980e+02 +1.197721098e+03 +1.197721098e+03 -1.5975e+00 +2.6751e+00 +3.8319e+00 +3.5854e+00 +3.1906e+00 -3.2732e+00 -3.5601e+00 +1.9003e+00 -3.8669e+00 -4.3020e-01
% function evaluation | noise-free fitness - Fopt (7.003000000000e+01) | best noise-free fitness - Fopt | measured fitness | best measured fitness | x1 | x2...
1 +1.254631312e+03 +1.254631312e+03 +1.324661312e+03 +1.324661312e+03 +4.4999e+00 -4.7644e+00 +1.7025e+00 +1.8692e-01 +1.0373e+00 +4.3687e+00 -2.6644e+00 -3.8073e+00 -4.9301e+00 -2.7886e+00
2 +7.863927610e+02 +7.863927610e+02 +8.564227610e+02 +8.564227610e+02 -1.1475e+00 -4.4984e+00 -1.2791e+00 +3.0833e+00 +2.9774e+00 +3.0118e+00 +3.3544e-01 +8.4971e-01 +1.1869e+00 -2.2476e+00
9 +5.081199312e+02 +5.081199312e+02 +5.781499312e+02 +5.781499312e+02 -2.8916e+00 +7.2986e-01 -4.5102e+00 -4.6384e+00 +3.6865e+00 -2.1495e+00 +2.6692e-01 -1.0537e+00 -2.6114e+00 -3.6988e+00
29 +3.669959840e+02 +3.669959840e+02 +4.370259840e+02 +4.370259840e+02 +3.6214e+00 -1.5940e+00 -4.8239e+00 -3.4374e-01 -3.2098e+00 +2.1213e-01 +8.1041e-02 -1.3628e+00 -3.3465e+00 +5.5414e-01
94 +2.061090869e+02 +2.061090869e+02 +2.761390869e+02 +2.761390869e+02 +3.4144e+00 -1.7977e+00 -3.9044e+00 -2.8839e+00 +4.6587e+00 -2.6683e+00 -3.2790e+00 +3.5856e+00 +8.9597e-02 -3.3831e-01
% function evaluation | noise-free fitness - Fopt (-4.822000000000e+01) | best noise-free fitness - Fopt | measured fitness | best measured fitness | x1 | x2...
1 +4.959444498e+03 +4.959444498e+03 +4.911224498e+03 +4.911224498e+03 -6.0793e-02 -4.8941e+00 +1.4832e+00 -2.2937e-01 -9.5710e-01 -1.7683e+00 +4.2935e+00 -1.5117e+00 +4.9084e+00 -2.2310e+00
2 +3.231568985e+03 +3.231568985e+03 +3.183348985e+03 +3.183348985e+03 +2.7549e+00 -2.3157e+00 -5.3116e-02 +4.2698e+00 +4.3364e+00 +2.8877e+00 +2.6005e+00 -4.0010e-01 +4.0351e+00 -3.1244e+00
3 +1.404032540e+03 +1.404032540e+03 +1.355812540e+03 +1.355812540e+03 +4.6068e+00 +3.1369e+00 -4.7778e+00 +1.3608e-01 +4.4809e+00 +3.1343e+00 +1.3539e+00 -3.3788e+00 +5.3276e-01 -2.5798e+00
9 +5.814766947e+02 +5.814766947e+02 +5.332566947e+02 +5.332566947e+02 +2.5342e+00 +1.4986e+00 -2.6178e+00 -6.0140e-01 +3.2798e+00 +2.7323e+00 -4.8515e+00 -3.6068e+00 -4.5196e+00 -4.9424e+00
45 +3.181962162e+02 +3.181962162e+02 +2.699762162e+02 +2.699762162e+02 -9.6558e-01 -3.9912e+00 -7.6072e-01 +3.0765e+00 +7.2491e-01 +1.3109e+00 +1.6456e+00 +1.8434e+00 -4.2127e+00 +3.7408e+00
% function evaluation | noise-free fitness - Fopt (2.547000000000e+01) | best noise-free fitness - Fopt | measured fitness | best measured fitness | x1 | x2...
1 +4.932809534e+02 +4.932809534e+02 +5.187509534e+02 +5.187509534e+02 -1.6251e+00 +2.2526e-01 +3.1324e+00 +2.2384e+00 -4.1319e+00 +4.2457e+00 +1.6827e+00 +1.1131e+00 +2.4428e-01 +1.4121e+00
7 +3.696809798e+02 +3.696809798e+02 +3.951509798e+02 +3.951509798e+02 -3.4318e+00 +1.9948e+00 -3.6102e+00 -1.8822e+00 -4.5479e+00 -1.6142e+00 +4.5689e+00 -4.8296e-01 -1.2431e+00 -2.3693e+00
% function evaluation | noise-free fitness - Fopt (-1.008100000000e+02) | best noise-free fitness - Fopt | measured fitness | best measured fitness | x1 | x2...
1 +4.161507051e+02 +4.161507051e+02 +3.153407051e+02 +3.153407051e+02 +4.4888e+00 -3.1468e+00 -2.9547e+00 +4.1573e+00 -1.6666e+00 +2.1001e+00 -2.9588e+00 +2.3080e+00 -3.8740e+00 -1.6952e+00
5 +3.829148307e+02 +3.829148307e+02 +2.821048307e+02 +2.821048307e+02 -4.3857e+00 +2.7462e+00 +4.9446e+00 -2.0283e-01 +4.5423e+00 -1.3090e+00 +2.6760e+00 +4.6119e+00 -2.9274e+00 -1.5671e+00
26 +2.322099752e+02 +2.322099752e+02 +1.313999752e+02 +1.313999752e+02 -8.9361e-02 -3.0770e-01 -1.7110e+00 -3.4597e+00 -2.1078e-01 -3.2707e-01 +1.0703e+00 +2.2156e+00 +1.9873e-01 +4.4979e+00
% function evaluation | noise-free fitness - Fopt (4.017300000000e+02) | best noise-free fitness - Fopt | measured fitness | best measured fitness | x1 | x2...
1 +5.906810802e+02 +5.906810802e+02 +9.924110802e+02 +9.924110802e+02 +2.7962e+00 +1.2206e+00 -1.2946e+00 -3.1302e+00 +9.5292e-01 -4.7022e+00 -1.1839e+00 -2.3579e+00 -3.7551e+00 -2.0519e+00
7 +3.978958304e+02 +3.978958304e+02 +7.996258304e+02 +7.996258304e+02 +6.6933e-01 +1.7430e+00 -6.5591e-01 -3.5756e+00 +4.2240e+00 +1.5344e+00 -7.5795e-01 -3.7755e+00 -4.8744e+00 +3.4320e+00
65 +2.099877429e+02 +2.099877429e+02 +6.117177429e+02 +6.117177429e+02 +4.5250e-01 +3.3730e+00 +3.3280e+00 +3.3110e+00 +2.4662e+00 +3.4863e+00 -2.7697e+00 +5.3341e-01 +2.3905e+00 +1.3573e+00
% function evaluation | noise-free fitness - Fopt (-9.575000000000e+01) | best noise-free fitness - Fopt | measured fitness | best measured fitness | x1 | x2...
1 +2.564588326e+02 +2.564588326e+02 +1.607088326e+02 +1.607088326e+02 +1.3867e+00 +1.3367e+00 +9.7389e-01 +2.2427e+00 +3.9913e+00 +1.7874e+00 -1.7331e+00 +8.6378e-01 +4.9005e+00 +7.8960e-01
79 +2.460824326e+02 +2.460824326e+02 +1.503324326e+02 +1.503324326e+02 +2.9050e+00 +2.9071e+00 -1.0949e+00 +2.0987e+00 +2.5616e-01 -1.4410e+00 +4.7937e+00 +1.9972e+00 +3.8984e+00 +2.2822e+00
% function evaluation | noise-free fitness - Fopt (-9.136000000000e+01) | best noise-free fitness - Fopt | measured fitness | best measured fitness | x1 | x2...
1 +8.395105651e+02 +8.395105651e+02 +7.481505651e+02 +7.481505651e+02 +2.6339e+00 -3.3024e+00 +4.1250e+00 +4.2813e+00 -8.2009e-01 -1.7539e+00 -5.7525e-01 +2.0956e+00 +1.5216e+00 +3.9758e+00
7 +5.244160418e+02 +5.244160418e+02 +4.330560418e+02 +4.330560418e+02 -3.1951e+00 +4.6472e-01 -2.6256e+00 +3.5826e+00 +1.2987e+00 -4.9076e+00 +4.2989e+00 +3.9546e+00 +1.2399e-01 -1.8393e+00
11 +1.739255838e+02 +1.739255838e+02 +8.256558377e+01 +8.256558377e+01 -4.6215e+00 +3.3289e+00 +3.2479e-01 -2.3655e+00 +8.5195e-01 +1.2410e+00 -3.5878e+00 -9.3296e-01 -1.5490e+00 -3.4193e+00
% function evaluation | noise-free fitness - Fopt (2.315300000000e+02) | best noise-free fitness - Fopt | measured fitness | best measured fitness | x1 | x2...
1 +1.279617482e+03 +1.279617482e+03 +1.511147482e+03 +1.511147482e+03 +4.6887e+00 -1.9132e+00 +4.4426e+00 +2.7757e+00 +2.8222e+00 +2.1193e+00 +2.4137e+00 +4.8931e+00 +4.8041e+00 +1.8688e+00
2 +9.455834604e+02 +9.455834604e+02 +1.177113460e+03 +1.177113460e+03 -1.6185e+00 -2.1375e+00 +4.7880e+00 -4.9314e+00 +2.1356e+00 -1.4438e+00 +4.4528e+00 -7.7915e-01 -4.8470e+00 -1.4582e-01
4 +5.035374482e+02 +5.035374482e+02 +7.350674482e+02 +7.350674482e+02 -2.5298e+00 -3.2166e+00 -3.9940e-01 -5.6907e-01 +4.9187e+00 +1.3496e+00 -2.1939e-01 -4.3626e+00 +2.4762e+00 -2.5843e+00
7 +2.946106632e+02 +2.946106632e+02 +5.261406632e+02 +5.261406632e+02 -8.1727e-01 -1.5335e+00 +1.5620e-01 -4.1054e+00 +3.0979e+00 -2.3860e+00 -2.4892e+00 +5.3490e-01 -1.9865e+00 -1.4055e+00
% function evaluation | noise-free fitness - Fopt (-1.397700000000e+02) | best noise-free fitness - Fopt | measured fitness | best measured fitness | x1 | x2...
1 +3.805402410e+03 +3.805402410e+03 +3.665632410e+03 +3.665632410e+03 -1.7353e+00 -3.8096e+00 -4.2906e+00 -5.3739e-01 +3.4440e+00 -2.7786e+00 -4.2245e+00 -2.3221e+00 -1.7037e+00 -4.7380e+00
2 +4.919276117e+02 +4.919276117e+02 +3.521576117e+02 +3.521576117e+02 -2.6498e+00 +2.8195e+00 -1.1400e+00 -3.4316e+00 +4.1156e+00 -1.4402e+00 +1.1236e+00 -3.0695e+00 +1.1224e+00 +2.4067e+00
14 +2.594897644e+02 +2.594897644e+02 +1.197197644e+02 +1.197197644e+02 -3.7605e+00 +4.8663e+00 -5.9142e-01 +1.6058e+00 -1.6865e+00 -1.3906e+00 +2.4105e-01 -4.9344e+00 +1.6252e+00 +3.9277e+00
% function evaluation | noise-free fitness - Fopt (9.830000000000e+00) | best noise-free fitness - Fopt | measured fitness | best measured fitness | x1 | x2...
1 +2.850986135e+03 +2.850986135e+03 +2.860816135e+03 +2.860816135e+03 +3.5826e+00 -1.5251e+00 -4.0029e+00 +1.9352e+00 -7.8323e-01 +3.4241e+00 +1.8163e-01 +4.1173e+00 -1.1769e+00 -7.2542e-01
2 +1.280124840e+03 +1.280124840e+03 +1.289954840e+03 +1.289954840e+03 +2.9631e+00 +1.8197e+00 +4.1523e+00 -1.3098e+00 -1.7874e+00 -4.7293e-01 +3.7652e-03 +1.8603e+00 +3.7880e+00 -1.9390e+00
5 +9.056383640e+02 +9.056383640e+02 +9.154683640e+02 +9.154683640e+02 +3.7223e+00 +4.0982e-01 +4.0446e-02 +6.5452e-01 +3.2075e+00 -1.0544e+00 -1.1435e+00 -2.7469e+00 -2.9676e+00 -2.0623e+00
15 +6.220851267e+02 +6.220851267e+02 +6.319151267e+02 +6.319151267e+02 +3.9869e+00 +4.3962e+00 -2.8743e+00 -2.2751e+00 -3.1606e+00 +4.8218e+00 +4.6086e+00 -3.2563e+00 -2.9384e+00 -3.5276e+00
24 +3.465090084e+02 +3.465090084e+02 +3.563390084e+02 +3.563390084e+02 -1.0702e+00 +4.5730e+00 -3.6500e+00 -3.3017e+00 -2.0514e+00 +1.2705e+00 +3.5425e+00 -3.8715e+00 -3.2360e+00 -1.8625e+00
33 +2.279503339e+02 +2.279503339e+02 +2.377803339e+02 +2.377803339e+02 +2.5170e+00 +4.2527e+00 +3.7656e+00 +6.2919e-01 +6.1296e-01 +1.9835e+00 -2.4785e-01 -4.4476e+00 -3.8239e+00 -2.1915e+00
% function evaluation | noise-free fitness - Fopt (6.721000000000e+01) | best noise-free fitness - Fopt | measured fitness | best measured fitness | x1 | x2...
1 +3.510556447e+02 +3.510556447e+02 +4.182656447e+02 +4.182656447e+02 -6.6261e-01 -2.0136e+00 -1.1334e+00 -1.1272e+00 +3.8017e+00 +4.6490e+00 -2.7542e+00 -1.6966e+00 -9.9113e-01 +4.1578e+00
49 +2.410161022e+02 +2.410161022e+02 +3.082261022e+02 +3.082261022e+02 +1.3673e+00 +1.0890e+00 -1.4522e+00 -2.3182e+00 +4.0238e+00 -2.1591e+00 -3.1391e+00 +5.4119e-01 +3.7475e+00 +3.6269e+00
% function evaluation | noise-free fitness - Fopt (-5.296000000000e+01) | best noise-free fitness - Fopt | measured fitness | best measured fitness | x1 | x2...
1 +1.288785000e+03 +1.288785000e+03 +1.235825000e+03 +1.235825000e+03 -3.2261e+00 -4.5983e+00 +1.6113e+00 +4.8315e+00 -3.3361e+00 -7.9759e-01 +3.5796e+00 -9.2802e-01 +6.4742e-01 +3.3697e+00
2 +4.037642702e+02 +4.037642702e+02 +3.508042702e+02 +3.508042702e+02 +2.8981e+00 +2.1014e+00 -1.3136e+00 +1.9476e+00 +2.2980e+00 +3.3439e+00 -3.2366e+00 +1.4045e+00 +8.1106e-01 +6.2123e-01
% function evaluation | noise-free fitness - Fopt (8.806000000000e+01) | best noise-free fitness - Fopt | measured fitness | best measured fitness | x1 | x2...
1 +3.438028746e+02 +3.438028746e+02 +4.318628746e+02 +4.318628746e+02 -2.6896e+00 -4.5305e+00 -3.5561e+00 -2.2465e+00 +2.1748e+00 +4.0796e+00 +2.3909e+00 -2.5346e+00 -1.0324e+00 +1.2907e+00
% function evaluation | noise-free fitness - Fopt (7.853000000000e+01) | best noise-free fitness - Fopt | measured fitness | best measured fitness | x1 | x2...
1 +1.767350291e+03 +1.767350291e+03 +1.845880291e+03 +1.845880291e+03 +2.9739e+00 +1.3190e+00 -3.6957e+00 -3.0690e+00 -3.2185e+00 -3.1452e+00 +6.6048e-02 -1.8831e+00 +3.8585e+00 -4.7111e-03
4 +4.190368752e+02 +4.190368752e+02 +4.975668752e+02 +4.975668752e+02 -6.7275e-01 +2.1035e+00 +2.5196e+00 +4.4985e+00 -2.5823e-01 -4.9547e+00 +7.9724e-01 -2.3272e+00 +4.0697e+00 -4.8622e+00
63 +3.852861723e+02 +3.852861723e+02 +4.638161723e+02 +4.638161723e+02 -3.7998e+00 -6.0417e-01 +9.5401e-01 +2.2606e+00 -1.5052e-01 +1.8140e+00 +7.5791e-01 -1.8715e+00 +1.5281e+00 +2.4877e+00
