% function evaluation | noise-free fitness - Fopt (7.627000000000e+01) | best noise-free fitness - Fopt | measured fitness | best measured fitness | x1 | x2...
1 +2.010354589e+06 +2.010354589e+06 +2.010430859e+06 +2.010430859e+06 -6.1607e-01 -1.4731e+00 +3.8431e+00 -3.5903e+00 -1.9487e-01 -3.9987e+00 +2.5576e+00 -1.0275e+00 +1.1530e-01 +1.1453e+00
2 +1.513514529e+06 +1.513514529e+06 +1.513590799e+06 +1.513590799e+06 -7.8497e-01 +3.1670e+00 +6.9148e-01 -4.4285e+00 +2.4292e-02 -4.6074e+00 +1.4871e-01 +3.8545e+00 -2.0720e+00 +3.0311e+00
4 +4.627141892e+05 +4.627141892e+05 +4.627904592e+05 +4.627904592e+05 -4.8424e+00 +1.0579e+00 -1.0686e+00 +1.5031e+00 +2.8207e+00 +9.4256e-01 +1.7989e-01 -3.1806e+00 +7.4409e-02 -1.6690e-01
9 +1.937334714e+05 +1.937334714e+05 +1.938097414e+05 +1.938097414e+05 +3.1322e+00 -1.9606e+00 +4.4938e+00 +8.6149e-01 -3.5817e+00 +6.6609e-01 +3.0988e+00 -3.9255e+00 -4.1595e+00 +1.8445e+00
29 +4.355080087e+04 +4.355080087e+04 +4.362707087e+04 +4.362707087e+04 -1.4482e+00 -1.8734e+00 -2.8371e+00 +3.1210e+00 -2.8902e+00 -2.0304e-01 -3.8849e+00 +4.0790e+00 -4.7346e+00 +2.2395e+00
32 +2.385922516e+04 +2.385922516e+04 +2.393549516e+04 +2.393549516e+04 -2.7888e+00 -1.3435e+00 +6.9450e-01 +2.8151e+00 -8.4541e-01 -3.5245e+00 -1.3626e-01 -2.7513e+00 -5.1546e-01 +2.5665e+00
33 +3.749894819e+02 +3.749894819e+02 +4.512594819e+02 +4.512594819e+02 +8.7712e-01 +6.8573e-01 -3.5516e+00 -4.3457e-01 +2.1188e+00 +4.4539e+00 -1.4949e+00 +1.2638e+00 -4.1230e+00 -3.6128e+00
200 +2.076263409e+02 +2.076263409e+02 +2.838963409e+02 +2.838963409e+02 +1.3454e+00 -9.4366e-01 -4.7849e+00 +1.8896e+00 +3.3480e+00 -3.6063e+00 -1.5898e+00 -1.5191e+00 -4.1547e-01 +7.7408e-01
409 +6.274917468e+01 +6.274917468e+01 +1.390191747e+02 +1.390191747e+02 -3.1218e+00 -4.2082e+00 -1.9170e+00 -1.0208e-01 -2.0944e+00 +4.1787e+00 +2.8752e+00 +1.5509e+00 -1.4758e-03 +3.5107e+00
17772 +3.791518737e+01 +3.791518737e+01 +1.141851874e+02 +1.141851874e+02 -2.0809e+00 -2.1596e+00 -8.0827e-01 -7.4034e-01 -2.0606e+00 +2.4261e+00 +2.2214e+00 +6.7803e-01 +4.6636e-01 +3.7285e+00
23777 +2.380976744e+01 +2.380976744e+01 +1.000797674e+02 +1.000797674e+02 -1.7162e+00 -2.8792e+00 -8.2427e-01 +1.7725e-01 -2.3079e+00 +8.4179e-01 +1.5732e+00 +1.8423e-01 +8.7009e-01 +4.4523e+00
57155 +1.524022900e+01 +1.524022900e+01 +9.151022900e+01 +9.151022900e+01 -1.2648e+00 -2.3782e+00 -1.3066e+00 +4.2939e-01 -1.9115e+00 +1.9139e-01 +1.4078e+00 +6.6560e-01 +9.5536e-02 +4.2537e+00
77885 +9.170121851e+00 +9.170121851e+00 +8.544012185e+01 +8.544012185e+01 -1.1216e+00 -2.6454e+00 -1.3051e+00 +3.1435e-01 -1.7501e+00 -5.2377e-01 +9.8559e-01 +1.0420e+00 +2.0040e-01 +3.5859e+00
83866 +6.278598853e+00 +6.278598853e+00 +8.254859885e+01 +8.254859885e+01 -1.1409e+00 -2.9849e+00 -1.3888e+00 +3.2796e-01 -1.7521e+00 -5.7714e-01 +7.3798e-01 +9.4009e-01 +3.0004e-02 +3.5495e+00
113111 +3.935233410e+00 +3.935233410e+00 +8.020523341e+01 +8.020523341e+01 -1.1775e+00 -3.0185e+00 -1.3359e+00 +2.3819e-01 -1.7644e+00 -1.0732e+00 +2.9512e-01 +1.0443e+00 -3.3898e-02 +3.4319e+00
130256 +2.229823494e+00 +2.229823494e+00 +7.849982349e+01 +7.849982349e+01 -6.4284e-01 -3.1541e+00 -1.6280e+00 +3.6614e-01 -1.7222e+00 -1.5020e+00 -2.1174e-01 +1.0085e+00 -3.6928e-01 +3.6059e+00
149621 +1.572278656e+00 +1.572278656e+00 +7.784227866e+01 +7.784227866e+01 -7.7654e-01 -2.8628e+00 -1.3293e+00 +2.4241e-01 -1.8405e+00 -1.4569e+00 -4.2881e-01 +1.0546e+00 -6.1880e-01 +3.3474e+00
% function evaluation | noise-free fitness - Fopt (-2.255000000000e+01) | best noise-free fitness - Fopt | measured fitness | best measured fitness | x1 | x2...
1 +9.150427213e+06 +9.150427213e+06 +9.150404663e+06 +9.150404663e+06 -1.4847e+00 +7.7219e-01 -7.1000e-01 +1.9426e+00 +4.9186e+00 +4.7014e+00 -4.6574e+00 -3.1569e+00 +2.3704e+00 +1.3593e+00
2 +2.037999222e+06 +2.037999222e+06 +2.037976672e+06 +2.037976672e+06 -3.7697e+00 -3.7820e+00 -1.8108e+00 -1.8407e-01 +2.1844e+00 -1.3253e+00 -2.9730e+00 +3.1827e+00 +2.8937e-01 -1.6257e+00
8 +6.408217884e+05 +6.408217884e+05 +6.407992384e+05 +6.407992384e+05 +1.0105e+00 +3.2323e+00 +1.2181e-01 +5.3120e-01 +1.5952e-01 -1.0247e+00 -2.0429e-02 -4.5273e+00 -4.2413e-01 +1.6235e+00
18 +8.368582036e+04 +8.368582036e+04 +8.366327036e+04 +8.366327036e+04 -1.6240e+00 +1.9438e+00 +4.2915e+00 +3.3313e-01 -4.2880e+00 -1.7871e+00 -3.7483e+00 +7.8699e-01 +4.1275e+00 +1.3608e+00
42 +1.350227534e+02 +1.350227534e+02 +1.124727534e+02 +1.124727534e+02 -1.9980e+00 -3.9285e+00 +1.3732e+00 +2.4631e+00 +7.2588e-01 +1.8524e+00 +1.2538e+00 -4.0703e+00 -2.1019e+00 -1.4291e+00
616 +9.780513279e+01 +9.780513279e+01 +7.525513279e+01 +7.525513279e+01 +3.4430e+00 -3.2943e-01 -2.0474e+00 -3.9793e+00 +2.4106e+00 +1.7650e+00 +4.7419e+00 -1.6602e+00 +3.1770e+00 -8.8014e-01
3537 +6.296497205e+01 +6.296497205e+01 +4.041497205e+01 +4.041497205e+01 +3.5116e+00 +1.7396e+00 -2.4282e+00 -2.1618e+00 +2.8306e+00 +3.8606e+00 +2.8504e+00 -5.0000e+00 +1.5905e+00 -2.7472e+00
40116 +3.870711017e+01 +3.870711017e+01 +1.615711017e+01 +1.615711017e+01 +2.1506e+00 +8.9849e-02 +2.7146e+00 -1.7268e+00 +3.3248e+00 +2.3155e+00 +2.4877e+00 -1.8393e+00 -3.3270e-02 -1.9804e+00
57019 +2.032278180e+01 +2.032278180e+01 -2.227218200e+00 -2.227218200e+00 +2.6560e+00 +8.1632e-01 +2.5943e+00 -3.0824e+00 +6.3385e-01 -1.3744e-01 +2.5355e+00 -4.0310e+00 +2.7722e+00 +6.3515e-01
58487 +1.025892523e+01 +1.025892523e+01 -1.229107477e+01 -1.229107477e+01 +2.6508e+00 +8.0467e-01 +2.5900e+00 -3.0762e+00 +6.3973e-01 -1.3919e-01 +2.5500e+00 -4.0435e+00 +2.7649e+00 +6.4789e-01
58737 +9.737287649e+00 +9.737287649e+00 -1.281271235e+01 -1.281271235e+01 +2.6442e+00 +8.1616e-01 +2.5925e+00 -3.0929e+00 +6.3965e-01 -1.4638e-01 +2.5332e+00 -4.0549e+00 +2.7873e+00 +6.3972e-01
63776 +5.983295760e+00 +5.983295760e+00 -1.656670424e+01 -1.656670424e+01 +2.2163e+00 +2.3566e+00 +1.0117e+00 -1.8340e+00 +1.4344e+00 -4.0288e-01 +5.8882e-01 -4.8891e+00 +3.2243e+00 +4.4470e-01
86310 +3.904160611e+00 +3.904160611e+00 -1.864583939e+01 -1.864583939e+01 +1.5884e+00 +1.7146e+00 +1.9196e+00 -2.5869e+00 +2.3285e+00 -1.3022e+00 +2.6146e-01 -4.9439e+00 +2.4213e+00 -1.6242e-01
104776 +2.457138150e+00 +2.457138150e+00 -2.009286185e+01 -2.009286185e+01 +2.0123e+00 +1.9571e+00 +1.8234e+00 -2.3648e+00 +2.2068e+00 -1.3997e+00 +2.6842e-01 -4.6672e+00 +2.8127e+00 -2.6683e-01
116021 +1.527426143e+00 +1.527426143e+00 -2.102257386e+01 -2.102257386e+01 +2.2601e+00 +2.0125e+00 +1.9706e+00 -2.3353e+00 +2.1049e+00 -1.3139e+00 +4.6831e-01 -4.6815e+00 +2.4823e+00 -1.9863e-01
142981 +9.982276376e-01 +9.982276376e-01 -2.155177236e+01 -2.155177236e+01 +1.9642e+00 +2.0708e+00 +2.1678e+00 -2.6454e+00 +1.9942e+00 -1.1528e+00 +3.3656e-01 -4.2641e+00 +2.1925e+00 -1.5760e-01
% function evaluation | noise-free fitness - Fopt (1.366000000000e+01) | best noise-free fitness - Fopt | measured fitness | best measured fitness | x1 | x2...
1 +8.432112913e+06 +8.432112913e+06 +8.432126573e+06 +8.432126573e+06 -4.6762e+00 +4.8209e+00 +1.6454e+00 +2.1739e+00 -4.1578e+00 +2.5240e+00 -6.8912e-01 -4.0495e+00 +2.9650e+00 -3.7580e+00
2 +5.814782750e+05 +5.814782750e+05 +5.814919350e+05 +5.814919350e+05 -5.4531e-01 +4.7405e+00 +2.0782e+00 +1.7761e+00 +1.3311e+00 +2.7853e+00 -5.2564e-01 -4.5829e+00 -5.0527e-01 +8.9449e-01
8 +2.328801431e+05 +2.328801431e+05 +2.328938031e+05 +2.328938031e+05 -5.0377e-01 -2.6914e+00 -3.9476e+00 +9.2149e-01 +2.3869e+00 -4.0950e-01 +3.6686e-03 -4.3668e+00 +9.2755e-01 +3.9234e+00
52 +1.423309595e+05 +1.423309595e+05 +1.423446195e+05 +1.423446195e+05 -2.3883e+00 -3.8719e+00 -3.2610e+00 -1.1848e+00 +3.6746e+00 -3.3436e+00 +7.2490e-01 +2.2782e+00 +2.2796e+00 -7.1095e-01
55 +8.266073886e+02 +8.266073886e+02 +8.402673886e+02 +8.402673886e+02 -4.4909e+00 +8.9228e-01 -1.5396e+00 +1.1963e+00 -4.1227e+00 -1.5718e+00 +2.8576e+00 -7.2678e-01 +4.7085e+00 -3.3358e+00
171 +4.100509049e+02 +4.100509049e+02 +4.237109049e+02 +4.237109049e+02 -1.3840e+00 +3.1473e+00 -2.6240e+00 -2.4750e+00 -2.7082e+00 -2.1803e+00 -2.0218e-01 +5.7094e-01 -1.9508e+00 -3.7904e-01
512 +1.193803656e+02 +1.193803656e+02 +1.330403656e+02 +1.330403656e+02 +2.4048e+00 +1.4219e+00 +2.4966e+00 +3.6143e+00 +1.4653e-01 -3.8864e+00 +5.2823e-01 +2.0937e+00 -4.2493e+00 -2.3080e+00
697 +8.623123006e+01 +8.623123006e+01 +9.989123006e+01 +9.989123006e+01 +8.5173e-01 +1.8955e-01 -1.1050e+00 -1.7990e+00 +2.5564e+00 +1.1181e+00 +2.4641e+00 -8.3461e-01 +3.6418e+00 +1.6125e+00
1403 +5.887748391e+01 +5.887748391e+01 +7.253748391e+01 +7.253748391e+01 -1.8543e+00 +1.8849e+00 +4.6191e+00 +3.1247e+00 -3.9791e+00 +5.0878e-01 +4.6245e+00 -5.1431e-01 -1.3625e+00 +1.7754e-01
8452 +3.486080316e+01 +3.486080316e+01 +4.852080316e+01 +4.852080316e+01 -1.1686e+00 +1.3586e+00 +4.7175e+00 +2.3689e+00 -4.5900e+00 -3.0407e-01 +5.0000e+00 -2.6601e+00 -5.3595e-01 -1.4840e+00
17652 +2.510291757e+01 +2.510291757e+01 +3.876291757e+01 +3.876291757e+01 -9.9487e-01 +1.5412e+00 +4.5376e+00 +2.1883e+00 -4.0858e+00 -7.2272e-02 +4.7038e+00 -3.4263e+00 -2.9155e-01 -1.4926e+00
22229 +1.583638487e+01 +1.583638487e+01 +2.949638487e+01 +2.949638487e+01 -9.3104e-01 +2.0788e+00 +3.2996e+00 +2.2882e+00 -3.4143e+00 -2.2041e+00 +2.9164e+00 -2.8215e+00 +1.8957e+00 -3.3847e+00
39949 +9.573092971e+00 +9.573092971e+00 +2.323309297e+01 +2.323309297e+01 -4.4084e-01 +2.2487e+00 +3.2997e+00 +1.9191e+00 -3.2542e+00 -1.8780e+00 +3.1615e+00 -3.0261e+00 +1.9585e+00 -3.6212e+00
57796 +6.062450135e+00 +6.062450135e+00 +1.972245013e+01 +1.972245013e+01 +1.4340e-01 +1.6853e+00 +2.7604e+00 +8.6892e-01 -3.3277e+00 -6.8185e-01 +4.4597e+00 -2.5855e+00 +1.4543e+00 -3.3654e+00
81172 +3.969750410e+00 +3.969750410e+00 +1.762975041e+01 +1.762975041e+01 -3.2639e-01 +2.0227e+00 +2.6691e+00 +7.7485e-01 -2.9227e+00 -5.7276e-01 +4.2597e+00 -2.4644e+00 +1.3155e+00 -3.6437e+00
103130 +2.438065477e+00 +2.438065477e+00 +1.609806548e+01 +1.609806548e+01 -6.9816e-02 +1.7936e+00 +2.3994e+00 +5.4994e-01 -2.4693e+00 -7.6651e-01 +3.9255e+00 -2.7678e+00 +1.2512e+00 -3.5086e+00
106599 +1.559613504e+00 +1.559613504e+00 +1.521961350e+01 +1.521961350e+01 -3.4587e-02 +1.9254e+00 +2.6140e+00 +5.3472e-01 -2.2796e+00 -1.0502e+00 +3.6697e+00 -2.8727e+00 +1.2143e+00 -3.5857e+00
125558 +9.925461939e-01 +9.925461939e-01 +1.465254619e+01 +1.465254619e+01 +1.6302e-01 +1.8613e+00 +2.7034e+00 +3.7298e-01 -1.7699e+00 -9.3279e-01 +3.7648e+00 -2.8294e+00 +8.2789e-01 -3.7837e+00
136259 +6.050366037e-01 +6.050366037e-01 +1.426503660e+01 +1.426503660e+01 +4.2401e-01 +1.9679e+00 +2.7990e+00 +4.7711e-01 -1.6021e+00 -8.2999e-01 +3.7928e+00 -2.8732e+00 +8.4927e-01 -3.9306e+00
143081 +3.635529970e-01 +3.635529970e-01 +1.402355300e+01 +1.402355300e+01 +2.8581e-01 +2.0626e+00 +2.8017e+00 +5.1034e-01 -1.6942e+00 -7.0722e-01 +3.7529e+00 -3.2291e+00 +7.5095e-01 -3.9298e+00
% function evaluation | noise-free fitness - Fopt (9.378400000000e+02) | best noise-free fitness - Fopt | measured fitness | best measured fitness | x1 | x2...
1 +1.413983664e+07 +1.413983664e+07 +1.414077448e+07 +1.414077448e+07 -1.3706e+00 +1.0381e+00 +1.3092e+00 -2.2961e+00 -3.3868e+00 -1.7310e+00 +3.0635e+00 +4.8485e+00 -1.2433e+00 +3.6732e+00
2 +9.350887109e+06 +9.350887109e+06 +9.351824949e+06 +9.351824949e+06 -1.3764e-01 +3.2867e+00 +2.9365e+00 +4.3802e+00 +1.3780e+00 -4.9124e+00 -4.5491e+00 +4.2132e+00 -1.5653e+00 +4.6212e+00
3 +5.447822525e+04 +5.447822525e+04 +5.541606525e+04 +5.541606525e+04 +3.8223e-01 +4.7923e+00 +1.3023e+00 +4.6698e+00 +4.4925e+00 -3.0616e+00 -3.9131e+00 -4.1739e-01 -3.9548e+00 +4.2315e+00
46 +3.747489749e+04 +3.747489749e+04 +3.841273749e+04 +3.841273749e+04 +1.3990e+00 +2.1714e+00 -8.9349e-01 +3.0280e+00 +1.8162e+00 +2.1432e-01 -2.3639e+00 -2.2878e+00 +2.0441e+00 +4.1191e-01
133 +1.200482064e+03 +1.200482064e+03 +2.138322064e+03 +2.138322064e+03 +4.1070e+00 +4.2822e-01 -4.5115e+00 -2.1221e+00 +3.6117e+00 -1.1011e+00 -4.4017e+00 -4.1670e+00 +4.2975e+00 -1.6920e+00
144 +5.269831569e+02 +5.269831569e+02 +1.464823157e+03 +1.464823157e+03 -2.4772e+00 -2.5771e+00 -2.4692e+00 +3.3574e+00 +4.5541e+00 -2.7244e+00 -7.8596e-01 -4.9796e+00 +1.5435e+00 -1.9944e+00
371 +2.758110649e+02 +2.758110649e+02 +1.213651065e+03 +1.213651065e+03 +1.8935e+00 +1.6996e+00 -2.2740e+00 -4.3704e+00 -2.7756e+00 +3.8136e+00 -5.6851e-01 -3.3347e+00 +3.5880e+00 -2.7802e+00
518 +1.921541193e+02 +1.921541193e+02 +1.129994119e+03 +1.129994119e+03 +2.3379e+00 +1.7615e+00 +1.4489e+00 +3.4140e+00 +4.5672e+00 -1.5851e+00 +3.0555e+00 -3.6196e+00 +2.9488e+00 -1.8734e+00
519 +1.521506267e+02 +1.521506267e+02 +1.089990627e+03 +1.089990627e+03 +1.8877e+00 +1.6975e+00 -2.2669e+00 -4.3746e+00 -2.7806e+00 +3.8063e+00 -5.6079e-01 -3.3259e+00 +3.5849e+00 -2.7872e+00
963 +9.476118051e+01 +9.476118051e+01 +1.032601181e+03 +1.032601181e+03 +1.3562e+00 +2.1817e+00 -9.3618e-01 +3.0214e+00 +1.9342e+00 +1.5805e-01 -2.3479e+00 -2.4595e+00 +2.1860e+00 +4.5702e-01
17209 +6.307625465e+01 +6.307625465e+01 +1.000916255e+03 +1.000916255e+03 +1.2113e+00 +2.9249e+00 +7.2419e-01 +2.0082e+00 +4.1147e-01 +1.3158e+00 -2.6219e+00 -1.6667e+00 +2.2362e+00 +3.1145e-01
21029 +3.975160950e+01 +3.975160950e+01 +9.775916095e+02 +9.775916095e+02 -8.9680e-01 +3.7705e+00 +1.5824e+00 +3.2054e+00 +7.6617e-01 +1.3044e+00 -1.8151e+00 +9.8273e-01 +1.8677e+00 +1.7691e+00
25104 +2.494370363e+01 +2.494370363e+01 +9.627837036e+02 +9.627837036e+02 -4.4820e-01 +4.4549e+00 +2.6148e+00 +2.8526e+00 -6.9617e-01 +3.3291e+00 -1.8054e+00 +1.9939e+00 +3.0056e+00 +2.0612e+00
54063 +9.917366024e+00 +9.917366024e+00 +9.477573660e+02 +9.477573660e+02 -7.2753e-01 +2.9892e+00 +3.8092e+00 +9.6700e-01 -1.8136e+00 +3.8883e+00 -1.6133e+00 +1.3601e+00 +1.6005e+00 +2.5421e+00
77629 +6.241877617e+00 +6.241877617e+00 +9.440818776e+02 +9.440818776e+02 -8.6505e-01 +2.9196e+00 +3.7175e+00 +3.1006e-01 -1.7173e+00 +3.9964e+00 -1.3386e+00 +1.7711e+00 +1.7086e+00 +2.5450e+00
97121 +3.977543544e+00 +3.977543544e+00 +9.418175435e+02 +9.418175435e+02 -6.5227e-01 +3.0244e+00 +3.6073e+00 +1.2368e-03 -1.6235e+00 +3.7811e+00 -1.6057e+00 +1.7874e+00 +1.8233e+00 +2.4617e+00
109425 +2.157932415e+00 +2.157932415e+00 +9.399979324e+02 +9.399979324e+02 -6.9306e-01 +3.2646e+00 +3.7425e+00 -3.0169e-01 -1.6527e+00 +3.4099e+00 -1.5236e+00 +1.9839e+00 +1.8774e+00 +2.4054e+00
123553 +1.457659764e+00 +1.457659764e+00 +9.392976598e+02 +9.392976598e+02 -3.9248e-01 +3.3822e+00 +3.5286e+00 -4.5132e-01 -1.5033e+00 +3.3320e+00 -1.6887e+00 +2.0745e+00 +1.9663e+00 +2.5524e+00
144288 +9.746855567e-01 +9.746855567e-01 +9.388146856e+02 +9.388146856e+02 -2.4609e-01 +3.4122e+00 +3.5889e+00 -7.1121e-01 -1.3987e+00 +3.2596e+00 -1.4961e+00 +2.2099e+00 +2.1519e+00 +2.5465e+00
% function evaluation | noise-free fitness - Fopt (-7.872000000000e+01) | best noise-free fitness - Fopt | measured fitness | best measured fitness | x1 | x2...
1 +5.974935327e+07 +5.974935327e+07 +5.974927455e+07 +5.974927455e+07 +4.3840e-01 +1.4792e+00 -2.2248e+00 -2.0079e+00 -1.6449e-01 -3.8179e+00 +4.3802e+00 -4.5285e+00 -1.2914e+00 +4.6836e+00
2 +1.047474730e+06 +1.047474730e+06 +1.047396010e+06 +1.047396010e+06 +1.8989e+00 +3.0588e-02 -2.3510e+00 +3.9140e+00 -1.5006e+00 +6.9677e-01 -2.1555e+00 +1.4516e+00 -3.9350e+00 +1.2963e+00
6 +5.022905734e+05 +5.022905734e+05 +5.022118534e+05 +5.022118534e+05 -1.4087e+00 +4.2884e-02 +4.9487e+00 -1.0755e+00 +2.0573e+00 +4.5648e+00 +3.5619e+00 +3.8155e+00 +8.7883e-01 +3.2306e+00
13 +1.185121146e+04 +1.185121146e+04 +1.177249146e+04 +1.177249146e+04 -1.2728e-01 -2.6861e+00 +3.1585e+00 -4.5590e+00 +3.0237e+00 +2.0843e+00 +6.4870e-01 -1.7641e-01 +3.0774e+00 +1.9075e+00
31 +2.593581760e+02 +2.593581760e+02 +1.806381760e+02 +1.806381760e+02 +1.1521e+00 -6.2383e-01 -3.0032e+00 +8.2492e-01 +4.8175e-01 +1.2636e+00 +3.3354e-01 -7.7203e-02 -8.0631e-01 -8.2293e-01
150 +1.356501477e+02 +1.356501477e+02 +5.693014768e+01 +5.693014768e+01 -2.1066e+00 -6.3532e-01 -1.9997e+00 -1.5224e+00 -3.0926e+00 +3.9635e+00 +2.8897e+00 +6.5065e-01 +4.4030e+00 +4.0827e+00
446 +8.928147286e+01 +8.928147286e+01 +1.056147286e+01 +1.056147286e+01 +4.9434e+00 +1.4141e+00 -4.9749e+00 -5.5819e-01 +1.7463e+00 +4.6669e-01 -1.9241e+00 +4.2658e+00 -7.1177e-01 +5.1726e-02
15932 +6.301308975e+01 +6.301308975e+01 -1.570691025e+01 -1.570691025e+01 +3.2672e+00 -1.6632e-01 -4.8066e+00 -4.6975e-01 +2.1380e+00 +5.0715e-01 -8.7195e-01 +4.4041e+00 +7.9475e-01 -6.5357e-02
29776 +3.536941086e+01 +3.536941086e+01 -4.335058914e+01 -4.335058914e+01 +2.1969e+00 -9.0409e-02 -3.3209e+00 -2.1721e-01 +1.8840e+00 -8.1886e-01 +3.5856e-01 +5.0000e+00 +2.3691e+00 -7.9032e-01
50988 +2.449157007e+01 +2.449157007e+01 -5.422842993e+01 -5.422842993e+01 +2.5830e+00 -2.5493e-01 -2.9443e+00 +1.6181e-02 +1.4847e+00 -1.5757e+00 +2.6586e-01 +4.1106e+00 +2.7354e+00 -8.9351e-01
53550 +1.446880860e+01 +1.446880860e+01 -6.425119140e+01 -6.425119140e+01 +1.5433e+00 -7.7131e-01 -2.4171e+00 -1.4932e-02 +5.3555e-02 -1.7051e+00 +1.5253e+00 +3.6153e+00 +3.1685e+00 -8.4343e-01
65922 +9.880795497e+00 +9.880795497e+00 -6.883920450e+01 -6.883920450e+01 +2.1097e+00 -6.0298e-01 -2.4438e+00 +3.9526e-01 -9.2482e-02 -1.9326e+00 +1.5556e+00 +3.5861e+00 +3.2687e+00 -1.0669e+00
89216 +6.246983080e+00 +6.246983080e+00 -7.247301692e+01 -7.247301692e+01 +2.2388e+00 -6.9714e-01 -2.5147e+00 +3.1833e-01 -3.9300e-01 -2.2216e+00 +1.6830e+00 +3.1866e+00 +3.5697e+00 -1.2513e+00
98771 +3.255761236e+00 +3.255761236e+00 -7.546423876e+01 -7.546423876e+01 +2.6263e+00 -6.4269e-01 -2.4182e+00 +1.9963e-01 -7.5387e-01 -2.7217e+00 +1.6640e+00 +3.1670e+00 +3.4661e+00 -1.3513e+00
105557 +2.508008727e+00 +2.508008727e+00 -7.621199127e+01 -7.621199127e+01 +2.7878e+00 -6.5883e-01 -2.3201e+00 +1.1337e-01 -7.3883e-01 -2.7828e+00 +1.7175e+00 +3.0723e+00 +3.6131e+00 -1.4514e+00
122108 +1.494869648e+00 +1.494869648e+00 -7.722513035e+01 -7.722513035e+01 +2.7279e+00 -7.6558e-01 -2.3266e+00 +2.5309e-03 -1.1630e+00 -3.2107e+00 +1.8036e+00 +2.9859e+00 +3.6982e+00 -1.4401e+00
147447 +9.870527508e-01 +9.870527508e-01 -7.773294725e+01 -7.773294725e+01 +2.9099e+00 -9.4339e-01 -2.2673e+00 +7.1562e-02 -1.2759e+00 -3.1213e+00 +1.9653e+00 +3.0108e+00 +3.8265e+00 -1.3755e+00
% function evaluation | noise-free fitness - Fopt (-5.984300000000e+02) | best noise-free fitness - Fopt | measured fitness | best measured fitness | x1 | x2...
1 +9.691609388e+05 +9.691609388e+05 +9.685625088e+05 +9.685625088e+05 -4.5560e+00 +2.0262e+00 -3.2255e+00 +3.3479e+00 +3.3807e+00 -3.9459e+00 +2.4330e+00 -2.2397e+00 -4.1536e+00 +4.2157e+00
60 +4.734778336e+04 +4.734778336e+04 +4.674935336e+04 +4.674935336e+04 -1.1898e+00 -2.7025e+00 +1.6307e-01 -1.4904e+00 -1.2724e+00 -4.8522e+00 -8.8226e-01 +3.9519e+00 +3.5171e+00 -3.0086e+00
128 +4.939160570e+03 +4.939160570e+03 +4.340730570e+03 +4.340730570e+03 -4.0674e+00 +1.4266e+00 +7.3252e-01 -3.1667e+00 +4.9760e+00 -7.5557e-01 -3.2464e+00 +4.8461e+00 +1.1607e+00 -2.6851e+00
577 +1.100245444e+02 +1.100245444e+02 -4.884054556e+02 -4.884054556e+02 -4.0549e+00 +1.3869e+00 +6.0215e-01 -3.0293e+00 +5.0000e+00 -7.4320e-01 -3.1148e+00 +4.7988e+00 +1.1810e+00 -2.8091e+00
6139 +9.470949240e+01 +9.470949240e+01 -5.037205076e+02 -5.037205076e+02 -5.0000e+00 +8.1376e-01 -1.4476e+00 -2.0309e+00 +4.3964e+00 -8.3953e-01 -3.1185e+00 +4.6991e+00 +9.3784e-01 -2.5186e+00
13783 +5.748775908e+01 +5.748775908e+01 -5.409422409e+02 -5.409422409e+02 -2.9138e+00 -8.2310e-01 -1.6017e+00 -3.5558e+00 +2.1972e+00 -2.1080e+00 -3.7380e+00 +5.0000e+00 +1.6844e+00 -1.6502e+00
35533 +3.868143662e+01 +3.868143662e+01 -5.597485634e+02 -5.597485634e+02 -2.5767e+00 -1.5323e-01 -1.8947e+00 -3.9617e+00 +1.9492e+00 -2.3755e+00 -3.7214e+00 +4.5307e+00 +1.3488e+00 -8.3765e-01
65306 +2.511861841e+01 +2.511861841e+01 -5.733113816e+02 -5.733113816e+02 -2.1081e+00 +1.0141e-01 -2.2797e+00 -4.8696e+00 +7.4751e-01 -2.5733e+00 -4.0773e+00 +4.8679e+00 +1.1294e+00 +4.8507e-01
80901 +1.514750884e+01 +1.514750884e+01 -5.832824912e+02 -5.832824912e+02 -2.5272e+00 +2.3161e-02 -3.9985e+00 -4.9984e+00 +3.8719e-01 -3.7021e+00 -3.0763e+00 +2.6447e+00 +2.1662e+00 +1.1972e+00
98435 +9.728419361e+00 +9.728419361e+00 -5.887015806e+02 -5.887015806e+02 -2.4338e+00 +8.2490e-01 -4.0424e+00 -3.4552e+00 +3.1699e-01 -3.7314e+00 -3.6058e+00 +1.6862e+00 +1.8153e+00 +1.8624e+00
116359 +6.177938827e+00 +6.177938827e+00 -5.922520612e+02 -5.922520612e+02 -2.2155e+00 +1.3210e+00 -3.5086e+00 -3.8476e+00 +2.9394e-01 -3.5470e+00 -3.4065e+00 +2.1288e+00 +1.6888e+00 +2.4108e+00
140052 +3.970551921e+00 +3.970551921e+00 -5.944594481e+02 -5.944594481e+02 -2.0607e+00 +1.4097e+00 -3.5569e+00 -3.9843e+00 +4.8782e-02 -3.4667e+00 -3.4075e+00 +2.5803e+00 +1.4394e+00 +2.8586e+00
% function evaluation | noise-free fitness - Fopt (-8.542000000000e+01) | best noise-free fitness - Fopt | measured fitness | best measured fitness | x1 | x2...
1 +1.973623197e+06 +1.973623197e+06 +1.973537777e+06 +1.973537777e+06 +3.6740e+00 +5.6800e-02 +3.5584e-01 +3.3964e+00 +3.5126e+00 -2.7481e+00 +4.5780e+00 +1.6782e+00 -2.8471e+00 -2.2597e+00
23 +1.146241839e+05 +1.146241839e+05 +1.145387639e+05 +1.145387639e+05 +8.7751e-01 +1.4519e+00 -2.8449e+00 +4.2421e-01 -9.5883e-01 -1.3136e+00 +7.8489e-01 -1.1850e+00 -4.0808e+00 -1.6859e+00
36 +6.255189868e+04 +6.255189868e+04 +6.246647868e+04 +6.246647868e+04 +2.7919e+00 -4.8901e+00 +1.6353e+00 +2.5218e+00 -5.0431e-01 +2.0976e+00 -4.5168e+00 -2.0296e+00 +9.2593e-01 +3.0689e+00
41 +3.535893593e+03 +3.535893593e+03 +3.450473593e+03 +3.450473593e+03 -4.9930e+00 +9.2910e-01 +2.5720e-01 -2.4855e-01 +4.0430e-01 -1.5061e+00 -3.9939e+00 -2.7095e+00 -3.7125e+00 +2.4552e-01
73 +3.661263713e+02 +3.661263713e+02 +2.807063713e+02 +2.807063713e+02 -1.5951e+00 -4.0271e+00 +2.2682e+00 -4.6056e+00 -3.5025e+00 -2.4550e-01 -2.5233e+00 +8.3804e-01 -1.3408e+00 -2.6047e+00
170 +1.784075898e+02 +1.784075898e+02 +9.298758981e+01 +9.298758981e+01 -4.9231e+00 -4.5101e+00 +4.8309e+00 -1.6122e+00 +1.8262e-01 -8.9142e-01 +1.9928e+00 +1.2494e+00 -3.2487e+00 +2.0386e+00
614 +1.007861639e+02 +1.007861639e+02 +1.536616386e+01 +1.536616386e+01 +4.1067e+00 -1.9372e+00 -3.6425e-01 -2.3107e+00 -2.2660e+00 +8.6024e-01 +1.9209e+00 +4.0666e+00 +1.0781e+00 +2.1752e+00
673 +9.360421586e+01 +9.360421586e+01 +8.184215861e+00 +8.184215861e+00 +1.9709e+00 +3.4184e+00 -4.9040e+00 +2.6181e+00 +5.7524e-01 -2.3451e+00 +2.8539e+00 -1.0392e+00 -4.3636e-01 +9.5732e-01
1555 +6.072166296e+01 +6.072166296e+01 -2.469833704e+01 -2.469833704e+01 +4.0925e+00 -1.9308e+00 -3.5603e-01 -2.3016e+00 -2.2526e+00 +8.5842e-01 +1.9116e+00 +4.0723e+00 +1.0797e+00 +2.1551e+00
22313 +3.959826487e+01 +3.959826487e+01 -4.582173513e+01 -4.582173513e+01 +4.1493e+00 -6.0610e-01 -1.0368e+00 -7.1012e-01 -2.5572e-02 -7.8341e-01 +2.6752e+00 +4.0725e+00 +1.3956e+00 +2.7774e+00
37697 +2.503218789e+01 +2.503218789e+01 -6.038781211e+01 -6.038781211e+01 +3.4033e+00 -6.1073e-01 -6.3238e-01 +6.2354e-02 -1.9788e-01 -1.3808e+00 +2.2618e+00 +3.4306e+00 +1.5146e+00 +2.9530e+00
48443 +8.453317628e+00 +8.453317628e+00 -7.696668237e+01 -7.696668237e+01 +3.1710e+00 +5.8867e-01 -6.3403e-01 +3.7103e+00 -9.4134e-01 -2.5375e+00 +1.6642e+00 +2.8654e+00 +2.7897e+00 +3.5409e+00
66106 +6.291118876e+00 +6.291118876e+00 -7.912888112e+01 -7.912888112e+01 +2.9103e+00 +3.8230e-01 -4.1369e-01 +3.5755e+00 -9.2977e-01 -2.3945e+00 +1.3667e+00 +2.9196e+00 +2.8846e+00 +3.5509e+00
86067 +3.969383456e+00 +3.969383456e+00 -8.145061654e+01 -8.145061654e+01 +2.9532e+00 +2.0361e-01 -4.6962e-01 +3.3980e+00 -8.0461e-01 -2.7396e+00 +1.1185e+00 +2.5112e+00 +2.9894e+00 +3.3482e+00
102999 +2.361746236e+00 +2.361746236e+00 -8.305825376e+01 -8.305825376e+01 +2.7592e+00 -1.2680e-02 -2.5405e-01 +3.2601e+00 -9.5894e-01 -3.1410e+00 +1.1073e+00 +2.2705e+00 +3.0886e+00 +3.3703e+00
134641 +1.582486610e+00 +1.582486610e+00 -8.383751339e+01 -8.383751339e+01 +2.8097e+00 -1.1357e-01 -1.1053e-01 +3.1973e+00 -1.1676e+00 -3.4557e+00 +1.0273e+00 +2.1925e+00 +3.1001e+00 +3.1927e+00
% function evaluation | noise-free fitness - Fopt (1.932500000000e+02) | best noise-free fitness - Fopt | measured fitness | best measured fitness | x1 | x2...
1 +7.207839103e+05 +7.207839103e+05 +7.209771603e+05 +7.209771603e+05 +3.0026e+00 +1.0563e+00 -3.4115e+00 -1.5182e+00 +2.0006e+00 -1.9229e+00 +3.4840e-01 +3.4135e+00 +4.3024e+00 +2.9301e+00
7 +3.005363026e+05 +3.005363026e+05 +3.007295526e+05 +3.007295526e+05 -4.0953e+00 +4.5172e-01 -3.3957e+00 +1.4072e+00 +7.6935e-01 +3.5232e+00 -3.8244e+00 -2.1546e+00 -1.3993e+00 -3.6640e+00
31 +1.994297124e+05 +1.994297124e+05 +1.996229624e+05 +1.996229624e+05 +2.8872e+00 +2.9943e+00 -3.7804e+00 +2.8562e+00 -2.6396e+00 +3.5833e+00 -2.3884e+00 +1.5247e-01 -2.9241e+00 +1.6954e+00
51 +4.138156902e+02 +4.138156902e+02 +6.070656902e+02 +6.070656902e+02 +6.9344e-01 +4.7085e+00 +1.1051e+00 -4.4963e+00 +1.5634e+00 +2.6470e+00 -4.9623e+00 +3.7302e-01 +3.9682e+00 +3.1877e+00
239 +2.623126206e+02 +2.623126206e+02 +4.555626206e+02 +4.555626206e+02 +3.0769e+00 -4.5478e+00 -4.9950e+00 +3.4987e+00 -1.2348e+00 +3.8839e+00 -4.4796e+00 -2.5956e+00 -2.3993e+00 -2.9467e-01
683 +2.330313523e+02 +2.330313523e+02 +4.262813523e+02 +4.262813523e+02 +6.9771e-01 +4.7177e+00 +1.1090e+00 -4.4817e+00 +1.5359e+00 +2.6555e+00 -4.9542e+00 +3.6039e-01 +3.9544e+00 +3.2067e+00
961 +1.383050379e+02 +1.383050379e+02 +3.315550379e+02 +3.315550379e+02 +7.0431e-01 +4.7035e+00 +1.1093e+00 -4.4869e+00 +1.5668e+00 +2.6213e+00 -4.9482e+00 +3.7831e-01 +3.9576e+00 +3.1819e+00
1090 +8.543887214e+01 +8.543887214e+01 +2.786888721e+02 +2.786888721e+02 -2.7689e+00 -1.6033e+00 -4.0327e+00 -3.9850e+00 +1.6521e+00 +1.2351e+00 -2.2474e+00 +4.1218e+00 +2.3198e+00 +1.0656e+00
1932 +4.223100469e+01 +4.223100469e+01 +2.354810047e+02 +2.354810047e+02 -3.5925e+00 +2.3110e+00 -4.2597e+00 -3.1106e+00 +3.3699e-01 +1.9918e-01 +1.4270e+00 +1.8437e+00 -1.2274e+00 +4.8263e+00
1954 +3.721605159e+01 +3.721605159e+01 +2.304660516e+02 +2.304660516e+02 -3.5834e+00 +2.3006e+00 -4.2726e+00 -3.1212e+00 +3.1877e-01 +2.1402e-01 +1.4400e+00 +1.8323e+00 -1.2285e+00 +4.8140e+00
19647 +2.476069429e+01 +2.476069429e+01 +2.180106943e+02 +2.180106943e+02 -3.6951e+00 +2.6804e+00 -4.3915e+00 -2.7183e+00 +5.2375e-01 -2.8587e-01 +1.3416e+00 +1.7034e+00 -1.6701e+00 +3.9659e+00
39071 +1.558502041e+01 +1.558502041e+01 +2.088350204e+02 +2.088350204e+02 -2.3776e+00 +3.5979e+00 -4.1071e+00 -2.8651e+00 +1.9254e+00 -1.2952e+00 +1.2129e+00 +1.4275e+00 -9.5883e-01 +1.6808e+00
59669 +9.699116050e+00 +9.699116050e+00 +2.029491161e+02 +2.029491161e+02 -2.4364e+00 +2.6475e+00 -3.6978e+00 -4.4108e+00 +3.4648e+00 -1.4853e+00 +1.5333e-01 +3.6513e-01 -1.8690e+00 +9.9832e-01
83685 +6.268220490e+00 +6.268220490e+00 +1.995182205e+02 +1.995182205e+02 -3.0481e+00 +3.0611e+00 -3.6057e+00 -4.1029e+00 +3.3271e+00 -2.0130e+00 -2.6839e-01 +4.6773e-01 -1.6028e+00 +9.2436e-01
108536 +3.148805133e+00 +3.148805133e+00 +1.963988051e+02 +1.963988051e+02 -3.2417e+00 +3.1677e+00 -3.5429e+00 -3.8848e+00 +3.2713e+00 -2.1295e+00 -4.4316e-01 +9.1931e-02 -1.9700e+00 +1.1147e+00
115702 +2.511049401e+00 +2.511049401e+00 +1.957610494e+02 +1.957610494e+02 -3.4424e+00 +3.3534e+00 -3.6178e+00 -3.7053e+00 +3.0705e+00 -2.3426e+00 -3.7167e-01 -1.5924e-01 -1.9708e+00 +1.1393e+00
136518 +1.254936747e+00 +1.254936747e+00 +1.945049367e+02 +1.945049367e+02 -3.5167e+00 +3.1762e+00 -3.8572e+00 -3.5678e+00 +2.8561e+00 -2.6091e+00 -5.3692e-01 -5.6231e-02 -2.3589e+00 +1.3437e+00
% function evaluation | noise-free fitness - Fopt (-1.815000000000e+02) | best noise-free fitness - Fopt | measured fitness | best measured fitness | x1 | x2...
1 +1.645320294e+07 +1.645320294e+07 +1.645302144e+07 +1.645302144e+07 +4.4948e+00 +8.2399e-01 -4.3273e-01 -4.2874e+00 -1.6574e+00 +3.1628e+00 -2.6362e-01 +7.0129e-01 +4.4849e+00 -3.6253e+00
2 +1.243577769e+07 +1.243577769e+07 +1.243559619e+07 +1.243559619e+07 +2.2207e+00 +2.2040e+00 -1.2674e+00 -3.9603e+00 -3.0542e+00 +1.2619e-01 -6.4695e-01 -3.2122e+00 +4.0540e+00 -4.8204e+00
3 +5.003662616e+05 +5.003662616e+05 +5.001847616e+05 +5.001847616e+05 +3.0317e+00 -1.1873e+00 +1.0895e+00 +1.4787e+00 -8.4782e-01 -4.1552e+00 -2.1598e+00 -4.0410e-01 +4.7531e+00 +4.9985e+00
13 +7.847681411e+03 +7.847681411e+03 +7.666181411e+03 +7.666181411e+03 +4.3788e+00 -3.3661e+00 -4.1106e+00 -2.7448e+00 -4.3853e+00 +2.5416e+00 +2.8895e+00 -3.6146e+00 -4.5596e+00 -2.5584e+00
207 +2.472509829e+02 +2.472509829e+02 +6.575098291e+01 +6.575098291e+01 +8.5960e-01 +3.5850e+00 +4.7231e+00 -2.9995e+00 +3.6454e+00 -4.5765e+00 +4.1930e+00 +3.6931e+00 +1.1362e+00 +1.2850e+00
311 +7.346866650e+01 +7.346866650e+01 -1.080313335e+02 -1.080313335e+02 +1.7341e+00 +1.6178e+00 -2.4792e-01 -2.9984e+00 -3.5876e+00 -1.7906e+00 -2.6931e+00 -1.6682e+00 -3.5526e+00 +3.0200e+00
6940 +6.303714543e+01 +6.303714543e+01 -1.184628546e+02 -1.184628546e+02 -6.1486e-01 +1.9403e+00 -1.0465e+00 -1.5155e-01 +1.6088e+00 +1.0184e+00 -2.8025e+00 -7.1252e-01 -2.1633e+00 +2.6720e+00
24545 +3.451757414e+01 +3.451757414e+01 -1.469824259e+02 -1.469824259e+02 -1.3322e+00 +2.2100e+00 -3.3420e+00 +5.4683e-01 +7.7756e-01 +4.8079e-01 -2.5744e+00 -1.2283e+00 -1.5803e+00 +1.0711e+00
27129 +2.508356592e+01 +2.508356592e+01 -1.564164341e+02 -1.564164341e+02 -2.0593e+00 +2.0308e+00 -2.8302e+00 +1.2533e+00 +8.1521e-01 -1.3394e+00 -1.4741e+00 -2.7292e+00 +7.3994e-01 -6.1149e-01
47850 +1.276852227e+01 +1.276852227e+01 -1.687314777e+02 -1.687314777e+02 -1.8539e+00 +2.2102e+00 -3.5280e+00 +1.1381e+00 -3.0432e-01 -1.1344e+00 -2.2221e+00 -3.3011e+00 +3.8514e-01 -1.9524e+00
61719 +9.936490497e+00 +9.936490497e+00 -1.715635095e+02 -1.715635095e+02 -1.6366e+00 +2.3623e+00 -3.5954e+00 +9.8823e-01 -3.1439e-01 -1.0884e+00 -2.1490e+00 -2.9331e+00 +1.7056e-01 -2.0940e+00
80220 +6.271806224e+00 +6.271806224e+00 -1.752281938e+02 -1.752281938e+02 -1.7037e+00 +2.5304e+00 -3.4107e+00 +1.0824e+00 -1.0471e+00 -9.6692e-01 -1.7073e+00 -2.9370e+00 -3.5006e-01 -2.2421e+00
96809 +3.970158452e+00 +3.970158452e+00 -1.775298415e+02 -1.775298415e+02 -1.5984e+00 +2.4435e+00 -3.1676e+00 +6.5234e-01 -1.3827e+00 -7.7433e-01 -1.7359e+00 -3.2077e+00 -6.8415e-01 -2.4051e+00
131774 +2.387286765e+00 +2.387286765e+00 -1.791127132e+02 -1.791127132e+02 -1.7699e+00 +2.6364e+00 -3.1640e+00 +1.0678e-01 -1.6262e+00 -8.3935e-01 -1.4814e+00 -3.3886e+00 -1.1936e+00 -2.3618e+00
137753 +1.567479327e+00 +1.567479327e+00 -1.799325207e+02 -1.799325207e+02 -1.5454e+00 +2.6313e+00 -3.2147e+00 +1.7189e-01 -1.5378e+00 -9.1500e-01 -1.2912e+00 -3.3594e+00 -1.2403e+00 -2.5705e+00
% function evaluation | noise-free fitness - Fopt (4.526200000000e+02) | best noise-free fitness - Fopt | measured fitness | best measured fitness | x1 | x2...
1 +3.882030081e+05 +3.882030081e+05 +3.886556281e+05 +3.886556281e+05 +4.7348e+00 -2.2293e+00 -4.0439e+00 -2.3448e+00 +1.4648e+00 +1.7757e+00 -2.0494e+00 -2.6506e+00 -1.5224e-01 +3.9107e+00
11 +2.135338378e+05 +2.135338378e+05 +2.139864578e+05 +2.139864578e+05 +4.9517e-01 -4.2684e+00 +2.8940e+00 +2.1800e+00 +3.8831e+00 +6.4823e-01 -4.3449e+00 -1.7874e+00 +1.7180e+00 +4.2093e+00
12 +3.463825533e+04 +3.463825533e+04 +3.509087533e+04 +3.509087533e+04 -3.7989e+00 -3.7937e+00 +3.8090e+00 +1.6755e+00 +2.6038e+00 -6.4961e-01 -1.4498e+00 +4.7618e+00 +1.4822e+00 +2.2885e+00
41 +5.781840116e+03 +5.781840116e+03 +6.234460116e+03 +6.234460116e+03 +3.6515e+00 -2.1564e+00 -2.4040e+00 +1.8963e+00 +4.8588e+00 -3.0718e-01 +4.7203e+00 -9.0634e-01 -2.7793e+00 -6.2254e-01
46 +2.574228555e+02 +2.574228555e+02 +7.100428555e+02 +7.100428555e+02 +4.7796e+00 +4.4666e+00 +4.8251e+00 +2.6022e+00 +4.0968e+00 -1.6759e+00 +3.5301e+00 -9.6096e-01 +1.5743e+00 +4.7229e+00
693 +1.945436309e+02 +1.945436309e+02 +6.471636309e+02 +6.471636309e+02 +4.7883e+00 +4.4666e+00 +4.8276e+00 +2.6019e+00 +4.0857e+00 -1.6835e+00 +3.5299e+00 -9.6392e-01 +1.5647e+00 +4.7315e+00
1030 +1.470960938e+02 +1.470960938e+02 +5.997160938e+02 +5.997160938e+02 +3.5165e+00 +3.5537e+00 -2.8375e+00 +4.8235e+00 +4.4827e+00 +3.9203e+00 -2.3389e+00 +5.8274e-01 +1.5330e+00 -5.9348e-01
6443 +9.924741430e+01 +9.924741430e+01 +5.518674143e+02 +5.518674143e+02 -2.6062e+00 +1.8804e+00 +3.2407e+00 -7.9508e-01 -7.0085e-01 -3.7771e+00 +5.5082e-01 +4.3432e-01 +3.8596e+00 +3.3637e+00
11318 +6.307835709e+01 +6.307835709e+01 +5.156983571e+02 +5.156983571e+02 -2.9466e+00 +6.4632e-01 +3.8350e+00 -1.0979e+00 -2.3845e+00 -1.3735e+00 +6.0319e-02 -1.7521e+00 +1.4332e+00 +3.3379e+00
17060 +3.972826267e+01 +3.972826267e+01 +4.923482627e+02 +4.923482627e+02 -3.6254e+00 -5.1783e-01 +2.7883e+00 -1.3001e+00 -1.7734e+00 -2.1314e-01 -2.2042e+00 -2.6928e-01 +2.1870e+00 +4.0404e+00
22320 +2.344654003e+01 +2.344654003e+01 +4.760665400e+02 +4.760665400e+02 -3.9689e+00 +2.3753e-01 +3.0756e+00 -8.1423e-01 -1.9189e+00 +1.5103e+00 -1.5120e+00 +1.4587e+00 +8.2247e-01 +4.3734e+00
24621 +1.154008381e+01 +1.154008381e+01 +4.641600838e+02 +4.641600838e+02 -3.1014e+00 -6.9553e-01 +2.7953e+00 -1.0683e+00 -2.9317e+00 +2.9467e+00 -2.7019e+00 +1.5010e+00 +3.4192e-01 +3.5318e+00
30694 +9.646330447e+00 +9.646330447e+00 +4.622663304e+02 +4.622663304e+02 -2.9306e+00 -6.4864e-01 +2.7662e+00 -9.0662e-01 -2.8567e+00 +3.0702e+00 -2.7415e+00 +1.5472e+00 +3.3919e-01 +3.5727e+00
60960 +6.300567355e+00 +6.300567355e+00 +4.589205674e+02 +4.589205674e+02 -2.7548e+00 -7.9279e-01 +2.7355e+00 -1.3464e-01 -2.7804e+00 +2.9246e+00 -2.5218e+00 +1.6110e+00 +3.0469e-01 +2.9845e+00
65428 +3.758068416e+00 +3.758068416e+00 +4.563780684e+02 +4.563780684e+02 -2.1098e+00 -8.9732e-01 +3.7967e+00 -1.1026e-01 -2.7611e+00 +3.6836e+00 -3.7562e+00 +2.0760e+00 +6.9098e-01 +2.8102e+00
88986 +2.424533623e+00 +2.424533623e+00 +4.550445336e+02 +4.550445336e+02 -1.9431e+00 -5.6970e-01 +3.6226e+00 +1.3931e-01 -2.6668e+00 +3.7386e+00 -3.5138e+00 +2.3621e+00 +6.7102e-01 +2.8148e+00
96280 +1.458527492e+00 +1.458527492e+00 +4.540785275e+02 +4.540785275e+02 -1.6923e+00 -5.3731e-01 +3.5551e+00 +3.3543e-01 -2.7631e+00 +3.7668e+00 -3.5571e+00 +2.4941e+00 +7.7142e-01 +2.7159e+00
104486 +9.890424530e-01 +9.890424530e-01 +4.536090425e+02 +4.536090425e+02 -1.6129e+00 -3.9075e-01 +3.3034e+00 +3.1017e-01 -2.7525e+00 +3.9195e+00 -3.3546e+00 +2.3457e+00 +5.3907e-01 +2.8045e+00
126901 +5.478474870e-01 +5.478474870e-01 +4.531678475e+02 +4.531678475e+02 -1.5418e+00 -2.5641e-01 +3.2183e+00 +6.5200e-01 -2.6939e+00 +3.8275e+00 -3.2371e+00 +2.4044e+00 +6.4312e-01 +2.9013e+00
136211 +3.781904214e-01 +3.781904214e-01 +4.529981904e+02 +4.529981904e+02 -1.5816e+00 -1.7646e-01 +3.1181e+00 +8.3135e-01 -2.6731e+00 +3.7793e+00 -3.1069e+00 +2.4095e+00 +6.2171e-01 +2.8385e+00
139751 +2.191420868e-01 +2.191420868e-01 +4.528391421e+02 +4.528391421e+02 -1.5247e+00 -4.5748e-02 +3.1256e+00 +7.7446e-01 -2.6297e+00 +3.7359e+00 -3.1395e+00 +2.5093e+00 +7.4291e-01 +2.8696e+00
% function evaluation | noise-free fitness - Fopt (-1.184600000000e+02) | best noise-free fitness - Fopt | measured fitness | best measured fitness | x1 | x2...
1 +2.601652410e+07 +2.601652410e+07 +2.601640564e+07 +2.601640564e+07 +5.3179e-01 -3.3104e+00 +3.2099e+00 +3.1006e+00 -4.5682e+00 +2.3501e+00 -2.7954e-01 -4.2093e-01 +3.9352e+00 -4.1437e-01
2 +2.604392816e+06 +2.604392816e+06 +2.604274356e+06 +2.604274356e+06 -1.6732e+00 -5.1972e-02 -4.3242e+00 -4.9725e+00 +2.3707e+00 -2.0710e+00 +2.1250e+00 +1.2161e+00 -3.8114e+00 +1.7036e+00
7 +2.082007652e+06 +2.082007652e+06 +2.081889192e+06 +2.081889192e+06 -3.5059e+00 -4.5666e+00 -2.2944e+00 +1.1256e+00 -6.4094e-01 +3.8613e+00 -2.1621e+00 -1.8103e+00 -5.5566e-02 +6.3889e-01
11 +5.136105401e+03 +5.136105401e+03 +5.017645401e+03 +5.017645401e+03 -2.8126e-01 -3.5138e-01 -2.2004e+00 -1.1829e+00 -5.5661e-02 -1.6222e-01 -4.2649e+00 -4.0489e+00 +1.2882e+00 +4.6774e+00
117 +3.764696032e+03 +3.764696032e+03 +3.646236032e+03 +3.646236032e+03 -4.7823e+00 -4.5450e+00 -4.0105e+00 +4.2196e+00 +4.4958e+00 +3.7944e+00 -4.5363e-01 +1.4460e+00 -4.3370e+00 +4.4533e+00
160 +1.726906277e+02 +1.726906277e+02 +5.423062767e+01 +5.423062767e+01 -4.9550e+00 -4.8053e+00 -5.3388e-01 +3.1586e+00 +2.1997e+00 +1.4171e+00 +5.4516e-01 -2.6807e+00 -1.9990e+00 +3.3323e+00
507 +1.394464480e+02 +1.394464480e+02 +2.098644802e+01 +2.098644802e+01 -4.9438e+00 -4.8031e+00 -5.4575e-01 +3.1632e+00 +2.1990e+00 +1.4063e+00 +5.4206e-01 -2.6950e+00 -1.9967e+00 +3.3297e+00
17034 +9.787035546e+01 +9.787035546e+01 -2.058964454e+01 -2.058964454e+01 -4.2784e+00 -4.9555e+00 -1.1456e+00 +3.5597e+00 +5.4768e-01 -5.7326e-01 -1.6968e+00 -1.8063e+00 -1.3335e+00 +3.1150e+00
32326 +6.173382010e+01 +6.173382010e+01 -5.672617990e+01 -5.672617990e+01 -2.1530e+00 -3.9313e+00 -1.7507e+00 +3.1953e+00 -2.3753e+00 +9.4303e-01 -1.4661e+00 -1.2939e+00 -1.8290e+00 +9.2879e-01
53971 +3.976228554e+01 +3.976228554e+01 -7.869771446e+01 -7.869771446e+01 -1.3707e+00 -2.7264e+00 -3.3501e+00 +2.6785e+00 -2.5562e+00 +8.2341e-01 -1.3345e+00 +1.0990e+00 -3.8788e+00 +1.2289e+00
63788 +2.505603660e+01 +2.505603660e+01 -9.340396340e+01 -9.340396340e+01 -2.9478e+00 -2.2453e+00 -2.8410e+00 +1.7724e+00 -6.0784e-01 -1.5767e+00 -2.9051e+00 +1.7594e+00 -3.4083e+00 +1.3318e+00
72125 +1.566946936e+01 +1.566946936e+01 -1.027905306e+02 -1.027905306e+02 -1.9012e+00 -2.1078e+00 -2.7070e+00 +1.3853e+00 -2.9199e+00 -2.0274e+00 -4.0554e+00 +2.1720e+00 -3.1441e+00 +8.6796e-01
83338 +9.920869639e+00 +9.920869639e+00 -1.085391304e+02 -1.085391304e+02 -3.5461e+00 -2.8039e+00 -2.1161e+00 +2.1749e+00 -2.8570e+00 -2.4316e+00 -2.4598e+00 +2.0355e+00 -2.8323e+00 +6.4298e-01
107191 +6.292544436e+00 +6.292544436e+00 -1.121674556e+02 -1.121674556e+02 -3.2287e+00 -3.0217e+00 -1.9674e+00 +1.7669e+00 -3.0306e+00 -2.7577e+00 -2.3925e+00 +2.4658e+00 -3.2132e+00 +5.4064e-01
130829 +3.962662080e+00 +3.962662080e+00 -1.144973379e+02 -1.144973379e+02 -3.3151e+00 -3.0233e+00 -2.1510e+00 +1.8830e+00 -3.3630e+00 -2.9702e+00 -2.1915e+00 +2.8151e+00 -3.1494e+00 +2.9773e-01
139117 +2.508131984e+00 +2.508131984e+00 -1.159518680e+02 -1.159518680e+02 -3.3319e+00 -3.0652e+00 -2.0219e+00 +1.6270e+00 -3.5319e+00 -3.0627e+00 -2.1558e+00 +3.1575e+00 -3.2177e+00 +5.7417e-03
% function evaluation | noise-free fitness - Fopt (9.973000000000e+01) | best noise-free fitness - Fopt | measured fitness | best measured fitness | x1 | x2...
1 +1.238985602e+07 +1.238985602e+07 +1.238995575e+07 +1.238995575e+07 -8.3717e-01 +2.4719e+00 +4.4530e+00 -6.5861e-01 +2.7063e+00 -4.1575e+00 +2.5703e+00 -2.0120e+00 -4.7175e+00 -8.7153e-01
2 +2.918327705e+06 +2.918327705e+06 +2.918427435e+06 +2.918427435e+06 +4.2703e+00 -1.7979e+00 +2.7364e+00 -4.9659e+00 -1.6322e-01 +2.4013e+00 +8.4426e-01 +1.4030e+00 -8.2994e-01 -1.2118e+00
5 +8.777905758e+04 +8.777905758e+04 +8.787878758e+04 +8.787878758e+04 -7.1735e-01 -2.8042e+00 +2.0299e+00 -2.2841e+00 -3.0780e+00 +2.8418e+00 -3.5000e+00 -4.2803e+00 +2.8438e+00 +8.2721e-01
18 +5.130031075e+04 +5.130031075e+04 +5.140004075e+04 +5.140004075e+04 +3.3429e+00 +3.2970e+00 +2.8850e+00 +4.1139e+00 -1.0770e+00 +8.7792e-01 +2.3599e+00 +2.5215e+00 -3.8256e+00 -4.5828e+00
49 +1.857993601e+03 +1.857993601e+03 +1.957723601e+03 +1.957723601e+03 +2.5471e+00 +5.5777e-02 +4.8984e+00 -3.0564e+00 -2.8671e+00 -1.4793e+00 +3.0756e+00 +1.7956e+00 +7.2534e-01 -4.9719e-01
131 +3.780419753e+02 +3.780419753e+02 +4.777719753e+02 +4.777719753e+02 +1.2269e+00 +3.2773e+00 +2.5021e+00 -1.7128e+00 -1.0089e+00 +1.9052e+00 -4.7550e+00 +3.4907e+00 +2.8287e+00 -4.4524e+00
288 +1.356006959e+02 +1.356006959e+02 +2.353306959e+02 +2.353306959e+02 -1.5251e+00 +4.5507e+00 -2.3989e+00 -4.0913e+00 +1.0311e+00 +3.4278e+00 +2.0242e+00 +3.8537e+00 +4.9439e+00 -1.8384e+00
917 +9.457365014e+01 +9.457365014e+01 +1.943036501e+02 +1.943036501e+02 -1.6947e+00 +2.0085e+00 +6.2807e-01 +2.1382e+00 -1.0420e+00 -1.4084e+00 +3.1934e+00 +1.4692e+00 -5.3080e-01 -2.5212e+00
16818 +6.186300414e+01 +6.186300414e+01 +1.615930041e+02 +1.615930041e+02 -2.6946e+00 +4.7418e-02 +1.3587e+00 +1.9315e-01 +3.9552e-01 -1.2875e+00 +3.8435e+00 +6.4169e-01 +9.5334e-01 -3.9468e-01
45773 +3.914798633e+01 +3.914798633e+01 +1.388779863e+02 +1.388779863e+02 -3.2844e+00 +6.2658e-01 +8.3636e-01 -4.1266e-01 -1.8191e-01 +1.2219e-01 +3.2288e+00 -1.6975e-01 +5.0089e-01 -5.5825e-01
71215 +2.505153706e+01 +2.505153706e+01 +1.247815371e+02 +1.247815371e+02 -3.5814e+00 +8.8204e-01 -3.2295e-01 -1.4409e+00 -2.3852e-01 -1.5142e-01 +3.3672e+00 -1.3381e+00 +2.4244e-01 -7.3588e-01
99020 +1.448620421e+01 +1.448620421e+01 +1.142162042e+02 +1.142162042e+02 -4.4358e+00 +1.7370e+00 -2.1104e+00 -1.5191e+00 +1.6689e+00 +2.4554e+00 +3.6934e+00 -1.2443e+00 +6.1540e-01 -6.7417e-01
112060 +9.951113538e+00 +9.951113538e+00 +1.096811135e+02 +1.096811135e+02 -4.4083e+00 +1.6944e+00 -2.5965e+00 -1.8948e+00 +1.8756e+00 +2.6144e+00 +3.7268e+00 -1.4327e+00 +2.6314e-01 -5.7455e-01
% function evaluation | noise-free fitness - Fopt (4.044000000000e+01) | best noise-free fitness - Fopt | measured fitness | best measured fitness | x1 | x2...
1 +2.999085401e+07 +2.999085401e+07 +2.999089445e+07 +2.999089445e+07 -4.8390e+00 -8.6685e-01 -2.3629e+00 -4.2630e+00 -1.1802e+00 -8.4581e-01 -1.3410e+00 +6.9874e-01 +3.6409e+00 +3.3193e+00
2 +1.460481900e+07 +1.460481900e+07 +1.460485944e+07 +1.460485944e+07 +1.9214e-01 +4.0887e-01 -3.4891e+00 +1.6870e+00 +1.0955e+00 +3.4641e+00 -3.5033e+00 +4.9145e+00 +2.5545e+00 -2.1565e+00
3 +9.821689931e+05 +9.821689931e+05 +9.822094331e+05 +9.822094331e+05 +3.1846e+00 -2.7649e+00 +2.5441e+00 -3.7999e-01 +1.0442e+00 +1.9505e+00 +3.5676e-01 +9.5553e-01 +1.7387e-02 -4.0694e+00
4 +6.698701558e+02 +6.698701558e+02 +7.103101558e+02 +7.103101558e+02 +3.9025e-01 -4.3362e+00 +4.8268e+00 +1.5063e+00 -4.9545e+00 +1.6781e-01 -2.4057e+00 -2.5512e-01 -1.1334e+00 +4.3658e+00
196 +1.455438072e+02 +1.455438072e+02 +1.859838072e+02 +1.859838072e+02 +4.1143e+00 +3.2579e+00 -6.8934e-01 +4.3397e+00 +4.0339e+00 -5.8012e-01 -9.7556e-01 -8.5516e-01 +2.3622e+00 -4.7704e+00
12892 +9.870619529e+01 +9.870619529e+01 +1.391461953e+02 +1.391461953e+02 +4.8702e+00 +4.8015e+00 +1.1124e-01 +3.2396e+00 +3.3664e+00 -1.0702e+00 -1.0483e+00 -1.2186e+00 +8.0900e-01 -3.6380e+00
18300 +6.114787609e+01 +6.114787609e+01 +1.015878761e+02 +1.015878761e+02 +5.0000e+00 +2.9588e+00 -5.1670e-01 +1.0841e+00 +3.0885e+00 -5.1079e-02 -8.1477e-01 -1.1071e+00 -4.5523e-01 -8.4584e-01
29560 +3.396584195e+01 +3.396584195e+01 +7.440584195e+01 +7.440584195e+01 +5.0000e+00 +1.0550e+00 +1.3718e-01 -5.5246e-01 +3.2423e+00 -1.6438e+00 -5.3848e-01 -2.1595e+00 -5.9653e-01 +1.1762e+00
31394 +2.121858740e+01 +2.121858740e+01 +6.165858740e+01 +6.165858740e+01 +4.4080e+00 +2.4475e+00 +3.4733e-01 -7.8652e-01 +1.8360e+00 -1.1454e+00 -9.6345e-01 -3.0672e+00 -1.1488e+00 +2.1717e-02
48157 +1.444423641e+01 +1.444423641e+01 +5.488423641e+01 +5.488423641e+01 +3.8939e+00 +2.5518e+00 +5.6630e-01 -6.4102e-01 +1.6599e+00 -1.2497e+00 -9.1106e-01 -3.2826e+00 -1.4161e+00 +5.0488e-01
75896 +9.994343249e+00 +9.994343249e+00 +5.043434325e+01 +5.043434325e+01 +3.7700e+00 +2.7228e+00 +7.0055e-01 -1.0204e+00 +1.5622e+00 -1.5764e+00 -8.7328e-01 -3.3685e+00 -1.8610e+00 +8.0738e-01
96324 +6.152507291e+00 +6.152507291e+00 +4.659250729e+01 +4.659250729e+01 +3.4187e+00 +2.8308e+00 +1.0896e+00 -1.3196e+00 +1.7833e+00 -1.0384e+00 -3.4270e-01 -3.7686e+00 -2.0498e+00 +1.2546e+00
112306 +3.965934914e+00 +3.965934914e+00 +4.440593491e+01 +4.440593491e+01 +2.9914e+00 +2.8431e+00 +1.1150e+00 -1.6559e+00 +1.9044e+00 -1.1402e+00 -4.2524e-01 -4.0505e+00 -2.6318e+00 +1.2974e+00
121865 +2.472117344e+00 +2.472117344e+00 +4.291211734e+01 +4.291211734e+01 +2.9294e+00 +3.0889e+00 +1.2164e+00 -1.7914e+00 +1.7559e+00 -1.2479e+00 -3.2676e-01 -3.9282e+00 -2.8905e+00 +1.5448e+00
128728 +1.555931673e+00 +1.555931673e+00 +4.199593167e+01 +4.199593167e+01 +2.8758e+00 +3.0436e+00 +1.2580e+00 -2.0606e+00 +1.9545e+00 -1.3979e+00 -6.9035e-02 -3.8603e+00 -2.9390e+00 +1.6735e+00
144580 +9.907513008e-01 +9.907513008e-01 +4.143075130e+01 +4.143075130e+01 +2.6038e+00 +3.2020e+00 +1.1612e+00 -1.8168e+00 +1.8851e+00 -1.3843e+00 -1.2774e-01 -3.8512e+00 -3.1027e+00 +1.8600e+00
% function evaluation | noise-free fitness - Fopt (-1.216000000000e+02) | best noise-free fitness - Fopt | measured fitness | best measured fitness | x1 | x2...
1 +1.601591552e+06 +1.601591552e+06 +1.601469952e+06 +1.601469952e+06 -1.2864e-01 -2.2399e+00 -4.1409e-02 +1.3497e-01 -3.0887e+00 +7.5200e-01 -4.1964e+00 -4.8031e+00 -1.0649e+00 +4.6679e+00
2 +7.352177278e+04 +7.352177278e+04 +7.340017278e+04 +7.340017278e+04 +2.4130e+00 +2.4402e+00 -2.9137e+00 +4.4519e+00 -1.9988e+00 -2.4929e+00 +3.3175e+00 -3.5143e+00 +2.3358e+00 -1.8805e+00
8 +6.103465421e+04 +6.103465421e+04 +6.091305421e+04 +6.091305421e+04 -4.5608e+00 -4.9605e+00 -4.1413e+00 +3.5087e+00 +4.7346e+00 +6.0432e-01 -1.4791e+00 -2.9962e+00 -1.0491e+00 -4.2454e+00
44 +3.462923954e+04 +3.462923954e+04 +3.450763954e+04 +3.450763954e+04 -3.0110e+00 -4.1360e+00 -3.0058e+00 +3.1970e+00 +4.7353e+00 -4.7372e+00 +4.2769e+00 +3.9173e+00 -3.9762e+00 -4.2705e+00
72 +2.223162444e+04 +2.223162444e+04 +2.211002444e+04 +2.211002444e+04 +3.7227e-01 +3.3400e+00 +1.6000e+00 +3.7323e+00 +3.6179e+00 -1.7237e+00 -4.4900e+00 +3.8487e+00 -1.7847e-01 +4.1712e+00
79 +4.178904424e+02 +4.178904424e+02 +2.962904424e+02 +2.962904424e+02 +1.9855e+00 +2.6936e+00 -4.2205e+00 -4.1525e+00 +4.0235e+00 -1.1655e-01 -2.0507e+00 -1.7424e+00 +3.7287e+00 -1.2093e-01
705 +1.888367955e+02 +1.888367955e+02 +6.723679551e+01 +6.723679551e+01 +1.4834e+00 +4.1445e+00 +3.3977e+00 -6.3819e-01 +1.2559e-01 -4.5055e+00 -4.6376e+00 -1.6520e+00 -9.6341e-01 +4.9735e+00
1230 +1.412977118e+02 +1.412977118e+02 +1.969771178e+01 +1.969771178e+01 +1.9927e+00 +2.6890e+00 -4.1989e+00 -4.1590e+00 +4.0074e+00 -1.1601e-01 -2.0448e+00 -1.7535e+00 +3.7263e+00 -1.1410e-01
1238 +9.975229893e+01 +9.975229893e+01 -2.184770107e+01 -2.184770107e+01 +2.0765e+00 -3.0385e+00 -4.0652e-01 -4.7504e+00 -4.8563e+00 -1.5879e+00 -2.9221e-01 -4.8551e+00 -5.9006e-01 +1.3703e+00
1262 +4.545402388e+01 +4.545402388e+01 -7.614597612e+01 -7.614597612e+01 -2.6196e+00 -2.5354e+00 -1.3741e+00 +4.6936e+00 +1.9180e+00 -3.7385e+00 +1.0892e+00 -3.6693e+00 +1.9308e+00 +3.8545e+00
1411 +3.885297455e+01 +3.885297455e+01 -8.274702545e+01 -8.274702545e+01 -2.6324e+00 -2.5619e+00 -1.3442e+00 +4.7483e+00 +1.9173e+00 -3.8572e+00 +1.2155e+00 -3.6141e+00 +1.6645e+00 +3.6293e+00
12408 +2.387975761e+01 +2.387975761e+01 -9.772024239e+01 -9.772024239e+01 -2.8837e+00 -2.4343e+00 -1.2116e+00 +4.2504e+00 +1.8377e+00 -3.7150e+00 +8.0960e-01 -3.1502e+00 +1.9082e+00 +3.6678e+00
25438 +1.506903762e+01 +1.506903762e+01 -1.065309624e+02 -1.065309624e+02 -2.6038e+00 -2.7318e+00 -6.7668e-01 +1.8883e+00 -4.1139e-01 -3.6012e+00 +2.7278e+00 -3.3751e+00 +7.9025e-01 +3.6690e+00
57782 +9.818194553e+00 +9.818194553e+00 -1.117818054e+02 -1.117818054e+02 -2.9135e+00 -2.0307e+00 -3.0600e-01 +1.9629e+00 -5.0341e-01 -3.2902e+00 +2.4203e+00 -3.2264e+00 +3.9295e-01 +3.4642e+00
75445 +6.079959301e+00 +6.079959301e+00 -1.155200407e+02 -1.155200407e+02 -2.7392e+00 -4.4471e-01 -4.0981e-01 +2.5600e-01 +2.8240e-01 -2.5772e+00 +1.5919e+00 -2.8960e+00 -4.2086e-01 +1.8986e+00
80281 +3.903438510e+00 +3.903438510e+00 -1.176965615e+02 -1.176965615e+02 -2.6858e+00 -5.8408e-01 -1.4967e-01 +3.9813e-01 +2.3568e-01 -2.7459e+00 +8.2726e-01 -2.9325e+00 -4.1879e-01 +1.9977e+00
106130 +2.477576790e+00 +2.477576790e+00 -1.191224232e+02 -1.191224232e+02 -2.9428e+00 -6.8368e-01 -2.6811e-01 +6.5971e-01 +2.1556e-02 -2.5358e+00 +1.0098e+00 -2.6094e+00 -3.6841e-01 +1.6419e+00
118013 +1.410661460e+00 +1.410661460e+00 -1.201893385e+02 -1.201893385e+02 -2.9803e+00 -7.7942e-01 -2.0534e-01 +8.4475e-01 -2.8737e-01 -2.6013e+00 +1.1231e+00 -2.3297e+00 -1.4965e-01 +1.7917e+00
132478 +9.966005041e-01 +9.966005041e-01 -1.206033995e+02 -1.206033995e+02 -3.0201e+00 -6.1755e-01 -1.5998e-01 +9.3698e-01 -4.3725e-01 -2.5430e+00 +9.0297e-01 -2.3327e+00 +4.8583e-02 +1.7759e+00
141462 +6.072940237e-01 +6.072940237e-01 -1.209927060e+02 -1.209927060e+02 -3.0837e+00 -8.9157e-01 -1.7179e-01 +1.2387e+00 -4.9067e-01 -2.2454e+00 +4.3170e-01 -2.5058e+00 +6.9035e-03 +1.6830e+00
% function evaluation | noise-free fitness - Fopt (-3.811000000000e+01) | best noise-free fitness - Fopt | measured fitness | best measured fitness | x1 | x2...
1 +8.439926964e+06 +8.439926964e+06 +8.439888854e+06 +8.439888854e+06 -7.2833e-01 -3.3608e+00 -2.6813e+00 -2.0372e+00 -3.7988e+00 +1.7104e+00 -1.9224e+00 -4.6628e-01 +4.7247e+00 -1.0298e+00
2 +6.111652349e+06 +6.111652349e+06 +6.111614239e+06 +6.111614239e+06 +1.2674e+00 -1.9227e+00 -3.0935e+00 +2.4177e+00 -2.3618e+00 -4.1008e+00 -3.9838e+00 +4.5711e+00 -1.2958e+00 +4.3974e-01
5 +2.858849250e+06 +2.858849250e+06 +2.858811140e+06 +2.858811140e+06 -1.1525e+00 +1.5489e+00 +2.5998e+00 +4.4557e-01 +1.4062e+00 -3.0711e+00 +4.3429e+00 +2.4343e-02 -1.3918e+00 -3.9331e+00
6 +4.504565361e+05 +4.504565361e+05 +4.504184261e+05 +4.504184261e+05 +3.1850e+00 +8.4679e-01 -2.4600e+00 -2.2338e+00 -3.4090e+00 +3.4639e+00 +3.6336e+00 -9.0473e-01 -4.0207e+00 -3.1551e+00
14 +3.242580046e+05 +3.242580046e+05 +3.242198946e+05 +3.242198946e+05 -3.5737e+00 +3.8882e+00 +1.7209e-01 +1.0506e+00 +3.1132e+00 -2.1804e+00 -3.4773e+00 +3.5498e+00 -2.5909e+00 -2.8942e+00
22 +8.172918435e+03 +8.172918435e+03 +8.134808435e+03 +8.134808435e+03 -3.2481e+00 +8.6640e-01 +1.6030e+00 -3.2607e+00 +1.8194e+00 +2.9051e+00 -2.0704e+00 -2.0254e+00 -2.8989e-01 +1.7558e+00
205 +3.681859067e+03 +3.681859067e+03 +3.643749067e+03 +3.643749067e+03 -2.1781e+00 +4.0232e+00 +4.9574e-01 +6.2146e-02 +6.9492e-01 +3.3707e+00 -2.4145e+00 -3.4602e-01 -1.2418e-01 +3.6966e+00
253 +1.359245092e+02 +1.359245092e+02 +9.781450918e+01 +9.781450918e+01 -2.6015e+00 -2.5514e-01 +2.0573e+00 +4.0856e+00 -2.6323e+00 -2.4401e+00 -8.7265e-01 -1.5415e+00 +1.3355e+00 -7.0741e-01
976 +9.190615528e+01 +9.190615528e+01 +5.379615528e+01 +5.379615528e+01 -2.6155e+00 -2.9374e-01 +2.0508e+00 +4.0894e+00 -2.6237e+00 -2.4265e+00 -8.6541e-01 -1.5515e+00 +1.3430e+00 -6.9289e-01
1616 +6.216819203e+01 +6.216819203e+01 +2.405819203e+01 +2.405819203e+01 -2.6407e+00 -2.4093e-01 +1.9013e+00 +4.0250e+00 -2.5973e+00 -2.4818e+00 -8.2206e-01 -1.5127e+00 +1.2144e+00 -4.3540e-01
15493 +3.939801492e+01 +3.939801492e+01 +1.288014917e+00 +1.288014917e+00 -2.5165e+00 -2.0344e+00 -3.2719e-01 +4.0527e+00 -1.7853e+00 -1.4811e+00 -1.9540e-01 +7.2361e-02 +1.4954e+00 -4.9155e-01
42334 +2.494709101e+01 +2.494709101e+01 -1.316290899e+01 -1.316290899e+01 -2.0294e+00 -1.7324e+00 -1.4504e+00 +2.1721e+00 -1.6244e+00 -3.7704e-01 -2.0883e+00 -1.9068e-01 -1.6506e-03 +6.0975e-02
65556 +1.580279558e+01 +1.580279558e+01 -2.230720442e+01 -2.230720442e+01 -1.9936e+00 -2.1658e+00 -1.3701e+00 +1.2119e+00 -1.5235e+00 -7.8301e-01 -2.0862e+00 -7.1246e-02 +5.7432e-01 +7.2928e-01
78158 +5.431777702e+00 +5.431777702e+00 -3.267822230e+01 -3.267822230e+01 -3.3436e+00 -1.6893e+00 -6.3399e-01 +4.7026e-01 -2.8444e-01 -2.5739e-01 -2.9382e+00 +1.6338e+00 +1.7823e+00 +2.2174e+00
95476 +3.974135455e+00 +3.974135455e+00 -3.413586454e+01 -3.413586454e+01 -3.0857e+00 -1.7669e+00 -8.0770e-01 +3.8887e-01 -3.0138e-01 -6.1720e-01 -2.9560e+00 +1.5801e+00 +1.8431e+00 +2.1661e+00
114490 +2.405907214e+00 +2.405907214e+00 -3.570409279e+01 -3.570409279e+01 -3.0472e+00 -1.9157e+00 -9.6215e-01 +3.3769e-01 -6.7632e-01 -1.0409e+00 -2.8733e+00 +1.6515e+00 +1.7606e+00 +2.4981e+00
124863 +1.581123376e+00 +1.581123376e+00 -3.652887662e+01 -3.652887662e+01 -2.9963e+00 -1.9115e+00 -8.6548e-01 +3.2174e-02 -6.5469e-01 -1.2440e+00 -2.9109e+00 +1.4994e+00 +1.7377e+00 +2.5063e+00
138423 +9.270572907e-01 +9.270572907e-01 -3.718294271e+01 -3.718294271e+01 -2.9352e+00 -2.3066e+00 -1.1820e+00 +1.3749e-01 -7.4413e-01 -1.5243e+00 -3.0070e+00 +1.7153e+00 +1.8690e+00 +2.5241e+00
144285 +5.219842173e-01 +5.219842173e-01 -3.758801578e+01 -3.758801578e+01 -2.6460e+00 -2.2761e+00 -1.2575e+00 -1.2135e-01 -7.8872e-01 -1.7876e+00 -2.9849e+00 +1.8924e+00 +2.0380e+00 +2.4479e+00
